triangle[(19.3406,-8.07068),(8.5679,17.1774),(-27.8379,1.64399)]
triangle[(14.5711,-1.11074),(2.44408,17.3032),(-27.5083,-2.42276)]
triangle[(-20.3385,-14.5988),(-6.41093,-11.0643),(-13.4655,16.734)]
triangle[(-2.56274,-3.46341),(13.0838,13.6474),(-8.82286,33.6795)]
triangle[(7.63592,14.004),(2.99572,15.9558),(-0.0980961,8.60056)]
triangle[(-17.408,5.88921),(-0.124249,3.06687),(3.55164,25.5777)]
triangle[(7.02012,1.39705),(-10.3988,-10.2227),(6.35055,-35.3313)]
triangle[(-18.8912,4.38018),(-13.4155,-11.0141),(14.1807,-1.19826)]
triangle[(4.58606,8.58243),(8.77216,-8.047),(36.128,-1.16076)]
triangle[(0.42524,5.2533),(-10.1912,20.47),(-26.2044,9.29796)]
