triangle[(-0.954373,-1.69203),(-19.3044,-2.68022),(-17.3354,-39.2416)]
triangle[(-10.1035,8.53001),(10.5846,1.73675),(18.8402,26.8782)]
triangle[(15.0177,-20.5428),(3.12371,-17.7706),(-1.95264,-39.551)]
triangle[(-1.83692,15.9858),(-1.64182,-5.2634),(26.3681,-5.00623)]
triangle[(-12.1012,-9.53809),(2.63157,-9.32922),(2.31502,12.9987)]
triangle[(12.5578,19.5103),(-12.1625,-7.30801),(34.0853,-49.9378)]
triangle[(0.841265,7.5967),(13.6364,-9.2103),(34.944,7.01118)]
triangle[(-20.6084,20.1874),(-18.7902,17.8306),(-16.3901,19.6822)]
triangle[(11.2156,-16.9187),(6.48465,-9.98458),(-5.39014,-18.0864)]
triangle[(-20.8867,-2.50178),(19.5827,-13.0189),(30.5904,29.3382)]
