triangle[(0.769768,-3.83286),(-1.58306,15.7998),(-24.6084,13.0404)]
triangle[(-0.350798,-18.7275),(7.85539,8.39862),(-45.2903,24.4763)]
triangle[(-6.8359,18.8449),(-14.6173,-2.93167),(10.7291,-11.9887)]
triangle[(11.6567,16.124),(-13.542,15.2734),(-11.926,-32.5997)]
triangle[(15.9904,11.4591),(-5.65746,-20.3061),(44.9882,-54.8209)]
triangle[(-20.2445,16.0126),(11.3263,15.4816),(12.3239,74.8007)]
triangle[(3.2847,17.795),(17.6068,0.53201),(36.7887,16.4461)]
triangle[(15.2126,19.0979),(-14.779,-8.47322),(28.3203,-55.3562)]
triangle[(18.7134,16.3527),(-3.08291,-5.23989),(35.8508,-44.5409)]
triangle[(10.3718,16.2391),(-13.9074,11.7284),(-6.07197,-30.446)]
