triangle[(-8.39516,-6.84508),(-11.8817,7.96912),(-29.2296,3.88625)]
triangle[(-15.506,-5.50441),(-3.70878,-9.73123),(4.48912,13.1495)]
triangle[(-12.5221,6.88392),(2.21146,-20.787),(31.429,-5.23)]
triangle[(6.18486,9.52405),(-6.17119,16.0742),(-16.0076,-2.481)]
triangle[(-14.4569,2.88615),(-12.4641,-16.1096),(9.5732,-13.7977)]
triangle[(-15.8991,10.3883),(-14.527,13.8319),(-18.5051,15.417)]
triangle[(19.0621,9.14718),(10.2082,-6.49777),(39.1799,-22.8936)]
triangle[(12.0173,-8.04035),(-16.3281,-14.3799),(-5.60656,-62.3178)]
triangle[(-12.0433,-3.67499),(17.2093,-11.0346),(25.2853,21.0654)]
triangle[(-6.72705,16.5408),(-3.80649,-5.82626),(31.1624,-1.26023)]
