triangle[(-20.8337,7.8889),(-10.7155,6.31694),(-7.67615,25.8803)]
triangle[(12.356,18.8149),(4.51654,14.6465),(11.3292,1.83425)]
triangle[(-10.6513,-15.1675),(-0.629342,-9.39781),(-7.37592,2.32098)]
triangle[(-6.57873,0.450695),(14.4484,3.55558),(11.3355,24.6372)]
triangle[(-6.24161,-2.14695),(7.19494,3.58396),(-4.17873,30.2504)]
triangle[(8.43704,4.40313),(19.2043,9.41334),(10.7427,27.5977)]
triangle[(-10.0347,10.4284),(-11.1698,-8.19009),(20.8133,-10.14)]
triangle[(8.12525,-15.4395),(-7.82775,18.6673),(-67.1222,-9.06677)]
triangle[(-14.4994,1.14576),(7.77784,8.98189),(-3.69566,41.5998)]
triangle[(10.4246,-14.4849),(5.36629,-13.4381),(4.04833,-19.807)]
