triangle[(15.0045,5.4948),(18.8694,-7.57231),(39.6599,-1.42301)]
triangle[(16.7827,-13.0209),(19.9593,-16.2223),(23.3733,-12.8348)]
triangle[(11.0671,17.4332),(-19.33,19.0701),(-22.1888,-34.0173)]
triangle[(2.49951,2.72277),(-7.55823,0.0946842),(-3.16448,-16.7203)]
triangle[(18.1608,3.52991),(-11.6273,2.43505),(-10.1082,-38.8954)]
triangle[(-1.89799,-20.8305),(-4.45062,-3.49183),(-27.992,-6.95763)]
triangle[(-11.4266,15.5201),(-3.07849,-20.0301),(40.0764,-9.89618)]
triangle[(-4.80873,3.39253),(7.63478,9.00278),(-3.35967,33.3885)]
triangle[(13.983,0.137904),(5.7461,-18.7201),(34.2705,-31.1792)]
triangle[(1.15556,-18.2151),(-7.05423,18.6651),(-71.3577,4.35072)]
