triangle[(-6.53765,9.24912),(0.871242,1.72318),(11.4142,12.1022)]
triangle[(-14.148,18.9507),(16.4852,5.00229),(41.6028,60.1649)]
triangle[(-12.8993,-0.407883),(15.7507,14.2704),(-6.20877,57.1325)]
triangle[(4.84701,1.72902),(16.726,-16.4748),(47.2044,3.41396)]
triangle[(-0.73631,11.8897),(-1.6199,-17.4494),(39.2679,-18.6808)]
triangle[(17.7632,-15.1065),(12.3084,4.77466),(-22.8164,-4.86258)]
triangle[(-0.483414,-9.39154),(3.96658,6.91146),(-16.8728,12.5997)]
triangle[(18.4901,10.4107),(-17.9968,-15.2737),(23.9688,-74.8893)]
triangle[(12.9188,-20.6994),(-4.07858,15.3944),(-51.6784,-7.02149)]
triangle[(14.6626,-17.6462),(-19.6676,-0.417835),(-52.3479,-65.5384)]
