triangle[(-9.69801,-14.6935),(17.5608,2.47818),(-13.7585,52.1952)]
triangle[(16.1473,17.3885),(-2.62611,6.21177),(19.3085,-30.6313)]
triangle[(15.7179,12.7896),(-8.43764,-2.78366),(20.3903,-47.4984)]
triangle[(-4.72223,-7.13342),(-3.77349,-16.9435),(10.7451,-15.5394)]
triangle[(15.7547,10.0166),(-18.2226,14.346),(-23.6374,-28.1499)]
triangle[(-16.2326,-9.46568),(-18.8045,-10.8333),(-16.7094,-14.7732)]
triangle[(-8.72842,6.05185),(0.10104,2.48467),(4.14969,12.5059)]
triangle[(0.105005,-7.51305),(-13.1916,-9.18782),(-10.4615,-30.8632)]
triangle[(17.3655,-15.322),(7.28807,-5.02927),(-9.37704,-21.3459)]
triangle[(-15.548,8.53577),(1.684,12.9551),(-4.0976,35.4988)]
