triangle[(-0.709216,-2.15527),(10.2852,-13.1618),(31.2578,7.78784)]
triangle[(13.2784,20.5818),(-14.2771,13.6967),(-5.99679,-19.4432)]
triangle[(-10.782,15.8228),(-20.2253,3.5644),(4.13547,-15.2019)]
triangle[(16.4705,-3.70379),(0.701626,17.5566),(-35.3447,-9.17903)]
triangle[(-19.1418,4.3913),(12.663,17.9982),(-1.33476,50.7165)]
triangle[(-3.15997,-0.29044),(-3.11139,17.3005),(-26.1285,17.3641)]
triangle[(-15.8674,12.5015),(20.7522,-6.20376),(53.2312,57.3809)]
triangle[(12.845,18.7415),(-13.0803,12.9876),(-6.13727,-18.2956)]
triangle[(-16.9455,9.0682),(13.4417,-9.98299),(35.3502,24.9617)]
triangle[(-1.2835,-0.984127),(8.7695,3.33779),(3.08193,16.5674)]
