triangle[(14.6384,4.08816),(8.20507,-11.6907),(24.3377,-18.2683)]
triangle[(16.2175,-10.6288),(16.2603,-14.5402),(21.4893,-14.483)]
triangle[(-6.91975,-8.58584),(4.2044,13.5635),(-18.6782,25.0559)]
triangle[(-4.96931,8.10744),(-4.35666,-8.67669),(17.4333,-7.88132)]
triangle[(-18.301,3.15159),(-3.13581,7.45191),(-9.41439,29.5935)]
triangle[(-1.43692,5.41137),(-1.82244,-4.59194),(10.4636,-5.06545)]
triangle[(-19.076,18),(10.356,5.28953),(33.2236,58.2411)]
triangle[(-16.4358,-10.1318),(-0.860384,4.47842),(-21.4325,26.4096)]
triangle[(17.5716,19.2848),(-3.0327,8.40692),(10.6443,-17.4992)]
triangle[(16.3409,7.61306),(-15.1867,9.74568),(-18.5854,-40.499)]
