triangle[(15.3832,-18.3996),(-4.47939,-15.7086),(-7.30694,-36.5794)]
triangle[(-8.53404,10.7841),(8.88765,8.60964),(12.3489,36.3415)]
triangle[(-18.2749,-3.15324),(20.6398,11.9974),(5.00069,52.1667)]
triangle[(7.11892,-11.0219),(16.7394,-1.80636),(4.9149,10.5377)]
triangle[(-18.5355,12.8328),(12.9343,-20.1161),(56.4389,21.4355)]
triangle[(10.6747,20.3132),(-7.42039,0.61242),(13.7096,-18.7954)]
triangle[(9.61577,17.3714),(-2.37378,-2.9487),(36.3205,-25.7796)]
triangle[(-5.13875,-7.20167),(16.6174,13.4642),(-7.7971,39.1667)]
triangle[(-19.7541,15.7273),(-20.373,-16.3016),(19.3166,-17.0686)]
triangle[(15.7387,4.5718),(10.3071,20.1561),(-14.7239,11.4321)]
