triangle[(9.79521,9.91844),(-19.8663,-18.2981),(10.2378,-49.9437)]
triangle[(-9.84829,13.4085),(8.81341,4.41316),(26.5259,41.1592)]
triangle[(3.29011,11.2773),(2.7988,16.8999),(-7.40104,16.0087)]
triangle[(19.2566,3.85114),(16.4103,8.80506),(9.77029,4.99004)]
triangle[(10.963,-8.14208),(-14.2694,-0.508898),(-29.424,-50.6043)]
triangle[(0.743295,-10.3604),(-20.1732,-5.10509),(-30.3088,-45.4456)]
triangle[(20.6548,4.66729),(20.2415,-16.4905),(56.5789,-17.2004)]
triangle[(16.1726,-1.4467),(-16.6314,-11.8589),(-1.86348,-58.3855)]
triangle[(-8.71616,16.9672),(-6.12314,20.9943),(-13.9168,26.0125)]
triangle[(2.18589,6.42881),(-13.9805,5.18368),(-11.8896,-21.9638)]
