triangle[(-9.02086,-0.230635),(-2.72021,-6.48186),(7.4506,3.76937)]
triangle[(8.67144,16.0332),(-20.0686,20.6479),(-25.7901,-14.9854)]
triangle[(11.5006,-17.4803),(-8.06352,-3.42045),(-23.6921,-25.1673)]
triangle[(-17.6118,7.80559),(19.1299,-18.7853),(49.243,22.8232)]
triangle[(-17.5727,4.99358),(18.6669,-0.0134724),(26.1641,54.2493)]
triangle[(-13.9167,5.71448),(-20.0975,16.6569),(-39.2792,5.82212)]
triangle[(18.8918,9.54537),(3.90101,5.22572),(8.59617,-11.0682)]
triangle[(17.848,13.489),(18.5616,-8.0963),(56.0566,-6.85677)]
triangle[(-0.0615002,15.1611),(-20.9103,-3.83617),(12.5538,-40.5616)]
triangle[(8.52758,9.26108),(7.03165,14.6412),(0.268408,12.7607)]
triangle[(-20.5507,-9.86021),(-15.938,7.22914),(-44.0871,14.8271)]
triangle[(7.5571,17.6225),(0.389025,-6.76551),(39.5348,-18.2712)]
triangle[(20.3433,12.4662),(3.05312,18.5918),(-8.41996,-13.7922)]
triangle[(-19.6102,3.03533),(14.9836,8.30618),(8.40998,51.4504)]
triangle[(5.8926,-6.99948),(5.61739,12.4307),(-31.6659,11.9026)]
triangle[(8.13352,9.49507),(-5.38794,-11.6644),(36.6132,-38.5042)]
triangle[(6.29395,10.4941),(-8.40533,20.3707),(-18.7019,5.04632)]
triangle[(-1.50631,8.76644),(-17.545,-3.61436),(5.93006,-34.025)]
triangle[(5.82248,-7.56275),(7.11357,-2.57818),(-1.34418,-0.387474)]
triangle[(-17.8843,-2.10228),(-12.7488,-20.1632),(8.39402,-14.1514)]
triangle[(-1.94948,-0.0971113),(16.097,19.4115),(-8.05096,41.7495)]
triangle[(8.487,15.024),(4.15779,-10.5004),(49.8739,-18.2543)]
triangle[(-9.06558,6.80355),(-12.223,-4.43623),(8.57018,-10.2773)]
triangle[(-12.943,-7.23629),(-8.56991,-3.74909),(-13.9279,2.97004)]
triangle[(-19.0619,14.8103),(-0.108331,19.6567),(-6.87727,46.1292)]
triangle[(15.2314,4.17944),(-3.83994,-5.95033),(15.3017,-41.9884)]
triangle[(-11.9379,-12.4221),(-0.8924,7.09738),(-32.8712,25.1932)]
triangle[(-16.6806,-9.60656),(18.5146,15.3759),(-13.9006,61.0423)]
triangle[(-7.72055,6.63841),(3.9265,2.5466),(11.646,24.5195)]
triangle[(20.7722,14.6551),(-7.39889,5.2968),(6.63459,-36.9477)]
triangle[(8.44658,16.4502),(-6.02238,17.2677),(-7.48104,-8.54809)]
triangle[(17.8503,20.8416),(19.6047,-19.7683),(87.1335,-16.851)]
triangle[(-20.112,1.62761),(-9.26509,-0.208125),(-5.96042,19.3184)]
triangle[(-19.0761,18.9354),(5.09984,-12.9031),(41.4045,14.6642)]
triangle[(-0.602635,-2.52983),(18.4656,5.1381),(4.14868,40.7408)]
triangle[(15.0644,3.05345),(15.9171,-4.57806),(28.8271,-3.13553)]
triangle[(19.1128,7.94433),(7.52318,-10.9512),(32.767,-26.4346)]
triangle[(-5.41349,9.77859),(10.9463,14.7883),(3.05821,40.5479)]
triangle[(9.45774,16.096),(-9.59434,10.733),(-3.25314,-11.7943)]
triangle[(-19.4969,4.22936),(-11.5731,9.63017),(-18.4541,19.7257)]
triangle[(-13.3753,18.6365),(-10.1254,5.14204),(7.12401,9.29619)]
triangle[(1.25693,9.32365),(14.2528,12.6516),(9.83212,29.9147)]
triangle[(-16.3797,19.5651),(18.8617,-5.25535),(65.337,60.7329)]
triangle[(0.68631,-13.5045),(5.63233,5.23977),(-30.9093,14.882)]
triangle[(0.722099,-5.84522),(5.81116,-20.5611),(29.4252,-12.3948)]
triangle[(-1.69214,-18.6975),(-1.9083,-14.2155),(-9.0118,-14.5581)]
triangle[(7.21251,5.12927),(2.94819,15.708),(-15.8744,8.12062)]
triangle[(6.35107,7.33859),(-7.93761,5.81717),(-6.21047,-10.4036)]
triangle[(-13.7414,-8.97019),(18.2133,-13.0248),(24.9933,40.4084)]
triangle[(-7.06741,18.5973),(-2.73497,-11.9914),(58.1314,-3.37061)]
triangle[(1.67104,18.0008),(7.77885,4.03746),(34.7388,15.8302)]
triangle[(5.7229,-16.6936),(-2.24067,-12.9687),(-6.20134,-21.4365)]
triangle[(15.4647,-7.07144),(20.9328,-5.98448),(19.8371,-0.472704)]
triangle[(-14.3169,-3.89536),(-14.045,5.38406),(-31.6825,5.90092)]
triangle[(0.197988,4.66733),(5.71071,17.2803),(-10.2236,24.2447)]
triangle[(10.9566,-18.1582),(-13.8703,11.6227),(-48.8661,-17.5517)]
triangle[(11.8114,-4.59638),(-15.0819,-19.4001),(1.43868,-49.4122)]
triangle[(-11.0461,-2.1612),(8.80269,-15.8751),(23.7031,5.69113)]
triangle[(10.3501,6.66719),(3.63446,19.8907),(-13.112,11.386)]
triangle[(17.5087,-8.11939),(-17.4946,-9.81259),(-15.2099,-57.0438)]
triangle[(-3.37291,-14.6579),(8.4071,9.12315),(-37.1145,31.6724)]
triangle[(18.3232,-17.8007),(-8.80859,16.5524),(-69.3817,-31.2877)]
triangle[(13.996,-11.4834),(6.73989,14.6787),(-22.0746,6.68693)]
triangle[(20.7786,-2.68229),(11.5976,-16.911),(30.7082,-29.242)]
triangle[(-14.0609,8.50663),(-12.7547,-3.30617),(10.4999,-0.734726)]
triangle[(4.73864,-12.5678),(-19.1382,11.3585),(-57.2233,-26.6477)]
triangle[(19.9256,-5.08984),(16.7641,-10.1552),(23.9282,-14.6265)]
triangle[(3.76356,2.97405),(-17.6195,4.22613),(-19.7443,-32.062)]
triangle[(2.64733,-6.91029),(-20.0009,-19.1352),(3.43031,-62.5445)]
triangle[(6.05809,13.6657),(15.4592,-2.86618),(38.8667,10.4448)]
triangle[(17.2265,19.5325),(-10.2667,4.24592),(14.5954,-40.4691)]
triangle[(-18.7897,-12.5352),(9.86549,15.6031),(-35.589,61.8926)]
triangle[(6.16948,15.4061),(11.36,-19.8368),(58.5277,-12.89)]
triangle[(5.26174,3.02827),(-20.6485,-13.4282),(3.92988,-52.126)]
triangle[(-18.5409,-20.5698),(-16.9943,-13.1397),(-24.4669,-11.5843)]
triangle[(19.4584,9.63353),(-8.40915,14.2309),(-16.6827,-35.9198)]
triangle[(8.63849,1.65072),(19.8207,-18.0085),(44.8674,-3.76187)]
triangle[(19.2433,18.205),(13.5784,5.30377),(38.8889,-5.8101)]
triangle[(20.3312,4.30737),(11.6884,-9.9402),(30.7442,-21.4997)]
triangle[(1.21449,9.8378),(5.18443,12.7388),(0.781118,18.7646)]
triangle[(-5.07469,1.50656),(19.2916,17.912),(-4.79381,53.6849)]
triangle[(1.71718,4.777),(3.68967,20.6239),(-12.3147,22.616)]
triangle[(11.1429,17.0733),(-11.9951,19.1748),(-15.9909,-24.8189)]
triangle[(-0.786219,-10.9851),(-9.55604,8.35924),(-32.0906,-1.85691)]
triangle[(-10.3994,-1.61243),(-14.4876,5.49822),(-26.9309,-1.65598)]
triangle[(6.25305,4.96329),(14.3923,-18.3465),(41.677,-8.8193)]
triangle[(-10.0844,-19.0678),(-9.0701,2.44482),(-34.9277,3.66399)]
triangle[(-7.43025,19.6),(-15.0829,4.89151),(5.9202,-6.0361)]
triangle[(8.82861,-2.80253),(-19.9953,-19.2991),(-0.7601,-52.908)]
triangle[(-16.0651,-1.31699),(-5.54497,-1.1791),(-5.79291,17.7381)]
triangle[(15.9451,-3.43078),(1.86118,-6.2595),(6.53364,-29.5231)]
triangle[(14.2414,-7.28631),(0.901301,-13.5073),(7.35078,-27.3375)]
triangle[(-11.64,-18.4223),(12.437,1.04308),(-16.1767,36.436)]
triangle[(-10.844,12.0325),(-8.03012,8.432),(-1.68544,13.3906)]
triangle[(-8.73161,7.17404),(0.659226,8.47335),(-1.42047,23.5045)]
triangle[(8.19852,0.860366),(-9.55764,9.41301),(-22.0127,-16.4449)]
triangle[(-3.34648,-11.8446),(15.2852,8.27096),(-13.6843,35.1035)]
triangle[(-3.95785,14.1648),(1.9347,15.7228),(0.234396,22.1535)]
triangle[(10.2282,3.76393),(3.47359,16.7488),(-11.817,8.79474)]
triangle[(12.9899,11.8113),(-14.718,-14.2758),(15.0331,-45.8754)]
triangle[(-6.26611,-3.03276),(-6.91089,7.32201),(-19.0283,6.56748)]
triangle[(-10.3766,12.7203),(-3.76215,19.1162),(-14.009,29.7131)]
triangle[(9.79878,-19.7066),(1.74512,-15.4003),(-2.79039,-23.8824)]
triangle[(0.103774,-7.09094),(-13.6367,-7.95884),(-12.1772,-31.0666)]
triangle[(15.1588,12.8753),(-20.2176,-13.4948),(16.3793,-62.5907)]
triangle[(5.01413,-7.30466),(-11.6044,18.2485),(-49.8748,-6.64074)]
triangle[(-12.9216,7.03885),(-15.4541,4.08795),(-11.9924,1.11718)]
triangle[(-9.11037,4.70143),(2.99611,10.0256),(-4.21734,26.4282)]
triangle[(-17.092,3.91656),(13.7918,18.8557),(-10.2831,68.6261)]
triangle[(-9.45744,17.333),(8.6789,12.4561),(15.5792,38.1175)]
triangle[(-17.6436,-8.60328),(14.9841,-5.99564),(10.6919,47.7089)]
triangle[(-20.2288,10.9296),(-12.1563,-5.38253),(11.3811,6.26552)]
triangle[(-14.5815,1.75707),(-18.8294,-3.35171),(-13.5463,-7.7445)]
triangle[(6.45645,-20.6677),(-20.188,3.28934),(-45.5684,-24.9381)]
triangle[(8.40371,4.68645),(6.34147,-8.96265),(28.9197,-12.374)]
triangle[(-6.97981,-7.01832),(14.0259,0.312508),(3.42154,30.6981)]
triangle[(5.93222,-8.5629),(4.39928,14.3494),(-20.59,12.6775)]
triangle[(-12.813,-3.05764),(7.93462,5.52008),(-7.31788,42.4124)]
triangle[(20.3097,10.1322),(-8.82083,-15.5639),(35.5917,-65.9125)]
triangle[(14.3051,-2.41212),(0.315772,-16.6579),(19.5229,-35.5192)]
triangle[(3.54143,-15.7084),(-17.3886,7.69209),(-47.3454,-19.1021)]
triangle[(-4.6424,0.680319),(4.23664,-14.9585),(32.9265,1.33044)]
triangle[(-14.5227,-5.6789),(14.265,3.41038),(-0.895297,51.4264)]
triangle[(9.86621,-3.45981),(-15.6439,20.6233),(-55.9392,-22.0597)]
triangle[(-4.20613,8.64127),(10.3634,8.89375),(10.0248,28.4332)]
triangle[(2.85379,-2.72588),(-7.13521,8.63805),(-27.046,-8.86369)]
triangle[(-17.9125,-14.2884),(-8.32219,20.6824),(-73.577,38.5778)]
triangle[(-3.11606,-14.9349),(-15.5449,-14.5166),(-16.2097,-34.2738)]
triangle[(0.0920104,-20.6099),(-3.60298,-1.90161),(-40.0626,-9.10259)]
triangle[(10.8142,-1.85478),(-18.1857,-14.242),(6.18373,-71.2934)]
triangle[(-6.39543,19.8853),(-7.37908,17.1954),(-3.31346,15.7086)]
triangle[(2.34094,-5.97613),(-1.49633,-6.23758),(-1.22238,-10.2584)]
triangle[(16.7722,1.15636),(12.7416,1.82866),(11.7731,-3.9776)]
triangle[(13.2134,-7.33909),(10.0157,8.41815),(-19.032,2.52334)]
triangle[(-15.3458,17.3928),(20.4832,-8.80147),(47.5239,28.1852)]
triangle[(-5.04337,8.9811),(-11.1511,0.662242),(0.330613,-7.76758)]
triangle[(14.0495,-16.2274),(12.1453,-14.5446),(9.19543,-17.8827)]
triangle[(-3.81487,-0.334347),(-0.581646,10.1514),(-17.2753,15.2988)]
triangle[(15.516,-18.8855),(12.4764,-18.1493),(11.4521,-22.3788)]
triangle[(-4.16286,-7.41204),(0.404636,7.13473),(-24.0597,14.8162)]
triangle[(20.4932,18.268),(0.3167,3.00005),(20.1196,-23.1692)]
triangle[(-12.6961,-10.2142),(-9.9163,20.58),(-63.0923,25.3803)]
triangle[(6.8729,12.3956),(-9.86821,0.380011),(2.70264,-17.1347)]
triangle[(17.8382,13.4211),(-6.99929,15.8837),(-11.5776,-30.2919)]
triangle[(-2.14453,-17.0024),(-2.207,-20.9113),(3.29507,-20.9992)]
triangle[(-6.51,-18.5222),(-1.34625,-17.4718),(-3.10118,-8.84477)]
triangle[(-6.9465,-11.5124),(-16.4868,-7.68501),(-23.6256,-25.4793)]
triangle[(-9.77701,-2.70222),(8.2098,1.56924),(1.78723,28.6142)]
triangle[(-5.03152,5.43628),(-6.90365,10.1404),(-15.3413,6.78242)]
triangle[(-6.83047,12.9618),(-14.0384,-3.12442),(14.692,-15.9979)]
triangle[(3.46532,-15.3014),(1.74369,14.2817),(-46.0877,11.498)]
triangle[(-5.52291,-5.28765),(-12.3498,-4.38063),(-13.2613,-11.2413)]
triangle[(-6.91528,-3.4822),(-11.0061,2.48211),(-18.5401,-2.68538)]
triangle[(14.2388,-8.6008),(-18.716,9.58393),(-42.6907,-33.8637)]
triangle[(-4.96226,11.1832),(-8.25257,14.6684),(-13.9511,9.28847)]
triangle[(-16.202,-6.02641),(-20.8714,-10.2954),(-14.4191,-17.3528)]
triangle[(-12.5415,8.56261),(-18.9776,-12.3974),(14.7383,-22.7503)]
triangle[(-10.8343,-20.5125),(-15.0062,-13.9058),(-22.1033,-18.3873)]
triangle[(10.3357,-2.87424),(13.3049,-4.84134),(16.3388,-0.261843)]
triangle[(-3.9792,-4.46032),(4.04338,7.31429),(-15.7825,20.8226)]
triangle[(17.8564,11.5431),(-4.1731,-5.23499),(23.828,-42.0002)]
triangle[(-19.2457,15.1142),(-14.3192,4.82138),(4.4596,13.8095)]
triangle[(-3.08719,-5.66752),(-12.6647,5.98023),(-26.3635,-5.28381)]
triangle[(-20.3048,-19.9137),(1.82225,16.6066),(-65.7006,57.5176)]
triangle[(-13.6362,5.50812),(17.8338,14.9575),(4.62655,58.9426)]
triangle[(-20.0144,5.365),(-9.56335,8.84766),(-14.623,24.0312)]
triangle[(-6.91645,9.45534),(3.8323,-9.39428),(24.9488,2.64714)]
triangle[(0.766001,-20.0955),(11.344,-7.13136),(-2.97706,4.55382)]
triangle[(9.64811,14.26),(20.674,-0.322369),(35.8718,11.1689)]
triangle[(-4.89961,1.99754),(-8.01711,-17.3916),(20.0271,-21.9007)]
triangle[(-19.7,-14.6528),(20.7214,-2.17543),(7.80621,39.6645)]
triangle[(19.4,-14.8637),(17.812,-4.64023),(0.526178,-7.32523)]
triangle[(-11.924,-1.85238),(17.4389,-10.3497),(30.6363,35.2548)]
triangle[(18.9279,7.11605),(19.5588,12.4272),(13.9707,13.0911)]
triangle[(-2.92538,16.147),(6.99869,-13.8556),(60.5611,3.86141)]
triangle[(16.9388,0.265323),(17.0108,-13.9623),(34.6391,-13.8731)]
triangle[(-8.21995,-0.013545),(-11.3794,6.6931),(-23.8508,0.817864)]
triangle[(-17.8223,-7.70439),(7.53494,4.96149),(-11.2125,42.4941)]
triangle[(-20.277,0.253525),(12.0382,-14.9233),(40.2905,45.2329)]
triangle[(3.97967,-0.514737),(-1.76642,-7.96905),(9.08356,-16.3327)]
triangle[(-12.3307,-9.59629),(1.46385,-10.6605),(3.49706,15.694)]
triangle[(5.65147,16.3574),(17.5042,2.37323),(34.1525,16.484)]
triangle[(-20.1437,15.0082),(15.0438,-2.95455),(38.0026,42.0197)]
triangle[(8.76778,3.45866),(7.11768,16.5488),(-16.1031,13.6217)]
triangle[(6.75973,18.6221),(0.701231,-0.545454),(33.4223,-10.8879)]
triangle[(-15.6486,-7.65621),(-13.4178,-5.53067),(-15.6492,-3.18878)]
triangle[(18.7427,14.7486),(-20.5984,10.1312),(-12.5484,-58.4567)]
triangle[(7.39954,15.2911),(-7.44822,-11.2423),(21.7073,-27.5573)]
triangle[(2.7825,14.2389),(11.3955,4.51677),(29.4629,20.5231)]
triangle[(1.40091,8.70173),(-1.92189,-0.77763),(8.34884,-4.37782)]
triangle[(-19.8718,6.79421),(-11.7926,-15.3054),(12.6933,-6.35389)]
triangle[(-8.71274,6.46454),(3.59016,19.1041),(-17.2725,39.411)]
triangle[(-2.96636,19.1191),(9.36414,-11.0532),(65.0528,11.705)]
triangle[(-3.4892,-13.9439),(-9.8986,-12.4686),(-12.1462,-22.2335)]
triangle[(7.68605,-8.66305),(17.2928,13.2913),(-11.8122,26.027)]
triangle[(-5.12751,16.759),(-3.01322,-10.1674),(50.8198,-5.94035)]
triangle[(11.3974,8.03532),(12.836,-17.8696),(55.7802,-15.4846)]
triangle[(13.7379,-0.646967),(-17.7369,-4.52021),(-10.9979,-59.2828)]
triangle[(13.401,12.5153),(16.1722,-16.6662),(54.5244,-13.0241)]
triangle[(-13.6714,-7.51495),(2.02355,5.22233),(-12.5537,23.1845)]
triangle[(19.0902,-14.9215),(5.26169,8.82346),(-34.8806,-14.5545)]
triangle[(-14.9517,9.8094),(-11.0576,14.0123),(-16.5266,19.0794)]
triangle[(-16.3579,-15.9372),(5.05277,0.630049),(-11.9381,22.5882)]
triangle[(-9.19554,9.13361),(-5.22498,8.23289),(-4.14349,13.0003)]
triangle[(3.01437,-15.4393),(12.3631,-9.46996),(5.63221,1.07154)]
triangle[(8.90588,4.73992),(5.96975,15.7752),(-6.8513,12.364)]
triangle[(15.4779,-2.65479),(18.9969,2.80822),(8.11163,9.82004)]
triangle[(3.17046,-1.46601),(9.32666,-6.71072),(15.5807,0.630271)]
triangle[(-0.237407,-17.578),(-5.81527,-6.22154),(-25.8215,-16.0478)]
triangle[(6.8227,1.8941),(-8.62552,19.2698),(-30.4104,-0.0984258)]
triangle[(10.8584,-12.7664),(20.62,-2.45519),(3.31551,13.9268)]
triangle[(-6.76414,4.10086),(-7.4564,-19.0277),(31.4368,-20.1918)]
triangle[(-20.6581,19.3283),(11.8334,12.2767),(23.6185,66.5785)]
triangle[(15.86,19.5157),(3.29348,-15.3169),(64.8643,-37.5297)]
triangle[(-14.8191,-19.8657),(0.480722,-13.5313),(-8.31078,7.70332)]
triangle[(20.2703,2.97205),(-9.38732,20.0272),(-39.5566,-32.4349)]
triangle[(-11.5058,15.319),(8.20088,-1.4935),(35.4765,30.4775)]
triangle[(17.8839,13.2064),(-8.84614,4.36574),(3.7717,-33.7849)]
triangle[(5.60306,-7.22701),(-13.8746,-1.9339),(-22.9698,-35.4026)]
triangle[(7.68287,18.2283),(13.1788,15.2532),(16.5529,21.4861)]
triangle[(19.5765,4.31605),(6.60928,8.79823),(1.2432,-6.7262)]
triangle[(2.31519,3.38353),(1.14292,-13.1875),(32.5501,-15.4093)]
triangle[(-11.5698,-1.62276),(15.671,-11.5557),(33.8559,38.3159)]
triangle[(-16.8913,-8.57048),(8.0945,6.37389),(-8.16628,33.5607)]
triangle[(-7.73565,-5.93186),(18.7689,16.3162),(-9.1681,49.598)]
triangle[(3.74748,7.42612),(7.50607,-14.2238),(42.4605,-8.15549)]
triangle[(12.8893,-5.08757),(-4.9357,-8.48271),(-1.04947,-28.886)]
triangle[(-14.7345,-1.81371),(16.9586,-1.68766),(16.7342,54.7421)]
triangle[(2.24264,9.42952),(18.4327,5.65033),(22.8,24.3598)]
triangle[(-10.3601,-17.2575),(17.9098,-0.599147),(-3.02287,34.9243)]
triangle[(15.1153,10.2854),(13.4523,13.1968),(8.6834,10.4729)]
triangle[(-17.1583,6.63942),(9.44003,12.7204),(2.77175,41.8877)]
triangle[(-1.1991,-12.5089),(-20.4018,-7.42765),(-29.806,-42.9677)]
triangle[(-2.67279,-18.8073),(-2.68718,12.5923),(-52.5243,12.5695)]
triangle[(-7.91367,15.2988),(11.6106,0.0536815),(40.3148,36.8147)]
triangle[(-18.5357,5.06274),(-1.93085,-7.81731),(19.1691,19.3845)]
triangle[(-6.87801,-7.72759),(-11.9312,-9.76568),(-8.77776,-17.5841)]
triangle[(-0.391866,-2.95362),(-12.2844,-10.3926),(1.72695,-32.7922)]
triangle[(-1.69264,-0.848359),(17.0385,-0.872611),(17.0658,20.2489)]
triangle[(-16.5863,-12.4381),(-16.6271,-1.25842),(-29.6719,-1.30594)]
triangle[(13.0611,-11.7935),(-20.74,-5.1751),(-27.5931,-40.1746)]
triangle[(4.63115,6.83531),(0.822446,-3.4734),(17.4709,-9.6244)]
triangle[(-17.3019,15.8317),(12.2051,-5.54927),(45.5132,40.4179)]
triangle[(15.0781,2.27567),(13.718,-6.03559),(22.8097,-7.5234)]
triangle[(18.8988,20.9927),(15.5842,13.0081),(31.1534,6.54486)]
triangle[(9.63671,-4.08691),(-8.20412,-19.6062),(12.7799,-43.7292)]
triangle[(-20.647,-9.32141),(0.756589,-10.5565),(2.70152,23.1479)]
triangle[(14.9516,-7.15165),(16.8014,2.72104),(0.163736,5.83838)]
triangle[(3.4058,5.41011),(-0.100995,-4.29508),(16.2545,-10.2048)]
triangle[(12.4558,9.16497),(17.21,16.012),(4.99081,24.4962)]
triangle[(-13.8942,11.3732),(12.6638,-18.7709),(60.1758,23.0889)]
triangle[(0.274183,-7.8845),(-2.97245,-18.3042),(8.429,-21.8568)]
triangle[(20.5672,19.4085),(-19.6198,-11.5357),(23.7082,-67.8057)]
triangle[(-10.4491,14.227),(18.1802,-5.12516),(41.9959,30.1075)]
triangle[(-18.7965,-17.9849),(14.8756,18.2862),(-24.4188,54.765)]
triangle[(-16.9002,5.58176),(-20.007,4.05815),(-17.1976,-1.67049)]
triangle[(-10.2167,16.4132),(8.15962,7.19611),(20.3106,31.4217)]
triangle[(16.5156,13.2394),(-4.49192,3.89182),(10.1479,-29.0094)]
triangle[(5.49797,2.35589),(-12.0214,-20.0127),(11.5524,-38.476)]
triangle[(15.2568,18.3459),(-9.39996,9.21804),(5.64929,-31.4338)]
triangle[(-0.520702,-14.9472),(2.25838,-2.95168),(-15.6887,1.20624)]
triangle[(2.97917,2.35047),(16.3029,-16.4206),(44.3715,3.50248)]
triangle[(-6.88954,-18.0525),(-14.0826,10.0851),(-53.1632,0.0946595)]
triangle[(-12.7567,-4.1525),(2.78711,5.59879),(-12.8177,30.4733)]
triangle[(-14.5189,-9.72652),(1.27906,11.0235),(-37.5039,40.5508)]
triangle[(2.28376,-4.82683),(-19.8219,14.6284),(-49.3668,-18.9414)]
triangle[(7.71536,-17.4485),(-6.49155,13.0812),(-41.4479,-3.18558)]
triangle[(1.65855,-18.8638),(3.19106,-14.4623),(-4.77155,-11.6899)]
triangle[(-11.6675,10.4567),(-14.5287,4.9466),(-4.76795,-0.121683)]
triangle[(-16.8189,19.1012),(-8.54634,-7.01301),(37.168,7.46854)]
triangle[(19.5119,19.2744),(-17.9091,-17.8581),(49.1311,-85.4191)]
triangle[(11.0651,-10.3581),(18.2839,19.9572),(-35.1237,32.6749)]
triangle[(-17.7087,-6.90035),(-14.6067,18.0291),(-55.3949,23.1045)]
triangle[(-1.76047,0.935271),(4.535,17.8387),(-15.1167,25.1577)]
triangle[(-1.99609,7.85531),(-9.53895,-1.56277),(4.23898,-12.5974)]
triangle[(-14.9802,15.3897),(15.8224,0.0531156),(41.9775,52.584)]
triangle[(2.45518,13.3361),(13.6324,-19.3101),(72.5928,0.876441)]
triangle[(19.2212,17.271),(-1.62923,-15.939),(34.637,-38.7082)]
triangle[(-5.02915,-11.8202),(-3.84633,4.26364),(-34.7436,6.53584)]
triangle[(-19.8857,8.15781),(-3.70204,-19.3432),(25.2437,-2.30933)]
triangle[(-20.9728,19.5361),(-11.8169,-1.27664),(19.8286,12.6449)]
triangle[(-16.5208,-13.9923),(-3.19696,16.2709),(-38.3316,31.7395)]
triangle[(-17.9306,19.0423),(-17.9535,-3.6095),(6.46043,-3.63413)]
triangle[(15.3951,7.24727),(2.53869,9.6226),(-2.17713,-15.9016)]
triangle[(9.08915,-17.3946),(-8.18861,5.49029),(-39.4354,-18.1005)]
triangle[(15.2092,7.45093),(17.6059,18.9471),(2.74215,22.0459)]
triangle[(5.83819,20.9616),(15.1715,-20.4766),(87.9361,-4.0875)]
triangle[(5.40309,-20.167),(-6.71242,-12.373),(-15.224,-25.604)]
triangle[(15.3772,20.5793),(14.3214,-10.8882),(68.2908,-12.6989)]
triangle[(-14.8239,-3.8448),(-0.730313,13.4591),(-34.9129,41.3001)]
triangle[(16.0845,6.09701),(-20.9354,-11.5819),(6.21217,-68.4295)]
triangle[(20.7843,-10.9839),(-15.8233,-7.01968),(-21.9501,-63.5972)]
triangle[(-10.2966,-0.507898),(17.163,-10.6601),(37.1927,43.5162)]
triangle[(4.7206,0.502673),(0.343554,-1.94173),(4.3585,-9.13105)]
triangle[(-7.52791,-3.7172),(-5.49404,1.58592),(-15.5246,5.43288)]
triangle[(-17.0775,2.14482),(17.9406,-0.344385),(20.5089,35.7861)]
triangle[(-14.7844,20.1283),(-6.62995,-9.72579),(39.2933,2.81783)]
triangle[(-9.32961,-18.3039),(-4.88068,-12.0314),(-12.9267,-6.32454)]
triangle[(-2.38055,10.7505),(5.02833,15.7189),(-4.83722,30.4304)]
triangle[(16.1454,-5.76231),(-17.6441,14.1726),(-40.669,-24.8544)]
triangle[(5.93261,-3.18122),(3.23276,-20.7775),(24.5942,-24.055)]
triangle[(-7.46212,16.4081),(13.1127,11.9313),(17.6023,32.5648)]
triangle[(-3.71865,-9.85701),(8.3148,-15.9676),(16.4504,0.0538001)]
triangle[(-6.79609,-11.2413),(-10.8696,-9.34839),(-14.5467,-17.2616)]
triangle[(-9.02068,12.8892),(15.982,-3.23571),(40.0222,34.04)]
triangle[(9.32756,-8.85155),(-6.44189,-8.26714),(-7.48523,-36.4198)]
triangle[(5.31708,-4.68363),(15.5948,8.11178),(-5.07585,24.7152)]
triangle[(5.73312,-4.91661),(10.4954,-7.52933),(14.5316,-0.172524)]
triangle[(2.14841,20.0836),(10.9647,-14.9543),(78.9917,2.16272)]
triangle[(8.7901,-1.47738),(1.25511,-15.8491),(18.2119,-24.7394)]
triangle[(-17.3065,3.65828),(9.93181,-12.1886),(37.9476,35.9661)]
triangle[(-13.6879,-14.2241),(-5.51406,-16.3458),(-2.9769,-6.57175)]
triangle[(1.10927,-3.70515),(0.307759,8.5638),(-13.5992,7.65528)]
triangle[(-18.2945,-19.6592),(3.44594,-2.2674),(-22.019,29.5649)]
triangle[(7.79746,-2.90892),(-15.414,-20.9293),(7.19778,-50.0547)]
triangle[(18.8717,20.8065),(-2.8699,-7.35942),(42.2606,-42.1962)]
triangle[(-9.90157,-3.10209),(-11.4584,7.78109),(-25.2848,5.80322)]
triangle[(-15.1852,-3.8446),(-18.4666,2.97392),(-28.6718,-1.93738)]
triangle[(-19.5317,3.95973),(-12.0324,18.2319),(-30.0093,27.6779)]
triangle[(20.0867,-19.3269),(-3.72613,4.67463),(-47.7634,-39.0164)]
triangle[(-1.53734,8.54306),(-18.4578,-11.2519),(14.3248,-39.2739)]
triangle[(-4.87279,16.2427),(-1.08711,16.1547),(-0.963963,21.4534)]
triangle[(-3.53207,20.6857),(16.6781,-17.5585),(64.6869,7.81185)]
triangle[(-19.0305,18.5249),(-7.05356,11.3306),(1.81371,26.0928)]
triangle[(-18.1653,6.07981),(5.90447,-19.5137),(50.755,22.6667)]
triangle[(-15.1393,-5.76062),(5.56698,11.127),(-18.0455,40.0788)]
triangle[(-13.8422,0.288833),(-0.768216,-18.3773),(32.0181,4.58659)]
triangle[(11.9102,-7.91457),(17.3083,-0.853251),(7.89301,6.3444)]
triangle[(11.4564,13.8717),(-18.4981,19.818),(-27.6577,-26.3239)]
triangle[(-14.5793,-17.8762),(-17.3627,-2.81568),(-43.7468,-7.69169)]
triangle[(16.6453,-11.7199),(13.4438,9.74288),(-16.4617,5.28191)]
triangle[(-19.8743,14.2219),(9.90186,-7.87723),(51.6438,48.3655)]
triangle[(-14.8812,19.5788),(9.1001,18.1366),(11.6851,61.1209)]
triangle[(3.58987,13.3638),(1.55069,6.36709),(15.2319,2.37976)]
triangle[(11.0202,-12.5904),(5.19089,14.7118),(-49.2472,3.08861)]
triangle[(15.0621,14.0983),(-6.31562,-8.39674),(38.5217,-51.0071)]
triangle[(-17.2328,-4.19593),(15.4704,-7.36005),(20.4539,44.148)]
triangle[(4.55068,15.1206),(-13.8558,-3.37923),(15.08,-32.1691)]
triangle[(-13.1202,0.812248),(-8.36857,-3.31823),(-3.17137,2.66052)]
triangle[(-11.4213,-18.9254),(10.0587,20.9979),(-59.9105,58.6435)]
triangle[(-6.28407,-17.8269),(-16.8428,14.4727),(-81.2081,-6.56827)]
triangle[(-9.87951,-2.60571),(-14.0146,7.31491),(-30.3707,0.497399)]
triangle[(7.0398,-13.2094),(-14.6353,-1.73539),(-27.258,-25.5805)]
triangle[(0.641776,6.86112),(19.9608,19.0113),(7.697,38.5109)]
triangle[(-10.3147,10.6076),(-16.3645,4.03689),(-6.99039,-4.59418)]
triangle[(-15.0258,-13.0274),(-10.7967,-3.8746),(-24.0686,2.25771)]
triangle[(1.05313,-8.85085),(-6.01173,-14.9231),(0.13952,-22.0799)]
triangle[(-15.329,4.10985),(-14.8305,-19.7115),(11.7058,-19.1563)]
triangle[(-9.56119,9.98445),(-0.494948,-1.27441),(19.0042,14.4274)]
triangle[(-14.7843,3.01335),(0.802604,-15.8752),(26.8564,5.62452)]
triangle[(20.4467,16.7165),(18.3747,14.1577),(21.0497,11.9916)]
triangle[(-18.3767,-0.0869634),(-11.0163,-1.55909),(-8.81402,9.45221)]
triangle[(14.4223,-8.93897),(3.1453,0.340994),(-12.4626,-18.6257)]
triangle[(4.34873,10.9015),(1.35976,-7.29908),(33.2134,-12.5302)]
triangle[(14.8767,3.59074),(-13.3637,-17.4031),(24.1776,-67.9027)]
triangle[(19.8634,-8.31544),(-2.02956,18.6201),(-43.9778,-15.475)]
triangle[(-3.0693,-12.4528),(8.43452,16.6328),(-39.5041,35.5933)]
triangle[(6.08529,17.3901),(10.5224,8.23206),(27.4735,16.445)]
triangle[(-11.4936,-17.4223),(14.9712,10.6313),(-40.5886,63.0442)]
triangle[(-15.0198,14.2888),(-8.43786,17.6604),(-14.9522,30.3773)]
triangle[(16.4282,15.5639),(-20.9694,-4.80362),(14.0985,-69.1934)]
triangle[(-16,4.99305),(-8.3153,17.44),(-26.4585,28.6415)]
triangle[(-5.8265,16.0942),(13.9899,1.36896),(36.7612,32.0133)]
triangle[(-6.89251,7.55939),(-1.73476,11.3025),(-6.76267,18.2306)]
triangle[(-5.64784,-16.6962),(-18.8362,16.6315),(-60.4066,0.181348)]
triangle[(-12.7086,-18.7188),(-15.1035,-9.12946),(-30.4235,-12.9555)]
triangle[(-20.4694,7.32218),(0.386015,-3.76969),(16.2753,26.1061)]
triangle[(9.56215,-14.3154),(-1.40186,9.41503),(-28.8346,-3.25954)]
triangle[(-16.2147,12.8527),(8.51399,-20.8409),(49.2749,9.07473)]
triangle[(-10.602,16.6828),(20.953,20.7171),(16.7765,53.3843)]
triangle[(12.171,5.8575),(-20.1762,11.2614),(-25.6626,-21.5796)]
triangle[(-14.8219,2.24105),(8.89226,-16.3414),(33.6067,15.1981)]
triangle[(7.26504,4.65829),(-16.3328,-7.08133),(-3.55571,-32.7646)]
triangle[(5.83205,-6.47024),(1.64629,-12.8625),(10.3707,-18.5754)]
triangle[(18.179,-3.16326),(-13.5953,-19.4087),(11.1445,-67.797)]
triangle[(-1.5757,-15.1073),(14.3823,-3.37138),(-1.91284,18.7861)]
triangle[(-2.18369,7.86585),(1.54849,13.908),(-9.33214,20.6289)]
triangle[(-1.45087,5.16949),(-15.8888,6.67023),(-18.2451,-15.9988)]
triangle[(4.67829,-2.34906),(-9.2611,10.3159),(-34.2701,-17.2096)]
triangle[(-4.57115,-16.8021),(1.16205,13.9494),(-55.7809,24.5656)]
triangle[(-14.3716,19.9599),(5.18406,-19.7771),(47.6201,1.10687)]
triangle[(-12.4285,-13.9658),(-16.2716,-12.4055),(-18.7772,-18.5767)]
triangle[(-7.5126,-20.2464),(-4.17433,-18.533),(-7.02628,-12.9765)]
triangle[(19.3761,-6.83875),(4.061,0.210811),(-4.43383,-18.2442)]
triangle[(3.66919,-10.6289),(5.13222,9.46959),(-33.9798,12.3167)]
triangle[(1.86026,20.8188),(-8.14203,-8.81838),(34.443,-23.1904)]
triangle[(-0.0755751,-10.7173),(-4.63905,-20.0898),(7.55002,-26.0247)]
triangle[(7.51178,-20.3799),(-1.35299,-9.3339),(-14.3066,-19.7295)]
triangle[(-10.1135,9.58788),(-9.98378,3.40687),(0.356097,3.62391)]
triangle[(-14.4672,9.07815),(-14.7057,19.6352),(-30.3132,19.2826)]
triangle[(20.6326,7.36203),(10.8836,10.393),(5.86394,-5.75238)]
triangle[(11.1085,6.40646),(-15.7436,19.2951),(-28.9716,-8.26395)]
triangle[(14.9425,16.0604),(-18.1323,-19.2831),(52.3064,-85.2002)]
triangle[(-5.86157,4.3548),(4.09926,7.36876),(-0.407154,22.262)]
triangle[(-1.02757,-13.5118),(15.5132,-15.1472),(17.6692,6.6587)]
triangle[(8.24398,14.0043),(-20.3098,-0.906641),(2.17267,-43.9596)]
triangle[(-6.96398,-2.57868),(-13.6235,11.1633),(-30.0982,3.17955)]
triangle[(-5.32421,-3.67504),(-13.865,18.9144),(-41.0338,8.64222)]
triangle[(-19.3252,-16.0997),(-13.4778,-0.665411),(-41.0763,9.79064)]
triangle[(16.0299,6.37194),(-8.33899,-2.26168),(0.660503,-27.6633)]
triangle[(-1.70153,-12.9974),(-8.08054,18.7687),(-49.3929,10.4727)]
triangle[(-7.44449,5.77965),(13.8644,18.4946),(-6.70308,52.9634)]
triangle[(9.69596,-1.47843),(-14.3512,9.07474),(-29.112,-24.5601)]
triangle[(3.07333,-20.7021),(-2.66962,-16.4847),(-10.8789,-27.6636)]
triangle[(-7.54442,-3.69038),(10.4223,12.6673),(-6.02425,30.7315)]
triangle[(14.8034,2.52849),(13.7113,-13.3548),(44.3971,-15.4648)]
triangle[(11.3423,17.5986),(-3.77175,19.8485),(-6.74237,-0.106409)]
triangle[(14.3786,7.85631),(-5.10538,10.4092),(-8.86739,-18.303)]
triangle[(5.9925,18.0813),(15.4906,3.70193),(38.9676,19.2094)]
triangle[(-10.118,-9.94405),(10.6947,-3.2151),(-2.74696,38.3601)]
triangle[(7.61114,-12.575),(12.3209,2.12768),(-11.8916,9.88375)]
triangle[(9.4639,-5.50764),(20.7966,9.47637),(2.4795,23.33)]
triangle[(9.177,6.14634),(2.93085,-7.34688),(24.0312,-17.1145)]
triangle[(18.415,-6.46863),(1.19819,-2.00421),(-5.39178,-27.4182)]
triangle[(-5.52898,14.3663),(-11.6921,-6.76119),(27.3801,-18.159)]
triangle[(-1.33665,10.6814),(0.360138,-4.40693),(18.274,-2.39238)]
triangle[(16.2529,-19.6264),(-1.1957,3.05716),(-27.8325,-17.4324)]
triangle[(-10.3517,-12.7146),(1.4739,6.97854),(-36.6465,29.8696)]
triangle[(-8.51635,18.8013),(-16.7185,-19.0095),(54.4717,-34.4524)]
triangle[(-13.567,-7.97525),(14.6278,12.5384),(-13.0573,50.5899)]
triangle[(-14.825,5.3261),(17.8709,4.7657),(18.5105,42.0803)]
triangle[(20.9571,-3.34489),(-5.91411,-20.6661),(26.3264,-70.6822)]
triangle[(-12.7942,-20.1794),(13.0326,12.732),(-21.8084,40.0731)]
triangle[(-8.32379,-4.01847),(7.426,14.82),(-28.7754,45.086)]
triangle[(-11.1515,-1.35478),(18.9945,-0.369118),(17.305,51.3048)]
triangle[(-20.2374,13.1473),(-2.35629,18.4115),(-8.70389,39.9727)]
triangle[(8.20895,4.43928),(-16.651,-13.3086),(14.8557,-57.441)]
triangle[(14.421,-17.4193),(5.10803,-11.562),(-1.33916,-21.8129)]
triangle[(-7.93424,12.4216),(-10.4514,-10.5979),(22.0533,-14.1522)]
triangle[(11.979,-4.07559),(-10.5827,-3.63372),(-11.0552,-27.7592)]
triangle[(5.62573,2.30493),(9.20247,17.8154),(-10.336,22.321)]
triangle[(19.8831,-1.26226),(-18.2932,2.70165),(-24.1922,-54.1112)]
triangle[(1.03778,10.6344),(-19.5839,-12.4529),(12.3062,-40.9373)]
triangle[(18.5736,4.60958),(-5.91989,-11.3346),(22.4101,-54.8552)]
triangle[(1.37573,-17.2745),(-14.2062,19.5054),(-55.4994,2.01143)]
triangle[(14.5173,-9.17259),(-2.83742,11.1297),(-38.636,-19.4716)]
triangle[(-12.4816,-10.5773),(18.026,-4.33366),(6.27958,53.0619)]
triangle[(-20.8103,17.8353),(10.8832,-8.59975),(50.1679,38.4994)]
triangle[(6.73847,-10.5424),(-6.584,-11.2489),(-5.82818,-25.5008)]
triangle[(6.69525,-18.8576),(2.80954,18.4978),(-58.117,12.1603)]
triangle[(-11.5651,12.6304),(15.2078,18.4281),(9.35805,45.4413)]
triangle[(-17.2976,-17.9971),(15.5271,5.58094),(-19.6138,54.5031)]
triangle[(1.32627,20.5506),(3.0532,10.4317),(19.4878,13.2366)]
triangle[(4.43228,-20.1945),(-6.78464,-2.68881),(-30.1713,-17.674)]
triangle[(-6.43486,10.485),(-3.48941,0.647141),(6.64527,3.68145)]
triangle[(-17.2201,-5.48695),(18.0823,10.604),(-9.07381,70.1827)]
triangle[(-13.7032,6.76425),(-10.6265,11.4548),(-17.6046,16.0321)]
triangle[(-17.0006,-12.6623),(-17.7572,-19.4344),(-5.62914,-20.7894)]
triangle[(-14.5104,6.52008),(13.9604,-4.34497),(32.1075,43.2075)]
triangle[(20.7075,9.69737),(-14.0098,8.56929),(-12.3633,-42.1049)]
triangle[(14.9938,16.3979),(-17.3033,3.2876),(6.6084,-55.6189)]
triangle[(15.4879,-9.90861),(15.2124,-6.32592),(9.97787,-6.72852)]
triangle[(9.86578,15.4102),(-2.7551,19.5366),(-9.37928,-0.724006)]
triangle[(-16.1651,-11.7567),(3.91946,-12.8921),(5.77721,19.9688)]
triangle[(-3.78827,-17.1545),(11.3852,2.61443),(-10.9044,19.7226)]
triangle[(5.72929,7.3712),(-8.9283,-3.78743),(7.40281,-25.2394)]
triangle[(0.960383,-8.97024),(-9.53322,8.08105),(-30.7591,-4.98166)]
triangle[(-9.25182,5.15711),(2.88535,-16.9948),(36.2605,1.29168)]
triangle[(-5.7286,-3.16778),(18.2441,15.9105),(-7.53413,48.3021)]
triangle[(9.41322,-2.65592),(13.076,19.1989),(-18.2171,24.4435)]
triangle[(6.2868,-9.53385),(-1.44326,10.4213),(-40.305,-4.63255)]
triangle[(-6.14612,-8.12944),(-15.2977,14.0806),(-40.4234,3.72764)]
triangle[(-2.39802,10.3063),(15.5164,-12.5841),(55.9731,19.0781)]
triangle[(10.2997,-5.93396),(-9.59009,-1.78574),(-14.7362,-26.4602)]
triangle[(-20.0752,13.0635),(14.9418,-16.9706),(72.707,50.3781)]
triangle[(-11.1002,-20.3633),(6.80007,2.40367),(-32.9615,33.6658)]
triangle[(1.82399,17.2517),(-20.8165,10.8897),(-12.7095,-17.9605)]
triangle[(3.35884,3.8936),(-17.3683,-2.54937),(-5.58633,-40.4523)]
triangle[(-1.8619,-10.2189),(8.4459,8.93336),(-25.1393,27.009)]
triangle[(-7.62498,-17.4221),(-20.4924,6.74885),(-67.3704,-18.2067)]
triangle[(-7.20189,16.7),(9.95765,12.7659),(17.2889,44.7436)]
triangle[(13.9488,1.94853),(7.90175,0.0912811),(11.3073,-10.9968)]
triangle[(16.4701,-10.5963),(-4.00281,-15.7627),(5.81277,-54.6593)]
triangle[(14.2142,-16.3382),(16.5579,9.82164),(-23.5253,13.4127)]
triangle[(-3.48673,-12.2485),(-11.7842,-1.79427),(-24.6493,-12.0052)]
triangle[(-1.46192,-13.9037),(10.265,-18.6913),(16.2247,-4.0936)]
triangle[(-3.74094,-20.4003),(13.7351,4.06881),(-16.3622,25.5645)]
triangle[(-13.1256,-0.822294),(-6.59949,5.47201),(-17.6199,16.8981)]
triangle[(18.0721,-3.95298),(0.500943,-12.4675),(14.7115,-41.7935)]
triangle[(-18.1327,15.3934),(8.3312,-15.2561),(42.4567,14.2091)]
triangle[(4.30654,14.7043),(-3.60779,6.83552),(7.75976,-4.5978)]
triangle[(20.8539,-10.7797),(13.3888,-4.66956),(1.5122,-19.1799)]
triangle[(11.7033,-0.490445),(11.9223,3.30814),(5.30416,3.68985)]
triangle[(-20.2349,-13.8313),(19.5314,-11.5538),(16.6428,38.8832)]
triangle[(-16.9067,7.93767),(11.8944,13.8959),(3.9322,52.3842)]
triangle[(-13.3459,-7.37297),(-17.909,-8.32762),(-16.339,-15.832)]
triangle[(1.89581,-13.0084),(-3.80065,9.60368),(-40.4471,0.371684)]
triangle[(-13.1196,12.6869),(19.145,-18.7383),(65.5543,28.9106)]
triangle[(-19.3527,8.21775),(-8.34793,-5.81317),(10.5319,8.99472)]
triangle[(17.7132,-11.4962),(-8.09625,-1.23164),(-23.4959,-39.9532)]
triangle[(-19.4294,-0.439727),(-10.1163,18.6091),(-45.0731,35.6999)]
triangle[(-20.5711,19.3132),(-19.121,3.77784),(6.3772,6.15792)]
triangle[(-10.5214,14.7381),(-20.5578,12.6506),(-16.8077,-5.37868)]
triangle[(-14.9098,-3.89325),(-5.3906,4.52241),(-20.7942,21.9458)]
triangle[(-4.33435,6.74874),(-7.42868,-13.6961),(27.0724,-18.9178)]
triangle[(-0.619495,-17.6936),(-6.49598,-13.8803),(-12.6397,-23.3481)]
triangle[(-1.85273,12.8376),(-12.6617,0.73648),(5.68892,-15.6546)]
triangle[(-20.7788,-4.48994),(-0.778591,-2.17931),(-4.05512,26.1815)]
triangle[(-11.495,-0.592159),(-1.94818,9.07693),(-14.5596,21.5289)]
triangle[(-4.44568,-7.29681),(8.83924,-12.5153),(18.2277,11.3851)]
triangle[(-2.84724,-12.759),(-18.5562,-18.2127),(-13.051,-34.0701)]
triangle[(13.6999,20.37),(1.28629,3.44965),(23.0821,-12.5408)]
triangle[(20.8487,-18.2908),(9.68902,16.8716),(-42.9136,0.176815)]
triangle[(-13.128,-10.553),(13.0902,-13.8183),(17.276,19.7908)]
triangle[(-16.0134,-8.53638),(10.576,-17.5894),(19.6365,9.02178)]
triangle[(-7.93157,-3.75068),(13.1891,6.88676),(-6.64822,46.2739)]
triangle[(2.23351,19.5639),(-3.44248,5.594),(18.3068,-3.24277)]
triangle[(2.02971,-14.5787),(-16.4016,4.15704),(-42.5725,-21.5887)]
triangle[(16.6115,-6.80447),(-12.8137,10.4596),(-44.5802,-43.684)]
triangle[(11.273,-7.80173),(-14.5378,-8.58611),(-13.2489,-51.0002)]
triangle[(18.468,0.579691),(4.59734,-9.1507),(21.6386,-33.4431)]
triangle[(19.055,-5.61236),(2.19064,10.3253),(-17.5416,-10.5543)]
triangle[(-14.3604,15.6854),(14.4071,19.1426),(8.58317,67.6024)]
triangle[(7.20957,11.7368),(-6.28634,-16.6856),(27.2752,-32.6217)]
triangle[(-12.8264,-16.076),(-8.36472,-18.0366),(-5.26151,-10.9745)]
triangle[(20.8146,4.80636),(18.7316,20.6273),(-10.5217,16.7757)]
triangle[(2.53641,4.02796),(0.366903,-8.85954),(15.1573,-11.3494)]
triangle[(-14.5357,0.892094),(11.1145,-0.540392),(12.8132,29.8779)]
triangle[(-0.171836,-16.1551),(-9.75727,6.25597),(-51.7958,-11.7243)]
triangle[(15.3438,-7.32922),(-2.25044,11.8562),(-32.3726,-15.7677)]
triangle[(-7.58905,-19.1788),(19.9317,7.59312),(-18.4393,47.0373)]
triangle[(-9.06262,-17.0859),(-13.5709,-12.7276),(-20.2866,-19.6745)]
triangle[(-6.8372,-12.8216),(-1.32084,-19.1065),(5.85122,-12.8114)]
triangle[(-15.1048,16.3326),(9.30941,-6.96038),(37.7053,22.8023)]
triangle[(-17.6672,-12.367),(20.2692,4.9038),(-13.1875,78.3937)]
triangle[(10.3273,-5.9142),(-3.79948,12.9114),(-37.4378,-12.3308)]
triangle[(9.63997,19.5669),(7.23848,3.14552),(30.7787,-0.297055)]
triangle[(7.11235,-4.404),(14.8649,14.0896),(-7.90269,23.6338)]
triangle[(19.9887,-19.9285),(-5.54773,-4.87828),(-25.939,-39.477)]
triangle[(2.33334,1.75511),(18.4775,-15.6229),(40.8532,5.16401)]
triangle[(12.3987,-9.16432),(2.19555,6.62274),(-28.0672,-12.936)]
triangle[(-14.0796,-0.755529),(-11.3637,-14.7087),(6.37527,-11.2559)]
triangle[(4.77353,17.1339),(-18.4876,-1.1977),(15.017,-43.7121)]
triangle[(17.3506,19.2581),(-1.3688,-10.0883),(36.5877,-34.3)]
triangle[(-12.9199,19.6094),(20.0859,6.01334),(46.2856,69.6158)]
triangle[(-13.5426,12.711),(-0.340184,8.02069),(8.58581,33.1459)]
triangle[(-7.65773,-17.2618),(5.41872,3.27157),(-19.1053,18.8894)]
triangle[(-20.2768,17.4594),(3.86176,5.35474),(22.6265,42.7744)]
triangle[(-3.24465,-14.9844),(-16.4642,-7.82936),(-23.7955,-21.3746)]
triangle[(-2.79704,-9.65029),(10.8033,-19.1634),(27.05,4.06359)]
triangle[(20.5164,-10.7246),(20.7133,4.5543),(-8.8833,4.93583)]
triangle[(12.8008,16.5597),(8.35019,20.9172),(3.59152,16.0568)]
triangle[(20.4691,7.14534),(-18.7979,-14.9484),(19.9907,-83.8872)]
triangle[(15.6795,-19.7198),(-5.75235,12.5339),(-39.3491,-9.7904)]
triangle[(3.58398,10.5307),(-8.75317,16.3201),(-16.5513,-0.297507)]
triangle[(16.735,5.22576),(20.5639,-16.95),(54.3988,-11.108)]
triangle[(20.3103,6.40401),(9.67291,-15.3121),(44.2843,-32.2661)]
triangle[(-9.17667,8.88394),(-2.33332,8.65162),(-1.94473,20.0981)]
triangle[(7.46046,-4.10023),(-18.9547,16.2533),(-48.8596,-22.5578)]
triangle[(18.0017,16.0158),(1.94943,-11.8127),(38.2025,-32.7245)]
triangle[(5.42049,-14.7592),(8.0815,-12.6561),(5.93273,-9.93727)]
triangle[(-19.7489,-3.52269),(-13.6515,-5.67359),(-10.0336,4.58253)]
triangle[(-5.41816,17.4267),(16.4796,19.9663),(12.6641,52.8653)]
triangle[(-19.798,-4.24989),(-13.6875,-9.27991),(-5.19452,1.03738)]
triangle[(8.71135,-20.6075),(-4.61411,-19.0263),(-6.30288,-33.2586)]
triangle[(17.0405,1.71059),(-12.6006,-17.6642),(22.5311,-71.4116)]
triangle[(-16.8005,-8.72974),(8.43805,-14.247),(18.5802,32.1481)]
triangle[(6.96082,-3.12306),(-5.82364,9.66265),(-29.9726,-14.4839)]
triangle[(-19.211,11.5763),(19.8188,11.5837),(19.8089,63.255)]
triangle[(-5.13695,3.36802),(-7.64256,-9.93232),(18.6956,-14.8941)]
triangle[(-18.9328,18.3787),(7.568,15.3435),(11.0623,45.8535)]
triangle[(5.11058,8.20232),(8.18253,12.5437),(0.739204,17.8106)]
triangle[(-9.14613,-12.5697),(-9.24397,14.2232),(-37.7101,14.1192)]
triangle[(2.5654,-5.33054),(4.80867,-20.9583),(34.5478,-16.6894)]
triangle[(-8.44935,-6.65521),(6.86811,0.391588),(-4.24347,24.5446)]
triangle[(19.0264,-9.57694),(18.6804,-1.32094),(7.60312,-1.78522)]
triangle[(-6.69387,-18.2605),(-5.31789,-15.5011),(-8.46657,-13.931)]
triangle[(-5.57839,-0.20874),(-0.426665,-1.93176),(1.7717,4.64124)]
triangle[(15.0598,13.4225),(11.8354,13.1243),(12.2953,8.15217)]
triangle[(10.3749,8.34544),(-7.94567,-4.36316),(15.774,-38.5572)]
triangle[(18.2492,-11.1843),(-13.4761,7.30806),(-34.0426,-27.9757)]
triangle[(-10.5494,-7.58783),(-7.50073,-19.1863),(15.2585,-13.2041)]
triangle[(20.5655,17.3405),(6.53131,16.0054),(8.40068,-3.64527)]
triangle[(-16.5005,-6.668),(-4.72029,18.4979),(-44.9911,37.3487)]
triangle[(7.4275,0.404647),(11.674,2.98194),(9.06155,7.28627)]
triangle[(2.80168,-11.8783),(-14.3565,-19.4168),(-1.86885,-47.8397)]
triangle[(6.40373,-2.90576),(-15.2368,-20.7455),(12.2359,-54.0713)]
triangle[(-13.3198,6.08462),(9.4134,-14.7652),(37.4869,15.8442)]
triangle[(9.65734,18.5527),(17.4046,-19.9378),(92.5603,-4.81053)]
triangle[(-9.956,5.81133),(12.0519,-5.06712),(27.5059,26.1975)]
triangle[(5.07087,-18.8925),(-14.0037,14.2168),(-60.201,-12.3979)]
triangle[(-19.5561,-11.8365),(6.81198,6.5066),(-20.075,45.1564)]
triangle[(-19.5881,-0.744761),(-15.9183,4.68618),(-25.9628,11.4735)]
triangle[(14.2668,8.83517),(6.35056,15.6638),(-3.16068,4.63774)]
triangle[(-7.93001,-6.04471),(4.46991,4.66796),(-16.9276,29.4356)]
triangle[(-20.6063,-13.7061),(-16.164,-11.426),(-18.8388,-6.21471)]
triangle[(14.9192,7.55675),(-13.2077,2.78846),(-5.37652,-43.4053)]
triangle[(-3.94128,2.22702),(16.1535,-7.90158),(28.6136,16.8188)]
triangle[(1.53569,15.8795),(-9.80159,17.3436),(-12.4189,-2.92332)]
triangle[(-7.41663,-10.6967),(5.65205,8.25032),(-21.3839,26.8984)]
triangle[(-11.6592,2.42518),(-8.50795,2.82916),(-8.93494,6.15989)]
triangle[(12.511,-6.85035),(17.2218,-11.594),(26.0005,-2.87604)]
triangle[(-14.3197,-15.8269),(-2.84314,-18.467),(1.52076,0.502711)]
triangle[(-3.10959,-5.55455),(-9.00755,-5.46259),(-9.13142,-13.408)]
triangle[(7.87918,-0.0638933),(5.63414,6.49716),(-1.74511,3.97214)]
triangle[(0.715282,13.058),(16.5641,-6.09707),(48.6209,20.4266)]
triangle[(-8.75206,-18.4452),(-4.93067,-18.8935),(-4.20753,-12.7294)]
triangle[(13.2345,4.04937),(14.4082,6.57032),(9.51117,8.85035)]
triangle[(8.62008,-3.61464),(20.1051,-2.26745),(17.4745,20.1587)]
triangle[(-6.74925,15.1483),(-5.96231,8.65029),(4.06866,9.86511)]
triangle[(-11.3975,15.4582),(16.9218,-15.75),(73.7469,35.8149)]
triangle[(6.73469,4.59119),(-7.36861,14.359),(-23.9957,-9.6483)]
triangle[(4.55979,16.0065),(12.2544,1.35696),(38.5256,15.1558)]
triangle[(-13.458,20.619),(2.38678,16.1914),(8.66644,38.6638)]
triangle[(19.7912,-15.8475),(-20.3746,-15.3358),(-21.1998,-80.1092)]
triangle[(-13.7217,-18.906),(15.313,11.624),(-26.4782,51.3683)]
triangle[(-1.2691,-16.2554),(-6.60449,-15.499),(-7.37393,-20.9259)]
triangle[(-9.5796,18.0306),(6.41687,8.97064),(19.1216,31.4023)]
triangle[(-5.97569,19.123),(17.941,-17.3238),(86.6145,27.7403)]
triangle[(9.13898,3.13103),(12.7719,4.43211),(10.4583,10.8923)]
triangle[(13.698,-3.01465),(8.58228,-5.04139),(11.4103,-12.1795)]
triangle[(-3.39492,-15.1621),(16.5279,-1.2872),(-7.67108,33.4599)]
triangle[(5.7589,17.0464),(14.7389,18.3028),(12.9219,31.2898)]
triangle[(-15.1797,3.00716),(-0.0639839,-0.728729),(6.08503,24.1508)]
triangle[(-15.762,8.17012),(-10.5797,-0.959113),(0.844556,5.52606)]
triangle[(5.54181,5.93533),(0.605957,18.4032),(-14.3399,12.4864)]
triangle[(-3.95345,0.688463),(-4.92363,-16.6349),(27.0947,-18.4281)]
triangle[(16.3732,11.2677),(1.28323,12.1093),(-0.109656,-12.8667)]
triangle[(-6.53822,-10.0552),(14.257,20.2539),(-34.6128,53.7838)]
triangle[(-2.14771,-13.3406),(-4.42463,-1.79031),(-23.8689,-5.62338)]
triangle[(-11.9779,-0.994831),(-17.7514,-5.78468),(-8.39539,-17.0623)]
triangle[(14.8524,7.12479),(-18.3183,-11.5619),(5.89607,-54.5448)]
triangle[(-5.13458,12.4575),(-20.4537,20.178),(-35.2384,-9.15802)]
triangle[(7.46259,18.2888),(-2.93098,-17.2386),(43.2285,-30.7426)]
triangle[(-9.27267,-16.743),(3.7139,0.895804),(-27.533,23.9013)]
triangle[(16.1033,-11.8642),(-16.6187,9.45159),(-49.4211,-40.9035)]
triangle[(14.3901,-10.7109),(-4.04429,19.6983),(-46.5951,-6.09638)]
triangle[(14.5426,-15.4399),(-17.0339,-2.98653),(-41.9113,-66.0652)]
triangle[(16.1974,7.21579),(-9.92584,19.8449),(-29.2475,-20.122)]
triangle[(5.57563,15.5428),(-4.3185,-6.35628),(20.3763,-17.5136)]
triangle[(10.3052,9.23029),(20.1318,-1.85156),(34.847,11.1969)]
triangle[(15.0796,18.7165),(-5.13099,-10.5486),(34.4248,-37.8659)]
triangle[(5.49936,17.6957),(18.0473,-3.49361),(46.7678,13.5142)]
triangle[(20.5562,17.2953),(0.878983,-7.17725),(39.5885,-38.3017)]
triangle[(-3.02185,-9.02962),(-9.4327,-15.1795),(-0.351378,-24.6462)]
triangle[(-18.518,-2.51626),(-16.8223,-14.024),(-3.11539,-12.0042)]
triangle[(2.2051,-7.54471),(14.1418,14.87),(-12.2241,28.9109)]
triangle[(17.531,13.0132),(15.651,-1.24436),(35.4187,-3.85096)]
triangle[(-18.1402,-16.5262),(15.2806,-7.39187),(4.60229,31.6782)]
triangle[(-12.3933,1.35517),(-20.3343,-7.10551),(-4.80558,-21.6804)]
triangle[(-3.94244,17.5728),(-19.7726,20.2721),(-23.7979,-3.33462)]
triangle[(18.0412,-8.48422),(-15.4266,4.51755),(-36.4303,-49.5479)]
triangle[(11.0651,15.7185),(12.7033,20.0391),(7.77126,21.9092)]
triangle[(4.89587,16.9159),(0.938881,9.2977),(9.37551,4.91561)]
triangle[(-2.92981,5.16806),(-5.58302,5.35173),(-5.90415,0.712913)]
triangle[(20.7862,-18.1927),(1.67081,8.28234),(-39.0749,-21.1367)]
triangle[(8.07417,-9.80285),(15.8028,3.21498),(-10.138,18.616)]
triangle[(18.9533,-2.15316),(10.8242,4.64049),(-1.31717,-9.88761)]
triangle[(-5.05628,9.96844),(4.17527,6.71468),(9.48276,21.7731)]
triangle[(6.44975,1.10234),(4.08442,10.2163),(-12.5093,5.90976)]
triangle[(11.553,-4.71868),(-0.180636,12.2718),(-33.8086,-10.9517)]
triangle[(-1.41076,2.44766),(10.5792,-10.9391),(27.6934,4.38935)]
triangle[(6.5311,16.5623),(9.40853,6.29151),(29.547,11.9334)]
triangle[(0.343316,-18.5275),(12.4027,-9.22298),(0.508052,6.19342)]
triangle[(-1.73623,10.3042),(-18.9951,-3.60169),(-4.19518,-21.9702)]
triangle[(-12.8089,-7.39278),(13.0609,-15.7535),(28.0046,30.4853)]
triangle[(-17.4903,-15.3115),(-15.5735,-12.5402),(-18.9414,-10.2109)]
triangle[(8.861,-15.8398),(1.23825,10.3302),(-47.7675,-3.94409)]
triangle[(14.2637,-8.41234),(0.713314,13.4808),(-26.1027,-3.11645)]
triangle[(3.64172,17.2792),(13.3965,12.1124),(21.4772,27.3686)]
triangle[(19.6644,20.2882),(13.2282,-17.1262),(75.7391,-27.8798)]
triangle[(-2.17595,-6.42779),(-4.12969,-11.0799),(4.53246,-14.7177)]
triangle[(15.8344,-14.8049),(-15.3064,10.0011),(-63.1112,-50.0117)]
triangle[(7.93748,16.3336),(-7.10064,-16.4136),(38.8141,-37.4985)]
triangle[(-6.80572,-14.4057),(-5.25461,20.7073),(-62.6592,23.2431)]
triangle[(-2.60596,8.59727),(4.53067,3.25337),(14.7464,16.8963)]
triangle[(7.18926,-17.1169),(-6.42372,-16.7996),(-6.97643,-40.5154)]
triangle[(-17.6785,14.1096),(-4.52678,-0.486137),(22.4549,23.8262)]
triangle[(-10.9042,4.39137),(-17.2157,15.3154),(-35.1245,4.96834)]
triangle[(-20.5203,-6.9374),(17.1278,-14.0713),(30.5659,56.8459)]
triangle[(16.5887,16.631),(-19.7951,-0.128878),(3.55408,-50.8174)]
triangle[(-16.0837,-5.14256),(18.558,2.10143),(7.94985,52.831)]
triangle[(-11.5298,-5.21842),(7.00817,2.57825),(-1.2029,22.1016)]
triangle[(-1.80683,14.6358),(-18.9161,-11.3533),(10.6116,-30.792)]
triangle[(-13.8138,20.4789),(-12.6438,-13.0698),(48.7032,-10.9304)]
triangle[(3.08772,15.8644),(16.2924,1.61789),(39.395,23.031)]
triangle[(8.23227,-18.2272),(14.4108,15.4169),(-44.8683,26.303)]
triangle[(-16.2122,-4.98839),(-16.6436,16.1527),(-40.4038,15.6679)]
triangle[(-17.803,17.6276),(-1.78939,-16.9139),(50.5356,7.34412)]
triangle[(-0.200179,-12.1604),(12.1696,-17.1813),(19.8136,1.6508)]
triangle[(3.94781,9.07938),(9.1015,17.2456),(-2.30748,24.4458)]
triangle[(16.0821,-1.57618),(-18.5393,-15.4999),(0.15582,-61.9855)]
triangle[(-5.0103,0.212985),(14.3195,12.5002),(-0.999383,36.5994)]
triangle[(-5.78393,-11.2269),(19.2894,-19.8683),(36.5202,30.1273)]
triangle[(17.3607,-4.04522),(-16.6648,18.1428),(-43.665,-23.2623)]
triangle[(2.46507,-14.7378),(-19.3438,-17.8599),(-15.3488,-45.7664)]
triangle[(19.1031,-0.882693),(10.1515,-10.9147),(23.4747,-22.803)]
triangle[(-14.6416,-17.2038),(8.06962,-4.14115),(-17.9568,41.1095)]
triangle[(-10.0726,-7.1767),(-13.8178,3.71548),(-27.1058,-0.853477)]
triangle[(-13.6079,0.616062),(10.5425,-17.2091),(28.7117,7.40756)]
triangle[(6.69643,3.08921),(5.69665,1.33427),(8.95385,-0.521352)]
triangle[(-10.1038,0.461657),(13.7158,6.41763),(5.50724,39.2459)]
triangle[(-1.84327,-8.62679),(8.5337,1.25412),(-3.13157,13.505)]
triangle[(4.02522,-12.0244),(2.38159,13.5624),(-35.5926,11.123)]
triangle[(-18.0265,7.8123),(-7.01903,1.87518),(2.64323,19.789)]
triangle[(13.529,-5.0382),(4.59691,17.5063),(-35.022,1.80937)]
triangle[(3.27601,4.68043),(-14.2243,-12.7218),(4.60616,-31.6584)]
triangle[(-9.32115,18.6995),(10.3512,8.22485),(22.322,30.7071)]
triangle[(-10.6133,-12.9694),(3.30532,0.616831),(-21.0128,25.5299)]
triangle[(-17.0856,11.7137),(12.7292,9.1818),(17.4857,65.1929)]
triangle[(-3.11909,4.75165),(-18.1613,10.517),(-24.1066,-4.99466)]
triangle[(-5.36252,-15.8899),(-5.94322,5.31857),(-43.3353,4.29475)]
triangle[(1.95328,-9.4974),(-20.9032,13.0333),(-47.314,-13.7594)]
triangle[(-17.8633,3.50006),(-19.9205,18.0032),(-47.6485,14.0701)]
triangle[(-20.7812,-13.0973),(-15.4497,7.47041),(-36.3776,12.8952)]
triangle[(-17.7426,-7.12857),(2.36966,1.31511),(-9.39002,29.3259)]
triangle[(-12.3405,-18.539),(-7.07417,18.5251),(-80.9617,29.0235)]
triangle[(-17.4257,-11.2065),(-7.21304,-13.4724),(-3.25246,4.37858)]
triangle[(-15.2979,-1.06782),(17.3965,-7.30376),(25.7076,36.2703)]
triangle[(-10.9684,17.6658),(3.99691,-7.19809),(32.8144,10.1468)]
triangle[(17.1878,6.69334),(19.0326,-0.923378),(28.807,1.44399)]
triangle[(14.7901,0.703905),(-2.60347,8.04473),(-15.3084,-22.0586)]
triangle[(2.67267,-6.36937),(-9.01453,-8.32021),(-7.00148,-20.3801)]
triangle[(-1.24548,10.4895),(-8.61775,17.1343),(-20.6415,3.79405)]
triangle[(-15.6532,-7.5691),(-14.9739,-12.3243),(-10.2121,-11.6439)]
triangle[(-4.90445,9.23164),(4.34608,9.31764),(4.2334,21.4381)]
triangle[(-20.1131,4.37656),(4.7084,10.2984),(-4.50246,48.9061)]
triangle[(3.85413,1.81082),(3.28108,-4.35869),(13.6986,-5.32632)]
triangle[(-16.5047,10.0392),(-20.3443,-4.52231),(7.2307,-11.7934)]
triangle[(-10.9698,-3.70185),(-12.7333,-1.27047),(-16.7832,-4.20793)]
triangle[(-16.6731,-17.8699),(-3.14896,0.691495),(-36.8863,25.273)]
triangle[(-17.1136,-7.98467),(19.5618,-15.0095),(27.7819,27.9056)]
triangle[(1.56171,4.4442),(12.6771,15.9397),(-9.16229,37.0568)]
triangle[(-0.737069,17.1234),(-14.3007,-1.62056),(17.9191,-24.9356)]
triangle[(17.9927,-14.122),(-8.86786,-8.57746),(-19.0187,-57.753)]
triangle[(15.5704,0.773869),(16.1481,19.5832),(-8.2497,20.3326)]
triangle[(-8.10281,-17.909),(18.0394,-14.9154),(12.9447,29.576)]
triangle[(20.0058,4.80661),(-17.2575,-7.21029),(-0.775562,-58.3194)]
triangle[(-15.901,12.598),(14.6707,7.66269),(20.1389,41.5352)]
triangle[(-2.72463,0.718409),(-11.3004,-1.83233),(-7.51478,-14.5597)]
triangle[(-18.4645,17.057),(-17.7002,-8.91976),(10.9071,-8.07812)]
triangle[(-8.7664,4.88248),(-12.4804,-20.8438),(30.0296,-26.9808)]
triangle[(-6.24265,-10.8859),(19.5615,18.5069),(-37.4255,68.5361)]
triangle[(-9.60123,2.99198),(-10.7214,-6.63785),(5.71984,-8.55033)]
triangle[(-15.3919,3.12508),(18.2447,-14.2871),(52.4614,51.8122)]
triangle[(1.71138,14.1598),(6.98902,14.4786),(6.3773,24.6043)]
triangle[(12.9031,3.28542),(-14.7109,-15.5001),(15.8824,-60.4711)]
triangle[(0.817172,8.385),(6.38669,-14.6156),(40.2794,-6.40866)]
triangle[(-15.4212,-1.81749),(2.87824,-19.7999),(35.6594,13.559)]
triangle[(2.20659,6.2541),(-15.6286,-4.14491),(4.59487,-38.8299)]
triangle[(1.69494,-0.315238),(6.96766,20.1997),(-26.5881,28.8242)]
triangle[(10.5348,-14.4244),(-10.9984,-18.4962),(-3.94353,-55.8051)]
triangle[(20.2862,-15.4026),(19.7064,-20.119),(25.3013,-20.8068)]
triangle[(-4.39668,0.670769),(19.4039,-12.5274),(39.2245,23.2156)]
triangle[(15.5696,8.10961),(15.2878,-17.2715),(43.789,-17.5879)]
triangle[(9.49113,-0.55743),(-4.8037,8.88417),(-18.0686,-11.1992)]
triangle[(-17.7071,10.1161),(19.6714,16.1549),(12.2739,61.9422)]
triangle[(14.3001,-8.69988),(20.5992,2.44259),(5.21331,11.1405)]
triangle[(-6.21421,-6.58381),(14.1315,1.34958),(0.382724,36.6093)]
triangle[(6.56866,8.5846),(4.59589,-20.695),(56.1953,-24.1716)]
triangle[(13.0656,-0.698845),(3.00805,-11.5316),(24.4722,-31.4599)]
triangle[(14.6329,-16.1252),(-3.99702,13.1982),(-38.4645,-8.69988)]
triangle[(-15.9721,18.4244),(20.4467,-4.73944),(53.0523,46.5241)]
triangle[(3.92757,20.904),(-6.33488,-8.8069),(27.744,-20.5781)]
triangle[(13.3217,7.65928),(20.9378,-12.0597),(44.2426,-3.05865)]
triangle[(7.36721,19.0739),(16.5937,-15.6009),(63.6091,-3.0908)]
triangle[(-13.9241,20.727),(-19.5109,-8.52796),(25.1218,-17.0513)]
triangle[(-8.00228,13.0398),(-20.3548,-4.02059),(3.89193,-21.5765)]
triangle[(18.4182,-2.67853),(19.0734,-16.2639),(44.6463,-15.0304)]
triangle[(0.406741,2.28048),(12.1622,-20.5897),(40.1972,-6.17948)]
triangle[(-9.09346,-20.3401),(-1.31338,14.2517),(-38.4762,22.61)]
triangle[(11.1954,7.86674),(-10.8532,17.7891),(-24.0132,-11.4538)]
triangle[(-10.5335,12.5493),(-9.84422,18.2465),(-21.2278,19.6237)]
triangle[(-14.4482,-13.7677),(-14.2074,-16.7227),(-10.6512,-16.4329)]
triangle[(-10.7087,0.62407),(20.0593,-13.5985),(38.9104,27.1824)]
triangle[(-18.2403,-19.4483),(-19.603,14.2976),(-83.46,11.719)]
triangle[(-11.4286,4.08442),(-16.5382,-5.77451),(0.00196897,-14.3468)]
triangle[(20.9073,15.7568),(-6.08386,1.79533),(13.2784,-35.637)]
triangle[(3.1264,3.15258),(16.5288,-16.9656),(40.8738,-0.747334)]
triangle[(-12.1109,-9.19081),(-10.0826,-11.5054),(-5.83504,-7.78313)]
triangle[(17.0122,-20.1597),(20.0358,9.29644),(-10.9873,12.4809)]
triangle[(1.1205,6.46972),(-1.05678,-6.21613),(13.8361,-8.77222)]
triangle[(13.2137,12.8295),(9.32138,16.7881),(4.22081,11.7729)]
triangle[(-16.2884,15.2913),(17.1439,14.2444),(18.2095,48.2726)]
triangle[(9.82585,-12.7477),(-8.64413,10.4452),(-53.6232,-25.3744)]
triangle[(-18.7282,12.9577),(-10.2709,20.0335),(-19.16,30.6581)]
triangle[(20.6141,6.34422),(2.24628,-16.664),(35.0706,-42.8682)]
triangle[(-6.46181,4.80194),(15.4082,-10.579),(39.9781,24.3566)]
triangle[(-2.9334,4.95905),(-0.763171,2.04586),(3.81985,5.46004)]
triangle[(13.2606,-18.8672),(13.0145,15.3235),(-50.8788,14.8635)]
triangle[(-5.74339,18.7708),(-11.6271,19.2402),(-12.235,11.6198)]
triangle[(9.39257,15.0701),(15.0187,-20.8823),(69.0005,-12.4347)]
triangle[(7.14801,4.76736),(-1.40871,10.1101),(-10.449,-4.36855)]
triangle[(14.2477,0.351745),(-20.7651,-14.6011),(-1.26901,-60.252)]
triangle[(7.1559,-0.303196),(-12.934,13.8442),(-36.3219,-19.3677)]
triangle[(3.4543,9.39119),(6.33477,2.41511),(13.5045,5.37554)]
triangle[(14.966,11.2501),(14.9623,15.3911),(10.4706,15.3872)]
triangle[(12.6567,7.57881),(-12.4485,9.23399),(-15.0668,-30.4786)]
triangle[(5.89011,-1.59372),(14.6316,-18.0601),(43.7108,-2.62278)]
triangle[(-3.9381,6.82649),(-19.1582,-3.07055),(-8.73829,-19.0947)]
triangle[(9.38969,20.356),(-9.51478,4.78562),(7.48185,-15.8506)]
triangle[(-9.93789,2.40266),(-8.19667,14.1461),(-28.3138,17.1289)]
triangle[(8.90007,-8.59579),(17.9748,-3.73819),(9.23358,12.5916)]
triangle[(-10.3238,-13.9532),(18.6067,-8.47178),(9.8001,38.0085)]
triangle[(14.7603,-6.37138),(-5.11009,17.2624),(-35.3605,-8.17099)]
triangle[(-1.06381,12.8354),(17.5477,-1.63355),(45.2031,33.9399)]
triangle[(20.7131,8.3734),(-0.879667,-15.3223),(36.0523,-48.9767)]
triangle[(12.3839,-11.8281),(-5.92693,-20.5117),(8.63985,-51.2284)]
triangle[(12.8205,4.55193),(5.59767,-18.6626),(32.273,-26.9622)]
triangle[(-15.2546,8.9397),(7.03469,-11.2123),(38.3914,23.47)]
triangle[(2.66433,-0.965447),(-8.81084,-13.8483),(12.0687,-32.4464)]
triangle[(0.219118,15.9823),(-11.3024,-14.2244),(31.3098,-30.4776)]
triangle[(1.38673,-18.8979),(-18.974,-14.5822),(-23.7676,-37.1975)]
triangle[(1.27783,-14.849),(-4.22788,-10.7896),(-10.1904,-18.8762)]
triangle[(9.51976,17.5504),(-11.2959,0.0971014),(20.4986,-37.8227)]
triangle[(15.8825,-3.91602),(-14.6953,-18.6033),(9.02681,-67.9912)]
triangle[(-7.32202,-10.9187),(14.1104,6.27996),(-14.3978,41.8058)]
triangle[(6.95651,3.27324),(-11.2136,-9.56621),(8.76761,-37.8431)]
triangle[(7.02027,-19.5936),(9.36477,-20.2993),(10.2802,-17.258)]
triangle[(-6.69304,19.7238),(-10.7119,-2.13607),(28.9554,-9.42883)]
triangle[(-17.2777,-12.9894),(-5.65042,-9.60362),(-9.85455,4.83404)]
triangle[(1.61332,-4.30715),(-13.9533,2.48614),(-23.814,-20.1093)]
triangle[(2.93648,5.115),(-2.45722,-14.3283),(21.3095,-20.9213)]
triangle[(-1.76842,13.5891),(-4.29333,-7.95175),(23.4935,-11.2088)]
triangle[(7.72547,-15.7197),(-13.5438,10.4766),(-61.0385,-28.0854)]
triangle[(-12.1086,-16.7263),(-3.53221,11.3313),(-56.6656,27.5725)]
triangle[(-19.3627,18.8652),(10.5879,9.48812),(23.0422,49.2676)]
triangle[(8.44833,-2.06929),(-19.3558,-20.6123),(12.9275,-69.0192)]
triangle[(-3.83356,-2.26152),(-14.376,-4.61573),(-10.7639,-20.7909)]
triangle[(8.78964,-16.1924),(-2.83966,-11.9294),(-10.2107,-32.0373)]
triangle[(18.1177,-14.4195),(13.148,2.60649),(-7.2704,-3.35339)]
triangle[(-7.45188,-11.7352),(-18.8877,-1.28493),(-38.4568,-22.6996)]
triangle[(-4.20723,-8.62834),(-13.4528,5.95945),(-39.2609,-10.3974)]
triangle[(7.58332,-7.03875),(15.4384,1.08964),(1.02036,15.0229)]
triangle[(-11.7716,10.6873),(17.5625,-3.8308),(44.1151,49.8193)]
triangle[(-6.1967,17.0677),(-12.8099,4.52142),(4.39758,-4.54882)]
triangle[(-3.95052,20.4925),(12.4368,-3.71308),(47.7106,20.1675)]
triangle[(11.2315,8.40793),(9.69792,14.1982),(-0.70415,11.4432)]
triangle[(-11.7195,-3.70382),(7.85401,-10.4662),(19.6202,23.5909)]
triangle[(-2.60438,12.1707),(-15.8075,-8.20709),(6.65743,-22.7625)]
triangle[(-10.0116,16.0587),(-7.34858,13.5347),(-2.90388,18.2243)]
triangle[(18.0703,17.4937),(9.29028,-5.94889),(35.6931,-15.8376)]
triangle[(7.44517,8.86727),(10.8828,0.294404),(22.5673,4.97973)]
triangle[(-10.1105,-13.1927),(-20.8382,17.1991),(-53.315,5.73542)]
triangle[(-13.7547,11.9671),(2.6302,0.311812),(23.9923,30.3424)]
triangle[(-14.4817,2.85799),(8.38693,8.78851),(0.160018,40.5123)]
triangle[(-1.58058,5.4607),(5.92992,-16.1861),(35.2909,-5.9991)]
triangle[(-5.25885,4.35494),(-2.98866,-2.29071),(5.25435,0.525151)]
triangle[(-14.6423,5.55881),(-18.8736,-3.69419),(-4.6182,-10.213)]
triangle[(15.5379,3.4122),(-4.32956,15.6876),(-22.8296,-14.2541)]
triangle[(20.1961,-19.8924),(18.2585,-16.1973),(13.3662,-18.7626)]
triangle[(16.8231,-8.87127),(14.2514,-13.1094),(20.9969,-17.2025)]
triangle[(10.4073,4.64945),(-13.1128,-0.866436),(-3.2329,-42.995)]
triangle[(-17.6573,3.76366),(12.8107,-2.96007),(23.5031,45.4916)]
triangle[(1.57169,-6.82333),(-4.49987,-17.9446),(10.6439,-26.2122)]
triangle[(11.9943,13.4479),(5.09252,4.14462),(18.079,-5.4896)]
triangle[(-18.3872,-5.19783),(-4.67431,-17.8806),(14.6816,3.04733)]
triangle[(-17.795,-15.0527),(13.838,-5.67999),(1.54389,35.8126)]
triangle[(0.5719,13.5056),(-19.3358,0.546118),(-1.60096,-26.6973)]
triangle[(-8.38879,-8.90686),(-0.16071,-9.24117),(0.335928,2.9819)]
triangle[(-4.23374,-20.7895),(-0.738022,10.748),(-49.6868,16.1737)]
triangle[(-4.59171,14.811),(20.8593,13.0111),(23.0987,44.677)]
triangle[(8.75077,5.08926),(20.1628,-11.9102),(44.1273,4.17766)]
triangle[(-1.77879,-8.95071),(-9.34489,1.72797),(-25.4602,-9.6901)]
triangle[(-20.6351,-10.2977),(-5.48022,-16.2333),(3.57578,6.88859)]
triangle[(4.97244,10.337),(-2.96129,-14.5435),(44.0603,-29.5375)]
triangle[(-15.8971,-6.6963),(1.25173,-18.009),(18.9605,8.83572)]
triangle[(-19.6246,-14.1617),(1.27866,13.3487),(-43.1903,47.1377)]
triangle[(-12.6791,-20.6683),(0.91003,-8.0706),(-22.9182,17.6328)]
triangle[(-18.5837,-17.9932),(-6.64978,-16.1799),(-8.47308,-4.18032)]
triangle[(12.5748,8.83011),(18.3891,-9.29473),(46.5268,-0.268394)]
triangle[(16.232,7.02805),(-12.074,12.2053),(-19.268,-27.1275)]
triangle[(-14.7371,-1.8367),(0.672144,-3.74577),(2.60556,11.86)]
triangle[(-11.0136,6.97101),(18.0687,-11.0094),(42.0777,27.8235)]
triangle[(-4.28317,15.5391),(-14.2038,-17.9155),(44.1719,-35.2262)]
triangle[(15.2612,-7.90204),(18.2152,7.54176),(-3.44678,11.6852)]
triangle[(-2.10469,9.05471),(11.5382,-5.76132),(36.8229,17.5213)]
triangle[(14.0688,14.2651),(16.0861,20.6172),(9.04504,22.8533)]
triangle[(-6.01938,-3.98748),(-17.9004,-19.0549),(3.61378,-36.0193)]
triangle[(14.8415,15.9572),(7.33332,14.4444),(8.8801,6.76712)]
triangle[(-12.5712,0.0855313),(6.07663,19.4843),(-28.4461,52.6708)]
triangle[(18.0595,19.1579),(-15.8578,15.9576),(-9.57855,-50.5899)]
triangle[(7.61784,3.52438),(-14.1869,4.2247),(-15.4729,-35.8144)]
triangle[(5.12154,-7.10444),(-6.62206,-11.3226),(0.14439,-30.1607)]
triangle[(-6.03088,-19.1879),(15.6867,-15.7847),(9.90637,21.1025)]
triangle[(-2.72068,0.032992),(1.22009,7.4851),(-7.28974,11.9852)]
triangle[(2.16102,-0.889722),(9.17,7.39043),(-3.17809,17.8428)]
triangle[(2.79176,-15.2439),(-19.106,-5.975),(-32.0033,-36.4446)]
triangle[(2.96278,2.65328),(-0.334051,-5.69347),(13.4543,-11.1396)]
triangle[(19.7629,-15.9189),(3.63466,3.41697),(-21.1076,-17.2208)]
triangle[(0.539292,7.64346),(19.9719,-12.1189),(57.7798,25.0581)]
triangle[(18.5203,-2.77797),(-3.40694,0.375057),(-8.20872,-33.0181)]
triangle[(-9.44971,11.6803),(8.29192,7.81078),(13.8248,33.1793)]
triangle[(6.1775,-14.0777),(12.1555,-4.05918),(-7.64976,7.75852)]
triangle[(-15.2262,-20.0371),(6.0361,-14.6296),(-4.07994,25.1469)]
triangle[(-5.16867,19.7113),(-17.8515,17.4131),(-15.0602,2.00885)]
triangle[(15.1928,15.2701),(20.9443,-16.2983),(58.8684,-9.3889)]
triangle[(17.8085,7.67943),(-16.4143,-16.854),(15.8789,-61.9014)]
triangle[(-3.50175,-9.01223),(19.7958,3.66755),(4.86755,31.0965)]
triangle[(-6.32031,6.6008),(-13.7914,-8.56299),(6.39304,-18.5077)]
triangle[(12.6845,18.8581),(17.321,13.4284),(24.5172,19.5735)]
triangle[(4.66088,-2.72102),(2.95596,16.2947),(-26.9861,13.6101)]
triangle[(-12.2612,14.8897),(12.3665,6.56375),(22.5662,36.7338)]
triangle[(-3.11448,-15.5433),(-2.96697,3.36211),(-38.7283,3.64115)]
triangle[(-5.30094,-19.875),(8.93852,2.3842),(-31.6733,28.364)]
triangle[(-16.9427,4.60073),(1.87609,-20.0694),(47.7225,14.9029)]
triangle[(-17.5936,18.5323),(11.4677,20.879),(8.6595,55.6562)]
triangle[(14.207,-1.40829),(20.6511,0.489186),(17.8599,9.9686)]
triangle[(13.3977,10.9243),(-18.2433,19.9139),(-32.6807,-30.9021)]
triangle[(-12.79,-9.16779),(-7.06424,-6.63736),(-10.1601,0.367836)]
triangle[(-7.56848,5.19103),(11.9516,1.30324),(17.5018,29.1701)]
triangle[(-13.8513,-9.36154),(1.2528,-15.4226),(12.8646,13.5142)]
triangle[(20.5575,-11.5235),(12.2207,-12.025),(12.7531,-20.8769)]
triangle[(13.3688,5.13069),(-6.83206,-1.01836),(-0.452969,-21.975)]
triangle[(16.4985,17.0233),(-14.7778,-13.5659),(32.3905,-61.7936)]
triangle[(1.32288,12.5889),(12.8585,3.89644),(24.5482,19.4096)]
triangle[(10.3703,-8.0912),(3.88031,-12.4359),(10.3426,-22.0891)]
triangle[(-3.55028,-8.57762),(0.129971,-15.93),(13.4295,-9.27288)]
triangle[(-6.18007,17.8569),(-20.1786,18.2714),(-20.7129,0.228053)]
triangle[(-13.9877,15.5232),(9.4261,-17.458),(44.5465,7.47434)]
triangle[(8.28544,7.39986),(-10.2189,-7.82833),(10.7466,-33.3043)]
triangle[(-13.9452,2.95217),(-16.505,-10.0269),(1.1241,-13.5038)]
triangle[(-11.5226,-15.638),(5.97083,-0.722804),(-9.22558,17.1005)]
triangle[(-13.3485,-5.03896),(-7.8087,7.97955),(-26.5723,15.964)]
triangle[(-10.381,-7.77469),(7.55749,12.3492),(-32.5285,48.082)]
triangle[(-15.0382,3.76159),(-15.4392,12.3697),(-30.4553,11.6701)]
triangle[(-9.90086,-7.2624),(-17.3346,-15.1783),(-7.32616,-24.5771)]
triangle[(-0.229466,-2.14913),(15.2903,13.3383),(-7.17559,35.8511)]
triangle[(-1.00238,1.62681),(-5.60015,-3.34303),(3.81478,-12.0531)]
triangle[(-10.7378,8.94722),(4.52973,6.07341),(9.75159,33.8153)]
triangle[(14.6024,1.35689),(-20.7179,8.07055),(-32.3752,-53.2579)]
triangle[(17.2723,19.9524),(3.27332,18.1673),(5.26142,2.57635)]
triangle[(18.7225,-18.9385),(-17.7057,16.3105),(-83.4822,-51.6664)]
triangle[(6.59939,17.9046),(-11.6208,-17.9175),(25.2788,-36.6857)]
triangle[(12.7425,-16.0386),(-13.619,6.88896),(-36.9648,-19.9534)]
triangle[(20.443,-17.1933),(-4.95537,3.00734),(-36.8357,-37.076)]
triangle[(7.63191,0.977122),(-11.8531,3.14692),(-14.2434,-18.3181)]
triangle[(-4.14095,1.74882),(-7.60257,-1.88097),(-2.87357,-6.39088)]
triangle[(-17.7954,19.3623),(9.16345,-7.864),(40.267,22.934)]
triangle[(-2.76125,8.664),(-10.4576,12.1815),(-15.7405,0.622374)]
triangle[(17.2355,-4.01466),(10.9604,3.80377),(-2.23634,-6.78795)]
triangle[(-4.5985,-3.38922),(13.2232,16.9727),(-21.1436,47.0522)]
triangle[(-10.8912,-19.8123),(8.82347,-4.09662),(-8.24354,17.3132)]
triangle[(-3.24139,5.40718),(-10.1841,-18.1625),(14.8286,-25.5303)]
triangle[(-16.0079,-9.013),(-20.1013,-12.1869),(-16.5289,-16.7944)]
triangle[(-19.4751,6.32045),(4.9359,-17.1063),(36.2168,15.4889)]
triangle[(-19.2218,-13.4772),(7.12988,2.22838),(-12.4342,35.0541)]
triangle[(6.74101,11.5356),(-6.68166,7.02529),(-0.0873141,-12.5996)]
triangle[(-6.71353,18.1447),(-9.70851,9.80369),(6.2183,4.08492)]
triangle[(13.2286,8.6603),(-19.6493,20.269),(-34.3658,-21.4108)]
triangle[(1.49709,8.92228),(-16.9754,9.78897),(-18.593,-24.6873)]
triangle[(-18.9668,16.5607),(-2.79018,16.1609),(-2.06961,45.3176)]
triangle[(15.1563,18.7488),(-13.8314,-11.0819),(28.0967,-51.8252)]
triangle[(-20.1409,-6.17225),(-15.7117,-14.8279),(-0.174392,-6.8772)]
triangle[(-11.0795,8.78499),(13.9114,-17.9896),(65.8363,30.4761)]
triangle[(-16.156,19.5033),(2.69934,17.4376),(4.8538,37.1032)]
triangle[(20.5196,17.4907),(4.06038,-5.6427),(44.8324,-34.6516)]
triangle[(-9.09807,4.4139),(-20.3005,-12.9117),(1.8575,-27.2386)]
triangle[(-12.5224,-6.08889),(-15.6796,-6.71948),(-14.9888,-10.1782)]
triangle[(-11.3997,-6.12683),(-10.3469,-15.533),(7.76679,-13.5055)]
triangle[(9.38195,-19.0709),(-5.45291,13.1132),(-46.5717,-5.84)]
triangle[(-5.26984,5.05865),(1.85769,10.2209),(-5.41271,20.2591)]
triangle[(9.37526,-16.9253),(-1.00388,9.8462),(-52.6878,-10.1913)]
triangle[(17.0595,-9.46595),(-17.3346,-17.0465),(-6.33047,-66.9738)]
triangle[(-15.0941,-19.5881),(12.3842,19.8718),(-50.9612,63.9829)]
triangle[(4.01081,-20.3913),(-15.4602,-2.5449),(-45.2278,-35.0223)]
triangle[(17.3225,-11.0429),(11.4287,9.63451),(-17.914,1.27086)]
triangle[(15.0066,11.0473),(7.12568,-14.8176),(47.7825,-27.2056)]
triangle[(0.816448,12.7279),(-13.9239,-6.65006),(18.6731,-31.4459)]
triangle[(20.0487,-7.84821),(-17.3586,20.6981),(-65.8168,-42.8019)]
triangle[(14.6893,19.3698),(5.08193,-20.4436),(48.6468,-30.9562)]
triangle[(14.411,-12.537),(7.35999,14.3505),(-38.4588,2.33496)]
triangle[(-6.84005,-1.71946),(-2.3219,17.635),(-40.0629,26.4453)]
triangle[(-13.5507,16.9746),(19.7253,17.9461),(17.9837,77.601)]
triangle[(-12.0224,20.8738),(5.03676,-8.68266),(62.282,24.3576)]
triangle[(-6.19683,14.1207),(16.5303,18.661),(11.48,43.9413)]
triangle[(16.379,-12.4343),(-5.11641,7.66147),(-37.176,-26.6311)]
triangle[(-15.0884,-12.8991),(-6.84674,-3.37603),(-19.74,7.78234)]
triangle[(-1.90232,2.91335),(-17.2638,4.50547),(-19.0722,-12.9432)]
triangle[(6.10652,-17.6384),(8.46844,-18.1035),(9.32535,-13.7518)]
triangle[(16.4418,0.36028),(-20.3473,8.78564),(-36.7423,-62.8027)]
triangle[(11.8327,1.4175),(15.5633,6.48489),(7.18162,12.6554)]
triangle[(-3.4807,7.72605),(-13.9745,17.3647),(-28.0285,2.06374)]
triangle[(0.748979,16.6678),(-5.05358,0.677887),(15.2781,-6.70025)]
triangle[(-5.21253,17.4969),(-5.74253,-16.4952),(61.2908,-17.5404)]
triangle[(6.00482,-19.4043),(-0.480943,12.0084),(-31.927,5.51578)]
triangle[(-20.8227,6.73982),(1.62326,10.8737),(-5.43367,49.1914)]
triangle[(5.95854,-4.20853),(-12.8835,7.03119),(-25.8055,-14.631)]
triangle[(-13.9585,-0.814192),(-4.35982,8.85111),(-21.6614,26.0334)]
triangle[(-14.6341,-12.8047),(2.50085,-14.6172),(4.71486,6.313)]
triangle[(-5.66028,-18.0274),(-15.1657,1.3874),(-44.1042,-12.7808)]
triangle[(20.8851,0.16197),(19.503,13.9047),(2.20581,12.1651)]
triangle[(13.0018,-15.4596),(1.7622,7.7451),(-24.3101,-4.88345)]
triangle[(15.3032,-10.8195),(-11.2454,-9.09518),(-13.5618,-44.7592)]
triangle[(14.1324,-0.542955),(11.094,-20.1529),(47.5118,-25.7955)]
triangle[(-20.5823,-6.68388),(12.6835,-17.3658),(28.9848,33.3997)]
triangle[(3.19287,17.0746),(18.7229,13.6653),(23.6536,36.1259)]
triangle[(18.1775,2.09223),(-17.0706,17.527),(-32.7084,-18.1849)]
triangle[(-7.83431,-1.33786),(-5.11289,12.3886),(-25.5888,16.4482)]
triangle[(18.6997,-20.1121),(19.3272,11.5173),(-31.9357,12.5343)]
triangle[(-13.7621,-12.7067),(20.1663,14.9232),(-9.64787,51.5336)]
triangle[(-14.0899,3.32654),(19.1631,-11.3961),(38.8986,33.1791)]
triangle[(10.6352,-12.9801),(-9.31284,4.07131),(-33.3951,-24.1019)]
triangle[(-10.3441,0.864254),(-19.3794,4.65536),(-26.862,-13.178)]
triangle[(-5.87606,-15.7537),(-10.2392,4.00416),(-48.7193,-4.49346)]
triangle[(3.11802,-18.11),(-5.95979,9.92924),(-54.3121,-5.725)]
triangle[(-11.942,-10.7488),(7.85621,-3.35282),(-1.71941,22.2799)]
triangle[(0.906204,-14.7503),(7.13837,8.37562),(-37.1109,20.3003)]
triangle[(3.64366,17.7615),(-17.7078,17.0932),(-16.5006,-21.4772)]
triangle[(-4.49328,-13.6815),(-3.09904,-15.4198),(-0.756184,-13.5407)]
