triangle[(19.1929,-7.79576),(3.83908,6.47783),(-17.4326,-16.4038)]
triangle[(-7.84817,10.1106),(12.4689,-10.7767),(48.5111,24.2815)]
triangle[(2.65833,7.84304),(3.03802,14.7426),(-6.1513,15.2483)]
triangle[(7.89946,-1.59872),(15.9561,16.1613),(-2.19637,24.3959)]
triangle[(-10.3095,20.4612),(-3.42374,-5.99531),(25.024,1.40865)]
triangle[(19.5537,15.1547),(7.52756,-19.4574),(50.6022,-34.4239)]
triangle[(-18.6168,13.2818),(-3.95503,18.8704),(-11.9853,39.938)]
triangle[(8.04865,20.733),(14.2206,20.7241),(14.2336,29.6399)]
triangle[(3.6576,-9.56833),(-9.10941,-18.4656),(7.882,-42.8471)]
triangle[(14.4659,3.02896),(3.85074,20.8007),(-31.4022,-0.256023)]
triangle[(-5.1803,-3.84375),(-7.81359,-10.4675),(3.87602,-15.1147)]
triangle[(14.8682,-14.6423),(15.3008,-20.5002),(23.4763,-19.8964)]
triangle[(-2.07574,3.37485),(15.6658,-15.5563),(50.457,17.0487)]
triangle[(19.0428,-6.63986),(-12.0772,13.0647),(-34.1003,-21.7171)]
triangle[(3.08704,-16.4073),(11.8451,2.58177),(-13.8706,14.4422)]
triangle[(-12.8067,6.81389),(4.0775,8.82494),(0.151844,41.7835)]
triangle[(12.9304,-17.3588),(-20.2129,-18.4141),(-18.1386,-83.5571)]
triangle[(13.4762,-18.0879),(9.47471,-13.938),(2.21026,-20.9427)]
triangle[(-12.1674,-1.54678),(-16.6999,11.3078),(-35.7493,4.59106)]
triangle[(-0.921798,-11.71),(-12.7553,-11.3642),(-13.4186,-34.0666)]
triangle[(1.28538,-5.06455),(6.06667,13.7327),(-16.9004,19.5746)]
triangle[(-0.576707,-4.22851),(-2.7403,-7.32095),(1.61318,-10.3668)]
triangle[(-16.9645,12.1438),(11.9854,-5.75768),(39.6725,39.0173)]
triangle[(17.5465,-10.9613),(-20.9523,-20.4841),(-10.5497,-62.5399)]
triangle[(-4.22894,-10.0993),(10.2793,9.27887),(-14.2049,27.6099)]
triangle[(9.9633,19.3236),(-9.95058,17.6188),(-6.73073,-19.9925)]
triangle[(3.52834,1.373),(-3.43687,-7.6765),(8.33341,-16.7359)]
triangle[(-11.8584,-14.1797),(1.78912,-11.5671),(-1.43007,5.24903)]
triangle[(-11.8065,-3.92922),(-0.612119,17.8402),(-23.8964,29.8136)]
triangle[(-10.6068,15.1958),(-13.1152,-8.31363),(19.2944,-11.7716)]
triangle[(-6.2392,9.80272),(-11.8313,20.4166),(-33.0242,9.25079)]
triangle[(-16.8839,15.8038),(-11.1219,-11.2305),(30.8739,-2.27966)]
triangle[(-0.815961,1.68763),(16.3383,-0.262593),(19.225,25.1292)]
triangle[(-6.16128,-7.98598),(-19.512,11.7433),(-40.2059,-2.2601)]
triangle[(-18.6183,-13.7116),(8.03092,9.60727),(-32.061,55.4249)]
triangle[(-3.68728,5.34542),(2.97652,13.2899),(-12.6605,26.4062)]
triangle[(0.775685,16.9457),(-15.0183,1.68385),(5.35878,-19.4038)]
triangle[(19.233,-2.57693),(-3.78298,-2.76947),(-3.58465,-26.4772)]
triangle[(-7.45428,6.68922),(14.8082,7.47598),(13.9914,30.5875)]
triangle[(3.75938,-5.19055),(-1.20686,-1.16344),(-6.76237,-8.01448)]
triangle[(-5.67529,-4.33318),(6.99138,20.3715),(-41.5958,45.2833)]
triangle[(-3.53029,7.19421),(-9.05549,-8.8586),(22.9395,-19.8709)]
triangle[(-12.8361,-7.70914),(8.29464,-13.8283),(15.4359,10.8321)]
triangle[(-0.108708,-4.48095),(12.0774,-1.94443),(8.59647,14.7786)]
triangle[(12.2122,18.1863),(-12.5554,-0.956038),(20.9899,-44.3591)]
triangle[(-0.292149,18.648),(-16.7606,12.9484),(-10.5024,-5.13405)]
triangle[(-13.3812,5.84202),(20.6571,6.18915),(20.2967,41.5293)]
triangle[(-4.0924,-18.4416),(-13.7489,-7.55965),(-26.3357,-18.729)]
triangle[(2.78415,-19.0362),(-12.7653,11.6028),(-58.3512,-11.5324)]
triangle[(-2.76706,8.04865),(2.22534,-17.6982),(35.7756,-11.1927)]
triangle[(12.1637,-11.25),(4.50718,6.20992),(-25.51,-6.95327)]
triangle[(6.50677,18.8639),(-16.5537,-4.41602),(8.64903,-29.3811)]
triangle[(-13.8515,3.24435),(10.441,-1.26459),(16.3197,30.408)]
triangle[(20.8185,-18.1732),(-14.1077,-13.0887),(-20.7965,-59.0348)]
triangle[(8.82319,-18.3465),(20.5354,0.831821),(-0.204272,13.4976)]
triangle[(-16.6036,-12.1767),(-8.6997,-7.21545),(-16.4016,5.05456)]
triangle[(-0.24444,13.8509),(14.9857,-12.9971),(59.3314,12.1591)]
triangle[(-11.4375,-5.0875),(-17.0293,8.81504),(-44.4256,-2.20418)]
triangle[(-14.438,-6.08462),(-14.0039,12.5692),(-34.7383,13.0517)]
triangle[(12.5498,6.64325),(20.5131,-5.76344),(44.8059,9.82904)]
triangle[(-0.35827,17.3113),(0.704619,12.7437),(6.26981,14.0388)]
triangle[(-1.54042,6.99303),(1.21084,13.1471),(-9.69215,18.0214)]
triangle[(-17.0583,3.57049),(5.365,-13.694),(33.9798,23.4712)]
triangle[(7.04267,-8.98589),(8.26227,-7.16962),(5.59559,-5.37899)]
triangle[(-15.5136,-11.5524),(12.2657,-4.52425),(5.11893,23.7237)]
triangle[(3.3866,15.5959),(-19.3408,18.6046),(-23.9089,-15.9021)]
triangle[(16.752,-8.13199),(-13.8321,-10.8919),(-9.63113,-57.445)]
triangle[(-11.1234,-4.19352),(14.0283,9.8461),(-3.71572,41.6342)]
triangle[(-18.4009,-14.4628),(19.7944,-14.1016),(19.1471,54.3438)]
triangle[(8.51357,19.8647),(-18.2259,-5.0681),(24.964,-51.3874)]
triangle[(1.10187,1.53526),(-9.44724,16.9808),(-26.984,5.00336)]
triangle[(-8.86795,2.56756),(4.3815,-12.4081),(33.4362,13.2974)]
triangle[(6.73484,1.23977),(9.24092,-8.61419),(21.1495,-5.58557)]
triangle[(-12.5574,10.5528),(10.7107,0.66763),(20.7487,24.2955)]
triangle[(-4.33001,-6.997),(-3.99915,2.04097),(-13.1895,2.3774)]
triangle[(-11.3206,8.91235),(-14.3054,-10.8879),(18.9297,-15.898)]
triangle[(9.39488,12.9868),(-2.89659,18.8689),(-11.2539,1.4052)]
triangle[(11.8745,-8.25575),(-12.5549,-18.0235),(3.92287,-59.2352)]
triangle[(-12.882,-11.5949),(19.8744,15.8014),(-18.7668,62.0026)]
triangle[(8.793,-14.2441),(17.8394,-18.0911),(22.38,-7.41362)]
triangle[(16.8493,-20.5639),(-17.1895,7.68769),(-55.9711,-39.0381)]
triangle[(4.71168,19.4069),(-7.60488,0.676576),(13.6856,-13.3235)]
triangle[(-18.9023,13.7471),(11.279,-12.1879),(37.9043,18.7966)]
triangle[(-2.32375,0.891655),(-8.63643,10.3539),(-19.4575,3.13463)]
triangle[(0.651129,20.0852),(6.57515,-15.7594),(52.4474,-8.17807)]
triangle[(19.1675,20.2439),(14.4701,-10.5763),(52.1565,-16.3202)]
triangle[(6.11084,4.25961),(-10.7354,3.37454),(-8.99687,-29.7165)]
triangle[(2.02853,-11.705),(-16.174,-17.9949),(-3.95083,-53.3679)]
triangle[(18.0766,19.2419),(-15.3141,-5.77315),(15.2778,-46.608)]
triangle[(16.0654,2.24743),(5.58238,1.48618),(6.35028,-9.08864)]
triangle[(-15.6324,9.55793),(11.1642,-5.7459),(26.7666,21.5735)]
triangle[(13.0003,12.3842),(3.26907,-3.6584),(29.1317,-19.3463)]
triangle[(-10.4737,10.3062),(-5.13675,18.2392),(-19.7469,28.0683)]
triangle[(-0.0475015,-11.8993),(19.4003,-3.48979),(8.53184,21.6445)]
triangle[(2.33282,6.86939),(19.6005,1.22982),(26.9497,23.7321)]
triangle[(18.6388,-20.3675),(-3.54677,7.85562),(-32.6083,-14.989)]
triangle[(-14.338,-19.8966),(6.80943,18.4958),(-39.9578,44.2562)]
triangle[(-3.10866,-20.7008),(12.255,0.737306),(-29.8197,30.8902)]
triangle[(-3.17569,-4.92837),(16.8782,9.4512),(-9.19447,45.8123)]
triangle[(-16.6815,-15.2895),(-7.02741,-18.7305),(-0.816558,-1.30543)]
triangle[(-10.1648,17.8836),(-2.9328,0.0629194),(15.7268,7.63543)]
triangle[(-0.586477,-14.8792),(-5.13245,-6.20493),(-15.6206,-11.7016)]
triangle[(-20.0253,-7.71838),(-6.12758,-7.16408),(-7.07535,16.5991)]
triangle[(-17.9222,-4.71683),(-7.20682,0.603298),(-13.6919,13.665)]
triangle[(8.63983,6.27768),(2.74598,-2.0606),(19.2737,-13.7431)]
triangle[(18.4849,-2.69855),(-20.3655,9.41424),(-39.2072,-51.0185)]
triangle[(-0.705298,9.69044),(-9.08832,-14.7183),(36.4581,-30.3609)]
triangle[(7.24899,-15.6156),(-20.0361,14.038),(-54.5753,-17.7424)]
triangle[(15.8401,13.6317),(-8.01307,-1.13926),(10.6464,-31.2718)]
triangle[(11.3653,-12.4505),(10.6567,16.379),(-24.764,15.5083)]
triangle[(-16.352,-4.53667),(-0.75776,-18.6373),(22.3108,6.87471)]
triangle[(0.089769,-15.9147),(13.2655,5.76132),(-22.6728,27.6064)]
triangle[(-9.31807,10.1857),(18.0718,15.5504),(8.86251,62.5696)]
triangle[(16.5101,-4.75615),(6.29283,-11.052),(13.3994,-22.5849)]
triangle[(4.52174,6.35766),(12.3387,-18.144),(52.1317,-5.44843)]
triangle[(-10.0389,-6.21681),(-1.76803,-5.12718),(-3.48974,7.94144)]
triangle[(16.1893,15.8059),(-19.3185,-15.0054),(40.6012,-84.0585)]
triangle[(-14.2856,-18.154),(-11.8661,-17.1167),(-13.5141,-13.2723)]
triangle[(-5.57949,-16.6756),(-13.1645,8.48396),(-51.0358,-2.93329)]
triangle[(1.78214,4.82),(-5.48603,-7.12774),(17.3443,-21.0161)]
triangle[(3.80621,-0.899368),(10.6472,-19.9499),(34.75,-11.2946)]
triangle[(2.91948,-5.02617),(2.12299,2.86766),(-7.86981,1.85939)]
triangle[(-17.3527,-10.7409),(1.70446,9.24345),(-24.1635,33.9113)]
triangle[(-5.39342,10.9317),(-3.0198,8.27355),(0.486893,11.4049)]
triangle[(3.32327,-18.0138),(3.40492,9.56503),(-43.6715,9.70439)]
triangle[(-1.46212,-14.0037),(-6.07899,12.6892),(-55.0047,4.22693)]
triangle[(9.02128,0.459561),(-14.3003,-0.56659),(-12.3259,-45.4387)]
triangle[(-9.73363,5.39244),(18.5995,8.85193),(14.8385,39.6546)]
triangle[(-3.37846,-7.24829),(8.52154,-4.00648),(3.78353,13.3857)]
triangle[(14.4191,-5.67008),(2.63795,11.5902),(-29.682,-10.4699)]
triangle[(-3.11983,-5.77126),(-18.4077,18.9633),(-55.1358,-3.73751)]
triangle[(18.3196,-11.0689),(4.85954,6.63518),(-12.9994,-6.94268)]
triangle[(4.32835,20.7645),(-2.82049,-11.095),(38.2144,-20.3027)]
triangle[(-0.102184,19.0715),(20.9038,0.389044),(46.6386,29.3245)]
triangle[(1.71786,11.8997),(11.0502,0.269822),(28.3802,14.1762)]
triangle[(12.1048,7.09719),(-15.784,-2.98252),(-1.4527,-42.6348)]
triangle[(-20.7746,2.41209),(13.7696,0.0722643),(17.308,52.3116)]
triangle[(-0.776118,8.0401),(11.1199,11.296),(7.52509,24.4305)]
triangle[(-19.8637,19.0977),(6.19725,-3.3826),(43.0622,39.3541)]
triangle[(9.49769,12.9234),(-7.99924,-0.173561),(9.69345,-23.8102)]
triangle[(15.4307,-11.3501),(-7.18601,-20.277),(4.25881,-49.2731)]
triangle[(-14.6287,8.2126),(3.45802,11.2189),(0.441611,29.3664)]
triangle[(1.90231,-19.5016),(-15.672,3.04931),(-48.6841,-22.6776)]
triangle[(10.891,4.61924),(-5.0546,-16.7533),(22.2365,-37.1147)]
triangle[(9.68311,-17.7441),(-17.3157,-11.8451),(-25.9839,-51.5189)]
triangle[(6.8641,-11.2269),(-19.4484,-10.7059),(-20.3767,-57.587)]
triangle[(19.2426,-5.07507),(-12.3847,-20.8443),(13.4389,-72.6368)]
triangle[(12.4881,-11.7092),(-7.16576,17.5684),(-54.4311,-14.1605)]
triangle[(-11.4944,-11.9325),(-5.46663,8.88406),(-36.7606,17.9457)]
triangle[(4.20481,-3.53286),(-14.6499,10.7281),(-32.4147,-12.759)]
triangle[(7.81607,15.031),(20.189,-16.3558),(63.5556,0.739661)]
triangle[(-20.8594,-4.52918),(-4.56868,20.1718),(-37.4848,41.8806)]
triangle[(-1.16934,15.1105),(1.84972,15.1246),(1.83207,18.91)]
triangle[(13.1055,-4.73202),(8.9415,20.7864),(-39.3917,12.8996)]
triangle[(18.6432,14.2942),(-12.6353,-2.46352),(10.9264,-46.4415)]
triangle[(7.67208,-17.1807),(-18.39,-6.25494),(-31.5602,-37.6709)]
triangle[(-16.9905,-15.1666),(1.258,-14.3846),(-0.0953129,17.1973)]
triangle[(-3.46857,-3.2219),(-15.8893,10.9161),(-40.7973,-10.9665)]
triangle[(-20.3601,-1.8831),(-5.2439,-7.60906),(1.06357,9.04231)]
triangle[(14.7668,-14.3609),(-5.70655,-8.88181),(-15.649,-46.0329)]
triangle[(10.8848,-6.92346),(-5.34881,8.7007),(-25.6173,-12.3584)]
triangle[(-9.15324,7.31473),(3.04343,-20.1863),(53.3842,2.13986)]
triangle[(13.7923,-7.02078),(0.952859,11.6995),(-24.4453,-5.71997)]
triangle[(2.54988,-11.0798),(-5.0484,0.358643),(-21.4715,-10.5508)]
triangle[(9.36957,19.3421),(7.8513,-14.5017),(58.6781,-16.7818)]
triangle[(7.96248,-14.7439),(12.3525,0.651438),(-16.601,8.90759)]
triangle[(19.0128,-20.0322),(-8.16115,-8.39811),(-22.1503,-41.0728)]
triangle[(20.1665,17.7297),(13.9033,2.19754),(37.9775,-7.51029)]
triangle[(-6.3125,-1.08168),(17.7301,-10.243),(32.9723,29.7578)]
triangle[(17.2968,-13.1199),(19.3096,-13.2142),(19.4327,-10.5874)]
triangle[(16.6951,3.42036),(18.541,15.6864),(2.81342,18.0531)]
triangle[(-6.87666,14.6845),(-9.02534,15.2243),(-9.92992,11.6237)]
triangle[(1.22577,8.94119),(-7.26373,13.5942),(-12.328,4.35448)]
triangle[(-14.6174,-9.92913),(12.1303,-13.7823),(16.5314,16.7696)]
triangle[(17.0558,13.9289),(-13.6485,-9.48662),(14.0438,-45.799)]
triangle[(-14.8434,-4.72018),(5.71067,1.85999),(-3.20038,29.6948)]
triangle[(-20.6044,19.3338),(-1.96135,-2.7627),(37.6812,30.6842)]
triangle[(-4.38705,-4.7545),(15.3463,0.759191),(5.99922,34.2119)]
triangle[(-10.382,19.3404),(-17.257,4.11781),(6.76707,-6.73222)]
triangle[(-20.2472,-3.58237),(1.74155,20.2894),(-45.4264,63.7367)]
triangle[(-10.4123,-20.4755),(0.740547,-13.9794),(-9.36676,3.37331)]
triangle[(16.6807,4.99379),(6.73237,-4.11196),(16.9216,-15.244)]
triangle[(-13.6202,-11.014),(2.23962,-12.5555),(4.91114,14.9304)]
triangle[(5.38965,4.74187),(1.3361,0.519765),(6.8333,-4.75796)]
triangle[(-20.3865,4.54234),(18.8533,-17.8035),(62.9338,59.6031)]
triangle[(-6.4195,4.12871),(3.87284,-2.08612),(12.6227,12.4045)]
triangle[(-1.78086,11.7179),(0.276204,-6.38127),(28.2288,-3.20431)]
triangle[(14.247,9.49666),(8.24934,-17.3918),(60.8637,-29.1278)]
triangle[(-14.6487,20.3554),(-12.7708,10.0062),(5.37419,13.2986)]
triangle[(16.2267,12.3331),(20.8667,19.009),(13.0607,24.4346)]
triangle[(19.2341,14.1895),(10.6352,-10.1922),(37.1898,-19.5575)]
triangle[(-1.48816,7.20372),(-18.216,-19.5086),(21.6255,-44.4583)]
triangle[(8.02104,-4.09283),(-19.539,10.1987),(-40.8394,-30.8773)]
triangle[(4.24726,1.62342),(-5.18363,-0.224103),(-2.4032,-14.4172)]
triangle[(-16.5405,-17.4994),(-12.9129,-17.9643),(-12.4173,-14.0965)]
triangle[(-14.9904,12.7057),(10.927,3.62848),(27.7297,51.6036)]
triangle[(-17.3874,-16.9594),(-5.95273,-3.68567),(-26.1471,13.7108)]
triangle[(17.5883,0.0698704),(10.9547,15.5725),(-7.82186,7.53798)]
triangle[(-20.6658,5.02811),(-1.57496,-9.97758),(21.4174,19.2743)]
triangle[(-5.93172,6.81327),(17.3374,3.25226),(23.0977,40.8925)]
triangle[(-20.459,19.4185),(-9.99374,-20.1154),(31.4197,-9.15255)]
triangle[(6.71085,-16.6924),(-12.7332,-4.86897),(-32.274,-37.0046)]
triangle[(16.4206,-9.85237),(9.42457,14.6333),(-36.8122,1.42253)]
triangle[(-3.91612,-10.2206),(14.4264,14.7496),(-32.713,49.3773)]
triangle[(-7.96373,17.611),(10.1406,13.456),(14.5065,32.4794)]
triangle[(4.52676,-16.7734),(-10.6667,20.1912),(-69.8165,-4.12085)]
triangle[(8.6808,-2.02195),(11.1004,-12.4359),(30.39,-7.95411)]
triangle[(18.3462,-19.2704),(7.5606,11.4687),(-35.0359,-3.47744)]
triangle[(-3.4593,19.2277),(4.23118,-4.38248),(32.5436,4.83965)]
triangle[(9.80361,16.5044),(13.2585,-2.20444),(44.286,3.52528)]
triangle[(-16.4201,6.13205),(6.48037,-13.2658),(39.9555,26.2539)]
triangle[(-6.25998,-9.76269),(0.827095,6.70038),(-27.3872,18.8462)]
triangle[(1.39064,14.5062),(-2.39524,-4.53903),(31.8471,-11.3459)]
triangle[(-0.795403,0.5511),(-16.992,-14.3611),(12.0027,-45.8533)]
triangle[(11.3601,-19.3993),(20.6148,-12.9224),(8.42608,4.49371)]
triangle[(-9.57426,-20.6413),(-18.6439,-20.6063),(-18.7078,-37.1831)]
triangle[(-4.71663,6.87611),(-13.3356,-8.41222),(9.66479,-21.379)]
triangle[(11.8491,16.7399),(13.7771,-11.9421),(70.073,-8.15784)]
triangle[(-10.0461,-20.267),(4.68348,20.1671),(-75.0048,49.1964)]
triangle[(4.49206,-7.04617),(1.81373,15.1523),(-32.8069,10.9752)]
triangle[(13.5947,5.5934),(19.662,9.84938),(13.6707,18.3907)]
triangle[(-7.51268,-7.10179),(-15.5619,-16.5647),(2.49051,-31.9201)]
triangle[(11.3293,-9.69272),(-11.0292,-16.1168),(-2.81216,-44.7157)]
triangle[(-20.4279,5.86265),(-13.0803,2.11443),(-8.86304,10.3816)]
triangle[(-4.31163,20.5349),(-15.5387,10.9958),(2.92766,-10.7384)]
triangle[(-2.07149,-14.88),(-6.28397,8.18935),(-38.4932,2.30791)]
triangle[(-3.62094,6.33674),(19.0403,-0.817651),(27.6359,26.4084)]
triangle[(-6.20716,-8.5728),(-9.06699,5.28634),(-34.1933,0.101541)]
triangle[(-14.9785,12.6714),(19.1686,-14.5003),(66.944,45.5399)]
triangle[(8.39218,-13.0168),(9.93807,-6.31638),(-1.89109,-3.58721)]
triangle[(13.7232,8.07346),(-15.6262,9.18425),(-17.2801,-34.5153)]
triangle[(-12.1085,11.363),(-7.34684,2.45927),(9.37418,11.4016)]
triangle[(-16.0641,12.8887),(16.7686,7.66882),(22.3452,42.7448)]
triangle[(-17.6841,19.5051),(-19.6814,-8.41899),(14.1293,-10.8374)]
triangle[(-7.4059,11.4598),(-7.14677,16.0549),(-16.116,16.5607)]
triangle[(-9.58872,-7.09906),(7.99559,-0.436202),(-4.43873,32.3799)]
triangle[(14.2759,10.9692),(-15.6458,16.6817),(-24.1101,-27.6539)]
triangle[(-1.89521,12.98),(16.8606,5.54889),(28.7454,35.5458)]
triangle[(-0.317773,-4.32388),(4.84645,17.652),(-36.9889,27.4831)]
triangle[(-3.422,-6.41571),(7.63423,0.56504),(-5.55987,21.4621)]
triangle[(14.1393,13.7224),(-15.1987,-8.84216),(26.3224,-62.827)]
triangle[(-18.8232,8.38144),(-9.02443,18.8853),(-29.8427,38.3061)]
triangle[(-2.58677,-9.58704),(-10.7226,-13.4338),(-3.82672,-28.0184)]
triangle[(-2.57246,-19.7779),(-11.9716,-10.6308),(-23.386,-22.3598)]
triangle[(-4.44785,-18.4173),(-8.11771,6.96463),(-34.7296,3.11693)]
triangle[(0.168484,12.9586),(-4.81523,3.62406),(12.1112,-5.41292)]
triangle[(-20.448,14.2557),(-11.0474,1.69126),(11.7516,18.7493)]
triangle[(6.34949,-18.2675),(1.34172,9.03362),(-37.7576,1.86174)]
triangle[(-7.33876,7.60377),(0.152907,-11.7503),(25.8936,-1.78652)]
triangle[(7.27412,-20.2539),(-19.842,-12.031),(-30.1005,-45.8599)]
triangle[(6.42145,13.0075),(-20.047,-13.9467),(18.7116,-52.0069)]
triangle[(-19.1443,20.343),(8.80567,-4.45705),(51.4793,43.6366)]
triangle[(-10.0217,-5.12641),(17.5718,-6.14387),(19.4712,45.3667)]
triangle[(3.24563,-19.8743),(-20.648,9.32211),(-54.7238,-18.5647)]
triangle[(-13.8446,-11.6385),(-9.185,14.7622),(-58.2003,23.4132)]
triangle[(-0.232163,-19.0219),(15.7672,-15.9545),(10.8483,9.70198)]
triangle[(-0.801442,15.972),(9.73315,-9.08725),(36.3083,2.08462)]
triangle[(-0.252405,-17.1152),(8.85458,11.6561),(-43.3027,28.1655)]
triangle[(1.06738,-9.65585),(-17.4742,-5.85298),(-24.2007,-38.6492)]
triangle[(6.39974,15.39),(18.7971,-14.6722),(73.0701,7.70943)]
triangle[(-3.72291,-17.9113),(-6.16421,-18.8718),(-4.77962,-22.3909)]
triangle[(14.1849,2.93409),(-18.789,-4.73327),(-3.68672,-69.6818)]
triangle[(-5.36757,-10.9525),(3.96956,-10.1619),(2.55904,6.49662)]
triangle[(-5.75438,-18.1321),(7.43213,10.8924),(-31.0254,28.3646)]
triangle[(-10.4762,5.63372),(14.1209,12.6166),(7.03613,37.5725)]
triangle[(11.5876,-8.59953),(-19.1604,-4.52794),(-23.6364,-38.3301)]
triangle[(-11.8423,8.85315),(5.25674,-9.95866),(37.0056,18.8996)]
triangle[(-12.1488,18.4506),(1.60953,-10.7464),(56.6417,15.186)]
triangle[(9.63795,20.7346),(5.61372,-1.1911),(27.9377,-5.28842)]
triangle[(4.32916,-20.4269),(13.6675,-0.514115),(-16.5616,13.6622)]
triangle[(19.4609,-8.72642),(4.21273,-3.36389),(-4.92316,-29.3415)]
triangle[(-14.4781,19.3557),(-7.17756,1.54661),(22.6384,13.7692)]
triangle[(-3.74107,-14.7576),(-0.482023,16.8661),(-34.7961,20.4024)]
triangle[(-15.2592,1.31215),(19.8435,-11.0319),(32.3463,24.5224)]
triangle[(-18.3712,-13.9698),(19.3929,9.0856),(-19.7685,73.2308)]
triangle[(7.38523,-8.19105),(-19.7342,-3.55216),(-28.758,-56.3065)]
triangle[(-14.7258,3.89355),(20.2461,-19.3511),(51.67,27.9268)]
triangle[(-6.61798,4.9731),(6.1188,3.60352),(7.7438,18.7156)]
triangle[(-1.15379,11.1678),(0.505368,20.8069),(-14.1177,23.324)]
triangle[(1.06855,-11.4128),(12.2027,-2.50174),(-2.72976,16.1559)]
triangle[(12.8471,8.53862),(7.28696,-6.26511),(28.7439,-14.324)]
triangle[(-16.079,-13.4777),(13.1126,-3.57573),(-3.16966,44.4253)]
triangle[(7.58214,19.9986),(-11.163,-9.7891),(20.4223,-29.6655)]
triangle[(0.318345,-17.5034),(16.8406,5.70838),(-27.0128,36.9235)]
triangle[(-6.35534,3.4288),(2.20356,-11.8775),(21.8244,-0.906065)]
triangle[(-8.45049,-9.4453),(-15.5675,-5.15458),(-21.1006,-14.3323)]
triangle[(11.4685,3.91031),(-18.8205,16.8615),(-32.0922,-14.1769)]
triangle[(9.14375,-7.38635),(-3.63413,16.041),(-47.9323,-8.12033)]
triangle[(3.9843,5.25119),(13.0249,-17.2735),(40.0207,-6.4383)]
triangle[(-16.2758,-11.2065),(-3.91407,-14.6071),(2.50867,8.74061)]
triangle[(6.57041,-6.32979),(11.5427,-1.9281),(6.51061,3.75633)]
triangle[(-1.26629,-16.8918),(-17.6151,4.39762),(-49.2595,-19.9031)]
triangle[(-17.385,14.637),(9.40149,-10.687),(53.8213,36.298)]
triangle[(19.624,16.8834),(3.43137,7.68544),(17.1578,-16.4793)]
triangle[(15.5521,1.77553),(-19.1621,-2.30498),(-12.0855,-62.5083)]
triangle[(-6.53024,16.532),(-18.679,-18.6834),(50.1002,-42.4111)]
triangle[(20.4649,9.75269),(7.01793,3.03371),(17.9003,-18.7456)]
triangle[(13.7194,-7.13029),(0.622287,-17.973),(16.0151,-36.5663)]
triangle[(-1.12178,-20.7453),(16.3674,-4.16343),(-0.29431,13.4101)]
triangle[(9.02007,-3.8914),(12.2212,-16.8687),(28.5543,-12.8398)]
triangle[(-14.2037,-13.9542),(-2.84602,-19.0486),(4.00811,-3.76774)]
triangle[(-10.2,16.7859),(10.2676,9.72718),(23.7121,48.7109)]
triangle[(6.56083,-16.0922),(19.4272,16.301),(-38.691,39.3852)]
triangle[(15.6724,-9.47617),(2.18221,-15.1915),(10.442,-34.6874)]
triangle[(7.59183,7.59575),(-13.7718,-4.71955),(2.94335,-33.7156)]
triangle[(-19.259,12.9389),(2.8371,1.5431),(19.8769,34.5828)]
triangle[(8.55575,-0.986182),(-4.15474,-1.43588),(-3.60811,-16.886)]
triangle[(-3.48875,9.80624),(17.4537,7.20104),(20.4416,31.2202)]
triangle[(16.1785,5.98351),(-16.253,-19.7014),(11.3187,-54.5153)]
triangle[(20.5325,-13.6158),(-11.3693,-8.23984),(-18.8838,-52.8324)]
triangle[(-0.529037,5.57082),(19.2296,14.3477),(7.91764,39.8135)]
triangle[(-20.0791,9.46463),(-20.3597,1.68156),(-7.14638,1.2051)]
triangle[(6.08421,6.26518),(4.21054,-8.923),(27.1963,-11.7586)]
triangle[(-12.9734,-5.6711),(-11.1369,-3.0542),(-13.995,-1.0483)]
triangle[(14.7125,19.0066),(14.5913,5.80615),(29.83,5.6662)]
triangle[(4.80218,4.91103),(11.7878,-15.0092),(34.8499,-6.92182)]
triangle[(-0.0120356,1.10559),(1.03491,13.2638),(-20.6228,15.1288)]
triangle[(-8.14324,-16.0229),(7.81992,2.64069),(-13.028,20.4721)]
triangle[(20.5327,11.9249),(6.33056,-18.3529),(40.7489,-34.4972)]
triangle[(-13.8314,-7.16281),(-6.86105,4.35536),(-23.3234,14.3178)]
triangle[(17.5598,15.567),(9.63426,-5.42492),(31.0984,-13.5288)]
triangle[(0.137847,-4.70401),(-11.886,-11.878),(0.644417,-32.8795)]
triangle[(14.6476,17.1387),(-0.930102,-2.7377),(37.4152,-32.79)]
triangle[(-17.0739,-1.8648),(14.3341,17.4723),(-21.2907,75.3352)]
triangle[(8.78115,-1.50392),(-6.87006,-17.1849),(9.95539,-33.9784)]
triangle[(20.5685,-10.0161),(10.6266,13.89),(-29.7351,-2.8953)]
triangle[(0.639172,-18.2886),(-20.8555,5.53505),(-58.178,-28.1389)]
triangle[(2.88885,-18.4925),(-20.7181,6.88274),(-57.5542,-27.3864)]
triangle[(-2.83381,14.1555),(-9.41455,-1.02245),(11.9834,-10.3)]
triangle[(0.141841,-2.88659),(8.15581,-4.25669),(10.5382,9.67848)]
triangle[(-16.0562,18.4798),(3.5382,-9.7107),(53.8114,25.2327)]
triangle[(-9.41861,-15.0413),(-20.2875,15.4752),(-59.5203,1.50189)]
triangle[(-7.95472,15.5789),(15.8827,4.04449),(36.0454,45.7136)]
triangle[(6.98073,-8.74807),(8.99557,-12.6956),(15.3644,-9.44484)]
triangle[(-13.5206,9.4498),(14.9784,16.9892),(3.5526,60.1791)]
triangle[(16.6321,-18.1874),(10.4077,-8.68148),(-6.20674,-19.5604)]
triangle[(16.2729,16.8643),(-17.2101,-6.45021),(24.9429,-66.9881)]
triangle[(9.18776,-14.2595),(18.4741,9.30017),(-28.3569,27.7592)]
triangle[(-11.1235,-9.95072),(-5.24433,-20.427),(11.866,-10.8248)]
triangle[(5.2638,14.6899),(15.086,-12.3477),(52.0318,1.074)]
triangle[(-1.10424,-20.7542),(-16.3468,-1.9077),(-43.0356,-23.4929)]
triangle[(19.1803,-17.948),(-13.2658,8.87434),(-61.5747,-49.5632)]
triangle[(20.5107,-7.23284),(1.39801,4.3035),(-16.3884,-25.1639)]
triangle[(11.0053,-11.8358),(-17.8701,-7.53329),(-24.6893,-53.2983)]
triangle[(-11.3104,-16.2604),(0.587453,7.10345),(-24.0201,19.6347)]
triangle[(-13.5064,-4.69569),(4.59686,17.8425),(-30.3871,45.9425)]
triangle[(-20.9026,-5.21901),(16.232,11.0562),(-15.3358,83.0833)]
triangle[(1.81171,10.9124),(12.458,8.28767),(16.6092,25.1258)]
triangle[(-15.1491,4.46126),(16.8917,18.7186),(0.245231,56.1284)]
triangle[(12.2896,-15.2359),(-4.57569,10.0895),(-46.1948,-17.6264)]
triangle[(-4.44418,16.7629),(-18.3372,-19.6313),(35.8022,-40.2984)]
triangle[(-14.9308,11.4059),(7.78954,-13.4557),(52.153,27.0869)]
triangle[(-15.8479,3.23168),(-19.1164,6.34726),(-23.3118,1.94589)]
triangle[(17.6305,10.5929),(-3.24288,17.7717),(-12.4523,-9.00608)]
triangle[(0.0724269,14.8823),(11.8195,7.56789),(22.7055,25.051)]
triangle[(18.3247,-0.294324),(-4.60159,13.554),(-27.2419,-23.9277)]
triangle[(-20.4901,-17.0242),(0.599746,5.86734),(-37.9485,41.3817)]
triangle[(12.2677,10.1224),(-4.51767,0.531134),(10.9517,-26.5414)]
triangle[(8.91427,-10.9183),(-19.0933,15.1451),(-52.1413,-20.3681)]
triangle[(-11.8137,17.2111),(2.97989,-19.1719),(55.5865,2.21838)]
triangle[(20.2983,-18.5558),(2.56694,1.85587),(-29.1012,-25.6539)]
triangle[(-16.6561,-9.80856),(-4.99263,2.15121),(-21.5664,18.3144)]
triangle[(-14.357,0.271656),(-16.6364,20.8985),(-50.9073,17.1113)]
triangle[(-18.5918,18.0083),(-8.85487,-13.5285),(49.2221,4.40262)]
triangle[(11.0775,19.6037),(-18.5971,13.2719),(-11.8082,-18.5451)]
triangle[(-9.02814,-3.23826),(-19.4767,-10.5357),(-6.63011,-28.9296)]
triangle[(13.5629,15.9601),(-12.3598,-2.67371),(11.6741,-36.1089)]
triangle[(-14.9495,-14.3854),(-19.4953,5.49705),(-44.8458,-0.298955)]
triangle[(1.48921,10.0737),(-2.55649,-18.4414),(49.5992,-25.8412)]
triangle[(0.555055,19.1264),(14.868,-6.50991),(60.1197,18.7544)]
triangle[(-20.8803,-6.09011),(-11.3896,-16.9068),(1.50079,-5.59673)]
triangle[(0.708398,-4.061),(-15.1935,1.61055),(-22.1595,-17.9207)]
triangle[(19.1306,17.8509),(10.9319,-11.1088),(40.4955,-19.4784)]
triangle[(13.3572,8.84782),(6.99347,-7.59532),(37.4795,-19.3939)]
triangle[(-19.2281,-1.16236),(0.591618,-11.7781),(12.2969,10.0756)]
triangle[(-14.0843,11.5933),(7.47408,15.7185),(2.94458,39.3898)]
triangle[(-20.3745,12.4685),(10.2086,-10.3482),(45.721,37.2518)]
triangle[(-6.32234,6.29445),(10.4157,17.4826),(-8.82093,46.2615)]
triangle[(2.376,-8.56256),(-14.4406,13.4288),(-43.7528,-8.9859)]
triangle[(-15.8082,-15.2563),(-2.65334,-2.00064),(-20.6001,15.8097)]
triangle[(-16.7748,3.24297),(19.4763,-11.0335),(39.1893,39.022)]
triangle[(-3.89371,-2.92623),(-2.68713,15.1096),(-23.8703,16.5268)]
triangle[(-2.7534,2.61593),(-6.48755,8.91423),(-13.8217,4.56595)]
triangle[(10.2956,18.5734),(1.61921,13.983),(6.5633,4.63812)]
triangle[(-3.0774,6.01188),(-18.9193,-8.44964),(2.95763,-32.4149)]
triangle[(7.90138,7.83855),(15.5561,-2.01178),(26.2217,6.27651)]
triangle[(2.72257,-0.805381),(-3.95239,-4.52657),(2.09758,-15.3788)]
triangle[(-10.6169,-11.1499),(-1.45997,-1.02946),(-13.235,9.62452)]
triangle[(1.21752,5.67402),(17.6806,20.6358),(-10.1877,51.3003)]
triangle[(4.46894,12.0495),(-15.1787,-4.14181),(6.80109,-30.8135)]
triangle[(3.88358,-3.61904),(-14.7314,-8.6051),(-8.00272,-33.7262)]
triangle[(-1.43618,20.9846),(0.580749,-0.486314),(36.3891,2.87744)]
triangle[(-10.3432,10.3415),(17.0148,11.9164),(14.2567,59.8283)]
triangle[(9.30498,2.22506),(-5.45628,-5.08045),(3.79086,-23.7649)]
triangle[(-9.99134,-14.7703),(-13.4945,5.97626),(-43.7486,0.867661)]
triangle[(-5.45571,-2.61267),(-8.99063,-2.2755),(-9.35735,-6.12034)]
triangle[(-14.1866,12.7752),(-16.4905,-1.7993),(8.317,-5.72075)]
triangle[(-11.6133,12.1351),(0.855997,-14.6113),(48.4871,7.59471)]
triangle[(-6.44517,16.6403),(4.56618,-20.4365),(73.995,0.183037)]
triangle[(-18.4563,1.62068),(-0.869845,-9.20429),(12.0789,11.8325)]
triangle[(15.9294,-4.18638),(-12.7457,-4.44099),(-12.2984,-54.8186)]
triangle[(8.93097,5.45145),(-3.09564,-10.8373),(15.8285,-24.8097)]
triangle[(16.0789,-7.29238),(-13.1322,-1.53028),(-19.2784,-32.6883)]
triangle[(-20.7767,18.5415),(-13.9568,-9.11618),(39.0297,3.94932)]
triangle[(4.30092,3.19102),(-6.25888,-9.13253),(7.78383,-21.1654)]
triangle[(-4.49532,-19.067),(-15.3403,-15.6389),(-19.1646,-27.7368)]
triangle[(-16.3313,-19.0806),(7.32181,19.1312),(-32.5867,43.8346)]
triangle[(-13.2626,15.4801),(-4.80913,19.0292),(-10.4416,32.4446)]
triangle[(-11.4561,3.12146),(-14.4839,-3.39478),(-7.69623,-6.54869)]
triangle[(4.05336,-9.06923),(6.39086,-15.1209),(13.2918,-12.4554)]
triangle[(-2.08684,-17.0844),(-19.7972,-16.0224),(-21.5299,-44.9167)]
triangle[(-14.1348,17.216),(19.3104,-19.7249),(90.823,45.0204)]
triangle[(-9.12803,7.10537),(-12.5234,-5.66139),(1.74288,-9.45562)]
triangle[(4.87508,5.40022),(12.9389,11.0538),(1.91458,26.7783)]
triangle[(7.80932,3.26717),(-7.67354,17.2623),(-30.0592,-7.50303)]
triangle[(16.672,9.82465),(-6.83781,20.4713),(-24.3393,-18.1756)]
triangle[(-12.8554,-19.4457),(-10.8956,3.31269),(-54.4865,7.06637)]
triangle[(-19.3072,-2.43014),(11.1383,9.86878),(-10.5522,63.5629)]
triangle[(-5.68514,-8.21776),(-1.97866,-20.7752),(19.2629,-14.5054)]
triangle[(19.1132,-12.4865),(1.59145,-20.6204),(9.93382,-38.5913)]
triangle[(9.63344,-2.65734),(-8.55437,-9.50882),(4.1537,-43.2434)]
triangle[(-6.55938,1.68468),(13.9476,-1.05187),(18.0533,29.7153)]
triangle[(-18.5596,8.68772),(-7.62928,12.1525),(-13.4347,30.4667)]
triangle[(-9.32394,-8.40394),(20.2023,18.1209),(-12.5992,54.6339)]
triangle[(3.67746,16.8965),(11.6448,13.955),(17.0639,28.633)]
triangle[(-3.90877,18.7599),(-7.77151,-19.8594),(43.2685,-24.9644)]
triangle[(0.371255,8.75415),(-14.7835,-7.08799),(2.25202,-23.3844)]
triangle[(-7.4889,-3.92391),(15.2615,20.0312),(-15.1547,48.9177)]
triangle[(-6.7527,-18.9689),(-12.04,4.01068),(-45.3917,-3.66311)]
triangle[(-4.14515,-6.97023),(-7.43668,2.68764),(-23.2071,-2.68711)]
triangle[(-2.42139,-3.29772),(-10.8877,12.6258),(-39.8301,-2.76241)]
triangle[(-13.8139,5.20569),(-8.01507,14.6828),(-23.4128,24.1043)]
triangle[(-1.93183,2.94338),(9.73964,8.89724),(0.289096,27.4233)]
triangle[(14.3157,-7.22831),(-14.5903,14.836),(-56.4083,-39.9491)]
triangle[(-8.29774,-3.04739),(11.7564,-6.79952),(17.5547,24.1906)]
triangle[(-9.66156,7.04373),(9.09431,-1.43178),(23.872,31.2706)]
triangle[(3.78398,17.0553),(-0.808499,9.6997),(7.8538,4.2914)]
triangle[(5.02395,16.0441),(18.9086,-1.20585),(49.055,23.0594)]
triangle[(6.3323,-11.3293),(-13.5368,12.9256),(-44.881,-12.751)]
triangle[(-13.0871,-9.74396),(-17.8923,-12.9474),(-13.8036,-19.0805)]
triangle[(19.3003,-6.80726),(2.75414,-16.5996),(12.8835,-33.7152)]
triangle[(-10.1958,-9.97845),(-10.9845,-13.7874),(-3.68808,-15.2984)]
triangle[(17.8215,4.4074),(-14.3985,-6.98991),(0.63469,-49.4885)]
triangle[(1.27433,-2.17077),(19.2849,10.0739),(4.52125,31.7895)]
triangle[(-18.4278,0.959264),(10.4182,2.22457),(8.79986,39.1183)]
triangle[(-10.929,-16.3201),(-19.5095,-7.75441),(-34.5791,-22.8501)]
triangle[(11.9905,6.11129),(7.84535,-2.30743),(18.0009,-7.30777)]
triangle[(-0.395168,2.62888),(4.15765,-1.34718),(10.3113,5.69908)]
triangle[(18.1248,-20.547),(-9.69705,14.4515),(-61.5413,-26.7617)]
triangle[(-1.49778,12.629),(-14.1584,9.20479),(-9.71368,-7.22905)]
triangle[(-8.02739,-15.3236),(13.0058,-11.1906),(8.72751,10.5822)]
triangle[(-8.01444,4.64836),(-11.7289,-11.6293),(19.7522,-18.8131)]
triangle[(18.1647,13.0922),(6.0179,12.1701),(7.61791,-8.9077)]
triangle[(-17.371,-0.987947),(-17.2062,10.183),(-29.6385,10.3664)]
triangle[(-9.98136,-12.5292),(5.93916,10.2194),(-28.6696,34.4402)]
triangle[(18.7673,3.9126),(14.2145,-5.64227),(30.1853,-13.2522)]
triangle[(12.7863,-0.213075),(-17.4202,-3.7057),(-12.038,-50.2542)]
triangle[(15.1206,-13.4406),(9.46749,18.5366),(-34.8253,10.7062)]
triangle[(7.34971,-15.8751),(10.1768,-18.4735),(15.1418,-13.0718)]
triangle[(-3.60859,-5.28503),(14.6826,3.71589),(-1.90583,37.4259)]
triangle[(2.39098,19.4515),(1.13318,-7.43258),(36.5363,-9.08896)]
triangle[(-12.7756,-3.47977),(10.1534,-19.8604),(27.7535,4.77561)]
triangle[(0.878054,-17.8514),(-20.0055,15.1203),(-69.0438,-15.9395)]
triangle[(-1.98736,-10.9374),(-12.8055,-6.32073),(-19.8686,-22.8714)]
triangle[(19.0779,-0.60764),(7.71279,3.10154),(3.09765,-11.0395)]
triangle[(14.5057,-18.6133),(-17.0935,-8.89691),(-27.846,-43.8653)]
triangle[(3.98773,16.3871),(15.8307,-14.1665),(52.7175,0.131323)]
triangle[(-6.01057,11.6655),(-8.52174,11.9562),(-8.85136,9.10941)]
triangle[(-9.56622,-6.3593),(2.58888,8.66635),(-15.4786,23.2821)]
triangle[(3.70356,18.3997),(17.665,16.4052),(21.0677,40.2245)]
triangle[(11.3477,10.1022),(19.239,-8.15998),(48.2966,4.39616)]
triangle[(-13.104,16.2895),(-11.9324,-3.31577),(11.9674,-1.88752)]
triangle[(20.3904,7.2666),(14.0703,1.41851),(22.9126,-8.13748)]
triangle[(4.62221,11.8078),(-11.9945,-13.9421),(28.2226,-39.8947)]
triangle[(-18.0109,19.8811),(-6.23138,1.98887),(26.4438,23.5009)]
triangle[(3.65429,17.7696),(-10.7319,3.80293),(15.9448,-23.6749)]
triangle[(14.9299,-16.0377),(14.5787,16.0075),(-48.6547,15.3145)]
triangle[(1.08581,16.197),(11.4236,-11.2551),(42.5379,0.461858)]
triangle[(18.1275,20.4448),(17.883,-2.92666),(60.9789,-3.37758)]
triangle[(-0.147283,-14.54),(-5.97856,-13.7889),(-7.13515,-22.7678)]
triangle[(-17.3856,0.331798),(18.0955,-1.2891),(19.7476,34.8764)]
triangle[(-6.95975,2.31588),(5.39025,-17.6477),(39.7871,3.63115)]
triangle[(-9.27737,20.747),(-19.7728,7.59758),(1.75002,-9.58125)]
triangle[(-2.27332,-0.315353),(8.29715,-9.09007),(19.5272,4.43822)]
triangle[(-7.94497,-3.21041),(20.6724,5.76724),(2.92642,62.3346)]
triangle[(7.84888,14.0089),(20.9396,-7.02905),(57.4897,15.714)]
triangle[(9.918,8.84155),(-13.0733,17.6622),(-23.4074,-9.27392)]
triangle[(-14.641,-19.3054),(1.60069,-6.59231),(-16.6959,16.7826)]
triangle[(-16.4121,5.96471),(-3.69932,-14.2935),(30.265,7.02052)]
triangle[(-9.70992,-5.02509),(-6.06256,8.18227),(-28.068,14.2593)]
triangle[(19.6612,-6.16134),(8.31841,6.56579),(-11.8108,-11.374)]
triangle[(6.63106,-1.69304),(-13.163,6.7679),(-25.8507,-22.9145)]
triangle[(-7.04769,-6.48941),(-12.1056,17.0015),(-35.7563,11.9093)]
triangle[(-5.77567,-8.3394),(-6.47539,18.6996),(-43.3705,17.7448)]
triangle[(-5.87535,-18.52),(-2.06325,9.0259),(-46.5319,15.18)]
triangle[(-8.82851,0.196006),(-7.97307,7.79498),(-21.8725,9.35969)]
triangle[(19.2502,3.99344),(5.70617,-10.534),(31.4362,-34.5223)]
triangle[(9.78563,-7.76229),(-5.3347,-0.458948),(-19.9313,-30.6788)]
triangle[(13.086,1.45036),(13.0737,10.8019),(-3.16218,10.7806)]
triangle[(-12.9588,8.90371),(8.8505,-5.37667),(24.2558,18.1506)]
triangle[(6.6241,1.19992),(15.1345,-19.8243),(52.2715,-4.79168)]
triangle[(19.1102,-3.85703),(5.03719,-15.0951),(20.3309,-34.2469)]
triangle[(-3.64092,-10.2891),(10.2987,-0.923847),(-2.59131,18.2623)]
triangle[(-10.5429,-0.155913),(7.76192,-18.3944),(39.4565,13.4155)]
triangle[(13.9853,1.83575),(1.21377,-17.2956),(29.6582,-36.2842)]
triangle[(20.7678,-1.71829),(-10.9317,-6.98495),(-5.36721,-40.4774)]
triangle[(20.1169,8.33096),(-8.7437,-17.7044),(37.9773,-69.4955)]
triangle[(14.4139,-10.1384),(5.56047,14.6207),(-37.7156,-0.854014)]
triangle[(-10.2081,-2.88146),(15.1716,-12.5438),(24.8913,12.9867)]
triangle[(12.6494,-16.6876),(20.523,-3.4265),(3.58857,6.62808)]
triangle[(-0.486177,-19.3524),(-20.9999,-0.705436),(-41.9717,-23.7768)]
triangle[(-7.91338,-5.46709),(-8.0277,9.93816),(-37.9411,9.71619)]
triangle[(1.43505,0.717463),(-13.8735,-19.081),(21.7788,-46.6481)]
triangle[(-11.4392,3.96601),(7.37743,5.03047),(6.15701,26.6039)]
triangle[(14.1805,6.51478),(11.1501,5.25969),(13.3895,-0.147389)]
triangle[(-2.34648,-11.0262),(-8.39188,0.526601),(-23.5316,-7.39577)]
triangle[(5.00925,10.7382),(-0.135196,-0.842198),(11.6644,-6.08405)]
triangle[(-11.2043,-16.0533),(-7.72202,4.91751),(-28.9808,8.4476)]
triangle[(-15.3598,4.78137),(14.2679,-4.49528),(26.6859,35.1651)]
triangle[(19.6685,-2.08037),(3.54211,13.2499),(-24.2157,-15.9494)]
triangle[(-6.04143,6.85699),(-11.5726,-8.0797),(16.8655,-18.6106)]
triangle[(-10.5201,2.34719),(-16.5607,13.4531),(-33.6983,4.13182)]
triangle[(3.56076,-19.8821),(-6.30977,2.11429),(-31.4229,-9.15483)]
triangle[(-6.98832,-19.8503),(11.3761,-7.55485),(-1.84313,12.1895)]
triangle[(-3.90445,13.6406),(-16.1966,9.36384),(-10.8887,-5.89165)]
triangle[(4.97485,18.2874),(-18.2341,-15.6046),(24.4363,-44.8249)]
triangle[(-1.95086,15.7254),(-5.36944,-7.02037),(29.9229,-12.3246)]
triangle[(18.5949,-4.94926),(-14.3264,-2.68994),(-18.4442,-62.6923)]
triangle[(11.2332,-12.2203),(6.80947,-18.7389),(17.4852,-25.9837)]
triangle[(13.3067,19.974),(1.2127,-4.43946),(35.198,-21.2751)]
triangle[(20.1189,4.86528),(12.754,-8.93252),(29.7737,-18.0171)]
triangle[(16.5224,-11.6482),(7.53113,-9.55643),(4.61006,-22.1122)]
triangle[(-0.310175,-12.7922),(-2.21145,0.228483),(-16.0884,-1.79782)]
triangle[(-2.8111,19.2061),(2.89822,3.07304),(31.5179,13.2012)]
triangle[(-10.5384,-4.7298),(-1.50426,4.37987),(-11.7753,14.5658)]
triangle[(-11.7935,-5.98329),(-16.6711,14.8981),(-39.0382,9.67351)]
triangle[(-17.3005,10.2411),(1.97385,19.0688),(-10.7099,46.7625)]
triangle[(-15.7394,-3.40309),(-1.22879,-8.7622),(8.80893,18.4165)]
triangle[(9.47138,-8.92442),(-6.42787,-0.020134),(-18.9946,-22.4589)]
triangle[(-6.41697,18.7994),(17.2316,-14.7292),(62.2432,17.0187)]
triangle[(-6.58399,1.86559),(0.574383,-0.424167),(3.85647,9.83647)]
triangle[(18.9203,4.62978),(4.37612,11.712),(-5.98352,-9.56273)]
triangle[(4.64191,-20.9489),(-19.8863,-4.03087),(-42.024,-36.1267)]
triangle[(-13.7725,-13.3597),(3.03896,10.9083),(-22.2144,28.4023)]
triangle[(20.6565,-10.5966),(-3.66406,14.9737),(-31.8935,-11.876)]
triangle[(15.5334,0.878325),(20.0734,6.98915),(8.16898,15.8335)]
triangle[(5.26894,16.9838),(-1.38596,3.02364),(14.9808,-4.77848)]
triangle[(-9.53601,12.1255),(-9.4096,-16.1249),(46.1949,-15.8761)]
triangle[(-0.647668,2.27458),(8.18343,-11.0898),(29.3519,2.89824)]
triangle[(-0.234398,-4.99993),(18.1623,17.175),(-4.57043,36.0346)]
triangle[(2.36579,5.77256),(-20.7311,-14.4753),(11.1292,-50.8186)]
triangle[(-19.4996,-18.5977),(-18.352,-9.55911),(-29.0813,-8.19684)]
triangle[(-8.20004,-12.9),(-1.96923,17.3563),(-59.3476,29.1724)]
triangle[(-13.8348,-3.08995),(-18.6133,-17.6703),(4.05544,-25.0996)]
triangle[(-14.5358,-15.5268),(-6.45305,-9.69983),(-16.9495,4.86018)]
triangle[(4.43401,14.5835),(13.2403,1.13192),(28.0287,10.8134)]
triangle[(14.0849,1.4861),(4.49554,-13.426),(32.6692,-31.5433)]
triangle[(3.12239,3.17448),(-3.67014,18.565),(-33.0017,5.61956)]
triangle[(-2.96331,3.78926),(-5.50933,12.2253),(-20.6105,7.66778)]
triangle[(4.31108,4.51784),(13.3113,-16.0997),(51.2498,0.461682)]
triangle[(15.0511,-9.71907),(-2.90369,4.42335),(-26.6367,-25.7074)]
triangle[(-3.45309,-6.64571),(-13.0132,-12.8131),(-6.62958,-22.7083)]
triangle[(-16.4815,16.6759),(2.27315,-4.08343),(43.0167,32.7257)]
triangle[(19.5839,-5.17192),(-16.714,1.17933),(-23.722,-38.8719)]
triangle[(-15.5336,-20.2954),(-15.1492,18.3062),(-75.7035,18.9092)]
triangle[(-9.33257,1.38921),(12.2375,18.7429),(-11.0055,47.6331)]
triangle[(12.0904,-5.67752),(19.0155,-5.08674),(18.2002,4.47118)]
triangle[(-16.7704,-19.0636),(16.7549,19.7585),(-34.6131,64.1179)]
triangle[(-9.66941,9.7639),(13.9674,-17.7905),(64.4763,25.5372)]
triangle[(-8.47644,-20.8243),(18.6969,-12.7477),(3.81655,37.3163)]
triangle[(-18.8455,-1.44587),(-11.4005,11.1335),(-30.2706,22.3018)]
triangle[(-16.3102,17.1061),(0.27212,11.9959),(9.48469,41.8899)]
triangle[(9.09286,8.05679),(-19.3124,-8.93483),(-0.202936,-40.8804)]
triangle[(10.124,-6.65141),(-9.9077,-10.6835),(-1.93078,-50.3131)]
triangle[(-10.8355,-9.19493),(2.52954,-17.3386),(18.532,8.92409)]
triangle[(-0.353863,4.63769),(4.92476,-6.264),(24.2936,3.11442)]
triangle[(-13.4027,10.2072),(1.12549,-4.19596),(24.1189,18.997)]
triangle[(-7.296,-10.5166),(-14.9517,-12.2377),(-12.2578,-24.2203)]
triangle[(-1.08807,-3.13809),(-18.3873,2.23962),(-25.6648,-21.171)]
triangle[(-19.8756,14.4771),(-8.55823,0.816126),(7.72338,14.3046)]
triangle[(-17.9359,-16.2442),(7.16103,-13.7291),(2.50623,32.7189)]
triangle[(-5.3386,-18.3403),(14.243,-6.02647),(-5.8736,25.9632)]
triangle[(19.2361,10.6647),(-14.1269,17.7791),(-27.9289,-46.9451)]
triangle[(0.315696,15.5344),(13.2592,17.6898),(11.0759,30.8002)]
triangle[(16.5443,-15.5729),(15.1712,2.26),(-9.12441,0.389329)]
triangle[(11.7528,-18.6845),(-7.77902,-13.6836),(-17.6017,-52.0482)]
triangle[(-9.40441,-18.8379),(10.4762,-19.2593),(11.1326,11.7098)]
triangle[(-16.97,-6.65451),(11.6917,7.94853),(-7.40796,45.4357)]
triangle[(-7.42256,-2.66983),(1.30284,-5.91178),(5.56737,5.56582)]
triangle[(-16.815,-0.441452),(-16.797,-13.9929),(7.04059,-13.9612)]
triangle[(-3.07755,-8.07889),(-2.39163,-12.9565),(7.19505,-11.6084)]
triangle[(-10.9757,-16.876),(17.2287,3.38616),(-14.5928,47.681)]
triangle[(15.8279,3.86867),(-1.85808,-18.9962),(26.9211,-41.2569)]
triangle[(19.5845,-7.19999),(-1.77738,-13.615),(7.85731,-45.6985)]
triangle[(11.6626,14.5782),(-0.305204,-8.96387),(23.4729,-21.0517)]
triangle[(3.39311,12.1679),(-10.0328,1.5117),(9.11536,-22.6135)]
triangle[(-20.9577,-2.954),(4.5124,-17.0327),(24.7644,19.6056)]
triangle[(4.98164,-5.70952),(1.41885,20.8104),(-30.5637,16.5137)]
triangle[(-0.999332,7.59254),(3.50113,1.37062),(14.4077,9.25962)]
triangle[(4.09809,-7.03941),(-10.5572,20.1355),(-59.9409,-6.49686)]
triangle[(3.90655,-18.1008),(-3.30934,-5.19986),(-19.676,-14.3543)]
triangle[(-19.0042,-17.5587),(-11.6168,10.1434),(-61.5725,23.4653)]
triangle[(12.9813,-10.9742),(-20.8702,12.0666),(-64.3259,-51.7785)]
triangle[(-13.8613,-15.6899),(-10.9788,9.92732),(-59.5072,15.3877)]
triangle[(10.8348,-18.3326),(15.765,-19.8792),(18.4828,-11.2151)]
triangle[(-0.884021,4.80198),(-5.77832,-1.12202),(1.3822,-7.03791)]
triangle[(13.0231,-8.15305),(13.4148,3.85589),(-7.55027,4.53966)]
triangle[(-3.6853,-1.12754),(-12.1219,18.0257),(-39.4427,5.9915)]
triangle[(-12.4711,2.48088),(-2.67151,-15.9094),(21.1937,-3.1925)]
triangle[(-12.1264,-19.5318),(0.187694,-8.32757),(-19.5662,13.3831)]
triangle[(-17.353,11.8867),(-6.25736,8.48292),(-2.73221,19.9743)]
triangle[(-0.383547,-12.1085),(-13.9029,0.549922),(-27.8347,-14.3295)]
triangle[(-0.200611,17.1531),(-1.51034,-11.6021),(45.0847,-13.7244)]
triangle[(-18.7994,-14.3635),(5.92531,-5.5464),(-7.14804,31.1134)]
triangle[(1.72373,-20.3631),(-1.50041,10.877),(-34.0947,7.51308)]
triangle[(8.48007,-9.66256),(-12.4238,-20.505),(6.59919,-57.1807)]
triangle[(4.50018,-4.92343),(16.3499,8.57371),(-7.1113,29.1712)]
triangle[(-2.4862,17.1431),(-5.90352,11.9718),(0.0295837,8.05102)]
triangle[(11.8799,-7.5698),(-6.53708,-20.1024),(13.805,-49.9956)]
triangle[(-14.0596,8.12668),(19.4512,20.6588),(-4.03869,83.4704)]
triangle[(-12.7414,-19.9158),(-16.5175,-15.9986),(-23.172,-22.4134)]
triangle[(8.15959,-12.8658),(-12.8583,-17.4943),(-6.39179,-46.859)]
triangle[(3.61396,5.98545),(8.4811,1.06158),(15.6544,8.15221)]
triangle[(-12.3374,-10.1572),(-9.32628,-19.5955),(0.155348,-16.5705)]
triangle[(-1.30583,12.6586),(1.91766,0.619376),(14.7625,4.05858)]
triangle[(9.38541,-18.6781),(-19.7588,6.56119),(-66.0006,-46.8349)]
triangle[(-18.9049,-2.93638),(2.32783,1.027),(-1.79586,23.1186)]
triangle[(3.26197,-4.44947),(-8.73701,-7.73529),(-4.94238,-21.5923)]
triangle[(-4.41198,3.24599),(-1.34136,-13.4675),(16.5278,-10.1845)]
triangle[(-14.7555,3.38483),(-16.1748,-2.76968),(-4.18523,-5.53466)]
triangle[(9.8991,11.5874),(13.8219,9.80679),(16.3486,15.3731)]
triangle[(-6.34185,9.79139),(-5.81083,14.4271),(-14.9957,15.4792)]
triangle[(-5.35597,7.29734),(19.2085,18.1179),(5.39405,49.4788)]
triangle[(20.5403,-18.7074),(-17.775,-17.1027),(-19.9897,-69.9862)]
triangle[(19.5209,4.18558),(-4.22808,7.27523),(-9.09398,-30.1272)]
triangle[(4.33288,11.8261),(7.99204,4.2514),(19.6809,9.89799)]
triangle[(0.467658,19.3501),(6.24663,-9.14671),(50.5244,-0.167441)]
triangle[(17.6375,12.0487),(-4.44153,7.56034),(2.97957,-28.9453)]
triangle[(4.95466,-17.289),(-2.35616,5.11317),(-46.8863,-9.41898)]
triangle[(-16.8138,14.4476),(-11.6012,9.22902),(-3.66495,17.1561)]
triangle[(-6.7033,-1.62035),(-6.39529,-13.2346),(15.9085,-12.6431)]
triangle[(-19.6447,-19.6569),(7.88047,20.4076),(-66.2165,71.3138)]
triangle[(-17.6593,-20.1676),(1.27115,-0.377213),(-20.3723,20.3258)]
triangle[(14.3304,-18.2111),(0.511316,18.9248),(-38.0124,4.5894)]
triangle[(1.00989,3.11522),(11.1491,16.429),(-11.6705,33.8075)]
triangle[(-18.468,-17.1679),(4.46695,16.7055),(-58.1454,59.0991)]
triangle[(-2.05745,-7.4068),(1.2232,-3.18201),(-6.72472,2.98975)]
triangle[(-1.51469,8.93084),(-10.07,19.7979),(-28.8792,4.98985)]
triangle[(11.4873,20.4538),(2.40127,12.4646),(12.4272,1.0622)]
triangle[(-13.4117,18.727),(-17.9945,14.5569),(-11.6856,7.62375)]
triangle[(-7.57755,0.152199),(11.0491,-2.38104),(13.6758,16.9328)]
triangle[(-19.2433,1.5364),(-11.5761,1.24837),(-11.1936,11.4281)]
triangle[(-17.2547,18.1708),(15.7547,-18.723),(54.8939,16.2954)]
triangle[(-12.8348,-4.07415),(-10.4305,-11.7381),(-1.13415,-8.82165)]
triangle[(11.7553,-1.4085),(-15.2017,15.3468),(-47.2412,-36.2003)]
triangle[(-7.53878,-8.52485),(19.5582,16.3826),(-20.5594,60.0268)]
triangle[(7.53401,-0.450816),(-16.9868,18.8968),(-47.4519,-19.714)]
triangle[(19.8201,9.08844),(15.5198,18.0303),(-0.176624,10.4818)]
triangle[(1.66198,8.64872),(-8.19639,14.6101),(-15.6183,2.33641)]
triangle[(13.6785,-18.2593),(-17.249,-11.5433),(-30.1238,-70.8329)]
triangle[(1.50725,-8.12721),(18.6648,-11.0905),(22.5713,11.5281)]
triangle[(-15.8677,20.0071),(-1.38839,11.0925),(12.2076,33.1756)]
triangle[(-12.9279,-16.6408),(-7.88793,1.6627),(-28.1967,7.25479)]
triangle[(-5.91102,-11.9204),(18.9218,-14.7557),(22.8591,19.7283)]
triangle[(6.69095,7.65184),(9.49534,12.9636),(1.22979,17.3275)]
triangle[(-6.44068,0.805672),(-6.35557,17.4654),(-38.5337,17.6298)]
triangle[(-6.67086,11.5636),(-16.3576,-15.4154),(31.805,-32.708)]
triangle[(-9.16606,-10.4985),(4.5052,1.61925),(-16.7393,25.5872)]
triangle[(18.522,11.3245),(-9.11563,-0.656374),(13.9805,-53.9348)]
triangle[(0.567896,-10.6217),(4.44012,-10.3401),(3.96493,-3.80477)]
triangle[(-18.635,5.883),(-5.13593,-1.1678),(6.29078,20.7091)]
triangle[(-4.53083,0.426501),(2.07221,-9.51043),(16.1527,-0.154045)]
triangle[(-1.30842,-6.68933),(9.48809,-8.6397),(12.3732,7.33111)]
triangle[(7.99773,7.65589),(0.861418,20.1629),(-18.5528,9.08551)]
triangle[(-3.17341,9.58444),(-12.6902,0.763304),(3.9051,-17.1408)]
triangle[(-15.6469,-4.57273),(-3.68487,-15.8669),(18.426,7.55159)]
triangle[(10.0884,1.82973),(0.681022,-8.11925),(14.589,-21.2702)]
triangle[(5.44105,-8.56856),(4.15453,10.7651),(-22.4648,8.99377)]
triangle[(19.7055,-10.6655),(-7.39397,-7.70357),(-11.3614,-44.0029)]
triangle[(-3.02649,0.632559),(11.3697,-15.1983),(36.5348,7.68618)]
triangle[(-13.1762,-17.7999),(-19.5379,2.26147),(-49.5077,-7.24236)]
triangle[(2.36591,15.4922),(5.08531,18.863),(0.463168,22.592)]
triangle[(5.80055,-6.63748),(2.28855,-17.3149),(18.2895,-22.5779)]
triangle[(10.0032,1.55576),(-20.9025,-3.52675),(-11.4316,-61.1171)]
triangle[(-5.1056,9.41184),(-2.81595,-18.2308),(46.5778,-14.1395)]
triangle[(1.56765,-3.3054),(4.14962,-16.8773),(20.2666,-13.8112)]
triangle[(-7.42958,11.6086),(17.5101,3.70995),(30.9717,46.2143)]
triangle[(-7.68659,-14.4),(-2.73301,9.53822),(-49.2482,19.1637)]
triangle[(6.77877,5.72318),(-15.0327,7.14623),(-17.4521,-29.9366)]
triangle[(14.8431,-0.385502),(4.90259,-9.08723),(18.5216,-24.6451)]
triangle[(10.0252,4.95035),(18.7298,2.6937),(23.1793,19.8569)]
triangle[(15.5848,-2.93057),(-18.1553,-5.64755),(-14.8065,-47.2338)]
triangle[(-1.1859,12.2771),(-18.0189,-2.5164),(1.07168,-24.2389)]
triangle[(12.7028,-15.839),(-17.4606,-4.16224),(-30.0442,-36.6682)]
triangle[(-20.8322,-4.44004),(0.246161,7.53537),(-17.5093,38.7873)]
triangle[(-13.0837,2.23142),(-14.3052,18.338),(-39.4692,16.4296)]
triangle[(7.3262,1.64115),(2.61424,13.6296),(-16.7937,6.00145)]
triangle[(7.37188,5.98138),(-9.06273,5.42229),(-8.32697,-16.2053)]
triangle[(-12.4642,19.8416),(4.18329,-6.04946),(45.011,20.2021)]
triangle[(-12.2451,19.7933),(7.05922,-19.807),(76.252,13.923)]
triangle[(-7.59468,-18.4605),(-16.2938,19.7581),(-59.954,9.82049)]
triangle[(-11.7551,6.46418),(17.4165,7.57071),(15.7981,50.2351)]
triangle[(-17.5008,-5.32936),(12.6557,-18.6313),(32.217,25.7158)]
triangle[(-17.0358,11.2433),(11.3954,-12.3185),(50.6435,35.0409)]
triangle[(-18.9774,20.6464),(2.76638,5.59873),(21.9105,33.2619)]
triangle[(1.1583,0.240868),(0.0688647,-17.3141),(19.0456,-18.4918)]
triangle[(-7.14728,11.937),(8.86232,-17.9487),(55.619,7.09853)]
triangle[(-6.37137,0.757407),(5.64344,-18.4832),(35.1369,-0.0659659)]
triangle[(18.4743,-0.00674866),(10.1631,-19.3682),(37.1872,-30.9686)]
triangle[(-10.7673,-19.631),(-4.69924,-1.63333),(-37.5817,9.45324)]
triangle[(-14.9259,-10.4825),(20.6195,10.7956),(-3.60952,51.2707)]
triangle[(-17.301,17.6612),(-19.3649,-9.39797),(12.4931,-11.8279)]
triangle[(4.48104,13.6472),(10.1583,-14.608),(47.6674,-7.07139)]
triangle[(-10.6493,-8.84782),(-13.3208,19.2535),(-58.5403,14.9546)]
triangle[(-0.93991,-20.0875),(-18.1174,8.22109),(-65.3967,-20.4678)]
triangle[(-0.820662,-1.69115),(-2.09797,-5.50511),(2.33586,-6.99002)]
triangle[(16.6055,12.3306),(-16.3765,-4.50944),(11.8198,-59.7334)]
triangle[(0.936024,-18.8779),(-7.4274,-0.288956),(-35.0862,-12.733)]
triangle[(9.86891,16.6094),(11.0473,12.4598),(16.6985,14.0647)]
triangle[(16.3329,-12.4352),(11.2201,-4.29086),(-2.67591,-13.0144)]
triangle[(18.0772,-2.39613),(-3.0551,18.095),(-41.5115,-21.5648)]
triangle[(11.6729,-20.4258),(-0.013723,19.8288),(-41.3092,7.83995)]
triangle[(16.5079,-18.9417),(10.1566,18.9666),(-63.4909,6.62731)]
triangle[(-14.7423,18.8296),(-16.4644,11.8186),(-7.26805,9.55967)]
triangle[(10.744,5.22308),(-10.4599,18.1182),(-27.0721,-9.19802)]
triangle[(15.4394,-5.95687),(19.2753,-5.78977),(19.0746,-1.18145)]
triangle[(-7.40889,-19.7285),(7.25962,4.29417),(-25.2777,24.1619)]
triangle[(5.96261,2.22043),(4.23482,8.01351),(-4.98674,5.26319)]
triangle[(-16.7016,15.0338),(-7.6328,-12.2792),(28.6297,-0.238947)]
triangle[(-4.70346,12.4541),(1.74717,-2.47601),(19.1685,5.05099)]
triangle[(4.32234,-3.04901),(1.40366,-19.3527),(26.6919,-23.8798)]
triangle[(17.8767,0.689367),(18.0333,-19.9217),(51.0617,-19.6707)]
triangle[(1.73574,13.4781),(8.31732,-5.75598),(41.7802,5.69446)]
triangle[(14.8792,-16.7176),(7.98347,-1.26002),(-18.453,-13.0534)]
triangle[(-17.6206,15.3388),(-1.58246,-3.52459),(33.6591,26.4386)]
triangle[(-20.6865,-13.3784),(-11.2512,-17.3004),(-4.74038,-1.63723)]
triangle[(0.568411,3.56001),(-12.8314,8.29537),(-21.1885,-15.3531)]
triangle[(-19.2059,9.14831),(-4.83801,-10.8913),(20.2572,7.10136)]
triangle[(13.167,10.1426),(-0.0523945,-17.1005),(50.9441,-41.8459)]
triangle[(-12.2777,17.5363),(-17.3529,-17.8251),(43.3297,-26.5344)]
triangle[(-15.3337,-5.42149),(-6.18247,-11.849),(5.47254,4.74488)]
triangle[(6.10941,3.51621),(-8.58052,-7.53046),(13.4034,-36.7647)]
triangle[(-8.32928,-2.40405),(20.8884,3.2138),(13.9841,39.122)]
triangle[(19.4611,18.1938),(-20.2052,-2.11306),(14.4901,-69.8851)]
triangle[(19.0524,-14.1371),(-15.9871,4.12263),(-46.5074,-54.4445)]
triangle[(19.6134,-10.5295),(9.00243,-10.7853),(9.40731,-27.5776)]
triangle[(-2.3095,-19.4865),(8.92623,-11.0852),(-4.77256,7.23518)]
triangle[(-13.441,5.68468),(-19.8746,9.26206),(-25.3811,-0.640913)]
triangle[(6.83416,3.27972),(6.23093,13.4586),(-7.03664,12.6723)]
triangle[(17.3791,13.8893),(18.8802,12.3507),(21.7455,15.146)]
triangle[(20.1885,12.9432),(6.2051,19.8634),(-1.59052,4.11118)]
triangle[(-18.547,7.15623),(-2.43789,7.92411),(-3.27322,25.4484)]
triangle[(-19.9616,-18.5127),(2.27264,18.816),(-52.4188,51.3921)]
triangle[(3.47874,13.1384),(-8.09786,-19.2256),(25.9839,-31.4166)]
triangle[(17.4434,4.29226),(19.6767,-0.207147),(26.8083,3.33269)]
triangle[(-12.012,-3.9139),(20.8082,16.0648),(-12.121,70.1595)]
triangle[(1.59701,19.9176),(9.48348,6.9189),(29.1685,18.862)]
triangle[(12.45,3.39025),(-5.69561,8.4702),(-12.7998,-16.9061)]
triangle[(-3.30455,-14.7542),(-16.7642,-7.25027),(-25.2396,-22.4525)]
triangle[(-16.4151,15.2879),(19.3931,-2.52831),(46.4578,51.8683)]
triangle[(7.08498,3.32399),(9.38239,-20.8784),(39.7509,-17.9957)]
triangle[(3.28944,1.31549),(-3.46631,-20.8713),(23.9387,-29.216)]
triangle[(-2.83245,12.7613),(6.58392,1.11277),(24.5366,15.6252)]
triangle[(-9.25252,13.448),(13.9727,-12.8202),(53.8677,22.4531)]
triangle[(3.47503,0.341698),(-20.2906,-1.70783),(-17.72,-31.5148)]
triangle[(-18.9717,11.4462),(12.3044,6.51112),(20.2467,56.8452)]
triangle[(-15.1426,15.4904),(13.0233,-8.95825),(52.597,36.6324)]
triangle[(-0.24428,7.4488),(-14.4383,-18.5753),(13.8305,-33.9937)]
triangle[(-17.6032,7.7858),(15.113,-15.6339),(60.4082,47.6412)]
triangle[(15.0737,-1.29602),(-12.3201,2.08897),(-17.4474,-39.4053)]
triangle[(14.1405,7.38945),(-12.572,20.6015),(-34.2319,-23.1911)]
triangle[(4.05122,-12.9795),(-12.0057,-8.34713),(-17.7405,-28.2258)]
triangle[(15.6328,-19.5465),(20.6588,7.36761),(-25.1606,15.924)]
triangle[(-2.12164,-17.7338),(20.9229,-3.81111),(-3.60581,36.7883)]
triangle[(15.1775,-13.2435),(13.0023,-19.6687),(20.1029,-22.0726)]
triangle[(5.61194,3.71069),(7.05383,-3.02843),(14.8821,-1.35351)]
triangle[(-12.0637,-9.34132),(-16.5852,-11.5018),(-13.9196,-17.0804)]
triangle[(-3.72049,-4.0934),(8.94408,12.8254),(-22.6736,36.4928)]
triangle[(-8.22986,7.80133),(-13.6135,11.6097),(-18.7872,4.29601)]
triangle[(13.7112,-20.4914),(-1.01241,11.7053),(-33.9322,-3.34896)]
triangle[(15.0601,-14.2396),(12.4628,3.56425),(-12.546,-0.0840947)]
triangle[(-0.438746,13.6645),(-20.7189,-12.3022),(16.7174,-41.5402)]
triangle[(14.673,-5.95188),(-3.42489,20.8739),(-44.8567,-7.07782)]
triangle[(20.7642,-9.86011),(-16.6106,-17.5372),(-2.80317,-84.7571)]
triangle[(-14.644,-1.29008),(-5.16708,5.20013),(-12.144,15.3877)]
triangle[(-6.08238,8.25254),(2.92749,-18.2646),(31.8037,-8.45319)]
triangle[(-12.4715,17.8627),(20.78,18.5829),(19.4488,80.0433)]
triangle[(17.7918,-14.3896),(3.80196,-9.80764),(-5.27926,-37.5346)]
triangle[(-15.889,9.84689),(12.9087,-7.99991),(38.619,33.4864)]
triangle[(-6.2976,-16.9714),(-12.8568,18.5776),(-80.0515,6.17944)]
triangle[(15.0355,5.19266),(-4.17291,-18.2639),(24.1135,-41.4275)]
triangle[(-8.36317,1.08192),(7.57672,8.25689),(-4.64771,35.4146)]
triangle[(10.1566,-14.6408),(-12.9438,-17.708),(-8.48672,-51.2762)]
triangle[(-15.618,13.8454),(-8.38079,-0.929843),(15.6421,10.837)]
triangle[(5.45729,-0.323808),(-12.5267,15.5017),(-34.32,-9.26405)]
triangle[(-9.7234,1.41283),(1.76995,6.90886),(-7.55682,26.4131)]
triangle[(6.75791,-18.2567),(-11.4676,1.69245),(-42.9218,-27.0441)]
triangle[(-18.1526,16.8444),(-18.1607,-4.44296),(8.41826,-4.45309)]
triangle[(-18.2703,-4.88922),(-9.39844,13.5219),(-34.9362,25.828)]
triangle[(9.08707,-7.64376),(10.8947,-5.92925),(8.40991,-3.30963)]
triangle[(12.0373,5.63724),(2.07723,4.49078),(3.36532,-6.69971)]
triangle[(19.2419,7.11267),(-18.748,-0.145626),(-7.03546,-61.4489)]
triangle[(8.42652,-20.0983),(-16.5911,-0.650312),(-49.5738,-43.0787)]
triangle[(-8.61363,-19.9043),(-13.4146,-5.31676),(-39.8034,-14.0018)]
triangle[(3.54882,2.54347),(2.44757,12.2805),(-13.359,10.4928)]
triangle[(13.0234,-7.47091),(18.6204,-19.1452),(31.5066,-12.9673)]
triangle[(-9.06203,-7.47358),(3.84191,-4.25913),(0.224304,10.2632)]
triangle[(-13.0555,-3.21385),(-18.1666,-8.49528),(-7.78797,-18.5391)]
triangle[(9.11377,5.99692),(14.406,11.2655),(7.32411,18.3791)]
triangle[(16.283,-15.8315),(-0.0271892,9.77308),(-46.5231,-19.845)]
triangle[(-18.9569,4.62176),(16.9432,-15.9911),(55.4734,51.1144)]
triangle[(2.35517,-0.614109),(19.1026,-3.41616),(22.3256,15.8475)]
triangle[(-5.17171,-13.206),(7.82033,6.98579),(-19.5754,24.6131)]
triangle[(-2.39605,-20.1333),(15.2303,-17.498),(12.345,1.80079)]
triangle[(5.11844,-17.1273),(3.44692,-19.3554),(7.11909,-22.1102)]
triangle[(11.4759,7.52899),(-20.9107,1.00751),(-10.7065,-49.6683)]
triangle[(-5.89994,-13.654),(3.0456,-9.32856),(-5.38501,8.10688)]
triangle[(6.14779,-9.62286),(1.01658,-16.064),(9.29028,-22.6551)]
triangle[(2.31915,4.3036),(-6.17968,-19.1701),(20.9507,-28.9929)]
triangle[(15.0413,13.8511),(4.75122,-20.6526),(70.8314,-40.3597)]
triangle[(11.2477,-13.138),(-13.1147,-2.90426),(-30.4995,-44.2905)]
triangle[(18.9715,-2.08148),(-17.3983,-12.841),(1.02746,-75.1246)]
triangle[(-14.4099,-15.9956),(8.1929,14.3135),(-47.403,55.7738)]
triangle[(18.0681,8.08776),(5.92205,5.34131),(9.41654,-10.113)]
triangle[(10.37,5.7351),(-7.65308,-20.3339),(22.1002,-40.9041)]
triangle[(14.0012,-5.28608),(-7.44812,10.3148),(-30.6362,-21.5661)]
triangle[(19.0071,-2.84918),(-20.0285,-17.7544),(4.62631,-82.3232)]
triangle[(15.3218,0.996726),(1.73355,-19.7039),(26.875,-36.2072)]
triangle[(-8.23274,10.4819),(-17.3656,-4.39586),(11.4261,-22.07)]
triangle[(-10.0434,-1.02155),(-16.5841,-13.9434),(7.70212,-26.2365)]
triangle[(-10.1183,7.74229),(-7.99213,-9.41739),(11.5638,-6.99434)]
triangle[(16.1295,-11.0481),(-10.5107,11.4027),(-44.4214,-28.836)]
triangle[(19.5029,-14.4975),(0.701824,-0.982502),(-15.2736,-23.2063)]
triangle[(-10.5992,19.1194),(-13.4671,-10.8091),(37.0661,-15.6514)]
triangle[(-2.04908,-15.5697),(1.25516,-20.3817),(9.72679,-14.5646)]
triangle[(-12.6451,2.95636),(0.0522811,-15.9801),(26.8659,1.99909)]
triangle[(-18.9838,-6.469),(5.4205,13.8123),(-31.0913,57.7466)]
triangle[(-15.386,20.4667),(-19.7792,-13.1393),(33.5018,-20.1045)]
triangle[(8.17138,-6.71083),(0.00171526,8.10031),(-26.1132,-6.3044)]
triangle[(-9.74236,-15.4211),(-4.04434,4.80359),(-25.4931,10.8465)]
triangle[(1.31065,6.3074),(-11.2839,-13.2802),(10.3932,-27.2183)]
triangle[(-1.21312,-7.23278),(7.06059,7.29017),(-11.1877,17.6862)]
triangle[(-1.58688,3.80705),(4.82031,-16.108),(28.5215,-8.48267)]
triangle[(-11.1867,1.13164),(15.5948,11.3451),(5.20608,38.5862)]
triangle[(-16.8947,8.4198),(-14.9967,17.6054),(-33.2441,21.376)]
triangle[(-0.410982,0.0719553),(-0.91271,9.52295),(-15.7905,8.73313)]
triangle[(-18.4816,-0.395574),(-5.70101,14.9878),(-32.6382,37.3673)]
triangle[(-19.6725,-2.27666),(-20.8081,7.99646),(-35.0556,6.42143)]
triangle[(8.30657,-17.352),(-14.8566,-20.0335),(-10.0688,-61.3902)]
triangle[(2.35399,-4.33048),(19.0109,5.72109),(4.8989,29.1067)]
triangle[(20.1229,-6.73132),(12.4713,2.81526),(-2.37295,-9.08246)]
triangle[(19.0194,11.649),(-20.5294,7.43006),(-13.0776,-62.4256)]
triangle[(20.2179,-20.4446),(4.16951,-10.8107),(-12.8091,-39.0941)]
triangle[(15.1598,1.11483),(18.785,-2.24352),(24.5136,3.94028)]
triangle[(20.0841,3.41322),(0.39569,-10.0712),(21.4649,-40.8339)]
triangle[(-20.1581,4.18191),(-0.881977,3.20331),(0.310449,26.6914)]
triangle[(-14.8606,18.0337),(-17.3424,-6.06507),(23.0012,-10.2198)]
triangle[(-7.50075,-11.691),(2.50992,3.99591),(-23.9376,20.8735)]
triangle[(-19.3074,-9.83498),(-20.052,11.7017),(-53.9293,10.5305)]
triangle[(-10.3192,8.66492),(13.9879,0.208639),(28.3292,41.432)]
triangle[(-15.8817,-3.04788),(18.965,8.73277),(-0.657371,66.7748)]
triangle[(-19.4278,17.3426),(3.53746,15.2565),(7.18704,55.4319)]
triangle[(-18.2856,15.5223),(-3.31458,1.30872),(13.9459,19.489)]
triangle[(10.1371,-0.131452),(19.6535,-17.1993),(46.9103,-2.00192)]
triangle[(17.3964,-0.529829),(-16.1905,-10.1154),(-0.923517,-63.6094)]
triangle[(1.00676,3.70404),(-9.65902,2.97285),(-8.33854,-16.2886)]
triangle[(-17.5213,18.393),(11.615,-1.622),(46.3923,49.004)]
triangle[(1.16436,8.27552),(-6.27794,17.589),(-23.3593,3.93955)]
triangle[(-6.21026,-8.13766),(-8.4209,10.7758),(-34.6423,7.71104)]
triangle[(-17.0288,-16.084),(0.538173,13.7203),(-32.1771,33.0031)]
triangle[(18.0136,17.4845),(18.6508,-4.61095),(43.6977,-3.88858)]
triangle[(-20.8124,-20.2735),(-3.00336,-9.66191),(-16.3774,12.7833)]
triangle[(11.2333,15.9191),(-16.0067,7.08081),(-0.318608,-41.2706)]
triangle[(-13.2525,6.55383),(9.57835,1.27884),(15.4659,26.7609)]
triangle[(17.6434,-14.3032),(-19.1737,-12.5051),(-21.6115,-62.4198)]
triangle[(-19.3378,1.11482),(-10.5091,-18.7114),(15.18,-7.27189)]
triangle[(11.6792,-9.08799),(14.8861,-8.36432),(13.6938,-3.08092)]
triangle[(3.34822,-3.75564),(11.4261,5.37182),(0.636695,14.9206)]
triangle[(14.8623,6.38214),(-1.24712,-8.0076),(22.1196,-34.1668)]
triangle[(1.65004,-3.81009),(-17.1646,11.8163),(-42.8627,-19.1249)]
triangle[(3.70184,17.7836),(3.42726,5.59202),(25.2528,5.10045)]
triangle[(8.28495,0.311468),(16.7701,-5.39594),(23.0786,3.9829)]
triangle[(-5.89946,-18.9431),(-13.5036,-19.8327),(-12.2259,-30.7546)]
triangle[(-14.246,10.8393),(14.4229,5.16258),(21.1449,39.1103)]
triangle[(-16.421,-12.9281),(-7.68344,13.5826),(-35.2071,22.654)]
triangle[(20.2644,13.3046),(5.80168,2.54563),(20.6748,-17.4475)]
triangle[(-2.68131,-1.29413),(17.0412,16.6058),(-12.7828,49.4664)]
triangle[(-17.5669,-10.8045),(-11.5256,-10.9277),(-11.3048,-0.0950132)]
triangle[(-19.6937,-9.32835),(-17.8944,-1.06549),(-33.004,2.22488)]
triangle[(10.91,6.28119),(-0.591051,19.0991),(-16.6776,4.66538)]
triangle[(-9.27129,-2.22037),(5.55839,-2.79151),(6.64816,25.5045)]
triangle[(6.17889,1.80216),(-0.674853,-4.35465),(7.12688,-13.0395)]
triangle[(17.1455,14.5768),(-12.8716,19.8775),(-19.8744,-19.7782)]
triangle[(-13.6585,7.76533),(-18.9278,18.0251),(-29.4604,12.6157)]
triangle[(5.84734,20.4313),(9.69677,0.0672277),(35.0165,4.85344)]
triangle[(4.46449,-11.4672),(-15.601,20.1988),(-60.0249,-7.95082)]
triangle[(14.4603,17.3216),(-13.7697,15.6343),(-11.2436,-26.6296)]
triangle[(-18.1511,-1.08144),(13.8086,-4.7026),(18.5188,36.8684)]
triangle[(2.87724,8.84832),(9.17741,-13.6065),(32.0725,-7.18285)]
triangle[(-13.0077,-9.93166),(-5.08001,17.6348),(-36.246,26.5977)]
triangle[(-14.2278,-9.70663),(-12.9501,10.2543),(-37.0116,11.7944)]
triangle[(12.6478,-9.90437),(-4.58227,15.5618),(-31.8377,-2.87883)]
triangle[(16.5398,6.99097),(-12.1877,-8.73305),(15.3469,-59.0381)]
triangle[(-12.0964,-18.312),(-7.89416,7.80265),(-40.5938,13.0644)]
triangle[(-14.7846,20.0717),(-13.5365,0.22386),(10.6236,1.74304)]
triangle[(19.126,13.274),(-14.2258,13.6768),(-14.8499,-38.0004)]
triangle[(-18.6297,19.5165),(1.51125,-2.90174),(28.2016,21.0773)]
triangle[(9.55429,-15.7403),(-15.9099,-4.77607),(-36.0028,-51.4415)]
triangle[(-20.8993,16.3984),(1.84853,-10.9674),(49.0176,28.242)]
triangle[(-9.56327,10.4742),(15.056,-9.61941),(41.3075,22.5446)]
triangle[(20.9745,-7.54893),(-3.18144,-0.552506),(-11.2537,-28.4228)]
triangle[(11.323,17.6193),(10.3571,-15.5218),(53.3501,-16.7748)]
triangle[(10.9947,17.0916),(-14.3184,-2.81389),(21.6096,-48.5022)]
triangle[(-11.2254,-10.466),(19.0529,-3.28325),(5.2715,54.8111)]
triangle[(3.13214,0.0248296),(-0.157759,19.4443),(-38.2867,12.9847)]
triangle[(9.22308,-9.7406),(-6.9601,-17.8593),(2.57938,-36.8745)]
triangle[(10.2418,6.84201),(13.7397,1.99653),(22.0738,8.01294)]
triangle[(12.5775,-18.0196),(6.91235,-14.9279),(1.48914,-24.8654)]
triangle[(2.81632,10.812),(-13.0331,-19.7258),(47.1791,-50.9765)]
triangle[(11.01,-10.3042),(3.31209,-4.55837),(-5.1116,-15.8439)]
triangle[(16.1733,-19.6188),(12.5079,10.4581),(-27.8369,5.54136)]
triangle[(-17.5226,10.4605),(10.0898,12.7762),(5.70456,65.0669)]
triangle[(-12.7408,14.1808),(12.6269,19.3331),(5.97794,52.07)]
triangle[(16.4113,-13.1585),(14.2864,-4.25914),(3.97549,-6.72107)]
triangle[(3.97246,15.0064),(8.27629,-12.4313),(41.821,-7.16947)]
triangle[(18.625,-13.3202),(2.41089,4.43404),(-26.9392,-22.3699)]
triangle[(0.201445,-15.7099),(-8.61479,5.62225),(-41.2285,-7.85648)]
triangle[(-15.873,12.3869),(3.48005,-16.4765),(54.9532,18.0363)]
triangle[(10.3173,-6.43289),(-12.2332,1.59424),(-23.2227,-29.2785)]
triangle[(-1.36829,-5.0875),(11.6591,2.18759),(3.64597,16.5367)]
triangle[(-14.0931,1.11423),(8.82979,11.226),(-10.8188,55.7685)]
triangle[(-20.3971,1.24972),(-11.8421,-3.57012),(-3.59034,11.0764)]
triangle[(12.6504,1.91146),(15.0495,-15.438),(39.4943,-12.0578)]
triangle[(5.99831,16.6313),(-19.31,17.0936),(-20.1453,-28.6351)]
triangle[(15.3573,12.7903),(-20.8224,15.5965),(-24.5256,-32.1477)]
triangle[(12.6865,20.2378),(13.5812,-9.98688),(52.8599,-8.82413)]
triangle[(7.18833,-8.82349),(2.01684,20.1251),(-27.55,14.8431)]
triangle[(20.2854,-2.64355),(2.08885,-11.7719),(12.5454,-32.6161)]
triangle[(-12.1635,-13.1711),(10.4024,4.71794),(-11.2365,32.014)]
triangle[(12.4931,-19.6895),(18.2992,9.55948),(-18.8525,16.9343)]
triangle[(20.4703,-16.2502),(17.7865,-16.5943),(18.2577,-20.2686)]
triangle[(6.70935,5.24715),(10.6898,20.1408),(-13.2472,26.5382)]
triangle[(-10.763,-3.03824),(1.37378,20.2439),(-44.9974,44.4168)]
triangle[(-3.36914,-11.0355),(-6.05772,-6.18191),(-12.7828,-9.90719)]
triangle[(-0.944312,-12.2671),(5.4888,16.3003),(-46.7338,28.0603)]
triangle[(-2.68297,-11.0334),(-17.0055,-12.31),(-15.394,-30.3896)]
triangle[(-5.31327,13.5311),(-12.4767,-17.2135),(25.8421,-26.1417)]
triangle[(-20.432,-1.64629),(13.5996,-7.23882),(23.1375,50.8011)]
triangle[(-13.713,17.358),(4.10752,14.3212),(8.24862,38.6223)]
triangle[(-0.0247529,-4.41163),(15.2401,12.3685),(-14.7597,39.6593)]
triangle[(4.09319,13.3026),(0.715646,-8.01531),(31.5932,-12.9075)]
triangle[(-0.321279,8.20854),(5.22463,16.5769),(-10.4301,26.9517)]
triangle[(20.939,7.39754),(-20.5276,3.38101),(-16.2103,-41.1902)]
triangle[(-16.7648,-5.35357),(5.51238,-16.7031),(17.534,6.89316)]
triangle[(-6.2634,-17.4248),(12.3127,3.15805),(-23.1491,35.1624)]
triangle[(0.0171405,18.5214),(-0.0758757,-19.5227),(67.3239,-19.6875)]
triangle[(-0.217834,15.3414),(-13.1119,6.83718),(-2.62846,-9.05774)]
triangle[(16.9929,16.0592),(-14.222,11.709),(-9.10997,-24.9721)]
triangle[(12.3278,2.27092),(6.75647,11.8049),(-10.5014,1.71992)]
triangle[(-7.54376,-1.05569),(-12.716,12.9187),(-36.3799,4.16011)]
triangle[(14.9594,-10.6523),(15.4068,13.7018),(-31.0277,14.555)]
triangle[(-3.78981,5.87284),(-11.5787,-4.88919),(7.88013,-18.9724)]
triangle[(3.99571,12.2349),(-15.4497,15.7684),(-22.0885,-20.7654)]
triangle[(-20.9622,16.9968),(0.523686,13.185),(4.58396,36.0719)]
triangle[(3.15812,5.77683),(16.6173,16.4715),(5.35875,30.6403)]
triangle[(-15.7181,14.9225),(-5.01783,-3.34662),(31.3768,17.9697)]
triangle[(9.15475,-8.61557),(9.5644,-14.7997),(16.353,-14.35)]
triangle[(-13.8744,-18.3564),(16.5719,12.3982),(-18.7595,47.3755)]
triangle[(-4.3557,-7.61439),(2.90411,-16.0463),(17.538,-3.44671)]
triangle[(6.66205,-18.8895),(-6.55603,-5.10255),(-31.5202,-29.0366)]
triangle[(14.1901,-18.1697),(12.9438,-2.11354),(-8.90832,-3.80976)]
triangle[(3.80062,-1.99147),(8.87047,4.77596),(2.01058,9.91507)]
triangle[(4.24536,-16.6519),(8.52894,-15.3627),(7.11924,-10.6786)]
triangle[(-8.06443,14.9512),(-18.117,-5.55521),(15.4995,-22.0345)]
triangle[(-8.61292,0.493231),(15.9694,-19.2266),(39.174,9.69977)]
triangle[(-7.32155,-9.69785),(-1.25968,13.0892),(-43.8898,24.4298)]
triangle[(-6.72811,0.722952),(15.9884,-5.11487),(22.2675,19.3187)]
triangle[(-13.1157,14.6804),(-9.71034,19.9095),(-15.4612,23.6546)]
triangle[(-0.522698,-9.83143),(-9.96842,-11.0793),(-7.617,-28.8778)]
triangle[(15.9298,-4.13222),(-3.19234,-5.14078),(-1.3661,-39.7657)]
triangle[(-6.28489,-5.86391),(16.1957,15.2104),(-21.0152,54.9045)]
triangle[(20.2864,8.69411),(-8.7937,9.23796),(-9.65825,-36.9898)]
triangle[(-7.382,-12.4465),(-9.21566,-5.52025),(-21.5084,-8.77464)]
triangle[(19.7359,4.34311),(10.9629,19.1904),(-16.0643,3.22044)]
triangle[(-3.02966,19.8828),(1.02612,-18.6055),(72.4222,-11.082)]
triangle[(5.67521,-15.9982),(-1.93068,-6.28659),(-13.464,-15.3192)]
triangle[(-5.20989,14.0015),(9.13853,12.0541),(12.0547,33.5402)]
triangle[(1.29582,-2.41976),(-18.094,4.57872),(-27.4242,-21.2714)]
triangle[(-5.26227,14.4634),(11.3317,-3.64732),(34.9881,18.0278)]
triangle[(-4.87091,10.7997),(-5.15565,2.95172),(3.70767,2.63014)]
triangle[(1.74677,3.97976),(19.634,-19.6645),(45.6308,0.0024657)]
triangle[(-18.6713,10.9502),(9.74624,-8.85786),(45.3362,42.2011)]
triangle[(-14.4861,8.68538),(11.6045,-7.33853),(33.0553,27.5882)]
triangle[(15.1162,1.48095),(-1.79761,6.79938),(-7.63346,-11.76)]
triangle[(-15.7322,8.87346),(16.4712,-6.66721),(47.5135,57.6586)]
triangle[(20.9549,10.618),(-7.77872,-10.3371),(27.7356,-59.0344)]
triangle[(-9.93156,-20.5383),(12.0729,-15.2804),(4.478,16.5048)]
triangle[(13.0543,-7.0703),(-9.68741,14.8937),(-34.0253,-10.3058)]
triangle[(2.54715,-18.8006),(7.52896,2.8811),(-31.5853,11.8684)]
triangle[(18.7163,20.7063),(6.12684,9.03308),(22.9822,-9.1453)]
