triangle[(-0.703377,-12.0202),(-7.53183,-4.7765),(-18.1263,-14.7637)]
triangle[(-8.62953,-1.00406),(-13.4544,-4.07272),(-9.19396,-10.7715)]
triangle[(-18.5848,-10.282),(12.9291,12.3653),(-17.3865,54.5497)]
triangle[(1.15321,19.5632),(-4.92368,6.33972),(14.3337,-2.51007)]
triangle[(12.1652,-11.0544),(5.84018,-9.18625),(2.18598,-21.5584)]
triangle[(18.4867,5.17785),(-20.3954,-8.169),(-6.70645,-48.0476)]
triangle[(10.6803,-19.1285),(13.1133,-13.6114),(3.33781,-9.30039)]
triangle[(2.50956,-12.3259),(3.88185,4.53711),(-14.3104,6.01758)]
triangle[(16.0065,12.3345),(0.497148,5.71678),(12.0541,-21.3679)]
triangle[(-9.91974,2.97094),(-4.75566,1.28101),(-2.1595,9.21429)]
triangle[(10.9253,-9.61344),(16.1156,-17.5805),(31.6294,-7.47386)]
triangle[(14.947,14.6174),(17.7752,-20.5063),(53.6435,-17.6181)]
triangle[(10.8695,20.7929),(15.5815,-15.9648),(85.5404,-6.99686)]
triangle[(9.29311,18.8042),(9.80041,-15.0755),(66.3084,-14.2294)]
triangle[(15.5381,-16.4118),(-9.48938,13.1201),(-54.4429,-24.9768)]
triangle[(-8.0745,4.21626),(-0.0306849,-12.8272),(25.9767,-0.552762)]
triangle[(-14.3002,-19.0677),(5.62635,9.01242),(-38.9784,40.6654)]
triangle[(-18.3826,1.77944),(14.3076,-3.73185),(23.4174,50.3026)]
triangle[(-11.1353,-7.3111),(7.73261,-2.6247),(-0.419162,30.1952)]
triangle[(-13.847,-11.0872),(7.97898,19.9678),(-31.969,48.0439)]
triangle[(-19.4085,-17.6873),(-14.5711,-13.6749),(-22.1907,-4.48845)]
triangle[(18.575,-13.2204),(20.012,-15.9653),(25.208,-13.2452)]
triangle[(18.5958,18.4886),(19.2279,-10.6293),(73.8167,-9.4443)]
triangle[(-1.78889,-1.6812),(-10.7379,13.0935),(-33.4585,-0.668215)]
triangle[(-0.719142,-5.73248),(0.406773,-8.19979),(4.52061,-6.32252)]
triangle[(-0.0840894,3.5337),(5.92683,-7.16123),(20.201,0.861349)]
triangle[(-1.11161,-8.76342),(14.4979,4.01511),(-9.0696,32.8039)]
triangle[(-14.3001,-16.9813),(-19.3756,-3.90258),(-40.1942,-11.9817)]
triangle[(14.3706,-3.29491),(18.8356,-0.860921),(14.6067,6.89668)]
triangle[(-1.91782,-11.1852),(13.8571,7.35713),(-9.40902,27.1509)]
triangle[(-3.22759,17.0502),(-13.3856,9.02073),(-2.63779,-4.57618)]
triangle[(11.8196,16.1865),(-9.75777,-11.3048),(26.9298,-40.1001)]
triangle[(-2.6025,-14.2394),(-7.87883,13.8605),(-62.216,3.65763)]
triangle[(5.3823,4.85845),(10.0187,8.72791),(4.37354,15.492)]
triangle[(7.08932,7.87441),(-2.39824,15.3735),(-11.8921,3.36217)]
triangle[(-2.42566,-8.76119),(20.7061,2.53865),(2.88143,39.0273)]
triangle[(-19.3952,7.97377),(0.619218,-3.13188),(22.3668,36.0614)]
triangle[(14.099,17.3218),(10.4939,5.14914),(22.8903,1.47782)]
triangle[(-11.7673,-3.21873),(-19.2884,-16.8887),(-5.28047,-24.5957)]
triangle[(2.17965,0.505313),(-20.7254,-1.91223),(-17.5612,-31.8918)]
triangle[(-4.24845,-0.880705),(1.29925,17.0431),(-31.2097,27.1051)]
triangle[(18.1789,6.03336),(-14.3808,-13.6492),(24.248,-77.5503)]
triangle[(16.6436,14.4986),(17.5899,-3.58258),(43.5207,-2.2255)]
triangle[(14.5868,-18.629),(4.81811,2.94195),(-37.2863,-16.1255)]
triangle[(-15.4773,9.6395),(4.64026,-1.98525),(21.6859,27.5135)]
triangle[(-20.5943,-9.38501),(-3.08887,-18.6178),(9.2159,4.7123)]
triangle[(7.66437,2.81233),(-20.0223,-20.4194),(10.6497,-56.9732)]
triangle[(19.1351,17.3643),(-5.53631,-17.9276),(42.7755,-51.7008)]
triangle[(15.0781,1.31262),(4.35921,-6.1806),(13.0439,-18.604)]
triangle[(13.9835,-17.886),(13.3732,16.2857),(-36.9506,15.3869)]
triangle[(10.8007,8.61131),(20.185,16.091),(9.94963,28.9326)]
triangle[(7.89629,17.9142),(17.5901,0.918657),(36.2859,11.5822)]
triangle[(5.46246,-17.6911),(3.47513,5.8506),(-34.1638,2.67322)]
triangle[(5.25703,-2.69304),(-6.3258,11.8203),(-34.9901,-11.0561)]
triangle[(-5.52227,-18.3727),(8.649,3.31678),(-19.4848,21.6985)]
triangle[(12.4611,19.0397),(-16.9688,18.5768),(-16.3153,-22.9742)]
triangle[(-10.1581,7.9799),(-2.45437,-10.2651),(30.5414,3.66703)]
triangle[(6.00236,-18.56),(-1.3712,14.4664),(-37.8397,6.32436)]
triangle[(16.7639,-20.8656),(-11.388,-6.05746),(-29.8166,-41.0922)]
triangle[(5.08289,6.11062),(2.53966,17.6179),(-15.0497,13.7305)]
triangle[(3.61669,17.5741),(-13.8385,1.35058),(7.6624,-21.7827)]
triangle[(-17.4117,-2.56537),(-4.95265,20.0404),(-39.4465,39.0515)]
triangle[(-18.2803,0.160054),(10.8685,-10.0299),(28.5895,40.6616)]
triangle[(11.0293,0.235454),(-6.54244,3.7038),(-12.4301,-26.1249)]
triangle[(15.9982,0.551185),(6.40441,1.75749),(4.76614,-11.2717)]
triangle[(-18.8344,11.6206),(12.6647,-12.4612),(51.4919,38.3249)]
triangle[(16.7042,19.9682),(15.9308,-14.4488),(65.9257,-15.5722)]
triangle[(8.64052,-1.5022),(-1.53204,5.23761),(-9.83239,-7.29032)]
triangle[(11.8912,8.31104),(4.52244,15.706),(-6.23498,4.98662)]
triangle[(6.78491,-9.97615),(-6.55784,11.4764),(-33.8942,-5.5259)]
triangle[(2.92377,15.8431),(-8.43409,-4.34045),(16.7904,-18.535)]
triangle[(-14.9114,11.3037),(16.8439,-8.85798),(39.1652,26.2986)]
triangle[(-17.3054,3.54354),(9.46849,-9.30894),(32.0034,37.635)]
triangle[(-5.48715,2.21131),(-10.4514,-16.9765),(18.84,-24.5547)]
triangle[(9.74795,-17.5028),(-18.8316,-0.598316),(-37.6523,-32.4177)]
triangle[(11.5979,-6.29642),(7.23784,0.131146),(-5.39165,-8.43599)]
triangle[(10.4704,14.7838),(10.5593,-7.22574),(52.1171,-7.05797)]
triangle[(-6.54434,6.86996),(-14.8814,4.23334),(-10.1732,-10.6542)]
triangle[(11.6075,11.3554),(0.414676,10.5793),(1.42813,-4.03731)]
triangle[(5.07382,5.59657),(-20.1612,8.15647),(-23.7603,-27.3227)]
triangle[(-5.20141,-20.4573),(12.2109,-14.823),(5.02564,7.38262)]
triangle[(-13.6663,18.4617),(5.88136,-12.5182),(45.8398,12.6948)]
triangle[(-5.48425,2.21615),(13.6595,-7.89992),(29.1372,21.3903)]
triangle[(9.63266,-16.2231),(-15.4231,17.4481),(-82.2713,-32.2956)]
triangle[(-0.620235,-6.4466),(-7.66112,14.6455),(-44.8796,2.22134)]
triangle[(-6.29288,7.86329),(-14.1654,-7.94974),(5.6888,-17.8341)]
triangle[(-19.7731,-6.40397),(-3.49927,-16.8919),(11.1219,5.79534)]
triangle[(7.5671,9.36892),(-2.45719,11.1269),(-5.38051,-5.54228)]
triangle[(-15.6446,0.597616),(-13.6024,-10.2528),(6.10471,-6.54372)]
triangle[(3.21229,13.345),(-7.05996,-4.35594),(14.7579,-17.0173)]
triangle[(4.83132,-4.79946),(-11.976,-5.1608),(-11.3792,-32.9188)]
triangle[(-8.99329,-9.66117),(8.96613,10.7821),(-27.8966,43.166)]
triangle[(-12.0676,-8.52575),(-0.793471,-1.11203),(-14.4993,19.7305)]
triangle[(-19.2658,4.0076),(-3.85547,3.5459),(-3.30291,21.9885)]
triangle[(5.28879,-6.41843),(-9.13606,14.7391),(-35.0589,-2.93468)]
triangle[(7.08399,-12.0786),(0.0240014,-4.32318),(-15.2113,-18.1923)]
triangle[(17.545,0.600463),(11.0338,-15.5991),(28.5972,-22.6585)]
triangle[(-0.394297,10.7713),(-14.2164,10.4941),(-13.8605,-7.24975)]
triangle[(-4.45359,18.7777),(-1.92987,5.30843),(14.3986,8.36788)]
triangle[(-6.40101,4.56192),(-15.7048,-16.1587),(13.8045,-29.4087)]
triangle[(-20.3563,19.0712),(20.0457,2.08061),(40.2035,50.0138)]
triangle[(2.18986,9.74265),(-5.21345,-9.60515),(33.0967,-24.2643)]
triangle[(-4.00332,17.1204),(11.3703,14.987),(14.124,34.8312)]
triangle[(-1.22505,-6.70848),(10.7479,-17.7053),(28.6961,1.83605)]
triangle[(6.0869,3.95887),(8.72521,-6.89252),(22.9448,-3.43529)]
triangle[(-11.6144,20.3719),(2.38999,-9.73694),(54.7512,14.6177)]
triangle[(17.9743,-10.5349),(1.83668,-6.01412),(-4.656,-29.1908)]
triangle[(6.03519,-7.17575),(-18.7688,3.57758),(-39.9672,-45.3195)]
triangle[(0.351664,15.0836),(-9.8401,0.241179),(17.187,-18.3173)]
triangle[(-14.0193,-7.8501),(4.19833,-1.40416),(-8.12569,33.4263)]
triangle[(9.85465,-9.74866),(5.6163,-18.0703),(15.3819,-23.0441)]
triangle[(4.09272,9.62222),(18.0017,7.44058),(22.3469,35.1435)]
triangle[(-3.61403,2.18905),(19.1148,-18.2477),(48.9502,14.9339)]
triangle[(-16.6632,10.7249),(-2.17254,0.0374625),(13.1817,20.8556)]
triangle[(17.8656,13.9754),(-2.16575,3.40075),(18.06,-34.9124)]
triangle[(-13.9025,-5.81786),(-11.8493,18.2994),(-49.2717,21.4855)]
triangle[(1.33153,11.3999),(-5.58832,8.78856),(-1.09692,-3.11328)]
triangle[(12.7253,-2.88328),(-9.26415,-11.158),(6.71412,-53.6189)]
triangle[(6.64092,13.3866),(15.4682,4.24582),(32.8572,21.0385)]
triangle[(-3.48554,-15.5821),(-11.9726,-11.4304),(-17.2127,-22.1424)]
triangle[(-18.5379,8.96963),(-20.995,-6.64804),(8.82882,-11.3402)]
triangle[(-17.7719,-1.82471),(14.4514,0.844819),(9.62761,59.0714)]
triangle[(0.676173,-20.524),(13.1072,15.1),(-47.0214,36.082)]
triangle[(-10.3096,-6.89771),(15.9139,15.5629),(-20.6307,58.2299)]
triangle[(-18.4312,-18.0082),(-8.86577,-2.13423),(-36.3725,14.4409)]
triangle[(16.1883,4.87026),(6.94159,10.3473),(-1.09864,-3.22689)]
triangle[(-10.3807,15.911),(-11.408,-1.1472),(14.96,-2.73512)]
triangle[(8.6043,-2.7346),(-2.37666,-6.66111),(3.59628,-23.3652)]
triangle[(11.7682,-11.6792),(-6.61733,4.39683),(-23.3313,-14.7183)]
triangle[(-7.54509,7.1034),(-12.969,15.1457),(-23.8416,7.81297)]
triangle[(14.6778,-16.6742),(-5.22531,-12.2563),(-10.9646,-38.1127)]
triangle[(-20.9455,-3.34937),(9.46066,-9.70512),(17.1006,26.8445)]
triangle[(9.0079,-5.57581),(-16.5159,10.9424),(-45.9492,-34.5376)]
triangle[(0.362906,18.4056),(18.4985,-13.4142),(74.3766,18.4334)]
triangle[(2.39792,3.02099),(-14.0666,9.31954),(-24.9099,-19.0252)]
triangle[(9.1127,4.54171),(4.73852,1.1391),(8.4759,-3.66543)]
triangle[(4.48445,18.3099),(1.48771,-13.986),(36.5671,-17.241)]
triangle[(-11.3254,-15.0973),(12.6386,-5.03845),(0.299227,24.3586)]
triangle[(-11.2669,20.5872),(8.66747,11.0482),(25.0229,45.2276)]
triangle[(-19.8044,-15.4038),(3.9266,9.05531),(-31.445,43.374)]
triangle[(0.710444,-2.46316),(5.93016,-7.58436),(15.0999,1.76173)]
triangle[(9.50509,13.2075),(-20.9809,0.605764),(-8.02778,-30.7303)]
triangle[(3.26124,-11.7614),(-6.66954,12.1111),(-49.9703,-5.90167)]
triangle[(-10.7587,-9.09163),(17.8815,-20.9652),(38.1087,27.8249)]
triangle[(20.7814,-19.2355),(14.7409,8.8081),(-35.9381,-2.10794)]
triangle[(20.6637,7.78126),(-19.8971,-17.7212),(15.0911,-73.3687)]
triangle[(5.11409,-16.2332),(-6.64932,2.19149),(-38.8727,-18.3818)]
triangle[(2.98685,-3.163),(19.3159,-4.86801),(22.155,22.3225)]
triangle[(-13.3026,9.2168),(16.6373,-2.64104),(33.3804,39.6336)]
triangle[(20.3933,19.2114),(0.337664,-5.24916),(49.0111,-45.1574)]
triangle[(5.7808,-20.2663),(-6.62136,-5.25095),(-31.2262,-25.5737)]
triangle[(20.9568,-9.53054),(6.49733,5.73568),(-21.0295,-20.3365)]
triangle[(6.4821,16.7759),(4.17435,-5.14187),(43.403,-9.2723)]
triangle[(14.8514,-17.9764),(-16.6127,-15.748),(-19.2566,-53.079)]
triangle[(-5.02262,10.207),(-18.0367,15.2946),(-27.6539,-9.30615)]
triangle[(17.0956,11.0347),(-5.25346,12.0028),(-6.86137,-25.1168)]
triangle[(1.61602,3.1876),(-6.80541,-15.3724),(25.6114,-30.0812)]
triangle[(-7.56295,-8.429),(12.3384,0.112487),(0.0153965,28.8245)]
triangle[(18.0321,-6.56774),(9.66497,1.07825),(1.94967,-7.36476)]
triangle[(-5.23792,7.11153),(13.2005,14.0097),(4.45462,37.3868)]
triangle[(9.47342,12.6408),(3.63701,-17.4591),(47.6219,-25.9878)]
triangle[(15.1593,-20.0945),(8.33351,-13.4058),(1.46962,-20.4103)]
triangle[(-8.58968,-12.2107),(-16.3786,13.7799),(-66.5037,-1.24169)]
triangle[(8.48944,-3.81682),(-20.0614,11.5198),(-39.914,-25.438)]
triangle[(-16.9498,-20.9965),(2.46085,-13.1592),(-12.1162,22.944)]
triangle[(13.436,-20.7658),(-8.00242,3.81669),(-36.3849,-20.9356)]
triangle[(9.25744,0.897296),(4.49682,10.3077),(-7.95087,4.01052)]
triangle[(12.0508,0.651128),(-4.14413,9.40987),(-14.4516,-9.64865)]
triangle[(-6.86622,-11.6876),(-20.5305,-16.1313),(-12.6954,-40.2238)]
triangle[(14.1907,-8.25786),(-9.96309,9.34796),(-31.687,-20.4555)]
triangle[(-9.72927,-0.471719),(-16.3209,10.1505),(-33.9521,-0.790455)]
triangle[(-15.8431,6.86537),(13.8863,-1.36139),(28.1042,50.0185)]
triangle[(20.4786,-18.3985),(7.01072,16.278),(-34.9487,-0.0184229)]
triangle[(-15.7106,-16.8175),(0.0598539,13.195),(-49.8916,39.4427)]
triangle[(-0.719502,-15.8728),(3.68566,16.2524),(-34.5627,21.4972)]
triangle[(-16.4671,10.0967),(-0.961048,19.1071),(-14.09,41.701)]
triangle[(2.98601,-18.0492),(16.8248,-8.47447),(6.12194,6.99499)]
triangle[(-11.8917,12.0041),(-9.75708,-18.8877),(50.375,-14.7326)]
triangle[(6.31913,-20.1695),(4.21793,15.9045),(-52.9614,12.574)]
triangle[(-4.53048,5.7648),(-8.5317,18.7936),(-27.4156,12.9942)]
triangle[(-11.651,2.05832),(-4.02403,9.42795),(-12.3612,18.0562)]
triangle[(3.61041,-14.8846),(4.71309,-0.240105),(-14.1298,1.17872)]
triangle[(2.86604,7.43793),(-17.5893,-6.51753),(4.60798,-39.0533)]
triangle[(-10.8254,-16.6181),(-16.6232,-9.75851),(-26.349,-17.9788)]
triangle[(18.7332,19.7561),(15.2593,-9.74941),(47.282,-13.5197)]
triangle[(-1.9466,-10.1706),(8.45126,11.3562),(-25.2813,27.6497)]
triangle[(-9.92156,-19.7279),(-17.2242,-2.08593),(-41.9602,-12.325)]
triangle[(3.44535,-1.22468),(1.64372,14.4747),(-29.5215,10.8982)]
triangle[(-10.0623,-10.9749),(4.51344,1.1644),(-19.0615,29.4709)]
triangle[(-11.3924,1.20065),(-0.783116,-19.9955),(35.3013,-1.93413)]
triangle[(11.0684,14.3178),(5.34518,-18.3456),(49.967,-26.1641)]
triangle[(15.2706,-14.9448),(14.208,20.0221),(-52.1216,18.0066)]
triangle[(3.48729,19.0295),(-14.2964,-4.74682),(9.57008,-22.5979)]
triangle[(-12.5778,-8.83372),(19.1766,-4.40674),(12.1923,45.6911)]
triangle[(19.2634,-18.439),(10.2407,-6.08544),(-7.49195,-19.0369)]
triangle[(-1.48198,-13.8454),(-13.5783,11.2766),(-60.9068,-11.5122)]
triangle[(12.9983,-18.9387),(0.0083709,12.2387),(-36.0011,-2.76454)]
triangle[(-4.49814,15.5051),(-20.8172,-15.8641),(15.4822,-34.748)]
triangle[(7.77836,-4.65642),(-19.0757,-18.5447),(-2.01451,-51.5337)]
triangle[(-0.180537,15.7154),(-19.5492,-10.9339),(26.1627,-44.1573)]
triangle[(1.62853,4.93401),(2.37087,15.7154),(-15.9672,16.9781)]
triangle[(7.38075,7.18372),(-8.77314,10.758),(-14.0071,-12.8971)]
triangle[(-0.122261,0.870377),(1.97346,-17.3294),(34.9259,-13.5349)]
triangle[(9.23893,-2.08999),(9.70444,4.39158),(2.3633,4.91883)]
triangle[(10.9565,-5.4288),(3.89548,-2.25278),(0.0182674,-10.8727)]
triangle[(-2.77297,0.0561456),(-1.66708,14.5927),(-23.5793,16.2597)]
triangle[(-8.46004,-12.3259),(-3.09454,-16.3374),(4.01802,-6.82395)]
triangle[(-16.0396,12.0889),(9.57732,-16.1668),(57.9875,27.7226)]
triangle[(-16.3173,19.1831),(20.022,2.57231),(37.2671,40.2993)]
triangle[(13.407,15.2749),(5.07049,-14.2761),(63.3134,-30.7067)]
triangle[(-10.9219,-5.06323),(-18.075,4.14521),(-33.0653,-7.49915)]
triangle[(5.01433,18.353),(-5.06161,16.3613),(-2.51378,3.47154)]
triangle[(-18.9949,-15.2445),(-18.129,15.1781),(-75.046,16.7981)]
triangle[(17.7152,-12.2252),(-1.39115,-19.704),(8.77224,-45.6685)]
triangle[(-12.1919,-1.76123),(16.284,13.3136),(0.265967,43.5711)]
triangle[(5.79711,12.2946),(-7.26252,-3.56196),(20.7079,-26.5987)]
triangle[(11.7697,-19.2417),(-0.356883,17.4057),(-62.3233,-3.09902)]
triangle[(-8.64693,17.2118),(-12.1784,-17.7019),(30.0689,-21.9751)]
triangle[(0.093976,7.91847),(-12.1328,-17.9798),(27.5372,-36.7084)]
triangle[(-7.21496,-7.53279),(4.14488,2.52145),(-12.3713,21.1824)]
triangle[(-18.5035,-7.65142),(-15.8565,11.6966),(-35.6123,14.3993)]
triangle[(17.2901,-20.0383),(8.20954,-11.7832),(-0.525005,-21.3912)]
triangle[(12.6456,13.1816),(13.3621,1.9934),(28.9325,2.99052)]
triangle[(4.08592,14.5057),(-14.6653,14.3044),(-14.4241,-8.1578)]
triangle[(17.2245,19.7215),(-16.0727,-2.46714),(23.4004,-61.7022)]
triangle[(-11.0994,-4.87813),(12.6519,11.9961),(-18.9138,56.4264)]
triangle[(-14.21,-1.71168),(-11.1133,16.6631),(-36.5475,20.9496)]
triangle[(12.819,-15.0198),(-20.727,9.84781),(-51.8814,-32.179)]
triangle[(-2.36505,-12.0205),(17.2044,18.8167),(-23.7101,44.7813)]
triangle[(-14.6442,-0.704259),(0.724449,-0.295189),(0.142848,21.5555)]
triangle[(-18.5565,-7.62752),(-4.41859,-14.686),(6.68314,7.55027)]
triangle[(-10.9757,12.8858),(18.5299,15.2457),(15.3732,54.7124)]
triangle[(6.098,19.762),(17.9978,-15.7315),(83.3872,6.19132)]
triangle[(-15.471,-18.5777),(0.478302,-17.2999),(-2.0363,14.0855)]
triangle[(-8.00775,-17.2018),(6.85848,-11.9538),(-1.56957,11.9205)]
triangle[(3.55411,-20.0869),(-8.51297,-13.7773),(-20.1554,-36.0436)]
triangle[(-7.7128,20.7849),(-3.21089,1.74653),(25.4813,8.53122)]
triangle[(-2.43319,5.04124),(-5.22128,-8.7243),(9.91864,-11.7908)]
triangle[(20.4861,-8.01497),(20.666,4.78619),(0.953007,5.06323)]
triangle[(1.5698,-12.7724),(-8.07569,-4.69625),(-23.3793,-22.9736)]
triangle[(3.81947,-16.1072),(-11.112,20.6489),(-53.0662,3.60571)]
triangle[(-2.41306,-7.71629),(12.8245,-15.729),(23.0476,3.71203)]
triangle[(-5.82642,-3.115),(7.01321,7.01884),(-9.56162,28.0193)]
triangle[(18.825,-5.06658),(-0.909924,-3.51978),(-3.60777,-37.9405)]
triangle[(-20.3694,-2.1687),(-8.31678,-10.9842),(5.63615,8.09229)]
triangle[(-6.13836,-18.4751),(10.4221,-14.6983),(2.88376,18.356)]
triangle[(-11.379,-0.127891),(-2.19905,16.6304),(-21.5196,27.2139)]
triangle[(14.6913,13.7352),(13.0882,17.0956),(7.38888,14.3767)]
triangle[(-14.4552,10.7059),(-19.4006,18.2568),(-29.2865,11.7822)]
triangle[(-18.0579,13.1473),(-1.67046,-1.35302),(17.5833,20.4065)]
triangle[(-1.92647,-20.7971),(-11.3909,7.38064),(-66.9238,-11.272)]
triangle[(5.59263,-19.3155),(-6.08362,15.5275),(-70.6089,-6.09559)]
triangle[(-18.1602,-10.674),(0.412792,-16.3225),(11.2276,19.2381)]
triangle[(18.4491,5.53013),(15.0101,15.6798),(3.05113,11.6278)]
triangle[(18.7166,-1.27096),(-17.702,-4.53564),(-14.0487,-45.29)]
triangle[(8.66262,16.2827),(-18.7471,18.9579),(-21.8921,-13.2651)]
triangle[(2.14714,12.5952),(14.5778,-12.9996),(40.7485,-0.289187)]
triangle[(-16.1153,18.0668),(18.1151,-2.19642),(39.0696,33.2018)]
triangle[(-6.4622,12.9946),(-6.82027,7.21643),(0.566785,6.75867)]
triangle[(-18.5625,6.70555),(-15.3064,-18.8988),(34.9505,-12.5077)]
triangle[(-6.03829,17.1203),(17.779,-19.8544),(75.4703,17.3075)]
triangle[(6.35686,19.3828),(18.7266,8.47989),(35.593,27.6154)]
triangle[(-10.0057,-7.60778),(-1.72203,-13.4598),(4.38457,-4.81568)]
triangle[(11.9078,14.6471),(-11.0259,4.62432),(0.632751,-22.0525)]
triangle[(-1.45837,7.16339),(2.01615,-15.7662),(25.5047,-12.207)]
triangle[(-0.254018,-4.96103),(-17.5332,16.7863),(-55.9485,-13.7362)]
triangle[(12.3534,16.1866),(9.01146,12.9149),(15.0746,6.72172)]
triangle[(11.4237,4.20857),(-9.77717,-13.7423),(11.4951,-38.8659)]
triangle[(-20.3325,-19.8232),(7.14003,4.39471),(-34.7628,51.9288)]
triangle[(-14.0477,10.603),(-9.37458,1.94968),(6.76008,10.6631)]
triangle[(17.0145,14.0354),(-5.126,-3.77208),(24.8658,-41.0618)]
triangle[(-10.1005,-19.4033),(-16.1238,1.60745),(-37.949,-4.64934)]
triangle[(9.31724,-15.6939),(13.8124,-14.0054),(11.6378,-8.2159)]
triangle[(-4.8007,6.74232),(-20.8161,-13.8912),(0.216533,-30.2164)]
triangle[(-6.88185,0.480809),(15.2584,-17.315),(37.6137,10.4977)]
triangle[(-15.774,20.4294),(11.8697,-2.43791),(51.7369,45.7564)]
triangle[(-17.5066,12.9782),(-13.8958,-3.67253),(4.82333,0.386755)]
triangle[(-0.662562,-17.5741),(3.11776,-3.90525),(-19.2245,2.27385)]
triangle[(3.04661,-16.7981),(16.379,-4.82989),(-4.82482,18.7908)]
triangle[(-1.79788,6.82414),(-5.00364,-17.01),(20.9902,-20.5062)]
triangle[(7.76818,15.3636),(-7.82255,-8.45764),(22.7041,-28.437)]
triangle[(16.3077,-6.64223),(8.31008,13.1811),(-25.1164,-0.304659)]
triangle[(-17.4438,-2.84217),(-1.0937,-20.3875),(23.7912,2.80219)]
triangle[(10.5955,-4.35893),(-10.4035,3.76714),(-24.2491,-32.012)]
triangle[(15.6894,-5.21034),(11.8098,17.7385),(-24.7905,11.551)]
triangle[(4.23153,-3.24051),(-7.46883,18.5905),(-43.9913,-0.983825)]
triangle[(-18.5073,-15.4702),(14.3786,7.48447),(-15.3998,50.1463)]
triangle[(15.1344,-5.58528),(20.6858,0.365904),(11.6241,8.81891)]
triangle[(-3.07586,7.95093),(-11.706,-18.3228),(24.3835,-30.1772)]
triangle[(2.25268,-13.5519),(19.3741,2.84642),(-4.89154,28.1819)]
triangle[(2.25014,-17.3994),(-19.7328,18.5459),(-76.0306,-15.8839)]
triangle[(0.4148,-18.0959),(-4.05581,11.0591),(-58.1418,2.76557)]
triangle[(12.4909,-14.9732),(-11.952,-12.1806),(-17.4199,-60.0396)]
triangle[(11.4947,6.21504),(20.6015,-4.71327),(37.6095,9.45997)]
triangle[(13.0129,-10.2025),(-18.0937,-9.12944),(-20.0366,-65.4523)]
triangle[(6.23676,-5.60169),(-5.61053,15.3801),(-28.3057,2.56536)]
triangle[(14.133,-6.97227),(14.4066,-15.2035),(27.9484,-14.7535)]
triangle[(-4.80535,4.4212),(-13.6076,-18.7348),(22.6772,-32.5276)]
triangle[(-18.5073,7.8329),(-8.11217,19.9822),(-29.756,38.5011)]
triangle[(-5.15792,-13.8235),(3.90164,-7.67676),(-7.73136,9.46897)]
triangle[(20.3125,-5.91661),(-18.6027,15.8873),(-58.6974,-55.6728)]
triangle[(-10.2858,-9.47041),(5.19918,-14.3736),(14.8758,16.1861)]
triangle[(7.07711,-19.2796),(1.74256,-8.27871),(-9.91685,-13.9326)]
triangle[(-1.20166,-12.2402),(9.58088,-7.60849),(2.06427,9.89015)]
triangle[(5.45381,1.92542),(12.7006,-5.44443),(22.3686,4.06214)]
triangle[(6.34833,19.4394),(12.4463,20.157),(11.57,27.6041)]
triangle[(-4.88427,-11.4521),(-10.3723,0.807242),(-22.8581,-4.78215)]
triangle[(-11.7355,-20.818),(-0.383976,0.368467),(-25.4292,13.7876)]
triangle[(-9.62424,-6.32475),(-11.6396,10.2179),(-37.1096,7.11484)]
triangle[(4.46972,14.8289),(7.14097,-19.3268),(64.5841,-14.8343)]
triangle[(0.350779,4.92714),(-6.73516,-6.4033),(14.7898,-19.8647)]
triangle[(15.9615,-10.2369),(-4.94641,13.4406),(-37.7214,-15.5007)]
triangle[(0.805273,-7.55539),(-14.2842,-18.0898),(-2.62659,-34.7881)]
triangle[(-5.59519,-3.38259),(7.94019,-10.3846),(16.3445,5.86147)]
triangle[(-6.96452,-20.577),(20.2389,11.4011),(-34.9098,58.3155)]
triangle[(19.9732,5.54238),(19.7807,-8.04875),(46.3861,-8.42549)]
triangle[(0.484116,7.01933),(-19.8243,1.35711),(-10.7231,-31.2856)]
triangle[(6.94424,-10.0359),(20.921,-19.2696),(36.7623,4.70888)]
triangle[(8.19215,10.9062),(-3.93133,13.5544),(-6.74941,0.653512)]
triangle[(-0.384279,-8.17418),(14.6743,-1.58768),(3.30121,24.4146)]
triangle[(6.65728,-2.51912),(-18.9147,9.19051),(-35.2217,-26.4214)]
triangle[(-3.68839,8.43729),(-13.9323,5.35841),(-10.5367,-5.9391)]
triangle[(-9.91223,2.45115),(-6.49244,-6.66476),(5.16082,-2.2931)]
triangle[(-18.6171,4.39627),(12.9518,3.34495),(14.4604,48.6429)]
triangle[(17.9637,5.366),(-16.7045,0.3379),(-8.71377,-54.7571)]
triangle[(14.7763,-18.2084),(-2.22222,12.7672),(-33.7247,-4.52047)]
triangle[(1.83664,6.45131),(-16.5686,8.6201),(-19.6671,-17.6755)]
triangle[(18.3462,16.3155),(0.344047,-10.2158),(46.0769,-41.2466)]
triangle[(-14.096,-19.7342),(5.2937,9.38655),(-44.181,42.3286)]
triangle[(16.9879,16.778),(-3.09597,10.7393),(7.96406,-26.0446)]
triangle[(20.6602,13.3295),(4.19543,9.24603),(11.6574,-20.8412)]
triangle[(15.9239,-4.06052),(9.40273,7.47871),(-7.95403,-2.33005)]
triangle[(-1.21291,-17.9704),(-9.9931,7.99679),(-43.3283,-3.27471)]
triangle[(1.05824,3.92332),(-17.3496,-20.0574),(17.6775,-46.9445)]
triangle[(3.21895,-18.1893),(-2.26282,-18.5654),(-1.71783,-26.5091)]
triangle[(9.30835,-7.94129),(-4.35982,10.8507),(-37.1592,-13.0055)]
triangle[(15.3127,-20.3019),(3.86725,0.872254),(-26.6084,-15.6011)]
triangle[(20.5235,-20.5819),(-8.66611,-7.58922),(-21.708,-36.8894)]
triangle[(-9.1318,-9.15727),(0.403627,13.4074),(-23.2739,23.4131)]
triangle[(14.874,-3.61232),(-16.2425,2.33277),(-22.3837,-29.8101)]
triangle[(9.74562,-13.5802),(-1.07334,2.80239),(-31.9051,-17.5588)]
triangle[(-14.6847,-20.9521),(-14.5744,3.02244),(-57.2283,3.21871)]
triangle[(-9.4458,-3.76852),(12.5738,18.9785),(-10.4414,41.2576)]
triangle[(-10.9867,-20.2951),(17.251,-15.9625),(11.0215,24.6382)]
triangle[(9.95801,-18.8967),(-0.026578,-8.87999),(-16.3793,-25.1803)]
triangle[(0.975199,-15.4373),(-18.6309,15.9972),(-57.8513,-8.46497)]
triangle[(7.85893,-18.7447),(11.5393,-18.2312),(10.8765,-13.4809)]
triangle[(16.8489,-14.568),(16.4755,-6.08712),(2.71257,-6.69298)]
triangle[(11.0257,14.6295),(8.23564,11.7526),(12.4495,7.6659)]
triangle[(-18.6602,-13.021),(-2.58316,-14.4139),(-0.51223,9.48983)]
triangle[(-15.8235,-2.59491),(5.76918,15.3069),(-18.293,44.3302)]
triangle[(-15.5009,3.2705),(-11.2932,9.24071),(-21.706,16.5795)]
triangle[(3.29303,-4.39423),(-3.5158,11.9915),(-28.302,1.69195)]
triangle[(12.0551,9.55156),(-11.1493,4.23325),(-0.730824,-41.2236)]
triangle[(11.8389,-19.4346),(8.18417,-3.10648),(-18.8536,-9.15841)]
triangle[(20.1869,-16.0854),(8.04158,3.20006),(-15.9701,-11.9217)]
triangle[(7.96294,18.2817),(18.3829,-17.8971),(68.2006,-3.54893)]
triangle[(-20.1943,-7.06432),(12.8346,7.33881),(-14.5815,70.2086)]
triangle[(-6.42689,-16.8454),(15.9751,-14.574),(13.6839,8.02265)]
triangle[(8.65537,9.25351),(-4.30709,-10.9617),(27.1034,-31.1028)]
triangle[(-0.230966,-18.7503),(-6.14103,-10.9437),(-14.4105,-17.2042)]
triangle[(-10.5255,3.75547),(-8.16932,3.73267),(-8.13834,6.93434)]
triangle[(8.79714,8.04263),(16.544,-3.7318),(28.7839,4.32126)]
triangle[(13.2714,2.45635),(19.169,0.690286),(22.227,10.9022)]
triangle[(-3.50809,2.52215),(16.7361,-15.7169),(41.271,11.5153)]
triangle[(-4.60169,11.2416),(8.39203,19.0888),(-5.37701,41.8882)]
triangle[(8.69391,-1.2381),(16.2694,5.37227),(4.24523,19.1519)]
triangle[(-2.6005,-13.0279),(-7.31025,2.53449),(-23.2736,-2.29662)]
triangle[(13.6816,-13.133),(-8.92898,6.99189),(-39.0836,-26.8872)]
triangle[(-3.41752,-9.69026),(-0.889961,-0.6943),(-18.6926,4.30762)]
triangle[(-18.2679,-15.4399),(5.14458,-10.7931),(-2.83056,29.3892)]
triangle[(-13.9487,7.70546),(-6.07973,4.70595),(-0.797733,18.5628)]
triangle[(-11.4,11.545),(-4.17951,13.4084),(-7.35493,25.7133)]
triangle[(-15.3308,-7.11675),(-20.5145,12.2737),(-45.4058,5.61934)]
triangle[(-2.68385,-18.7816),(19.3349,-20.9044),(23.0394,17.5206)]
triangle[(12.6459,-1.72469),(-15.3064,1.5205),(-21.0186,-47.6817)]
triangle[(16.39,-18.1147),(9.28605,12.2547),(-35.8378,1.6995)]
triangle[(4.01476,-7.84531),(4.54752,7.87903),(-22.983,8.81178)]
triangle[(19.2878,-10.4075),(18.5892,-13.6957),(21.9712,-14.4143)]
triangle[(5.18555,12.515),(8.85538,-9.30519),(35.6346,-4.80131)]
triangle[(-8.4312,12.6178),(-11.7889,18.1445),(-20.9874,12.556)]
triangle[(12.6496,8.3643),(3.97056,-17.0403),(51.3928,-33.2413)]
triangle[(-11.8618,-4.31167),(18.6889,6.88377),(0.802002,55.6945)]
triangle[(5.58107,-0.440864),(-8.05314,10.3471),(-29.2328,-16.4206)]
triangle[(-20.7163,-16.5201),(0.494349,-18.7302),(4.13908,16.2496)]
triangle[(-20.6654,0.732262),(3.20289,-11.2489),(24.951,32.0768)]
triangle[(-3.56782,-6.8318),(18.9899,-18.4034),(35.2655,13.3243)]
triangle[(-11.8945,3.35711),(-16.8358,-1.68178),(-7.48469,-10.8518)]
triangle[(6.51845,16.1822),(2.64525,17.0863),(1.70292,13.0492)]
triangle[(-7.61848,-12.6033),(18.1404,6.75161),(-19.6591,57.0579)]
triangle[(8.2435,12.3091),(19.9537,-4.36024),(45.1067,13.3097)]
triangle[(-0.121459,17.3186),(17.1841,-7.59198),(63.7586,24.7636)]
triangle[(-1.87977,17.8253),(-20.3814,6.88747),(-1.57098,-24.9309)]
triangle[(19.2526,4.95962),(14.1477,16.4472),(-4.56135,8.13316)]
triangle[(10.1806,13.0189),(-9.74202,13.0009),(-9.71404,-17.984)]
triangle[(-5.99018,14.9314),(-10.5514,15.4891),(-11.2997,9.36875)]
triangle[(12.7545,-4.13543),(1.42589,-17.7342),(16.83,-30.5667)]
triangle[(18.7362,15.6581),(9.74976,-15.3112),(60.3292,-29.988)]
triangle[(-14.1728,11.3839),(2.80392,-16.0992),(34.7899,3.65917)]
triangle[(11.5646,9.78683),(-8.62193,9.7067),(-8.47027,-28.5017)]
triangle[(5.76608,4.21853),(-19.5338,16.9517),(-32.3679,-8.54876)]
triangle[(-14.6997,-3.79862),(4.72835,14.7149),(-30.6238,51.8135)]
triangle[(-16.2007,-1.42176),(-10.5031,-2.31962),(-9.50892,3.98927)]
triangle[(-17.8367,-12.6343),(14.2818,15.5904),(-19.7574,54.3256)]
triangle[(-13.8043,18.4195),(-16.1651,-11.9538),(40.9194,-16.3908)]
triangle[(-14.5156,-19.8784),(19.5213,-8.18892),(-0.494561,50.0923)]
triangle[(18.819,-20.7858),(-10.2301,19.6389),(-65.0937,-19.7859)]
triangle[(-0.852447,-20.5673),(-1.73905,-13.566),(-13.5291,-15.059)]
triangle[(-16.3335,-1.02386),(17.9897,5.60788),(8.36534,55.4199)]
triangle[(-4.97477,-5.74301),(-16.1908,16.2119),(-44.1562,1.92535)]
triangle[(15.147,7.72798),(5.39522,18.9997),(-7.91768,7.48199)]
triangle[(-9.64072,11.5673),(-18.6026,-18.2612),(30.3408,-32.9662)]
triangle[(8.18796,6.59499),(-14.4068,4.11998),(-10.398,-32.4761)]
triangle[(4.3345,13.7863),(10.0857,6.97518),(19.503,14.9271)]
triangle[(5.97559,8.38425),(-16.7909,8.4544),(-16.9032,-27.9952)]
triangle[(5.2975,-20.6351),(14.6476,-16.1113),(8.31498,-3.02265)]
triangle[(-17.285,-13.5665),(-16.6145,-7.63528),(-27.8324,-6.36716)]
triangle[(-0.980122,-16.9559),(10.2033,-10.6913),(-0.307642,8.07266)]
triangle[(19.3186,-17.0923),(19.9751,0.391061),(-14.5676,1.68812)]
triangle[(-19.3744,-11.4614),(-14.8542,13.5046),(-51.6395,20.1648)]
triangle[(-2.12592,20.8536),(15.4885,-4.26663),(45.1963,16.5646)]
triangle[(-2.03844,-15.5471),(-16.6231,15.1844),(-54.3528,-2.72151)]
triangle[(-1.99078,-9.82721),(9.9601,-16.4383),(22.5146,6.2567)]
triangle[(-19.2995,-2.0695),(-19.733,17.9204),(-51.8508,17.2238)]
triangle[(13.4663,-19.651),(14.8653,-14.1728),(5.56592,-11.7979)]
triangle[(9.06762,-13.5327),(4.88165,-15.2519),(7.30685,-21.1568)]
triangle[(-19.2988,11.5776),(5.95251,-20.264),(43.4143,9.44427)]
triangle[(12.3685,20.9332),(17.1022,-0.990861),(54.269,7.03387)]
triangle[(-4.86354,-17.7794),(15.0639,4.5837),(-14.0295,30.5085)]
triangle[(10.2248,-10.0062),(-12.8424,0.255671),(-27.4975,-32.6869)]
triangle[(13.5937,-10.3715),(-3.35429,-6.75293),(-7.03237,-23.9797)]
triangle[(17.1339,-1.77466),(17.9922,15.5501),(-1.14436,16.4982)]
triangle[(-19.2047,12.8213),(-14.1837,1.40241),(7.59964,10.9808)]
triangle[(14.179,-7.05019),(18.6065,-1.27356),(12.2459,3.60152)]
triangle[(-14.0521,-16.7972),(5.12296,-20.7526),(9.7746,1.79812)]
triangle[(-3.29254,4.57855),(-0.618687,7.01592),(-5.03992,11.8661)]
triangle[(19.8092,11.2873),(-10.5853,12.7568),(-12.1993,-20.6295)]
triangle[(2.36149,7.987),(6.79504,-4.36501),(23.4977,1.63015)]
triangle[(18.5396,1.79175),(-15.3397,16.5093),(-30.3102,-17.9522)]
triangle[(10.7382,6.5272),(1.20612,-17.2121),(33.1157,-30.0249)]
triangle[(0.272774,1.71315),(0.916561,18.0872),(-25.3936,19.1216)]
triangle[(-16.5768,-17.2131),(-10.4754,-2.30108),(-36.9692,8.53912)]
triangle[(1.48542,4.69998),(8.61681,-9.77498),(37.3509,4.38148)]
triangle[(-17.8544,10.5765),(-11.5153,19.8379),(-27.5698,30.8265)]
triangle[(17.1252,13.2291),(10.4646,15.519),(7.63857,7.29894)]
triangle[(2.54578,-11.4219),(10.7545,-0.26986),(-9.02346,14.2882)]
triangle[(-1.02123,19.2675),(-6.47763,2.03348),(21.5107,-6.82783)]
triangle[(-8.18868,6.33764),(-7.46126,2.50334),(-0.9307,3.74227)]
triangle[(8.67219,15.2442),(13.6736,5.64445),(29.1856,13.7261)]
triangle[(-3.61631,16.0218),(-11.062,14.3742),(-9.38042,6.77495)]
triangle[(-18.8807,20.2118),(-17.2029,6.9943),(-2.60392,8.84749)]
triangle[(14.1669,3.26978),(-17.131,-14.5237),(9.43947,-61.26)]
triangle[(-2.78212,-3.21567),(-4.45569,19.7785),(-50.1322,16.4541)]
triangle[(8.43618,-18.9703),(-10.0322,8.51872),(-56.9366,-22.9939)]
triangle[(-12.1626,-20.9679),(-8.37469,14.4096),(-73.054,21.335)]
triangle[(-14.0919,-19.99),(5.80667,-0.595835),(-31.3899,37.5683)]
triangle[(-6.61802,-19.1026),(-12.5007,-13.1564),(-22.9764,-23.5203)]
triangle[(12.9882,-7.29026),(-4.31755,-4.11156),(-9.66373,-33.2176)]
triangle[(-19.6997,1.54545),(16.0722,2.01345),(15.34,57.9754)]
triangle[(-1.81317,15.2012),(-19.3622,-13.7328),(24.4165,-40.2856)]
triangle[(4.85193,-17.9271),(-14.3114,16.8001),(-76.8823,-17.7281)]
triangle[(20.2552,-9.15947),(10.5354,10.9878),(-21.3249,-4.38268)]
triangle[(17.9238,-9.25436),(6.3087,1.08666),(-6.63527,-13.4521)]
triangle[(6.16706,-4.14794),(13.8595,14.7899),(-9.98557,24.4756)]
triangle[(20.4979,-4.26156),(-16.0831,20.1606),(-52.4501,-34.3121)]
triangle[(-10.5887,9.13064),(-19.4309,-10.4587),(16.1846,-26.5347)]
triangle[(3.92222,20.4953),(16.7706,-11.7071),(61.4368,6.11419)]
triangle[(2.65094,-20.4438),(2.88266,13.5914),(-44.9489,13.917)]
triangle[(-12.3663,-18.761),(-4.52796,-0.940305),(-23.4994,7.40414)]
triangle[(-10.6821,16.9291),(7.04901,-15.9298),(66.9133,16.3737)]
triangle[(-7.02117,11.4079),(-0.428138,-12.111),(43.6885,0.256197)]
triangle[(13.578,14.2335),(-15.7455,-19.0644),(46.9134,-74.2444)]
triangle[(-0.178043,18.5052),(-6.08716,14.9677),(0.151373,4.54656)]
triangle[(-4.14384,18.595),(13.1998,11.6523),(23.6984,37.8789)]
triangle[(4.24287,-8.85234),(-8.36723,-12.6597),(-0.824902,-37.64)]
triangle[(18.6112,9.84096),(-17.8023,-3.18666),(6.83497,-72.0501)]
triangle[(-9.09882,18.8429),(-11.4433,13.3014),(-0.856939,8.82257)]
triangle[(12.5463,-7.3673),(6.77662,-2.44907),(-0.641324,-11.1513)]
triangle[(7.86171,-6.62396),(-9.09058,6.12757),(-26.9342,-17.5943)]
triangle[(-16.4588,17.9676),(15.7599,4.3108),(34.6634,48.9073)]
triangle[(-1.44531,5.75837),(18.4899,13.5873),(8.2437,39.6775)]
triangle[(14.0481,5.47828),(15.8823,-5.98673),(34.4799,-3.01131)]
triangle[(-3.45683,-16.4207),(-13.4639,15.597),(-64.073,-0.220806)]
triangle[(-4.31018,-15.6425),(18.7548,6.16544),(-14.6243,41.4684)]
triangle[(-18.8364,-5.87303),(0.575407,15.1532),(-20.9446,35.0209)]
triangle[(-3.9836,-4.29551),(4.27426,3.16804),(-10.1681,19.1474)]
triangle[(18.9103,-15.127),(-3.32593,-7.66804),(-13.8199,-38.9519)]
triangle[(-5.11105,4.6254),(0.89905,1.95987),(5.32984,11.9502)]
triangle[(19.3945,18.9852),(-1.3327,-18.904),(68.4727,-57.091)]
triangle[(-9.06528,15.2805),(19.758,0.986076),(37.9047,37.5771)]
triangle[(-9.47006,-5.51077),(-16.8123,-3.06838),(-19.9617,-12.5359)]
triangle[(14.4476,-8.86449),(-5.56363,15.6274),(-48.6713,-19.594)]
triangle[(3.5087,-6.20694),(11.195,-5.46222),(9.99515,6.92169)]
triangle[(-3.18665,10.7725),(7.6491,-5.43562),(26.1652,6.94308)]
triangle[(17.5841,15.3976),(-4.55151,-18.8117),(37.8239,-46.2313)]
triangle[(-1.89602,-20.3193),(-1.26333,15.2017),(-48.4167,16.0416)]
triangle[(-11.1221,2.69582),(7.05446,1.90543),(8.32386,31.0973)]
triangle[(-20.8724,-17.8309),(19.6256,-17.2811),(18.9145,35.0937)]
triangle[(2.28327,-15.1774),(-1.99539,-16.024),(-0.977444,-21.1686)]
triangle[(16.7909,-1.62385),(-6.50307,-14.3942),(18.8383,-60.6187)]
triangle[(-4.0934,-4.56455),(18.2148,19.3618),(-22.528,57.3491)]
triangle[(-3.69023,18.1857),(7.79778,3.18873),(36.586,25.2411)]
triangle[(0.155664,20.9),(16.8286,14.5464),(27.7255,43.1415)]
triangle[(9.66108,-19.7881),(-7.35739,-20.4144),(-6.16751,-52.7468)]
triangle[(8.54434,1.211),(-13.288,11.0502),(-27.828,-21.213)]
triangle[(-7.19426,-10.2326),(-19.5817,-13.0831),(-15.4155,-31.1883)]
triangle[(15.3455,10.3639),(-4.8247,18.6153),(-13.3682,-2.26902)]
triangle[(18.5494,17.8567),(-4.79264,-19.8957),(50.5941,-54.141)]
triangle[(-18.2475,-5.39341),(13.6828,-0.66665),(7.95605,38.019)]
triangle[(-16.6926,-0.316552),(13.7472,20.0646),(-15.1558,63.2322)]
triangle[(-14.9762,-19.5389),(3.73878,-14.4095),(-5.57261,19.5641)]
triangle[(0.782324,-18.2739),(12.3584,-20.57),(15.9421,-2.50236)]
triangle[(4.89679,-13.2131),(11.4227,7.75242),(-28.9427,20.3168)]
triangle[(8.99846,20.7051),(13.2849,-9.95814),(51.6312,-4.59769)]
triangle[(4.09515,-6.36504),(9.8328,10.4424),(-23.0668,21.6735)]
triangle[(0.859978,7.02765),(-2.35603,12.9935),(-11.9383,7.82806)]
triangle[(15.3727,19.0585),(-6.74485,6.86802),(15.1605,-32.8755)]
triangle[(10.7831,19.4802),(16.8538,-10.2798),(60.1256,-1.45291)]
triangle[(-13.1345,11.2882),(19.415,-9.9846),(56.1703,46.2548)]
triangle[(-8.08864,-17.9467),(5.62913,-11.9487),(-5.86733,14.3441)]
triangle[(-20.6604,11.7997),(17.6875,-7.07772),(38.7305,35.6693)]
triangle[(-13.6233,10.4395),(-2.2629,-20.6518),(30.2088,-8.78699)]
triangle[(-19.7767,-8.08046),(4.88701,15.9251),(-34.424,56.3138)]
triangle[(12.4418,18.1486),(-5.35025,4.74634),(11.9852,-18.2671)]
triangle[(10.5417,-0.22472),(-19.2855,6.27334),(-29.1136,-38.8393)]
triangle[(1.81526,-11.3488),(11.1756,-20.4664),(28.8155,-2.35683)]
triangle[(12.5039,20.0984),(4.93507,3.35179),(33.3551,-9.49293)]
triangle[(-20.0802,-15.2924),(12.1402,16.4325),(-22.797,51.9154)]
triangle[(7.95811,-3.48658),(18.5474,-6.53317),(23.3627,10.2039)]
triangle[(-11.7257,7.64672),(14.2803,-19.9928),(56.5264,19.7566)]
triangle[(20.2748,-16.5189),(-5.43789,-20.4026),(0.636917,-60.6222)]
triangle[(5.92866,-3.08701),(-15.2372,7.03482),(-32.7265,-29.5373)]
triangle[(-0.158832,19.2516),(20.8363,2.23468),(42.0327,28.3864)]
triangle[(20.8451,5.07265),(-18.2698,19.9686),(-36.631,-28.2457)]
triangle[(17.9002,3.43217),(18.8062,-16.3916),(56.904,-14.6504)]
triangle[(1.33981,-8.84753),(-13.1708,-19.2305),(2.28346,-40.8284)]
triangle[(4.00979,2.76914),(-7.40723,-12.7259),(21.0368,-33.684)]
triangle[(18.4542,-6.77903),(-11.4201,19.6964),(-39.0026,-11.4271)]
triangle[(-4.58233,2.50638),(9.56641,4.45967),(5.90948,30.9488)]
triangle[(14.0062,-4.70551),(-17.8322,-12.7491),(-5.53262,-61.4337)]
triangle[(4.04636,6.749),(20.7607,-7.34028),(47.9347,24.8967)]
triangle[(-7.203,-8.63384),(11.6539,-12.497),(18.617,21.4919)]
triangle[(-7.01738,8.66623),(7.06247,19.2092),(-7.60423,38.7962)]
triangle[(19.2927,12.3751),(-7.36789,-3.22983),(17.5896,-45.8689)]
triangle[(-11.3687,16.1214),(4.21353,-0.76719),(36.7987,29.2975)]
triangle[(17.5699,-19.3466),(3.83036,8.63108),(-41.5161,-13.6381)]
triangle[(-17.2202,-2.77135),(8.4093,12.7628),(-9.12353,41.6899)]
triangle[(-19.7308,-3.47208),(5.24558,6.24791),(-10.5855,46.9274)]
triangle[(16.0716,-18.962),(11.9397,3.47641),(-16.5041,-1.76135)]
triangle[(8.42232,-6.45626),(-11.3945,-13.132),(-1.02014,-43.928)]
triangle[(-7.29065,4.74353),(8.73282,-16.6746),(45.496,10.8289)]
triangle[(-11.8608,-17.4595),(18.3981,5.65547),(-25.546,63.1809)]
triangle[(2.51248,20.3154),(10.7632,15.3186),(20.2271,30.9454)]
triangle[(-3.1762,3.98809),(-15.7354,0.574269),(-9.37784,-22.8148)]
triangle[(15.601,13.4519),(3.05653,9.07449),(10.3829,-11.9207)]
triangle[(-13.3833,-6.943),(19.2834,18.1686),(-8.26112,54.0003)]
triangle[(-7.36689,-16.3041),(-16.7134,17.0599),(-54.7147,6.41433)]
triangle[(-7.3193,-0.278716),(-0.422261,13.2803),(-26.9273,26.7626)]
triangle[(-11.8019,3.55911),(-16.8209,1.46172),(-13.7632,-5.85515)]
triangle[(-1.33721,-4.54351),(9.13267,-16.5849),(28.5017,0.256209)]
triangle[(0.447237,-20.3545),(17.2424,11.3452),(-30.3187,36.5441)]
triangle[(-11.6582,-20.4936),(0.536256,-11.4223),(-15.0949,9.59058)]
triangle[(-2.85679,-19.493),(20.8048,16.6494),(-37.7422,54.9787)]
triangle[(15.1504,9.16525),(19.265,1.36528),(29.9574,7.00572)]
triangle[(-13.5191,-9.09617),(6.70664,-1.85345),(-0.623725,18.617)]
triangle[(-0.753809,1.3015),(-4.88277,-7.42542),(6.44471,-12.7848)]
triangle[(15.3941,-20.3212),(8.74906,-15.4141),(-0.495497,-27.9328)]
triangle[(20.9181,3.06439),(17.4179,16.0932),(2.14803,11.991)]
triangle[(19.5962,17.2892),(5.25192,0.697948),(24.4858,-15.9311)]
triangle[(-7.55968,20.2238),(-18.9109,13.7314),(-8.66673,-4.17909)]
triangle[(7.20742,16.0734),(4.64201,7.18387),(13.6507,4.58408)]
triangle[(16.0482,13.8931),(-18.2571,-5.63194),(8.74187,-53.069)]
triangle[(2.65247,-13.2573),(0.235915,17.8935),(-54.8652,13.619)]
triangle[(-8.90953,-9.95461),(-16.1927,-15.6889),(-4.7572,-30.2131)]
triangle[(-4.34493,5.40452),(-4.84944,8.79934),(-9.63241,8.08853)]
triangle[(-9.18218,16.1399),(19.2353,14.4676),(22.0806,62.8191)]
triangle[(0.55926,-14.2859),(8.71331,15.8392),(-22.279,24.228)]
triangle[(7.28544,-5.45302),(-6.98431,15.4064),(-29.9629,-0.313101)]
triangle[(15.1215,7.57581),(12.3172,1.06593),(24.056,-3.99083)]
triangle[(8.4983,7.82901),(-4.34054,-18.4786),(37.9794,-39.1319)]
triangle[(-15.396,-1.01258),(3.5188,16.5547),(-29.583,52.1955)]
triangle[(-14.7963,-5.00746),(-6.83871,18.4158),(-50.5271,33.258)]
triangle[(17.6572,-17.6061),(-1.45119,-20.2386),(2.00091,-45.2964)]
triangle[(-14.7593,-5.41806),(9.82109,-19.7238),(28.572,12.4945)]
triangle[(-8.32851,18.7371),(9.99226,-4.91522),(44.012,21.436)]
triangle[(-0.855568,1.06881),(6.59581,15.1048),(-10.8242,24.3527)]
triangle[(-14.0405,-12.3845),(-10.2207,-5.30584),(-17.6652,-1.28859)]
triangle[(-5.64009,-19.2549),(-5.75227,15.1603),(-54.7921,15.0004)]
triangle[(15.8545,10.1979),(9.07223,4.91023),(18.3777,-7.02545)]
triangle[(-13.4916,-11.4979),(-18.2073,3.31239),(-46.707,-5.76219)]
triangle[(1.13197,20.9698),(-9.55605,-19.1468),(54.8723,-36.312)]
triangle[(-6.15487,-16.3829),(6.45604,12.871),(-26.7356,27.1794)]
triangle[(0.0984646,-15.2433),(-10.458,-17.5977),(-6.4561,-35.5409)]
triangle[(-17.3626,-1.86048),(-19.4736,15.6746),(-44.1497,12.7039)]
triangle[(5.05345,-4.09916),(-20.1705,-19.2922),(-4.39094,-45.4899)]
triangle[(19.23,0.915495),(20.6312,-8.93423),(33.3398,-7.12628)]
triangle[(-0.530416,-19.5412),(20.8192,-10.5696),(9.90518,15.4027)]
triangle[(10.9421,-12.7525),(-5.44728,17.1824),(-62.512,-14.0606)]
triangle[(6.95255,20.6638),(-1.95534,-18.2125),(50.1889,-30.1605)]
triangle[(18.6264,1.82253),(2.49647,19.3297),(-21.0549,-2.36896)]
triangle[(-13.1895,-7.79489),(-0.804587,5.43148),(-18.5211,22.0208)]
triangle[(7.66654,-11.4278),(-5.28109,16.2306),(-41.5304,-0.738669)]
triangle[(-13.8792,-15.8954),(13.9017,-20.4236),(19.7686,15.5703)]
triangle[(-7.03209,5.87103),(-7.04878,18.9925),(-29.9514,18.9634)]
triangle[(5.73247,-4.34034),(-6.05237,3.61929),(-14.5067,-8.89801)]
triangle[(13.9636,16.1057),(17.6892,-8.82516),(51.4848,-3.77493)]
triangle[(15.084,-0.633935),(-20.105,2.59467),(-24.7391,-47.9131)]
triangle[(-13.9201,-20.098),(-12.2671,14.5383),(-76.3473,17.5965)]
triangle[(2.22369,19.8389),(-17.8856,11.136),(-8.6758,-10.1447)]
triangle[(8.3285,-2.11213),(12.6462,12.1889),(-7.91536,18.3968)]
triangle[(-20.3741,1.81643),(-7.64688,-5.87857),(4.91062,14.8911)]
triangle[(-7.67057,-4.02183),(-17.9489,8.05408),(-35.3175,-6.7291)]
triangle[(5.93678,-6.94868),(-19.9251,1.47197),(-35.13,-45.226)]
triangle[(12.8922,15.9055),(2.05836,19.9203),(-2.05759,8.81328)]
triangle[(-13.8082,4.38493),(14.5132,1.1482),(18.5157,36.1704)]
triangle[(-15.2373,20.5158),(-10.4334,19.6309),(-8.69396,29.0749)]
triangle[(1.24574,-18.8412),(10.2425,15.6504),(-41.8213,29.2306)]
triangle[(1.73995,-5.47702),(-11.0137,6.00919),(-24.52,-8.98741)]
triangle[(-15.7794,1.42622),(-15.8184,8.52916),(-23.9631,8.48446)]
triangle[(9.52837,19.5145),(-12.012,-11.0361),(47.4884,-52.9882)]
triangle[(-18.7159,-16.1575),(11.66,17.4022),(-22.4783,48.3017)]
triangle[(6.21905,-17.2385),(-17.4304,-20.504),(-14.1555,-44.2216)]
triangle[(10.842,1.36689),(14.831,15.3644),(-10.8787,22.6912)]
triangle[(-13.3949,8.64051),(15.8598,8.19055),(16.5061,50.206)]
triangle[(8.64465,-5.57581),(-4.10485,18.7535),(-50.8113,-5.72258)]
triangle[(19.6317,-4.9555),(-14.5138,14.9574),(-35.9104,-21.7322)]
triangle[(-18.9428,18.0715),(4.2632,12.5061),(13.7609,52.1082)]
triangle[(4.02387,6.15507),(7.302,5.4958),(8.20018,9.9619)]
triangle[(-6.93924,-4.46877),(-13.781,-12.909),(1.83854,-25.5704)]
triangle[(-16.1678,18.216),(-20.8413,9.62788),(-9.46758,3.43847)]
triangle[(-3.16837,-7.40195),(-18.1913,-17.1222),(-7.57872,-33.5242)]
triangle[(-3.13668,15.6862),(2.50194,12.6873),(6.46042,20.13)]
triangle[(-6.1632,-11.5045),(-17.2954,-10.9862),(-17.8647,-23.2128)]
triangle[(7.72196,-13.8423),(8.27411,-5.7443),(-5.01604,-4.83813)]
triangle[(13.1191,19.5247),(12.3394,-20.7566),(65.0252,-21.7764)]
triangle[(18.0372,1.56474),(-10.7175,-6.50484),(-1.4704,-39.4557)]
triangle[(9.50696,1.29137),(5.47418,-15.0821),(30.1571,-21.1615)]
triangle[(-2.40121,-15.5888),(-15.1466,1.14974),(-32.398,-11.9861)]
triangle[(-4.58992,-17.9621),(-13.58,-6.92099),(-27.4142,-18.1854)]
triangle[(0.507034,18.3658),(-8.81455,-18.464),(44.8589,-32.0486)]
triangle[(6.29139,4.76395),(-14.7925,14.3492),(-27.7338,-14.1166)]
triangle[(2.52111,-16.9693),(12.4003,-16.2025),(11.0176,1.61162)]
triangle[(0.585604,-18.4924),(-14.7204,-18.424),(-14.8367,-44.4571)]
triangle[(11.0653,-17.1254),(5.18522,-17.1551),(5.23593,-27.1789)]
triangle[(5.20695,3.04952),(-2.94175,4.21825),(-4.19219,-4.50011)]
triangle[(10.7385,17.9602),(20.9346,12.5614),(31.2195,31.9854)]
triangle[(-9.89806,-5.04517),(-12.2949,-14.3),(-1.22689,-17.1664)]
triangle[(4.3233,-14.9041),(-17.8797,-8.35519),(-30.5757,-51.3987)]
triangle[(-11.7458,-20.7496),(16.7504,20.931),(-35.1286,56.3997)]
triangle[(2.27349,-14.9904),(-12.9899,-4.99523),(-26.8671,-26.1867)]
triangle[(-1.6772,-0.462139),(-16.4108,-7.21574),(-8.42087,-24.6464)]
triangle[(-15.3597,14.7861),(-17.3811,-17.0203),(16.3701,-19.1653)]
triangle[(4.42597,12.2191),(-18.393,-9.85705),(5.60069,-34.658)]
triangle[(2.4018,-1.68475),(7.32695,-11.8538),(25.2013,-3.19672)]
triangle[(15.8487,-12.8087),(4.75621,-17.0069),(9.6773,-30.0095)]
triangle[(19.6453,6.94491),(-5.79567,19.9396),(-27.6645,-22.875)]
triangle[(-20.7401,14.3336),(-10.8539,1.97424),(12.1593,20.3824)]
triangle[(9.79333,1.06453),(-4.34102,-7.71618),(7.05878,-26.0665)]
triangle[(-17.3804,13.7761),(-7.82931,-3.53074),(22.0839,12.9773)]
triangle[(1.74058,5.83539),(2.842,-0.568403),(11.1249,0.856211)]
triangle[(-13.3197,-7.38847),(-15.171,8.56073),(-32.5168,6.54733)]
triangle[(0.553526,8.34933),(14.3803,-18.6026),(50.5267,-0.0589662)]
triangle[(1.54217,9.766),(-20.8524,7.17968),(-17.0089,-26.1004)]
triangle[(20.7437,15.7318),(-5.84019,9.71177),(3.87788,-33.2026)]
triangle[(-0.157615,-20.9226),(14.2365,12.2608),(-34.3589,33.3402)]
triangle[(-11.8924,4.83804),(15.445,-19.1026),(48.374,18.4984)]
triangle[(-10.3362,-20.9114),(-10.6834,7.71832),(-53.3978,7.20036)]
triangle[(-6.90106,-10.1836),(-3.1413,7.08117),(-24.437,11.7188)]
triangle[(5.86638,-0.911563),(18.6548,-10.9602),(37.6676,13.2366)]
triangle[(5.11076,14.338),(8.59911,1.83219),(21.9396,5.55339)]
triangle[(19.9587,2.90503),(6.59663,-12.2206),(24.4191,-27.9651)]
triangle[(-18.9138,11.7348),(20.4469,11.2997),(21.2327,82.3988)]
triangle[(16.6965,1.13539),(-15.0904,9.95839),(-26.5329,-31.266)]
triangle[(18.9693,-17.9961),(-2.26907,18.5109),(-48.4934,-8.38062)]
triangle[(17.1859,-6.24659),(19.4365,-7.37338),(21.3406,-3.5701)]
triangle[(15.1384,-9.34367),(9.07837,13.0461),(-23.7532,4.15985)]
triangle[(-14.594,1.0394),(5.34757,-5.75345),(13.6201,18.5319)]
triangle[(16.6582,13.6097),(-10.0426,-16.0352),(26.1974,-48.6762)]
triangle[(2.71386,-19.5391),(12.6673,14.7695),(-55.5193,34.5513)]
triangle[(6.8999,18.4795),(8.93509,20.5937),(6.15949,23.2655)]
triangle[(18.8577,5.89587),(-8.88887,6.00692),(-9.08861,-43.9009)]
triangle[(20.7554,20.435),(5.4087,-10.3393),(63.7637,-39.4402)]
triangle[(-16.5025,-11.4334),(-18.7205,-5.13816),(-30.8295,-9.40452)]
triangle[(20.7752,-9.07524),(11.857,-11.5747),(14.8327,-22.1922)]
triangle[(2.09481,-19.8355),(-0.2425,-12.8299),(-13.0071,-17.0885)]
triangle[(19.7903,17.7185),(-6.26974,12.9457),(0.110308,-21.8902)]
triangle[(-12.5261,2.57812),(-8.20598,-19.8559),(16.3127,-15.1343)]
triangle[(-4.55099,20.4678),(3.99249,14.4449),(10.2622,23.3386)]
triangle[(-10.7562,-18.0368),(12.5814,-18.5802),(13.4701,19.5863)]
triangle[(3.73118,-12.4656),(1.97657,-5.96386),(-9.81261,-9.14537)]
triangle[(13.8072,-12.7521),(1.26267,9.04949),(-38.5078,-13.8344)]
triangle[(-11.9569,1.84852),(17.3125,9.65389),(8.2379,43.6827)]
triangle[(-13.6451,-6.3571),(-0.427275,-6.63962),(-0.0425368,11.3606)]
triangle[(-2.79536,-5.94668),(18.7773,-10.9167),(24.5986,14.3514)]
triangle[(8.39564,12.6052),(-8.14088,-0.0806433),(13.0945,-27.7619)]
triangle[(-10.3736,-14.4024),(20.0191,-8.54739),(8.45232,51.494)]
triangle[(-0.603294,-8.42673),(-9.55855,13.8018),(-34.774,3.64315)]
triangle[(15.9383,11.9541),(11.2087,-7.30428),(39.6791,-14.2963)]
triangle[(-10.7837,7.49197),(-20.0981,-0.274755),(-7.8526,-14.9605)]
triangle[(16.0193,-20.9819),(1.49187,2.06807),(-38.1698,-22.929)]
triangle[(-19.2585,-2.10002),(-9.49672,-9.38715),(0.151232,3.5372)]
triangle[(-12.9806,-3.49828),(2.57562,-16.8488),(21.1541,4.79906)]
triangle[(15.0991,6.25022),(11.8324,-2.5413),(21.6808,-6.20081)]
triangle[(-10.4552,16.2785),(11.6947,20.2193),(4.20553,62.3141)]
triangle[(11.8653,6.84213),(-9.14813,-4.66598),(11.5624,-42.4828)]
triangle[(0.536027,8.81026),(7.64405,9.8139),(6.03498,21.2097)]
triangle[(-6.31272,6.18223),(20.4924,-10.5143),(47.5182,32.8738)]
triangle[(5.75999,1.87661),(1.76785,-20.8444),(43.0268,-28.0937)]
triangle[(17.8485,7.98058),(-0.527805,13.8041),(-9.27862,-13.8092)]
triangle[(-1.68246,2.29548),(-20.1054,-14.66),(3.69887,-40.5245)]
triangle[(18.8672,10.9376),(-5.28158,-12.6934),(27.8912,-46.5931)]
triangle[(-18.0674,18.7829),(-12.1605,-1.53492),(27.9438,10.1245)]
triangle[(-1.43349,0.710529),(14.2775,-2.26496),(19.6292,25.9925)]
triangle[(3.18051,2.12443),(16.6743,-0.191427),(20.5202,22.2174)]
triangle[(10.9761,-0.825995),(6.63567,0.584694),(4.11017,-7.18579)]
triangle[(-8.95751,15.1631),(-11.1156,17.4404),(-14.129,14.5848)]
triangle[(-8.63924,17.1717),(3.24935,-18.6378),(46.9103,-4.14254)]
triangle[(3.93905,-6.43556),(-16.5538,7.05744),(-39.6622,-28.039)]
triangle[(16.8757,-20.3848),(18.1784,-6.5507),(2.15833,-5.04212)]
triangle[(-6.70043,10.0616),(9.89449,-8.06679),(38.6407,18.2478)]
triangle[(-15.4067,-11.777),(-18.038,8.70475),(-40.4937,5.81981)]
triangle[(-13.9707,8.7778),(-10.0936,7.28292),(-7.90174,12.9677)]
triangle[(-0.441068,16.6674),(-2.88213,11.5226),(4.14758,8.18722)]
triangle[(-0.831583,-6.76818),(-8.75789,15.3863),(-40.9738,3.86034)]
triangle[(-17.629,-13.1629),(-14.9231,-19.6363),(-3.22548,-14.7466)]
triangle[(-17.6838,-7.90215),(-4.48761,11.0698),(-26.0678,26.0801)]
triangle[(7.39539,8.10405),(-6.53098,-9.63055),(12.619,-24.6684)]
triangle[(-9.39367,3.26732),(-9.17118,8.86054),(-16.1248,9.13715)]
triangle[(-1.89851,4.38248),(-8.39764,20.1992),(-28.4416,11.9631)]
triangle[(-17.5245,-7.91063),(-12.1602,2.00867),(-26.2287,9.61683)]
triangle[(-0.33722,-17.3941),(-7.43539,-7.2517),(-25.1247,-19.6316)]
triangle[(17.0002,6.84972),(11.2546,-5.51396),(28.4533,-13.5065)]
triangle[(18.0108,2.07929),(15.5612,13.9734),(-6.65583,9.39777)]
triangle[(8.98834,-15.3826),(-15.4333,-1.9844),(-30.5133,-29.4716)]
triangle[(-18.2851,19.2527),(8.57135,12.1625),(18.3346,49.1443)]
triangle[(7.04873,-4.54189),(-1.21895,19.943),(-29.6398,10.3462)]
triangle[(11.3026,-6.96455),(15.855,-8.46179),(17.4462,-3.62372)]
triangle[(19.1016,7.0227),(15.0088,-0.361515),(22.808,-4.68434)]
triangle[(-5.15799,17.3178),(17.6236,11.8134),(26.0409,46.6512)]
triangle[(-17.4368,4.63484),(6.63448,-16.7861),(35.8865,16.0851)]
triangle[(-17.8863,10.2316),(12.996,2.11871),(22.3717,37.8082)]
triangle[(-2.98933,17.9612),(-0.780625,-13.615),(33.8762,-11.1908)]
triangle[(2.76056,18.8862),(15.6936,12.6529),(22.7184,27.2282)]
triangle[(1.86948,9.72018),(-15.3023,-4.28213),(12.2429,-38.0623)]
triangle[(-10.7608,-0.143514),(-16.1137,-3.73474),(-8.98128,-14.3662)]
triangle[(-6.38325,-16.7595),(-2.89275,7.05538),(-33.6275,11.5601)]
triangle[(4.77697,-13.8471),(-4.52482,-6.31667),(-18.0332,-23.0025)]
triangle[(20.3867,9.67981),(12.6078,-4.60739),(40.9101,-20.017)]
triangle[(-18.2432,0.608814),(3.51333,-2.76909),(7.92802,25.6652)]
triangle[(-19.4192,0.711106),(16.3512,-19.3846),(54.633,48.7572)]
triangle[(-8.55848,6.05149),(-0.595562,-19.8668),(38.7839,-7.76815)]
triangle[(11.7956,6.63255),(3.58175,-17.3817),(49.687,-33.1515)]
triangle[(-6.00919,19.8095),(-1.86762,6.03781),(24.9946,14.1161)]
triangle[(14.2604,10.3425),(20.3829,0.832315),(36.7969,11.3992)]
triangle[(4.49437,-15.9967),(-3.54428,7.17171),(-26.9435,-0.947006)]
triangle[(11.9991,-18.62),(-7.85463,5.26957),(-44.4165,-25.1156)]
triangle[(-18.7515,4.19122),(-17.3238,11.9405),(-25.7944,13.5011)]
triangle[(-16.3861,2.17057),(-16.9911,-10.3283),(-0.345508,-11.134)]
triangle[(2.82229,8.55019),(8,-16.175),(44.1586,-8.60295)]
triangle[(5.80674,16.1304),(-7.78785,6.65011),(6.11715,-13.2895)]
triangle[(-11.1125,0.737666),(-2.44633,9.01602),(-12.3995,19.4355)]
triangle[(-15.8578,-0.564906),(10.465,1.71376),(7.30489,38.2188)]
triangle[(-18.9592,2.21702),(4.35966,6.86329),(-1.01917,33.8587)]
triangle[(-3.17737,9.20435),(-6.26672,-10.0687),(24.7552,-15.0413)]
triangle[(-15.1857,15.6178),(20.0483,2.13252),(38.8016,51.1306)]
triangle[(17.9607,-11.4663),(-9.49499,13.9987),(-50.7164,-30.4451)]
triangle[(-9.1145,-2.39106),(20.1993,11.8912),(2.11424,49.0102)]
triangle[(15.4242,-16.8981),(6.50824,-3.97296),(-11.8318,-16.6241)]
triangle[(-20.5311,-3.37471),(-3.91753,-10.2124),(9.72718,22.94)]
triangle[(-4.49019,15.7687),(18.6722,1.18354),(44.9655,42.9394)]
triangle[(-4.52287,14.0161),(-18.6651,8.89753),(-11.4071,-11.1559)]
triangle[(12.4226,20.7222),(3.47194,-6.01032),(38.5126,-17.7428)]
triangle[(-8.55259,17.8685),(-15.8828,14.0848),(-10.3552,3.37635)]
triangle[(20.9985,5.94646),(-4.85758,-4.00737),(12.6294,-49.4315)]
triangle[(10.538,14.2586),(11.7206,4.21045),(29.0895,6.25468)]
triangle[(-14.6961,18.2526),(0.718763,-11.618),(48.5912,13.0867)]
triangle[(3.3582,-20.6791),(10.9971,-10.791),(-4.4167,1.11667)]
triangle[(-10.1237,0.868224),(1.04821,-13.6868),(28.3849,7.29582)]
triangle[(7.82314,-15.5519),(19.9039,-17.6612),(22.8229,-0.943401)]
triangle[(-4.9131,8.88082),(-17.3697,6.26662),(-13.3553,-12.8615)]
triangle[(-8.22352,18.7594),(0.465748,-12.9739),(36.164,-3.1989)]
triangle[(-3.59817,2.19852),(-12.4502,-1.36586),(-5.7688,-17.9591)]
triangle[(20.1989,12.6989),(-4.03206,10.2745),(-0.557428,-24.4535)]
triangle[(4.02151,-6.78779),(5.00117,-20.5696),(26.4262,-19.0467)]
triangle[(-4.37601,18.2378),(-13.7011,8.61701),(-3.14953,-1.61033)]
triangle[(-10.6912,-16.2136),(-1.01117,16.0195),(-53.7498,31.8577)]
triangle[(16.5337,-6.27659),(-20.8351,-8.9552),(-15.8554,-78.425)]
triangle[(11.0923,3.13847),(-18.3112,-2.54632),(-7.12593,-60.3999)]
triangle[(1.25061,-20.5875),(-14.5602,-16.691),(-21.7633,-45.9189)]
triangle[(3.64224,7.44303),(4.08861,-0.586627),(17.5052,0.159199)]
triangle[(-1.84,5.38621),(19.6235,-11.3101),(51.3044,29.4164)]
triangle[(-17.4345,-8.35175),(15.3271,-15.4889),(27.4394,40.1102)]
triangle[(-17.9826,7.17311),(6.82162,12.8019),(-1.10172,47.7176)]
triangle[(10.3588,-3.00243),(20.1768,-8.76467),(30.6719,9.11752)]
triangle[(-5.74958,-16.2431),(14.8779,2.28574),(-21.2369,42.491)]
triangle[(16.6204,-5.52198),(-13.384,9.19276),(-36.2682,-37.4698)]
triangle[(-6.92375,15.8113),(4.30531,-15.153),(48.9554,1.03911)]
triangle[(-17.2752,-10.5425),(-3.30611,-7.26402),(-9.57001,19.4257)]
triangle[(-12.5409,6.72376),(-13.4689,15.316),(-29.5184,13.5824)]
triangle[(-20.2533,-5.32524),(-15.5961,-11.5208),(-7.16571,-5.18358)]
triangle[(7.51283,17.1276),(20.7932,16.6367),(21.6737,40.455)]
triangle[(-15.4151,-7.58315),(-2.34832,17.0985),(-37.7654,35.8488)]
triangle[(12.2692,-5.2126),(-10.4756,-6.91139),(-8.24204,-36.8157)]
triangle[(3.49951,-8.58801),(16.0363,7.58683),(-3.48533,22.7176)]
triangle[(20.4692,11.1434),(-0.227988,7.57028),(4.29223,-18.6133)]
triangle[(-16.9678,-20.6095),(10.9675,-1.26481),(-12.6923,32.9018)]
triangle[(3.02046,8.40976),(20.1652,18.2411),(8.30062,38.9315)]
triangle[(-6.6852,-18.8806),(9.62781,-13.7108),(3.2573,6.39119)]
triangle[(6.3111,19.809),(-16.2976,-13.5224),(48.7612,-57.6518)]
triangle[(-7.83173,5.22399),(4.64435,3.47282),(7.64358,24.8407)]
triangle[(-20.8727,-19.5207),(17.9471,-10.3691),(1.69468,58.5713)]
triangle[(-6.32882,-6.29684),(1.56447,-2.97149),(-4.27667,10.8935)]
triangle[(-17.3823,-11.9499),(9.90228,13.8444),(-35.71,62.0921)]
triangle[(3.12889,-19.2868),(-8.23606,-3.85167),(-37.6303,-25.4948)]
triangle[(-7.42161,18.951),(7.57123,-7.0309),(54.1273,19.8343)]
triangle[(-3.74415,-3.93015),(8.74678,7.33678),(-13.6159,32.1289)]
triangle[(-15.0966,-9.92696),(9.88792,-10.3013),(10.372,22.0029)]
triangle[(13.667,-10.887),(4.02873,-19.1637),(19.4544,-37.1272)]
triangle[(8.75153,12.1674),(-1.59065,-6.2084),(29.0133,-23.4328)]
triangle[(-9.89036,-19.5136),(8.60079,9.06077),(-41.6883,41.6041)]
triangle[(7.45488,16.3805),(-9.63338,17.4352),(-11.013,-4.91741)]
triangle[(14.5149,3.56032),(-6.41979,18.1587),(-28.3373,-13.2718)]
triangle[(-2.6201,-8.97527),(12.3866,-15.1041),(23.2571,11.5128)]
triangle[(17.6331,17.8327),(-10.6614,12.8642),(-3.13931,-29.9723)]
triangle[(5.95807,10.0131),(13.2261,-2.24494),(27.3966,6.15699)]
triangle[(-7.64603,16.4149),(-5.42528,-15.1469),(39.0542,-12.0172)]
triangle[(14.0345,10.1215),(10.9859,7.53213),(14.066,3.90585)]
triangle[(14.2695,-0.250461),(19.9739,6.47575),(13.0038,12.3871)]
triangle[(11.8738,20.1128),(-1.41805,-19.6076),(62.705,-41.0654)]
triangle[(14.827,11.2623),(11.4428,-5.09973),(43.6306,-11.7574)]
triangle[(1.73992,-10.9793),(-15.72,4.78498),(-41.0884,-23.3121)]
triangle[(-8.49973,-20.0959),(-7.1377,-7.46332),(-23.2288,-5.7284)]
triangle[(3.68184,-15.9704),(4.64903,-12.1449),(-1.38072,-10.6204)]
triangle[(-6.12545,2.04474),(-17.8005,11.1641),(-32.685,-7.89169)]
triangle[(13.1779,12.7011),(4.26372,3.47269),(20.4014,-12.1157)]
triangle[(4.67487,2.30055),(9.79034,-13.6958),(34.8211,-5.69126)]
triangle[(-13.8267,19.6347),(0.250865,-7.05357),(30.682,8.99823)]
triangle[(-11.6503,-12.4063),(17.0926,5.76145),(-3.93664,39.0316)]
triangle[(18.1539,-13.6035),(-18.5307,3.28631),(-45.1919,-54.6215)]
triangle[(-7.24647,-16.1071),(19.1819,-5.82164),(-0.442801,44.6036)]
triangle[(-18.7568,5.46812),(-14.9212,-12.8622),(12.6207,-7.09902)]
triangle[(-9.61002,8.07236),(-9.78321,-5.37137),(14.6127,-5.68564)]
triangle[(-15.5575,-2.96471),(3.74615,-5.97316),(9.21157,29.0955)]
triangle[(18.4035,1.94803),(8.65156,-20.707),(32.6213,-31.0248)]
triangle[(11.472,-20.0076),(-7.10842,-18.2773),(-10.4577,-54.2435)]
triangle[(1.81221,-4.60863),(-14.3936,-0.402619),(-22.2844,-30.806)]
triangle[(-14.8332,8.57548),(-20.2711,-7.1387),(-0.52571,-13.9715)]
triangle[(-17.3219,16.4733),(-3.09989,-13.8268),(35.5826,4.32962)]
triangle[(-9.41702,8.1198),(-10.5051,-0.619722),(-0.814306,-1.8262)]
triangle[(1.89644,-19.9922),(-16.7348,-17.4887),(-19.3792,-37.1694)]
triangle[(-15.646,-1.44512),(-12.1895,2.87575),(-17.1276,6.82602)]
triangle[(-0.517155,1.98924),(-8.22577,8.9974),(-16.8209,-0.456782)]
triangle[(5.27302,6.78781),(-6.90618,-3.26768),(10.5747,-24.4404)]
triangle[(8.95057,-16.9118),(-11.6315,-4.48144),(-31.9285,-38.0891)]
triangle[(-11.0059,1.93967),(-6.40061,-1.69678),(-2.62107,3.08974)]
triangle[(9.45154,-5.81794),(18.4091,-20.1973),(45.0839,-3.58019)]
triangle[(12.6106,-19.8034),(8.66862,10.8678),(-26.0595,6.40441)]
triangle[(-3.46587,17.453),(-8.10278,14.4792),(-3.21879,6.86385)]
triangle[(5.48133,-18.2837),(-4.75095,-17.2927),(-6.42709,-34.5999)]
triangle[(1.32131,6.01598),(-5.98827,12.4366),(-18.3275,-1.61108)]
triangle[(-16.4784,-1.501),(-8.91607,1.95407),(-12.5776,9.96834)]
triangle[(-7.04848,1.50323),(16.978,13.5582),(-5.49272,58.3442)]
triangle[(4.11965,-6.87318),(6.91066,-11.5159),(12.2137,-8.32788)]
triangle[(-18.3904,-12.1031),(11.0992,-19.3922),(25.5209,38.9543)]
triangle[(2.3707,-5.78263),(-3.5782,13.9566),(-36.4638,4.04578)]
triangle[(-19.0446,-18.8113),(19.5789,8.5812),(-30.586,79.3137)]
triangle[(-0.307292,3.16629),(-2.55177,18.3109),(-26.03,14.8314)]
triangle[(-7.68859,7.68364),(18.7964,-9.75376),(46.4644,32.2701)]
triangle[(6.88149,4.75578),(16.7656,10.7593),(9.06027,23.4454)]
triangle[(13.7886,-10.1991),(20.556,14.5611),(-24.2628,26.8109)]
triangle[(10.8171,-2.97451),(20.6094,12.5194),(-6.79577,29.8395)]
triangle[(14.2713,-8.75075),(-7.86271,4.92707),(-22.6237,-18.9597)]
triangle[(8.17848,0.881865),(18.8963,-17.4475),(48.5814,-0.0895453)]
triangle[(17.6248,-0.249051),(-0.804276,0.0713552),(-1.24412,-25.2277)]
triangle[(0.255735,-19.7176),(11.5496,-5.30197),(-11.4045,12.6813)]
triangle[(-19.059,-2.92654),(13.4594,-1.73974),(12.1887,33.0765)]
triangle[(-13.5665,-16.6211),(14.6301,10.6956),(-36.2232,63.1871)]
triangle[(5.11863,-10.6487),(14.9813,-6.50492),(9.26425,7.10212)]
triangle[(6.96258,-16.3663),(5.2745,-0.3293),(-11.9726,-2.14476)]
triangle[(-7.32723,-2.18454),(-9.77144,-3.29576),(-8.40387,-6.30384)]
triangle[(-1.25414,3.59984),(18.1958,-16.9428),(50.6862,13.8192)]
triangle[(7.0649,8.68085),(-17.4724,2.9497),(-10.3882,-27.3803)]
triangle[(16.1331,12.4128),(-2.66987,5.52147),(6.49803,-19.4931)]
triangle[(19.737,-1.49991),(-16.4815,5.50976),(-29.8171,-63.3947)]
triangle[(11.2981,2.61625),(17.8406,2.74686),(17.6479,12.3996)]
triangle[(19.602,1.28617),(-10.335,-12.9554),(5.28848,-45.7973)]
triangle[(-3.33271,3.42589),(4.92093,16.0732),(-10.9369,26.422)]
triangle[(-6.24167,4.56791),(-6.23154,-18.3635),(18.2733,-18.3527)]
triangle[(5.14225,-16.8542),(11.3713,14.574),(-42.3158,25.2148)]
triangle[(-5.96325,-13.8245),(19.6403,-3.31319),(1.23728,41.5131)]
triangle[(-7.14087,12.5896),(-13.1686,5.49319),(-4.99635,-1.44837)]
triangle[(-19.0889,14.6229),(3.76101,3.91411),(24.2742,47.6841)]
triangle[(2.31303,15.2955),(-5.69356,-12.4901),(23.9749,-21.0393)]
triangle[(2.92743,3.09007),(10.971,-8.23588),(27.1391,3.24654)]
triangle[(-13.8797,16.294),(-11.1709,16.1094),(-10.8076,21.4408)]
triangle[(-12.8843,15.3601),(5.75306,0.419561),(22.2197,20.9606)]
triangle[(-6.00819,-7.90461),(19.5862,8.28323),(-9.34875,54.0317)]
triangle[(-7.90743,-8.13747),(19.8932,3.38584),(-1.42468,54.8166)]
triangle[(9.6198,13.5106),(19.859,14.422),(18.3104,31.8191)]
triangle[(5.90334,-7.99241),(-6.14489,-11.2081),(-1.3918,-29.0166)]
triangle[(-8.50663,-11.4746),(6.1409,-17.4952),(14.8343,3.65491)]
triangle[(-18.2873,20.3638),(0.0400198,17.7756),(4.28651,47.8446)]
triangle[(-9.27886,11.0132),(-11.7615,-10.9526),(25.8976,-15.2089)]
triangle[(-5.4743,13.0036),(-19.9016,16.4319),(-25.4433,-6.88902)]
triangle[(-4.30092,14.6453),(-8.91201,-2.14062),(9.89501,-7.30691)]
triangle[(-6.12962,-10.6959),(13.5618,-10.1331),(12.8825,13.6351)]
triangle[(-20.7176,0.768649),(-2.2151,7.34),(-11.4855,33.442)]
triangle[(-16.3379,-18.564),(-2.61972,-14.1829),(-10.7199,11.1807)]
triangle[(5.16436,19.3727),(2.08072,-13.2522),(38.1026,-16.657)]
triangle[(20.9701,7.37262),(-14.4465,-12.2897),(22.2417,-78.3742)]
triangle[(-11.7589,0.367827),(16.6515,-3.71542),(22.3028,35.6051)]
triangle[(-6.44178,-9.00542),(5.22034,-16.8669),(18.2448,2.4543)]
triangle[(18.452,-8.4558),(-12.0074,-11.1311),(-9.20824,-43.0003)]
triangle[(-13.038,-3.56571),(-19.9985,12.1984),(-51.4806,-1.70234)]
triangle[(10.8922,-10.6898),(20.5743,11.9015),(-13.1259,26.3448)]
triangle[(-11.0545,-3.51428),(-9.32792,17.3503),(-43.4209,20.1717)]
triangle[(-7.20377,12.5679),(-8.33227,19.1941),(-21.4022,16.9682)]
triangle[(-20.3189,-13.5788),(-9.39396,-14.9016),(-7.73575,-1.20734)]
triangle[(-11.5625,5.02674),(0.410483,-20.0265),(40.4296,-0.901358)]
triangle[(-18.6629,-11.7211),(16.1059,4.84158),(-11.455,62.6982)]
triangle[(4.20877,5.7654),(13.3411,-5.07643),(31.2015,9.96784)]
triangle[(2.0424,0.958944),(16.5666,-5.24118),(26.5491,18.1434)]
triangle[(15.7439,-0.389141),(8.1607,-9.71054),(20.6452,-19.8669)]
triangle[(19.586,-13.609),(-17.9095,-4.57837),(-27.6839,-45.1621)]
triangle[(14.241,-8.25229),(-11.1623,8.73231),(-43.2204,-39.2159)]
triangle[(-14.3405,17.4532),(-1.37592,20.8453),(-6.47513,40.3344)]
triangle[(13.0632,-17.1076),(-16.173,5.95408),(-60.0904,-49.7218)]
triangle[(-20.39,-9.58513),(16.2738,19.285),(-26.4604,73.5556)]
triangle[(-5.42866,-10.2568),(12.6619,12.2153),(-10.5167,30.8746)]
triangle[(-5.8858,3.72145),(7.20655,7.40551),(1.76283,26.7513)]
triangle[(19.0135,6.39313),(2.78548,12.4767),(-5.67244,-10.0851)]
triangle[(4.72321,20.6678),(20.9974,-14.4763),(70.0279,8.22831)]
triangle[(9.08368,-2.76816),(10.2209,-14.6049),(26.5089,-13.0401)]
triangle[(3.93444,12.2539),(-11.9051,-12.4877),(19.0115,-32.2805)]
triangle[(10.8285,-7.82038),(-0.913374,-20.2092),(16.4585,-36.6739)]
triangle[(-4.38535,-19.5954),(1.69867,7.18292),(-25.8267,13.4367)]
triangle[(8.82185,-17.1204),(8.84538,10.7859),(-20.955,10.811)]
triangle[(-1.43739,1.59963),(9.47483,-4.21833),(17.4176,10.6792)]
triangle[(-20.829,-10.0424),(8.60031,-18.732),(25.7481,39.3427)]
triangle[(-8.6776,1.37405),(5.44794,3.09154),(2.92718,23.8235)]
triangle[(-19.5977,-6.45004),(14.7959,-15.7656),(29.6817,39.194)]
triangle[(-1.1372,5.52055),(13.3632,4.90041),(14.3927,28.9743)]
triangle[(17.858,-13.6376),(0.121799,-8.73259),(-7.96305,-37.9672)]
triangle[(20.1245,14.4446),(-0.723759,5.6298),(16.2033,-34.4048)]
triangle[(18.7353,-7.83889),(13.9357,11.8276),(-25.2588,2.26209)]
triangle[(-1.45542,10.6853),(7.85584,13.444),(4.72034,24.0272)]
triangle[(-17.7842,-8.07604),(2.27721,-7.24399),(1.08765,21.4372)]
triangle[(6.93509,-8.65152),(2.32282,-4.77863),(-4.91579,-13.3992)]
triangle[(20.1225,19.3555),(1.65507,-5.237),(49.6203,-41.256)]
triangle[(-0.310138,-16.0767),(16.0691,1.17155),(-16.853,32.4349)]
triangle[(-6.318,14.6326),(-10.2474,-20.8515),(39.4493,-26.3547)]
triangle[(-10.5278,-10.2674),(-8.67198,11.2963),(-42.6029,14.2166)]
triangle[(-0.784096,1.42028),(-9.00289,-0.0106544),(-7.21269,-10.293)]
triangle[(-11.2746,3.75398),(17.7695,-18.5978),(48.623,21.4936)]
triangle[(-8.10926,-16.4082),(12.3371,6.5124),(-20.2094,35.5454)]
triangle[(12.5047,16.0026),(0.400839,-18.6807),(62.9629,-40.5138)]
triangle[(-1.24077,13.3428),(-14.1366,4.04766),(-0.17477,-15.3225)]
triangle[(9.73884,10.0226),(3.30742,5.14058),(11.6857,-5.89684)]
triangle[(-11.0171,5.11191),(13.6176,-14.9595),(40.3724,17.8781)]
triangle[(15.1322,-19.1429),(14.6645,2.02303),(-8.8437,1.50351)]
triangle[(-9.05898,18.3938),(19.89,5.66937),(36.0306,42.3905)]
triangle[(12.752,19.5376),(2.93835,0.577198),(39.6176,-18.4075)]
triangle[(-12.8116,-2.83853),(1.50123,-6.52895),(6.15407,11.5166)]
triangle[(-11.7934,-13.3918),(19.1087,-11.3942),(16.1525,34.3373)]
triangle[(-2.07498,15.5177),(13.2149,9.55378),(21.2685,30.201)]
triangle[(-7.4226,11.5325),(15.5601,-3.54455),(37.0285,29.1808)]
triangle[(-17.2542,-16.2599),(-16.3932,-18.7705),(-12.0425,-17.2785)]
triangle[(5.88706,-20.6739),(-13.114,-15.6543),(-20.7694,-44.6326)]
triangle[(7.11526,-5.31882),(-2.9457,1.59024),(-12.5533,-12.4004)]
triangle[(-11.3486,-4.80944),(14.34,4.78929),(1.64784,38.7567)]
triangle[(13.6381,16.8544),(3.25158,12.588),(11.6656,-7.89579)]
triangle[(-2.96199,4.4682),(-11.982,-10.0357),(12.5977,-25.3219)]
triangle[(-12.1811,16.0741),(-8.99875,-7.7406),(27.7686,-2.82737)]
triangle[(7.90959,-20.414),(-10.8411,-18.2132),(-14.6656,-50.7986)]
triangle[(5.88156,-10.6813),(-6.33794,4.91749),(-37.1237,-19.1989)]
triangle[(5.34311,-15.3162),(7.15192,20.0579),(-46.9346,22.8235)]
triangle[(-5.59453,18.6138),(-7.35225,11.8962),(0.601273,9.8151)]
triangle[(19.0908,11.3158),(3.31298,-17.4344),(36.409,-35.5971)]
triangle[(-0.399679,-19.6976),(13.0456,-8.15033),(-10.028,18.7159)]
triangle[(-13.8504,-0.679188),(-18.0203,-20.3958),(14.3276,-27.2371)]
triangle[(-16.9486,-20.5344),(-9.19875,-12.2656),(-20.0313,-2.11288)]
triangle[(2.47688,-20.7999),(2.23639,-13.542),(-12.2434,-14.0218)]
triangle[(16.3212,19.446),(14.1397,13.6741),(20.1393,11.4065)]
triangle[(-10.9115,-11.9712),(-8.03705,-3.81146),(-21.8279,1.04671)]
triangle[(17.8766,5.10507),(4.80322,9.19091),(-1.63822,-11.4196)]
triangle[(4.38612,-15.1807),(-0.317529,20.4575),(-71.5134,11.0608)]
triangle[(14.758,18.1531),(16.9762,-4.1416),(49.425,-0.913108)]
triangle[(-8.38011,-10.2495),(2.84671,14.5966),(-30.5009,29.6649)]
triangle[(-4.87577,4.10207),(2.339,16.574),(-15.6944,27.0059)]
triangle[(11.9991,9.59415),(10.4114,14.1212),(2.47522,11.338)]
triangle[(-18.3947,2.37189),(-2.65747,-9.43604),(15.0401,14.1508)]
triangle[(3.52884,-16.4104),(1.61075,7.52178),(-45.3222,3.76025)]
triangle[(-9.82938,14.3991),(8.18727,-0.00219429),(30.5394,27.9613)]
triangle[(0.803199,11.1136),(-2.78634,-14.1459),(30.567,-18.8856)]
triangle[(-14.0795,0.922264),(12.5223,4.2731),(6.85214,49.2873)]
triangle[(8.91474,-1.58196),(-11.1273,-18.0322),(18.6451,-54.305)]
triangle[(-12.8036,-16.9309),(6.18758,-14.9029),(3.593,9.3937)]
triangle[(15.3475,-1.21718),(-6.66305,-16.6262),(10.992,-41.845)]
triangle[(7.96315,5.93862),(-20.8277,-1.89048),(-6.7231,-53.759)]
triangle[(18.4653,1.63128),(-13.5453,-13.2035),(8.40463,-60.5674)]
