triangle[(-10.0774,-16.0354),(19.5966,5.22083),(-11.1802,48.1855)]
triangle[(20.9753,-0.296069),(-9.5087,-1.19941),(-7.78632,-59.3227)]
triangle[(17.3651,-2.20256),(20.6388,11.3516),(-0.176383,16.3791)]
triangle[(16.0832,-3.85747),(6.85912,6.8973),(-12.0482,-9.31897)]
triangle[(0.976024,-20.8615),(-16.1987,4.28564),(-64.682,-28.827)]
triangle[(8.86449,10.0884),(4.57425,-16.7004),(49.7021,-23.9277)]
triangle[(2.78084,-18.1243),(2.3405,4.48674),(-22.8478,3.99621)]
triangle[(-11.215,-16.3163),(12.7357,-10.8411),(2.62725,33.3764)]
triangle[(-18.3979,15.8124),(-16.7989,-18.1762),(22.6454,-16.3205)]
triangle[(-18.3342,3.23661),(18.3416,-7.92257),(37.1156,53.7802)]
triangle[(-10.4526,7.06149),(19.3293,-4.05109),(31.9708,29.8283)]
triangle[(-8.79119,10.9767),(11.3181,-18.1386),(40.4818,2.00414)]
triangle[(-2.67024,-0.0428218),(-18.7959,18.0969),(-38.6621,0.436412)]
triangle[(-7.29161,-15.4177),(1.4868,-10.7941),(-3.47312,-1.37713)]
triangle[(-8.63742,7.85422),(-10.8115,1.60716),(-3.95712,-0.778342)]
triangle[(-14.9801,-10.9495),(9.42545,11.8067),(-25.0063,48.734)]
triangle[(-17.0699,-12.526),(8.79514,11.0274),(-26.65,49.9514)]
triangle[(-14.8886,-12.6047),(-15.6046,0.461234),(-40.455,-0.900579)]
triangle[(-3.41063,8.1001),(-6.04264,-10.1342),(27.1312,-14.9226)]
triangle[(-20.618,5.95143),(17.7412,-20.4784),(50.5329,27.1142)]
triangle[(18.5794,18.8649),(-18.0035,-12.2452),(43.6919,-84.7936)]
triangle[(16.3994,-19.8155),(11.7048,-2.83571),(-12.2911,-9.47002)]
triangle[(-20.5954,-19.5167),(11.9263,15.46),(-50.7128,73.7026)]
triangle[(-13.0578,-19.5437),(-15.8841,7.0128),(-50.9721,3.27856)]
triangle[(-7.82793,-18.7476),(12.1546,-2.10096),(-13.0992,28.2136)]
triangle[(-1.9635,-17.9192),(9.44447,-17.6293),(9.00457,-0.319624)]
triangle[(19.8613,5.63174),(1.28342,-15.2823),(40.8866,-50.4618)]
triangle[(15.1821,7.74686),(13.6696,-3.66042),(30.5472,-5.8982)]
triangle[(6.44763,15.3201),(16.7862,7.59419),(30.0602,25.357)]
triangle[(-1.96948,-13.7524),(12.2487,8.51289),(-30.4498,35.7793)]
triangle[(-18.2614,4.52977),(8.2478,-15.1345),(35.9654,22.2313)]
triangle[(14.7417,-5.19788),(14.3011,11.4101),(-18.9135,10.5289)]
triangle[(16.8773,-13.2285),(3.56345,-11.3363),(0.421091,-33.4463)]
triangle[(20.9139,7.85397),(12.1945,16.7893),(2.33622,7.16915)]
triangle[(4.46176,4.82991),(-10.9873,12.0558),(-23.5699,-14.8459)]
triangle[(2.74057,-5.14694),(20.4084,-18.3706),(44.7955,14.2125)]
triangle[(6.13939,13.2823),(14.3428,-13.3116),(54.3003,-0.985849)]
triangle[(-1.91738,-11.8759),(-3.08483,20.7327),(-67.0585,18.4424)]
triangle[(6.48828,10.3153),(1.62448,-11.8583),(40.6719,-20.4234)]
triangle[(1.46464,6.70739),(-9.62671,-5.03516),(11.4218,-24.9164)]
triangle[(-4.39254,8.44908),(-17.5638,-9.26896),(6.33862,-27.0377)]
triangle[(-0.18301,-7.81562),(1.26067,13.7711),(-22.5996,15.3669)]
triangle[(18.6686,8.95858),(-7.11776,-20.8976),(40.0812,-61.6627)]
triangle[(-11.9562,-3.39175),(10.2586,-11.9156),(20.6769,15.2365)]
triangle[(8.19991,13.8064),(4.4215,-7.26162),(40.6054,-13.751)]
triangle[(5.20576,-10.4535),(11.4792,-1.89908),(1.3063,5.56126)]
triangle[(-2.87735,11.5945),(16.5469,-2.61807),(36.2634,24.3283)]
triangle[(2.43163,-9.79713),(13.6604,10.4443),(-7.65128,22.2668)]
triangle[(10.5723,-13.3671),(7.44647,20.1066),(-49.6854,14.7715)]
triangle[(-7.07477,-1.00519),(11.8383,-14.2311),(26.4923,6.72419)]
triangle[(3.63455,-15.9435),(2.57408,15.885),(-45.7976,14.2733)]
triangle[(-12.5474,16.6762),(-4.45201,14.5786),(-0.930397,28.1699)]
triangle[(15.3966,-1.943),(14.0852,-12.0407),(33.4894,-14.5608)]
triangle[(-2.53502,0.999755),(20.2593,-8.20509),(33.094,23.578)]
triangle[(-12.9164,-18.8748),(11.5425,16.3482),(-36.7644,49.8927)]
triangle[(2.0266,18.2524),(11.5944,-10.841),(43.0624,-0.492271)]
triangle[(3.11012,-4.93848),(11.7558,1.35219),(0.883288,16.2949)]
triangle[(20.315,1.04723),(6.53204,11.3341),(-4.03579,-2.82539)]
triangle[(0.828266,-16.0895),(-15.3408,11.4713),(-60.8366,-15.2197)]
triangle[(-6.063,-16.8961),(-13.4077,10.3124),(-48.8728,0.739012)]
triangle[(-18.008,-7.88287),(-17.5716,-14.8547),(-5.96054,-14.1279)]
triangle[(-14.4379,-17.6238),(19.5406,-4.69917),(0.528537,45.2831)]
triangle[(-15.4177,0.917891),(-2.1866,-14.843),(22.689,6.03981)]
triangle[(-1.68027,16.3786),(4.33365,-4.04808),(43.3673,7.44398)]
triangle[(-19.8668,-2.41183),(-7.66411,-11.6239),(1.69849,0.778213)]
triangle[(-20.5839,3.22237),(-6.65931,18.5093),(-25.145,35.3476)]
triangle[(7.42305,14.9544),(-3.00048,-4.03002),(27.7384,-20.9075)]
triangle[(-11.1243,-10.9052),(-2.86688,-10.9465),(-2.79945,2.54002)]
triangle[(-3.99066,-11.1078),(-18.0988,-7.90622),(-23.7585,-32.8466)]
triangle[(10.9992,7.11786),(-14.5937,20.1057),(-31.5689,-13.3444)]
triangle[(-13.7265,3.0704),(-0.965604,-18.1141),(27.209,-1.14246)]
triangle[(-17.0491,-19.3801),(-9.40035,1.09968),(-30.4677,8.9679)]
triangle[(19.8505,4.24659),(-8.2215,19.3942),(-35.3541,-30.8884)]
triangle[(19.6862,10.5997),(-18.139,0.676493),(-4.33494,-51.9419)]
triangle[(13.6262,-4.01934),(11.2669,4.78786),(-4.18635,0.648209)]
triangle[(-18.3219,-3.80916),(-0.965876,12.5186),(-24.3396,37.3643)]
triangle[(-18.2815,7.59532),(-20.9994,18.8695),(-32.6062,16.0714)]
triangle[(4.83613,9.21866),(-9.80178,12.996),(-15.8868,-10.5844)]
triangle[(-17.238,10.143),(9.99205,-14.342),(44.1189,23.6108)]
triangle[(5.0584,-4.15319),(-3.94145,16.2046),(-27.6014,5.74487)]
triangle[(16.5046,-15.3076),(-6.67603,19.7499),(-63.6433,-17.9178)]
triangle[(-9.29227,5.08025),(-15.7546,-14.5571),(15.197,-24.7427)]
triangle[(-10.8002,20.3271),(-6.95251,-5.04647),(22.7231,-0.546378)]
triangle[(9.397,-5.23024),(-11.8449,3.59726),(-28.444,-36.3456)]
triangle[(-19.3358,11.799),(-1.27926,17.3678),(-11.6937,51.1358)]
triangle[(-9.03059,4.2762),(-20.9074,-3.96932),(-6.69936,-24.4346)]
triangle[(-3.2188,8.51057),(-11.4694,15.046),(-21.7755,2.03502)]
triangle[(-5.6754,-15.0382),(-0.740876,20.9161),(-41.0773,26.452)]
triangle[(3.71745,-1.93801),(-0.0397496,-4.08017),(2.25139,-8.09868)]
triangle[(15.1638,-2.82617),(-0.122409,-20.2703),(33.6117,-49.8314)]
triangle[(19.6649,2.03833),(-1.41954,2.54343),(-2.07323,-24.7433)]
triangle[(6.31654,8.21877),(-5.81937,-17.6785),(36.8935,-37.6945)]
triangle[(1.26049,-7.47863),(8.23933,6.55274),(-7.99755,14.6285)]
triangle[(-11.6997,4.00626),(-20.4657,7.02674),(-25.6071,-7.8945)]
triangle[(-6.19593,19.3727),(-7.59681,-7.30788),(43.3687,-9.98386)]
triangle[(-14.3254,4.3857),(-5.55734,-15.8152),(18.6365,-5.31409)]
triangle[(11.9377,-9.03923),(20.5793,14.3069),(-22.2031,30.143)]
triangle[(2.1771,11.9033),(4.92407,9.69699),(7.14244,12.4589)]
triangle[(9.85363,-19.9328),(-1.35597,6.21413),(-30.6095,-6.3273)]
triangle[(-19.1716,-5.37604),(12.063,-13.5958),(23.4289,29.5941)]
triangle[(-2.95199,19.3127),(19.2867,17.6153),(22.4756,59.394)]
triangle[(-16.4574,-5.78772),(-15.2724,-18.5037),(10.0012,-16.1485)]
triangle[(3.21136,16.7852),(-12.793,-20.3598),(32.8201,-40.0128)]
triangle[(-12.9294,14.3193),(-20.3532,1.40543),(3.83452,-12.4993)]
triangle[(19.5909,1.88987),(20.1674,-11.0631),(44.1711,-9.9947)]
triangle[(-8.5529,1.80161),(-5.24472,-17.0218),(19.9379,-12.596)]
triangle[(-1.32813,-2.09551),(5.96242,-5.71777),(10.8506,4.12068)]
triangle[(-9.5984,-19.8452),(13.5176,17.104),(-52.3293,58.2988)]
triangle[(13.7762,-4.40804),(-15.7645,-7.90233),(-10.2217,-54.7613)]
triangle[(-7.65205,18.4217),(0.97529,-5.74659),(45.7983,10.2538)]
triangle[(-6.37711,-7.63831),(8.69686,14.0701),(-26.8221,38.7339)]
triangle[(-4.21604,16.2591),(20.1461,12.1869),(25.1574,42.1677)]
triangle[(15.6969,-6.54734),(-18.1513,-10.4136),(-13.62,-50.0836)]
triangle[(1.46522,-16.5138),(-4.96762,0.104978),(-37.472,-12.4769)]
triangle[(-10.2339,-5.3514),(-17.2373,-1.26429),(-24.621,-13.9165)]
triangle[(12.3372,-16.5147),(-13.424,-0.347154),(-36.6961,-37.4287)]
triangle[(15.4648,-8.69261),(3.95343,7.08405),(-26.1507,-14.8812)]
triangle[(-4.91374,-16.7574),(-12.0602,-3.48958),(-33.9768,-15.2946)]
triangle[(4.60135,-9.90966),(1.67139,-1.28441),(-7.57884,-4.42667)]
triangle[(-10.7197,12.6463),(11.1444,11.2109),(12.98,39.17)]
triangle[(17.1376,-17.4036),(6.7899,-19.2991),(10.0271,-36.9709)]
triangle[(6.93201,-15.1205),(-16.1766,-19.8493),(-9.09447,-54.4576)]
triangle[(15.9823,-10.4562),(6.29143,-11.8321),(8.25241,-25.6441)]
triangle[(20.7883,-12.5456),(6.21305,1.29088),(-13.8536,-19.8472)]
triangle[(-5.19965,6.10283),(-4.79737,-14.3852),(16.3273,-13.9704)]
triangle[(20.1607,-1.823),(6.6749,4.62308),(-0.641652,-10.6838)]
triangle[(17.9396,-18.3077),(20.8711,18.0415),(-48.1925,23.6115)]
triangle[(10.0303,11.9806),(-14.4115,20.7676),(-23.3641,-4.13449)]
triangle[(13.6485,3.62697),(-19.6411,-16.7992),(6.9697,-60.1681)]
triangle[(1.95603,-15.5848),(12.2284,11.3904),(-39.4109,31.0551)]
triangle[(10.6099,0.0231317),(-13.6624,8.83704),(-24.5973,-21.2762)]
triangle[(10.8388,14.2385),(9.29707,9.72615),(17.34,6.97811)]
triangle[(-2.79242,13.4777),(-6.68281,5.61469),(8.45407,-1.87463)]
triangle[(-0.895778,17.2493),(-12.4336,2.53182),(8.58336,-13.9445)]
triangle[(1.97937,-10.6652),(-18.0961,-12.7311),(-14.3372,-49.258)]
triangle[(12.4943,5.66543),(-7.98204,10.5931),(-13.9019,-14.0062)]
triangle[(-14.8167,-11.6236),(-10.5229,-12.7152),(-9.10731,-7.14681)]
triangle[(13.5994,6.58503),(-0.256698,-12.3612),(24.3756,-30.3757)]
triangle[(-7.10123,-4.12468),(-16.4548,19.8875),(-56.7603,4.18711)]
triangle[(13.3017,-18.673),(-16.1511,7.97702),(-63.8316,-44.7181)]
triangle[(17.5823,15.2346),(3.43693,-3.57759),(24.6909,-19.559)]
triangle[(-9.27335,-15.8817),(13.7006,8.18104),(-15.5029,36.0632)]
triangle[(-12.6241,-13.5029),(-10.4699,0.229592),(-36.8033,4.36062)]
triangle[(10.924,9.13499),(12.4285,13.2511),(6.08338,15.5703)]
triangle[(-6.43134,17.1461),(8.2867,-6.15904),(42.7034,15.5763)]
triangle[(-9.90997,13.8844),(9.61405,-11.6705),(49.1592,18.5423)]
triangle[(10.9066,12.2946),(-18.4798,4.21986),(-5.44811,-43.2066)]
triangle[(1.69482,-7.98406),(-13.8769,-3.50699),(-20.5878,-26.8481)]
triangle[(15.6,10.5437),(14.1013,-0.0726701),(26.9491,-1.88635)]
triangle[(20.4495,-15.7747),(-1.20835,-8.89768),(-11.6999,-41.9386)]
triangle[(5.72137,-8.56878),(5.1568,7.17997),(-18.6729,6.32571)]
triangle[(6.17549,18.778),(1.08819,0.0205078),(34.8886,-9.14665)]
triangle[(-8.76092,-10.9921),(17.2167,2.96972),(-7.66389,49.2632)]
triangle[(-1.34054,-14.9068),(5.43713,-15.4297),(6.24248,-4.99036)]
triangle[(-3.66755,-16.5303),(-4.08022,11.6829),(-37.6698,11.1916)]
triangle[(5.30012,15.4468),(-20.8525,7.53167),(-11.6896,-22.7437)]
triangle[(-1.20346,-15.2857),(9.22738,12.9312),(-28.1418,26.7454)]
triangle[(3.25603,-5.42097),(-4.64097,11.3417),(-27.2139,0.707458)]
triangle[(-15.7166,-6.32334),(-8.79416,19.8834),(-49.2819,30.5781)]
triangle[(-17.5923,0.551084),(14.2071,-16.056),(31.8338,17.696)]
triangle[(15.1903,-8.2241),(-10.543,-18.7648),(0.706118,-46.2276)]
triangle[(-11.3835,1.5701),(18.4598,4.90242),(14.4989,40.3751)]
triangle[(-18.4248,-11.3778),(14.995,-19.3172),(29.6082,42.1945)]
triangle[(20.9954,-16.4761),(1.0942,13.916),(-56.7829,-23.9827)]
triangle[(11.1599,-2.75103),(3.86718,-13.5114),(17.454,-22.7197)]
triangle[(18.7643,12.1479),(-0.306105,-3.36377),(27.4273,-37.4597)]
triangle[(4.13111,10.0864),(-3.50461,-4.71168),(23.3949,-18.5917)]
triangle[(-20.7816,9.25431),(9.14171,7.06405),(12.9005,58.416)]
triangle[(-7.50432,10.0814),(11.54,-12.7507),(38.5638,9.78984)]
triangle[(-3.0337,2.30217),(15.684,2.65003),(15.2053,28.4079)]
triangle[(-2.09391,7.64533),(9.25257,1.381),(21.3726,23.3338)]
triangle[(-2.48894,10.9332),(12.5448,-1.05954),(26.7899,16.7977)]
triangle[(-17.4802,-4.94178),(-17.3346,5.19768),(-35.9612,5.46516)]
triangle[(1.62972,0.797711),(-8.896,-7.27067),(6.68502,-27.5971)]
triangle[(8.31195,-7.65329),(-0.138146,-6.49516),(-2.20191,-21.5531)]
triangle[(-1.44368,11.6665),(9.98152,12.5201),(8.3156,34.8191)]
triangle[(-6.71022,4.05267),(16.547,-4.50201),(31.0712,34.9841)]
triangle[(-14.6644,-6.11812),(-15.8569,-4.46368),(-18.0989,-6.0797)]
triangle[(-18.6953,-16.6739),(18.5707,-20.1134),(22.1372,18.5293)]
triangle[(20.2739,7.59675),(14.5627,10.4457),(9.09785,-0.509275)]
triangle[(-1.32994,-12.6652),(-11.7777,17.6788),(-58.8292,1.47849)]
triangle[(-10.4197,19.5034),(-14.4235,-14.5411),(49.2394,-22.0281)]
triangle[(-17.5957,-8.03856),(-13.6399,-0.289939),(-25.0918,5.55631)]
triangle[(11.2893,-1.09016),(-9.64701,3.7322),(-18.6121,-35.1897)]
triangle[(-18.7908,11.1008),(12.7016,-2.5585),(35.9534,51.0502)]
triangle[(7.52342,-7.80838),(16.0768,-13.3047),(24.1447,-0.749355)]
triangle[(15.9271,6.88074),(-20.4214,-0.287605),(-12.03,-42.8379)]
triangle[(19.1221,-6.39542),(-13.9192,15.0972),(-52.6091,-44.3821)]
triangle[(-3.91222,-15.503),(5.01624,-4.43762),(-11.1322,8.5922)]
triangle[(17.9322,16.7301),(-5.01787,12.0381),(2.55921,-25.024)]
triangle[(-20.7375,-18.4848),(-4.73228,-0.411738),(-31.1195,22.9565)]
triangle[(10.1209,11.3941),(-4.70727,10.1967),(-2.94118,-11.6742)]
triangle[(17.3366,4.10699),(-4.80834,-18.9144),(36.3876,-58.5419)]
triangle[(-16.6467,-0.60601),(12.8182,-16.4853),(43.0044,39.5269)]
triangle[(7.85555,20.6356),(-14.2295,-10.3373),(30.5089,-42.2377)]
triangle[(-7.41524,17.8891),(18.3539,-9.26776),(59.5538,29.8269)]
triangle[(8.21131,9.52948),(16.2913,-1.09205),(27.6242,7.5291)]
triangle[(-3.9164,-6.48822),(18.3141,-12.5117),(26.5682,17.9513)]
triangle[(6.68326,5.42957),(-16.0332,-4.21194),(2.40921,-47.6643)]
triangle[(-8.57271,-2.37567),(-0.373755,-12.1496),(18.9941,4.09721)]
triangle[(11.4597,7.7492),(7.9589,-14.413),(49.7891,-21.0207)]
triangle[(-19.469,8.15792),(-3.44051,14.9577),(-16.23,45.105)]
triangle[(7.54551,-18.9235),(0.360279,-13.5602),(-7.31283,-23.8399)]
triangle[(-10.9374,7.72412),(-3.72165,-15.8306),(32.6212,-4.69727)]
triangle[(20.2031,9.42015),(7.06239,-5.97535),(25.1392,-21.4046)]
triangle[(-19.5509,6.9353),(12.1673,11.8378),(6.06696,51.3059)]
triangle[(9.67889,-8.44417),(-19.4833,18.2174),(-54.2828,-19.846)]
triangle[(-2.92753,-20.1881),(10.9606,-0.307014),(-9.80121,14.1964)]
triangle[(-20.3526,-11.9635),(-12.1933,-15.4733),(-8.52234,-6.93925)]
triangle[(-10.5334,-1.0118),(11.02,5.05921),(2.37581,35.7477)]
triangle[(-6.3189,6.72406),(-14.1874,-16.2409),(25.9959,-30.0089)]
triangle[(-15.4912,15.3085),(-11.6077,20.6043),(-21.9734,28.2057)]
triangle[(-17.5077,5.4295),(7.78092,-19.8934),(45.3484,17.6233)]
triangle[(-19.2527,-20.058),(5.90712,4.9568),(-35.7348,46.8401)]
triangle[(-1.04653,6.80108),(-4.4747,13.819),(-14.2858,9.02637)]
triangle[(-10.9279,-9.55969),(6.88105,1.97278),(-15.749,36.919)]
triangle[(-2.18098,2.45763),(-4.81895,11.6486),(-20.3198,7.19961)]
triangle[(-18.1395,-13.8993),(-5.26887,-8.25612),(-11.5237,6.00941)]
triangle[(16.457,19.4537),(5.45863,-18.1893),(63.1592,-35.048)]
triangle[(-8.5824,-14.662),(5.10895,-4.82144),(-7.87502,13.2435)]
triangle[(-15.429,-14.5477),(-0.399396,7.19247),(-42.6682,36.4141)]
triangle[(-15.9873,-15.0251),(1.83768,-3.18604),(-12.2944,18.0914)]
triangle[(-20.2151,-11.5144),(19.9371,11.8251),(-25.761,90.4422)]
triangle[(-19.2951,15.3471),(-7.70112,-18.2554),(44.4289,-0.268771)]
triangle[(18.1725,-14.0689),(-1.1494,-19.7652),(8.70232,-53.1822)]
triangle[(-3.88718,15.5102),(-20.0119,18.35),(-23.0882,0.882266)]
triangle[(18.1071,-11.8446),(12.8336,7.59816),(-25.9906,-2.93219)]
triangle[(17.257,10.4931),(4.08562,-9.28241),(29.3243,-26.0925)]
triangle[(-15.5688,19.5337),(19.584,-16.6598),(58.0862,20.7352)]
triangle[(5.59578,-8.3007),(-14.5022,-4.58197),(-19.969,-34.1278)]
triangle[(-6.28942,-19.3668),(1.21225,-18.4832),(-0.0387742,-7.86261)]
triangle[(-19.6937,2.52357),(-10.2893,-11.3229),(17.2331,7.37015)]
triangle[(-12.5831,3.6225),(4.41802,8.89037),(-4.10317,36.3909)]
triangle[(-16.3661,-20.752),(-7.57671,8.39703),(-55.7228,22.9146)]
triangle[(10.8298,-2.01761),(16.1763,-0.261411),(14.1535,5.89692)]
triangle[(3.07322,10.8556),(1.57568,14.2244),(-4.87302,11.3577)]
triangle[(-3.37613,-10.7767),(8.72964,-4.16035),(-3.91923,18.9829)]
triangle[(-5.91745,-8.94554),(-12.6123,18.2899),(-48.1022,9.56595)]
triangle[(6.71512,-11.7545),(15.7179,-13.1109),(17.4376,-1.69758)]
triangle[(-13.8391,-16.7122),(-19.793,-8.33994),(-35.6589,-19.6228)]
triangle[(-6.50527,8.11505),(7.48529,-15.6757),(37.1789,1.78617)]
triangle[(-17.0792,1.34604),(-9.13444,-5.92467),(4.46266,8.93295)]
triangle[(-3.30648,8.8759),(-19.3376,19.3573),(-38.0741,-9.29978)]
triangle[(-10.6315,15.5817),(0.905993,-4.94681),(35.1811,14.3166)]
triangle[(-20.7633,7.4999),(20.5455,-0.0880506),(29.5266,48.8051)]
triangle[(2.54921,11.5002),(-2.82898,6.03855),(6.66434,-3.30972)]
triangle[(7.52081,-13.5307),(7.10086,-18.2104),(14.2331,-18.8505)]
triangle[(-8.73991,-8.13427),(-14.5735,-16.7353),(-2.91919,-24.6399)]
triangle[(3.39311,3.18402),(15.5582,-0.392858),(20.7941,17.4147)]
triangle[(6.12466,-20.084),(-2.42125,1.25474),(-25.2481,-7.88714)]
triangle[(-16.8137,7.5357),(13.8421,-12.4469),(50.3571,43.5717)]
triangle[(19.9011,-13.3974),(-1.03108,-2.1907),(-20.9632,-39.4204)]
triangle[(2.32448,16.8638),(-19.9997,18.4657),(-22.1835,-11.9674)]
triangle[(-5.09257,-10.7926),(19.4698,-19.7491),(36.2763,26.3413)]
triangle[(-20.4206,-1.98184),(-4.8673,-10.6009),(5.84984,8.73839)]
triangle[(14.9731,10.0114),(18.3171,15.618),(7.14353,22.2823)]
triangle[(-7.27681,-3.93153),(8.06123,-5.92515),(10.8087,15.213)]
triangle[(5.07752,-13.3603),(19.4796,-4.31871),(3.55543,21.0466)]
triangle[(1.73504,20.3094),(20.3823,-6.34285),(71.5317,29.4439)]
triangle[(7.78862,6.96684),(15.1146,5.84031),(16.4568,14.5686)]
triangle[(-16.4938,20.554),(-13.2959,-15.3556),(26.1732,-11.8407)]
triangle[(-10.8649,-19.829),(-8.11515,17.4167),(-60.0882,21.2537)]
triangle[(2.03621,-5.10378),(6.42167,13.4649),(-13.7211,18.2222)]
triangle[(-14.9089,3.89836),(9.70643,-8.3141),(27.2737,27.0943)]
triangle[(-6.60015,-9.27737),(14.0913,-2.08655),(1.53376,34.0473)]
triangle[(-15.0825,1.3261),(11.1015,-13.3744),(36.0832,31.1219)]
triangle[(-4.72107,-10.6417),(-19.3881,-20.231),(-9.66153,-35.108)]
triangle[(-15.475,0.148946),(0.181333,6.84869),(-12.7352,37.0329)]
triangle[(-7.26212,14.7371),(-1.41889,9.89998),(7.95618,21.2249)]
triangle[(2.41428,-10.0311),(9.60087,-4.75409),(0.766419,7.27728)]
triangle[(-20.732,19.1997),(8.62418,15.892),(12.1811,47.4603)]
triangle[(18.767,-8.34546),(10.8505,-14.7379),(18.5026,-24.2144)]
triangle[(-5.5724,10.5415),(-16.4465,-6.86988),(9.14714,-22.8541)]
triangle[(9.96926,-16.8885),(10.4242,-5.3581),(-6.92766,-4.67348)]
triangle[(-9.21034,-14.7957),(16.646,8.75111),(-28.2804,58.0841)]
triangle[(-1.27881,-6.66936),(11.6567,13.2782),(-22.9281,35.7056)]
triangle[(-6.59258,-13.1841),(16.9378,-10.4588),(12.4346,28.4223)]
triangle[(19.8702,9.88474),(5.60651,14.6585),(0.289734,-1.22763)]
triangle[(16.5726,12.4487),(19.7738,8.81929),(26.9307,15.1318)]
triangle[(7.54789,3.03219),(11.3616,-13.8775),(33.3246,-8.924)]
triangle[(-16.1207,-18.707),(-12.4077,6.58494),(-47.3263,11.7112)]
triangle[(9.42782,18.3053),(-16.3351,20.2232),(-19.1865,-18.0792)]
triangle[(19.7529,-19.6552),(15.1524,16.959),(-22.9802,12.1678)]
triangle[(-0.365606,-20.7042),(-0.35498,-18.2367),(-4.33276,-18.2195)]
triangle[(-11.7921,19.2811),(-17.3915,-16.5053),(37.3056,-25.0637)]
triangle[(3.2952,-19.0942),(11.2647,16.8536),(-27.5959,25.4689)]
triangle[(5.42989,-16.7884),(16.5283,-2.45223),(-11.1893,19.0056)]
triangle[(-19.5098,13.7486),(17.6127,-13.0851),(49.4043,30.8964)]
triangle[(-8.36275,-13.2633),(14.8896,3.56645),(-2.60885,27.7427)]
triangle[(18.6895,-1.1721),(-9.62152,13.2334),(-34.0569,-34.7889)]
triangle[(-9.41835,19.6068),(-19.6012,-20.7667),(21.3918,-31.1058)]
triangle[(20.8152,-10.7225),(-5.53115,10.8213),(-35.5828,-25.9294)]
triangle[(-10.4533,-2.57852),(-12.6984,11.1428),(-39.5835,6.74373)]
triangle[(8.34499,12.0923),(3.27885,17.1875),(-2.62927,11.313)]
triangle[(13.768,6.7597),(-18.5536,-19.4167),(18.6359,-65.3368)]
triangle[(-9.92667,15.6137),(19.3265,17.1149),(17.1323,59.8721)]
triangle[(-3.77424,15.9932),(-2.06578,-13.0376),(27.6881,-11.2866)]
triangle[(-20.2463,-1.00797),(-3.33316,2.3653),(-9.88465,35.2136)]
triangle[(-3.94112,-13.6844),(-11.6345,8.28652),(-49.1277,-4.84218)]
triangle[(-13.3889,7.531),(-5.17627,12.3941),(-13.5535,26.5411)]
triangle[(13.7415,-1.94883),(13.5723,14.3395),(-6.67142,14.1292)]
triangle[(17.6334,11.926),(13.9016,16.5273),(6.02053,10.1356)]
triangle[(17.791,15.9641),(-4.08367,11.6987),(1.74793,-18.208)]
triangle[(-20.0447,16.6209),(-20.6055,-12.8318),(11.1743,-13.4369)]
triangle[(-14.304,4.46638),(12.7124,-9.2297),(32.9057,30.6029)]
triangle[(-6.36599,7.39101),(-0.817456,5.59377),(1.14878,11.664)]
triangle[(-7.60311,2.74455),(0.589584,-4.44335),(13.7241,10.5273)]
triangle[(17.3304,8.70714),(3.01824,16.0531),(-5.44191,-0.429642)]
triangle[(7.13953,-8.03566),(-11.7669,15.9554),(-36.9082,-3.85743)]
triangle[(-13.1267,1.70067),(-14.9008,0.64236),(-13.6632,-1.4322)]
triangle[(-2.15034,8.74265),(11.7533,-7.94756),(34.7817,11.236)]
triangle[(19.1,10.5293),(5.59524,20.6856),(-9.04006,1.22505)]
triangle[(-20.3333,7.80833),(-10.8072,18.0017),(-21.6064,28.0941)]
triangle[(9.89862,6.76144),(8.91172,-11.6494),(41.7127,-13.4077)]
triangle[(-0.00919603,5.43151),(-4.37032,9.19915),(-11.2592,1.22516)]
triangle[(-8.30055,8.44108),(-10.6895,-9.92695),(22.821,-14.2853)]
triangle[(15.9676,-20.9661),(6.54502,-5.07477),(-13.8723,-17.181)]
triangle[(9.83968,5.25155),(10.7878,-10.1126),(32.6681,-8.76237)]
triangle[(12.8114,-7.1716),(-11.9102,8.68839),(-36.2585,-29.2643)]
triangle[(0.490559,10.1091),(-11.9259,2.69327),(-1.83635,-14.1999)]
triangle[(-10.7506,-17.1496),(-13.0362,-4.04518),(-33.0719,-7.53967)]
triangle[(12.4093,-2.59504),(17.1993,-9.66938),(28.4191,-2.07253)]
triangle[(-0.948237,-4.68547),(14.7026,-15.5727),(29.5794,5.81344)]
triangle[(7.47593,-2.75096),(-1.04511,10.0552),(-19.7369,-2.38212)]
triangle[(-17.8564,-1.88128),(3.40632,11.1479),(-18.4081,46.7475)]
triangle[(-4.37867,-3.4448),(-17.9605,-11.0353),(-9.93853,-25.3892)]
triangle[(-8.5215,2.7216),(18.0195,16.4709),(0.152878,50.9598)]
triangle[(-4.77846,-0.674268),(-19.6431,5.37905),(-26.9261,-12.5052)]
triangle[(-17.0821,8.5225),(15.0235,0.579899),(30.8109,64.3958)]
triangle[(-12.9495,0.271147),(19.5088,-17.3649),(45.3917,30.2712)]
triangle[(-9.15824,-0.804511),(20.8951,-1.12189),(21.5057,56.6927)]
triangle[(-3.10158,-1.49663),(-0.665927,-15.2604),(16.9198,-12.1484)]
triangle[(8.31471,5.83249),(3.96835,-19.6289),(49.6188,-27.4216)]
triangle[(20.8505,-8.1297),(-7.68304,-16.6282),(6.86965,-65.4885)]
triangle[(1.08132,20.4569),(1.86367,-1.87866),(26.2458,-1.02462)]
triangle[(17.9868,4.77921),(9.88337,2.00167),(14.2713,-10.8001)]
triangle[(-9.22491,8.7972),(18.4271,-14.2845),(42.1318,14.1138)]
triangle[(4.92487,2.17865),(9.25192,9.94132),(-5.91483,18.3955)]
triangle[(-4.4092,-12.5991),(-3.40551,-16.6522),(2.28546,-15.2429)]
triangle[(-0.730416,8.21293),(7.50482,-2.71578),(21.4505,7.79284)]
triangle[(5.33926,-9.91013),(-16.8603,11.2116),(-50.9752,-24.644)]
triangle[(-4.33581,-11.203),(5.5494,6.37074),(-25.3372,23.7444)]
triangle[(9.48676,-15.6604),(0.113851,0.856125),(-31.8264,-17.2695)]
triangle[(4.87261,1.50813),(-13.2819,10.8091),(-30.1351,-22.0865)]
triangle[(-3.09952,1.98392),(-12.2619,-2.73434),(-4.62381,-17.5668)]
triangle[(-7.17353,-15.7716),(-0.212765,-2.81299),(-15.5268,5.41296)]
triangle[(-13.9325,-14.6866),(-7.40818,-4.31557),(-25.7754,7.23906)]
triangle[(-20.3952,6.73897),(-8.22705,-6.60643),(15.2188,14.7712)]
triangle[(5.21433,-3.61377),(-2.50633,5.86831),(-18.7317,-7.34294)]
triangle[(-19.2144,5.77452),(-15.9723,-20.2097),(35.9857,-13.7269)]
triangle[(-16.9099,-9.8709),(12.2759,15.9304),(-18.7096,50.9804)]
triangle[(1.99695,11.8618),(11.6467,8.1257),(16.3391,20.2457)]
triangle[(-19.2428,-12.3424),(15.4321,-7.91345),(7.89992,51.058)]
triangle[(-15.1853,3.57177),(-14.8352,-11.6181),(13.0616,-10.9751)]
triangle[(20.5484,9.40386),(-5.37084,-18.1127),(39.2955,-60.1862)]
triangle[(1.27774,-13.7534),(-11.2036,-0.187198),(-37.5695,-24.4448)]
triangle[(6.27548,-15.6793),(8.13604,10.1828),(-28.3503,12.8077)]
triangle[(-17.0792,1.37496),(-16.8428,7.78804),(-27.087,8.16553)]
triangle[(-20.8442,-11.9787),(7.12257,-2.41365),(-7.25089,39.6122)]
triangle[(4.27447,3.28251),(9.76196,-5.61388),(26.8018,4.89669)]
triangle[(17.143,3.0448),(16.3546,9.63887),(4.65909,8.24054)]
triangle[(4.96011,10.5956),(-13.9563,-5.31891),(5.755,-28.7484)]
triangle[(-2.92905,-17.8362),(4.26302,-12.6628),(-2.80547,-2.83626)]
triangle[(9.41171,-20.4028),(11.4485,0.00486208),(-26.5077,3.79304)]
triangle[(6.38909,-5.74557),(-16.4621,5.09365),(-34.5614,-33.0633)]
triangle[(6.04645,-11.2176),(-9.53647,-20.4259),(4.64134,-44.4186)]
triangle[(-0.932081,-10.182),(3.40145,13.9597),(-40.3859,21.8197)]
triangle[(-12.5227,8.09479),(1.05054,15.8009),(-10.4503,36.058)]
triangle[(5.76471,-10.6326),(-15.3503,3.93332),(-42.3794,-35.2486)]
triangle[(20.074,11.4776),(12.6699,13.5286),(9.2983,1.35712)]
triangle[(10.445,-6.26325),(-10.7926,2.39284),(-23.1714,-27.9783)]
triangle[(19.8654,-1.49916),(16.9425,9.88787),(-4.63655,4.34884)]
triangle[(13.9484,-8.04469),(11.9918,-0.142782),(2.03248,-2.60875)]
triangle[(-16.8414,-2.56897),(-1.43963,-8.01657),(9.41073,22.6602)]
triangle[(-6.03283,7.21566),(7.55435,-3.91296),(23.4367,15.4781)]
triangle[(-9.10409,-1.31499),(5.58456,-9.13434),(15.3652,9.23867)]
triangle[(0.520931,0.239244),(18.733,-0.522727),(19.9638,28.8963)]
triangle[(-20.6046,-12.0678),(11.6923,-19.6673),(23.9425,32.3941)]
triangle[(-18.7981,4.38559),(3.96772,19.3712),(-21.9955,58.8139)]
triangle[(-10.9351,-15.6692),(-20.7575,-6.37088),(-31.771,-18.0051)]
triangle[(-15.3371,-0.727272),(-0.0170247,-19.9166),(31.2211,5.02283)]
triangle[(5.92737,-1.46017),(10.7737,-16.0236),(33.3212,-8.52045)]
triangle[(-11.6863,-6.05122),(18.2758,-13.2031),(31.7467,43.2316)]
triangle[(8.12431,-7.01477),(6.60159,-13.3257),(15.5882,-15.494)]
triangle[(-20.0752,6.4156),(-11.9607,-13.1069),(10.9981,-3.5641)]
triangle[(5.80483,1.77419),(3.03109,16.0078),(-13.0739,12.8694)]
triangle[(-11.3649,-20.4169),(-10.4084,-14.9204),(-16.3928,-13.879)]
triangle[(18.7462,0.508185),(-14.8307,-16.8633),(11.1352,-67.0521)]
triangle[(3.05492,9.17967),(-14.6821,0.380911),(-1.30955,-26.5763)]
triangle[(-6.62797,13.6353),(2.07715,-4.18571),(32.5728,10.7106)]
triangle[(-20.554,-5.32214),(14.3284,-14.643),(29.9514,43.8246)]
triangle[(17.6178,10.5924),(-9.18562,-17.0431),(24.5198,-49.7337)]
triangle[(-3.73967,13.3026),(-11.7353,-18.9811),(38.3088,-31.3754)]
triangle[(10.7702,4.32469),(-17.9406,-13.741),(6.68531,-52.8776)]
triangle[(20.6431,19.1064),(14.2983,15.9945),(17.4402,9.58846)]
triangle[(-6.81034,0.809971),(-14.8973,1.59749),(-15.8061,-7.7345)]
triangle[(-17.5448,-5.72552),(-12.2728,20.0153),(-62.1399,30.2286)]
triangle[(-16.9366,-19.5346),(-9.5459,8.65733),(-61.3276,22.2322)]
triangle[(-4.05271,-19.984),(-20.0866,6.95606),(-55.3014,-14.0028)]
triangle[(-7.00569,20.8358),(9.11475,10.8759),(26.2347,38.5849)]
triangle[(-5.35319,16.8785),(1.35439,-12.6557),(47.872,-2.0909)]
triangle[(0.794068,4.67423),(1.54856,0.208932),(9.07298,1.48031)]
triangle[(6.53894,-19.8454),(15.8547,-15.7129),(8.37788,1.14223)]
triangle[(1.9889,20.7948),(13.3717,-3.1625),(38.5299,8.79093)]
triangle[(11.2777,-1.40905),(18.2292,6.43307),(6.02043,17.2552)]
triangle[(-11.0181,14.07),(7.41322,14.4923),(6.82538,40.1523)]
triangle[(16.7031,0.939409),(-8.58816,16.8625),(-36.6049,-27.6374)]
triangle[(4.38744,-19.5521),(-8.94697,-14.3556),(-14.1909,-27.8116)]
triangle[(7.85078,-9.45306),(19.2045,-3.72591),(7.97145,18.543)]
triangle[(-1.6375,20.4368),(-18.5775,-16.3528),(33.9709,-40.5491)]
triangle[(14.2607,18.5501),(20.6517,12.3494),(31.3037,23.3284)]
triangle[(-8.87874,4.8309),(-17.4058,15.4843),(-31.8174,3.94923)]
triangle[(-7.71563,-20.2792),(9.48009,-15.1571),(2.6868,7.64902)]
triangle[(-1.93933,0.34682),(-16.5515,5.69678),(-24.9526,-17.2488)]
triangle[(-7.42063,-13.9225),(-6.56356,17.5524),(-51.934,18.7878)]
triangle[(-10.2506,0.697828),(-14.7175,19.0048),(-44.5735,11.7198)]
triangle[(4.23423,20.4995),(-20.503,11.615),(-2.8325,-37.585)]
triangle[(-12.3861,-18.6251),(15.4157,-10.325),(7.08764,17.5706)]
triangle[(-11.2419,-2.76253),(11.225,-9.37949),(23.9162,33.7115)]
triangle[(1.25347,-13.8389),(-11.5842,-15.8493),(-8.24035,-37.2025)]
triangle[(-17.3056,8.61076),(-15.8757,0.849522),(-5.96198,2.67597)]
triangle[(4.91923,10.6839),(2.3906,7.41405),(8.85139,2.41783)]
triangle[(-11.5577,8.30183),(-14.527,-11.5287),(7.33549,-14.8023)]
triangle[(-8.8079,19.216),(-19.7903,-14.0398),(34.8091,-32.0708)]
triangle[(-10.6419,-19.3567),(11.4139,-15.9358),(7.56217,8.89747)]
triangle[(11.3714,1.06413),(-5.54083,2.53426),(-7.65206,-21.7531)]
triangle[(14.7686,-3.38265),(5.14566,19.8248),(-22.6095,8.31615)]
triangle[(-1.68199,9.36942),(19.7598,18.0513),(8.37163,46.1769)]
triangle[(19.5904,1.26018),(-0.513022,-13.0022),(20.4267,-42.5176)]
triangle[(19.203,19.4551),(16.9595,13.9132),(23.5305,11.2532)]
triangle[(-17.3141,10.8272),(16.2477,-12.7315),(61.1662,51.2593)]
triangle[(-7.67044,-18.5026),(2.99379,15.2909),(-31.4769,26.1688)]
triangle[(-17.1559,-14.6175),(-3.42581,-6.42519),(-15.2833,13.4476)]
triangle[(-10.3673,3.83942),(12.0644,-16.1803),(42.9348,18.4094)]
triangle[(-11.673,7.81573),(10.4442,-6.97724),(28.7612,20.4088)]
triangle[(-7.93418,-15.5231),(2.99473,16.4556),(-48.7169,34.1283)]
triangle[(-13.5317,20.6416),(-19.6299,10.1109),(-8.32222,3.56269)]
triangle[(-3.06498,-1.12973),(9.81059,16.3626),(-11.1444,31.787)]
triangle[(3.99992,-13.6532),(-4.21783,-6.73929),(-15.5759,-20.2393)]
triangle[(5.82703,12.9388),(15.5285,9.92944),(21.3125,28.5754)]
triangle[(-15.1218,-4.71853),(20.763,8.04096),(7.24101,46.0702)]
triangle[(-15.9997,-5.58429),(14.9114,4.94157),(-2.12398,54.969)]
triangle[(19.7411,17.3788),(-8.07402,6.84557),(12.434,-47.3099)]
triangle[(19.0587,9.76077),(1.31032,20.7683),(-13.2536,-2.71433)]
triangle[(4.26113,7.55142),(4.10301,-20.1199),(34.7911,-20.2953)]
triangle[(15.265,15.7022),(9.83733,-9.15096),(52.7176,-18.5155)]
triangle[(1.06062,11.9105),(-0.919558,-6.29009),(22.8433,-8.87543)]
triangle[(12.9331,-5.90153),(-6.52122,8.79263),(-27.4997,-18.9819)]
triangle[(9.94167,9.48104),(-1.79749,-5.49913),(26.0191,-27.2975)]
triangle[(16.2185,-5.86679),(-19.7958,2.61517),(-35.5035,-64.0798)]
triangle[(12.9225,4.13972),(-16.0322,-16.498),(10.2001,-53.3019)]
triangle[(-15.6505,-15.2765),(20.8551,-5.52352),(3.52198,59.3547)]
triangle[(-15.6479,-17.2386),(14.1641,15.4441),(-21.3656,47.853)]
triangle[(-12.527,1.30306),(-2.38927,16.0346),(-29.2863,34.5442)]
triangle[(-17.6505,-7.66656),(12.5957,0.0343072),(3.49154,35.7922)]
triangle[(20.2561,8.79058),(14.5292,8.68066),(14.6864,0.488163)]
triangle[(3.41256,11.3353),(-10.3279,-14.9588),(19.5542,-30.5743)]
triangle[(-6.25231,-8.489),(-7.8574,-11.4127),(-2.63617,-14.2791)]
triangle[(-10.1615,10.3816),(-18.358,-3.53192),(-2.66094,-12.779)]
triangle[(-10.309,-10.0859),(-8.49145,-0.999837),(-21.9502,1.69243)]
triangle[(-14.8407,-13.0477),(1.29851,-9.92222),(-3.62257,15.489)]
triangle[(14.1186,-1.38512),(15.9903,-10.2517),(29.1891,-7.46551)]
triangle[(-17.585,-0.725614),(8.18244,15.9675),(-14.5234,51.0162)]
triangle[(6.10879,0.530757),(6.02884,9.54031),(-4.55031,9.44642)]
triangle[(11.8274,-2.57404),(-9.05443,-3.09015),(-8.23787,-36.1285)]
triangle[(-16.9666,15.0062),(6.74557,6.49402),(16.8144,34.5423)]
triangle[(-3.10415,7.61008),(-19.4089,6.52471),(-17.6583,-19.7739)]
triangle[(-0.332416,-9.90037),(18.4138,-13.2646),(23.8432,16.9889)]
triangle[(10.8152,18.0937),(6.25476,18.0226),(6.36168,11.1618)]
triangle[(-12.9204,-17.9043),(-16.4434,3.16741),(-50.9679,-2.60472)]
triangle[(-17.1416,-3.46152),(-15.8515,-0.502289),(-20.7528,1.63447)]
triangle[(-18.208,-7.80957),(14.2142,3.59234),(-7.1769,64.4198)]
triangle[(-13.2508,1.85033),(-10.0529,5.63491),(-16.5288,11.107)]
triangle[(13.4451,17.4271),(2.21454,-15.5807),(42.9301,-29.4338)]
triangle[(18.1176,15.7443),(0.365306,15.0953),(1.36299,-12.1967)]
triangle[(0.65238,12.3649),(11.9085,1.20463),(23.7887,13.1868)]
triangle[(-18.0967,8.92143),(18.3051,-4.51744),(36.3768,44.4332)]
triangle[(7.10699,17.6653),(-10.1559,2.36506),(5.78395,-15.6194)]
triangle[(2.49603,-10.2735),(-5.08732,-16.7612),(7.86489,-31.9009)]
triangle[(18.2951,-2.08793),(17.3813,19.0253),(-22.6399,17.2931)]
triangle[(-6.11353,0.506167),(4.30474,14.3298),(-16.1844,29.7716)]
triangle[(13.5898,-5.76819),(3.55501,13.0508),(-20.9339,-0.00736749)]
triangle[(-5.60021,14.6982),(-13.2112,-19.2718),(32.0013,-29.4016)]
triangle[(-16.0992,20.0656),(-10.0911,10.7664),(1.57494,18.3037)]
triangle[(-10.2996,-2.00008),(-20.5852,-0.835682),(-22.382,-16.7069)]
triangle[(-0.540407,-11.8787),(17.716,8.6677),(-9.62106,32.9578)]
triangle[(-9.14126,-15.9871),(3.80202,10.6406),(-38.6904,31.2955)]
triangle[(20.252,5.15736),(-13.122,3.25458),(-9.32372,-63.3649)]
triangle[(11.5893,-14.1648),(-12.1299,5.67761),(-38.0226,-25.274)]
triangle[(1.66198,12.7137),(12.0446,19.045),(5.13624,30.3738)]
triangle[(-5.35853,-18.2688),(-12.1311,-6.57725),(-29.702,-16.7556)]
triangle[(-8.17371,11.8303),(4.80133,11.8972),(4.73267,25.2044)]
triangle[(2.83332,20.5445),(-10.7254,-5.02493),(23.6836,-23.271)]
triangle[(-2.01768,0.384245),(0.146754,0.540958),(-0.066255,3.48292)]
triangle[(-10.0795,5.41487),(3.41578,-2.13539),(13.2752,15.4873)]
triangle[(-15.3065,4.78393),(-2.23165,2.84989),(0.180202,19.155)]
triangle[(1.63632,6.40354),(3.99293,3.85068),(7.18091,6.7936)]
triangle[(-20.8611,4.22479),(18.1577,13.3943),(6.97034,60.9997)]
triangle[(-7.23927,-6.20206),(-6.65073,13.0517),(-27.9137,13.7017)]
triangle[(0.516231,-14.2544),(-20.2243,-10.699),(-26.3995,-46.7216)]
triangle[(-12.5821,-4.39367),(-16.8992,8.98659),(-37.1645,2.44809)]
triangle[(17.8217,-12.3803),(9.32938,8.19131),(-12.1114,-0.659815)]
triangle[(12.8212,14.0383),(17.0796,-14.9108),(69.4421,-7.20829)]
triangle[(6.61218,-14.4922),(-10.7046,0.00973183),(-37.5097,-31.9983)]
triangle[(-7.37439,7.05105),(7.16071,4.59969),(11.3538,29.4625)]
triangle[(15.0141,15.6724),(-18.1683,-9.95758),(10.9896,-47.7076)]
triangle[(6.38145,14.057),(13.657,-4.95362),(47.6909,8.07151)]
triangle[(1.40707,9.13079),(-2.47207,6.20977),(2.30627,-0.135883)]
triangle[(19.6004,0.961675),(-20.3035,20.1087),(-53.2557,-48.5663)]
triangle[(14.9873,16.8265),(18.2038,17.4602),(17.3716,21.6835)]
triangle[(9.14794,-17.3208),(-16.8534,2.53918),(-39.413,-26.9966)]
triangle[(-15.9887,-11.6089),(-1.48052,-9.40231),(-5.8849,19.5563)]
triangle[(-4.91763,-12.0661),(-8.59956,10.8274),(-37.2637,6.21738)]
triangle[(6.63418,17.8681),(9.42363,6.7471),(22.1138,9.93016)]
triangle[(8.66654,9.16087),(13.9998,-1.38116),(25.1659,4.26781)]
triangle[(7.5992,-2.60696),(-9.62215,10.8247),(-33.4971,-19.7864)]
triangle[(5.66631,4.85448),(-18.6044,4.59381),(-18.1707,-35.7868)]
triangle[(-2.21685,-16.4834),(-1.53374,-2.01989),(-26.4382,-0.843649)]
triangle[(10.6824,6.29012),(-3.7098,6.90481),(-4.75166,-17.4888)]
triangle[(-4.87281,10.1636),(5.40288,16.9166),(-3.83785,30.9778)]
triangle[(-19.0925,15.6331),(10.1827,-16.8228),(70.9649,38.0026)]
triangle[(18.6979,-7.30646),(-19.1747,-2.30668),(-24.7958,-44.8856)]
triangle[(5.2799,8.26717),(-15.8712,-10.1318),(9.05512,-38.7866)]
triangle[(11.7497,-16.9211),(-14.0993,-18.515),(-10.9688,-69.2844)]
triangle[(6.37923,-5.7912),(14.5341,-4.95431),(12.9406,10.5732)]
triangle[(8.50017,-1.08772),(19.2995,10.7538),(3.66254,25.0145)]
triangle[(-19.0088,-2.60576),(8.76296,2.86902),(0.496833,44.8004)]
triangle[(1.12193,14.6572),(15.0347,8.43454),(21.7662,23.485)]
triangle[(10.7337,-1.75064),(3.80558,-2.7024),(5.12344,-12.2955)]
triangle[(6.86137,-16.5539),(9.2186,-16.9897),(9.73737,-14.1839)]
triangle[(-16.6634,-6.15255),(-0.0241751,-3.53487),(-4.64099,25.8119)]
triangle[(0.240612,-0.497585),(-11.3534,18.2535),(-46.6223,-3.5536)]
triangle[(-10.8372,15.7899),(-12.0719,-20.0893),(42.0971,-21.9534)]
triangle[(18.9657,4.14155),(-9.56424,-8.70163),(6.5588,-44.5175)]
triangle[(4.37819,8.81399),(-8.3501,14.9369),(-14.6118,1.91989)]
triangle[(-1.62344,19.4004),(-10.3728,9.01557),(3.81228,-2.93554)]
triangle[(8.29137,-13.3328),(10.5981,-18.4436),(19.2271,-14.5489)]
triangle[(3.71187,-8.67162),(-9.92282,3.22348),(-22.9658,-11.727)]
triangle[(12.0035,15.2824),(-18.5842,2.16947),(-2.89668,-34.4239)]
triangle[(-5.04086,-20.0851),(16.062,-11.7631),(5.19466,15.7941)]
triangle[(4.80056,2.47661),(-7.41239,-14.3773),(18.4179,-33.0948)]
triangle[(-12.3621,-12.5816),(-1.91805,-18.6413),(9.74221,1.45556)]
triangle[(-12.4947,-11.5648),(5.13929,12.4941),(-35.5249,42.299)]
triangle[(3.52056,-0.293605),(6.95789,2.56484),(3.68972,6.49489)]
triangle[(-2.3069,-2.25521),(14.3895,2.00108),(8.62623,24.6092)]
triangle[(-20.6489,15.411),(10.942,-9.60594),(44.0291,32.1759)]
triangle[(-4.58356,-19.2356),(-7.92633,-17.6376),(-9.53251,-20.9977)]
triangle[(2.54095,9.21836),(4.03114,-20.8028),(50.8505,-18.4788)]
triangle[(-5.94075,5.62001),(-7.86441,-5.59263),(7.2881,-8.19222)]
triangle[(15.8848,-3.02092),(11.6939,11.4712),(-14.2186,3.97779)]
triangle[(-11.7025,9.86769),(8.12785,-6.66654),(34.9691,25.5256)]
triangle[(6.17817,10.6698),(-0.783805,-2.16621),(21.6011,-14.3072)]
triangle[(7.18929,1.61681),(5.76984,-14.4689),(33.6591,-16.9299)]
triangle[(-1.61827,12.2138),(9.08277,17.8659),(-1.88747,38.6358)]
triangle[(15.5631,19.4705),(16.4785,7.06775),(40.3804,8.83195)]
triangle[(-9.56379,3.21107),(-15.3812,-0.838368),(-9.15379,-9.78452)]
triangle[(14.8665,-20.1852),(7.48389,12.1012),(-32.6871,2.91565)]
triangle[(-10.3989,7.72389),(-6.52156,14.3209),(-15.0436,19.3296)]
triangle[(5.26317,12.8212),(17.6,-14.0775),(44.6057,-1.69165)]
triangle[(-15.0353,-1.72923),(-18.3001,-16.0373),(7.40087,-21.9018)]
triangle[(17.189,-6.65281),(11.082,0.849828),(-2.75076,-10.4097)]
triangle[(-0.349055,-1.44291),(12.169,5.05455),(0.200155,28.1138)]
triangle[(-9.30941,0.238906),(5.49079,-8.12594),(14.6538,8.08645)]
triangle[(5.10008,-4.49845),(15.1436,12.5379),(-2.59327,22.9944)]
triangle[(-18.2171,17.0002),(4.02627,7.17248),(14.2265,30.259)]
triangle[(12.1618,-18.505),(-19.5452,-4.2488),(-47.1766,-65.7034)]
triangle[(-14.9652,-10.1998),(18.6228,12.7573),(-26.8153,79.2368)]
triangle[(-7.32976,-1.75554),(18.4916,-16.6816),(35.4527,12.6602)]
triangle[(-12.205,-16.4991),(-8.31053,16.4464),(-55.6304,22.0401)]
triangle[(-9.12757,-7.65629),(4.2661,20.4293),(-27.2559,35.4617)]
triangle[(13.4904,-5.4933),(1.19103,-15.8507),(19.9739,-38.1553)]
triangle[(-14.8706,-1.79542),(15.2265,-17.7269),(43.9036,36.4489)]
triangle[(-15.4094,-17.9802),(20.1449,1.41404),(-13.832,63.7017)]
triangle[(18.5947,-9.74219),(-4.5636,4.55708),(-22.5869,-24.6325)]
triangle[(-8.80668,3.67982),(5.88725,3.90372),(5.57684,24.2748)]
triangle[(16.0876,-7.1754),(-11.1025,-14.9311),(2.51668,-62.6773)]
triangle[(-5.12452,-18.7419),(-14.5456,13.9911),(-54.8563,2.389)]
triangle[(-8.61998,6.86115),(-5.765,-8.87912),(19.3402,-4.32553)]
triangle[(-20.8918,9.69046),(15.17,16.7386),(7.13201,57.8649)]
triangle[(-6.58965,-2.29826),(-0.11629,-12.9004),(11.8791,-5.57638)]
triangle[(20.0409,0.906381),(-6.08953,-12.3667),(15.0652,-54.0136)]
triangle[(8.91581,-14.044),(15.6211,0.891442),(-10.0128,12.3999)]
triangle[(3.69321,-1.7174),(20.9946,-11.0086),(36.7232,18.2799)]
triangle[(4.1967,-7.77215),(-16.1523,-20.8661),(-0.401413,-45.3442)]
triangle[(15.3014,-2.45844),(13.1913,18.2555),(-10.5375,15.8383)]
triangle[(6.06175,-14.0556),(-0.768775,-7.65043),(-8.19714,-15.5721)]
triangle[(-9.5276,-7.50306),(3.57241,-20.9361),(19.1376,-5.75678)]
triangle[(-6.20985,12.3069),(0.33154,18.7916),(-11.8212,31.0506)]
triangle[(18.8002,-16.4356),(19.1454,1.10845),(0.308702,1.4791)]
triangle[(20.0522,10.0814),(-6.51571,-0.120019),(5.96607,-32.6266)]
triangle[(-2.25918,-10.3001),(12.1191,-8.17287),(9.50986,9.46405)]
triangle[(15.5558,-10.226),(4.47278,-14.5352),(12.5476,-35.3031)]
triangle[(-10.5048,-4.20621),(2.81838,9.09638),(-14.6269,26.5686)]
triangle[(0.309623,6.28838),(15.4154,1.33351),(24.7109,29.6724)]
triangle[(5.00254,-4.8501),(-8.8181,8.53353),(-23.4194,-6.54451)]
triangle[(-4.25196,0.0625607),(6.0499,14.3899),(-14.4992,29.1654)]
triangle[(20.9534,-17.4488),(-16.26,19.7694),(-76.3557,-40.3185)]
triangle[(-13.8865,-2.4028),(-8.47047,15.4546),(-35.505,23.6539)]
triangle[(-1.9051,7.51221),(0.290614,-12.3258),(36.6688,-8.29938)]
triangle[(20.8769,-15.1319),(-20.5839,-4.44768),(-35.2924,-61.5249)]
triangle[(-0.572474,18.4367),(19.1081,8.05375),(39.7564,47.192)]
triangle[(-9.77273,-4.20853),(17.4761,4.55507),(3.49121,48.0388)]
triangle[(20.2297,-9.39964),(20.906,-1.45915),(5.91325,-0.182213)]
triangle[(11.296,17.7025),(-18.3848,0.0159079),(5.97444,-40.8627)]
triangle[(8.3025,-1.02574),(-8.97773,7.18066),(-17.9241,-11.6578)]
triangle[(-13.5731,9.19819),(-19.6789,19.826),(-40.6353,7.78632)]
triangle[(4.6196,0.495226),(19.7718,-14.5852),(45.9518,11.7194)]
triangle[(-18.1651,14.0391),(11.3416,10.6952),(15.6733,48.9188)]
triangle[(7.79812,2.59384),(-5.35614,9.1602),(-16.97,-14.1056)]
triangle[(-19.383,-12.163),(-3.09893,-14.2241),(0.138841,11.3553)]
triangle[(-11.9238,-20.1142),(-17.0014,-6.78621),(-31.3957,-12.27)]
triangle[(-19.0505,11.9273),(-13.2106,2.04656),(0.383308,10.0811)]
triangle[(2.1733,18.9582),(12.5062,6.11987),(35.4249,24.5658)]
triangle[(-9.20869,-5.61084),(-7.55408,5.62507),(-29.5697,8.86711)]
triangle[(10.1642,-14.2422),(7.56429,0.547138),(-20.6192,-4.40741)]
triangle[(-7.31856,-17.853),(12.4011,4.20823),(-16.7455,30.2611)]
triangle[(13.3883,-8.99235),(-18.8742,0.604117),(-31.9623,-43.3971)]
triangle[(7.55935,2.74663),(-19.9332,9.07014),(-29.6887,-33.3436)]
triangle[(6.18428,5.51648),(-5.18048,10.1995),(-10.6261,-3.01609)]
triangle[(0.479804,15.678),(-15.1134,0.239675),(14.3569,-29.5262)]
triangle[(-10.5375,18.3296),(8.90611,-4.57484),(42.3006,23.7738)]
triangle[(6.41484,1.92836),(-3.35069,-12.5796),(15.2327,-25.0884)]
triangle[(-0.229306,8.08823),(-16.3494,-20.1099),(15.3692,-38.2425)]
triangle[(4.83329,6.95805),(17.7211,-8.4513),(42.198,12.0203)]
triangle[(4.51586,12.1799),(-17.5281,19.0079),(-26.6304,-10.3784)]
triangle[(-6.5571,15.672),(2.42405,13.9311),(5.80708,31.3846)]
triangle[(-11.3661,15.3127),(17.13,16.2282),(16.0601,49.5281)]
triangle[(-17.629,8.25622),(17.6293,17.7654),(4.51754,66.3812)]
triangle[(16.5065,10.9517),(-3.0413,-20.1804),(57.9394,-58.4701)]
triangle[(-3.53386,3.01487),(-8.1906,-16.3455),(28.6368,-25.2036)]
triangle[(1.36782,-18.2173),(-14.1965,3.07435),(-42.5889,-17.6807)]
triangle[(-12.0196,-12.2532),(-7.6098,-10.5524),(-9.93013,-4.53634)]
triangle[(-5.24348,-10.0511),(5.0319,-20.4962),(20.6223,-5.15914)]
triangle[(8.33235,-18.633),(16.1375,16.1014),(-46.063,30.0784)]
triangle[(5.62282,18.9908),(-10.2755,2.5536),(11.6761,-18.6784)]
triangle[(18.9989,11.3548),(6.07017,-11.5201),(33.4442,-26.9918)]
triangle[(10.8647,-9.71095),(-5.83124,16.8027),(-38.2483,-3.61066)]
triangle[(8.5334,-13.1416),(1.374,-13.8402),(2.69892,-27.4177)]
triangle[(6.27071,7.95256),(1.18636,-8.54553),(28.9116,-17.0898)]
triangle[(8.7453,-20.7589),(19.589,1.29723),(-12.5307,17.0886)]
triangle[(-18.5292,-13.3113),(-13.6988,-17.827),(-6.49579,-10.122)]
triangle[(16.1634,7.718),(16.4,-17.8009),(48.8002,-17.5005)]
triangle[(20.8328,1.91537),(-16.973,15.0539),(-30.3479,-23.4319)]
triangle[(-13.0989,7.69578),(-6.97394,17.833),(-26.5829,29.6809)]
triangle[(-8.25288,-12.4477),(19.7846,18.2988),(-37.888,70.89)]
triangle[(4.2878,-19.9684),(8.39559,-16.7467),(4.26819,-11.4841)]
triangle[(-2.72867,-20.1901),(12.2007,-0.20279),(-22.9226,26.0323)]
triangle[(-3.43386,-16.5911),(3.64724,-13.5203),(-2.19434,-0.0496911)]
triangle[(13.6062,-6.27469),(17.648,13.1314),(-11.7746,19.2594)]
triangle[(-7.72456,-10.3733),(9.97692,20.7003),(-24.941,40.5917)]
triangle[(-19.4625,11.1085),(1.05787,0.0959012),(17.3473,30.449)]
triangle[(20.0848,-16.7809),(16.8547,16.3268),(-34.5224,11.3143)]
triangle[(7.13224,-18.1077),(-3.94919,4.54644),(-28.9365,-7.67628)]
triangle[(8.75222,-0.59713),(15.9689,17.079),(-5.67964,25.9176)]
triangle[(13.3311,5.34498),(2.85005,2.00756),(6.75056,-10.2419)]
triangle[(6.149,-7.99411),(16.5451,-7.10874),(14.9423,11.7118)]
triangle[(-16.9337,-0.0367409),(-13.6004,12.8455),(-33.4683,17.9864)]
triangle[(20.1916,6.39228),(-19.6538,0.307409),(-13.2893,-41.3691)]
triangle[(14.1749,-1.00711),(7.33435,6.06967),(-2.38587,-3.32612)]
triangle[(3.7315,0.944704),(5.27136,3.78449),(2.19486,5.45272)]
triangle[(0.466038,-4.31429),(-12.934,-3.4088),(-14.0365,-19.7255)]
triangle[(18.482,1.82138),(17.7253,-5.43944),(30.9414,-6.8167)]
triangle[(-4.0161,1.48149),(-15.6185,18.3908),(-41.5258,0.614253)]
triangle[(19.0247,17.8673),(2.16293,15.6632),(4.65352,-3.38966)]
triangle[(-12.3969,-10.1869),(-18.899,12.4345),(-53.0854,2.60828)]
triangle[(-14.0593,2.79671),(-9.18217,-19.6642),(25.3586,-12.164)]
triangle[(-20.0683,11.5658),(-18.6511,-18.7831),(24.433,-16.7712)]
triangle[(-5.81395,19.6866),(0.743683,-2.65063),(41.0334,9.1774)]
triangle[(6.42055,16.3453),(2.52272,10.6799),(12.4617,3.8418)]
triangle[(-10.903,-3.41573),(11.2428,-8.85876),(18.0048,18.6535)]
triangle[(-5.1712,2.30397),(-16.4176,15.3004),(-40.595,-5.62139)]
triangle[(14.8669,-17.0659),(-3.78346,0.86286),(-34.8625,-31.4671)]
triangle[(-3.33501,9.65424),(0.21739,16.1544),(-11.1412,22.362)]
triangle[(-18.544,18.1656),(-10.9144,19.4491),(-12.4861,28.792)]
triangle[(7.36375,-16.1889),(-11.6802,-15.1526),(-12.8023,-35.775)]
triangle[(2.95361,-0.0417846),(-14.319,-2.49376),(-10.4065,-30.0543)]
triangle[(17.4993,2.96724),(11.8731,11.5449),(-2.90196,1.85386)]
triangle[(2.84142,6.93303),(-11.1979,-11.0139),(20.4774,-35.7926)]
triangle[(9.89082,16.0639),(16.6929,-18.413),(65.4863,-8.78632)]
triangle[(-7.40481,18.4028),(-9.91882,20.5492),(-12.9251,17.0278)]
triangle[(3.69907,-9.291),(5.56996,-12.7992),(11.2227,-9.78466)]
triangle[(5.03798,9.32278),(9.56972,-13.8287),(52.9278,-5.34168)]
triangle[(-19.8167,17.804),(16.8516,-7.54091),(45.3655,33.7122)]
triangle[(-14.8494,10.3867),(13.6097,-2.71549),(37.4333,49.0315)]
triangle[(-16.1365,-1.86675),(2.39395,16.9378),(-17.2614,36.3066)]
triangle[(1.10862,-0.47235),(11.8271,-0.929335),(12.5143,15.1889)]
triangle[(-12.8115,17.9671),(13.547,18.0304),(13.4272,67.9038)]
triangle[(3.78884,-9.93458),(3.01611,-0.285753),(-14.3437,-1.67601)]
triangle[(-15.8432,11.8723),(6.6057,-9.3785),(39.1318,24.9814)]
triangle[(-4.79981,10.0459),(5.78207,-6.12211),(35.454,13.298)]
triangle[(-9.95367,-18.75),(0.262773,1.50844),(-35.5796,19.584)]
triangle[(16.6193,14.3263),(-1.66546,-18.3828),(62.8413,-54.4428)]
triangle[(1.61893,-15.7751),(-14.5741,16.9215),(-69.279,-10.1711)]
triangle[(3.80323,13.8459),(-2.6942,-0.358026),(13.038,-7.55453)]
triangle[(0.973462,-17.7392),(-12.1657,-14.9135),(-15.4502,-30.1865)]
triangle[(-12.6507,-20.5402),(-16.1927,5.22699),(-56.0161,-0.24713)]
triangle[(-19.3003,7.87938),(-1.96352,-18.1452),(29.1233,2.56388)]
triangle[(9.03461,-13.4133),(18.7086,-6.54806),(6.06434,11.2693)]
triangle[(-19.3068,-18.6436),(-15.6833,-9.68624),(-30.7708,-3.58291)]
triangle[(-0.0583608,11.7844),(7.84192,15.1794),(3.0535,26.3221)]
triangle[(15.4527,-5.927),(-19.1388,-12.397),(-6.59264,-79.4748)]
triangle[(-10.1096,-9.49493),(-18.2737,-13.785),(-13.5404,-22.7927)]
triangle[(20.5543,16.8052),(-7.42792,-13.2738),(40.4182,-57.7847)]
triangle[(7.83025,14.2193),(-11.0081,-13.0263),(30.4713,-41.7063)]
triangle[(-19.0562,-14.101),(12.7315,11.237),(-23.848,57.1276)]
triangle[(-13.2762,-7.12662),(1.0639,19.2165),(-25.2842,33.5593)]
triangle[(4.2089,7.85841),(8.07378,-12.2508),(33.5262,-7.35896)]
triangle[(12.7211,16.7366),(-4.57803,11.6039),(1.96549,-10.4502)]
triangle[(0.906462,-9.92186),(9.40176,20.5819),(-46.0507,36.0254)]
triangle[(-15.9287,1.85878),(-15.998,-13.3463),(4.57788,-13.44)]
triangle[(-16.4232,-4.48983),(13.1886,14.7154),(-9.71936,50.0364)]
triangle[(-16.1301,-8.86975),(3.38995,-5.71423),(-2.16549,28.6517)]
triangle[(15.8894,8.80958),(2.84942,-5.45144),(19.9431,-21.0816)]
triangle[(8.68171,-18.2626),(17.0153,20.5367),(-26.6957,29.9253)]
triangle[(3.91577,-1.03647),(0.94783,-13.4967),(15.6764,-17.0049)]
triangle[(-16.3317,11.757),(-3.01794,20.638),(-12.2958,34.5467)]
triangle[(7.13445,-6.99505),(15.5966,-16.0492),(25.6015,-6.69856)]
triangle[(-7.56913,4.96456),(-15.6747,-0.898165),(-8.96987,-10.168)]
triangle[(15.9711,-9.04979),(5.87229,3.41013),(-18.8318,-16.6126)]
triangle[(-2.4391,-18.4595),(-1.84759,-2.50772),(-31.8599,-1.39483)]
triangle[(-12.9957,7.21884),(0.104826,7.18708),(0.160344,30.0836)]
triangle[(-6.82913,11.3416),(-20.3147,-16.3253),(23.419,-37.6422)]
triangle[(-7.08172,-11.1466),(20.6317,1.69358),(0.611017,44.905)]
triangle[(-16.857,1.14114),(-0.104626,7.2243),(-10.9134,36.9906)]
triangle[(-15.074,-19.1353),(1.03681,1.37656),(-24.145,21.1553)]
triangle[(-10.1184,-7.33384),(-15.3803,19.9587),(-57.5528,11.828)]
triangle[(-12.1996,9.06529),(-14.5947,2.47749),(-4.06392,-1.35112)]
triangle[(-0.454319,-15.7663),(10.7709,-4.49839),(-9.15788,15.3548)]
triangle[(0.014709,-16.3438),(-2.32715,-9.34686),(-15.4751,-13.7475)]
triangle[(20.8508,15.3957),(17.0711,-16.9196),(53.6727,-21.2006)]
triangle[(1.80127,12.7924),(14.8203,11.6645),(16.781,34.2963)]
triangle[(-13.8897,20.84),(-0.302065,-17.7995),(69.5292,6.75668)]
triangle[(-0.246429,19.441),(19.8654,17.5196),(23.3728,54.2335)]
triangle[(8.35521,13.0828),(-10.5341,-7.60114),(12.1324,-28.301)]
triangle[(2.85815,-7.67038),(-0.134112,-10.4874),(3.15827,-13.9846)]
triangle[(0.844748,-14.0142),(-19.4367,-10.2936),(-23.2959,-31.3307)]
triangle[(-20.5795,-0.912767),(-10.8452,18.4745),(-31.0518,28.6203)]
triangle[(-13.9014,-10.2091),(4.31751,8.2645),(-27.419,39.5636)]
triangle[(18.6478,5.23772),(-10.3424,9.28187),(-16.3477,-33.7673)]
triangle[(7.63265,2.77893),(-16.0381,-19.0394),(8.56002,-45.7259)]
triangle[(-3.8202,-18.1564),(5.95265,-6.51614),(-11.7205,8.32178)]
triangle[(-6.68666,-14.0114),(-14.4026,-20.9063),(-5.76808,-30.569)]
triangle[(17.9773,20.2303),(19.1724,-11.2129),(53.3678,-9.91325)]
triangle[(12.6408,-19.7095),(-4.40567,7.30786),(-39.1446,-14.6105)]
triangle[(-15.4955,5.85363),(-20.8492,-6.26087),(1.23286,-16.0195)]
triangle[(-12.5162,-12.0607),(16.0228,-9.93524),(13.4384,24.7666)]
triangle[(15.2867,-9.21735),(14.8596,19.5984),(-19.6951,19.0863)]
triangle[(-7.8435,-19.7527),(-16.9606,-18.9657),(-17.7788,-28.4441)]
triangle[(-6.3435,-7.52332),(19.9074,8.6834),(-0.150538,41.1722)]
triangle[(-20.7248,14.8892),(13.0651,20.9169),(1.41273,86.2376)]
triangle[(-1.37176,-11.9535),(14.4887,6.25465),(-9.12403,26.8227)]
triangle[(-11.3993,-20.0122),(-3.07328,11.5646),(-56.2387,25.583)]
triangle[(-8.47418,-12.5219),(-10.3703,6.24404),(-38.0124,3.45111)]
triangle[(10.1683,-17.8047),(11.8008,-16.4642),(9.31374,-13.4354)]
triangle[(3.03184,-16.6005),(-20.2819,-7.86694),(-35.506,-48.5068)]
triangle[(8.766,13.4909),(-6.29434,15.1407),(-8.57419,-5.67112)]
triangle[(-17.0952,7.54159),(-20.1286,-18.8517),(17.1272,-23.1335)]
triangle[(-10.6932,2.99423),(-10.0891,7.77379),(-18.2391,8.80393)]
triangle[(-0.258509,1.82402),(-5.01478,-9.56127),(8.3206,-15.1322)]
triangle[(7.42011,20.1023),(-11.2574,0.814965),(11.6553,-21.3733)]
triangle[(-4.59597,-14.1448),(0.371881,-10.0815),(-6.36902,-1.83994)]
triangle[(18.077,-6.21817),(13.4777,-15.3973),(31.818,-24.5868)]
triangle[(9.85401,3.07367),(19.1777,-6.66572),(34.069,7.58998)]
triangle[(7.63271,3.71967),(20.7638,15.1335),(-1.49385,40.7397)]
triangle[(-3.44163,20.4289),(-1.96906,-16.0486),(65.905,-13.3086)]
triangle[(-4.81154,-20.0691),(-14.5311,6.37418),(-66.1885,-12.6132)]
triangle[(-10.6064,-15.2199),(-12.1941,11.7641),(-44.328,9.87334)]
triangle[(-0.173248,3.62332),(-2.4145,19.1488),(-29.4547,15.2453)]
triangle[(12.4911,-7.04161),(20.8701,-0.309313),(8.02978,15.6719)]
triangle[(3.35001,-16.7072),(-15.2066,-2.74286),(-41.8593,-38.1606)]
triangle[(6.12888,15.8126),(-15.0856,17.7359),(-17.1544,-5.08309)]
triangle[(13.718,9.76558),(-0.376884,0.225418),(10.0784,-15.2214)]
triangle[(1.20505,9.75834),(7.18253,7.47783),(10.582,16.3882)]
triangle[(-0.603715,-10.9837),(15.3667,16.1977),(-32.0948,44.0837)]
triangle[(-1.51658,3.98158),(-14.5842,6.01963),(-17.9976,-15.8661)]
triangle[(3.99562,19.6435),(-9.22953,0.0607552),(19.5582,-19.381)]
triangle[(5.8123,11.7202),(-10.7174,-19.3),(25.0066,-38.3361)]
triangle[(-5.15871,-9.15872),(-0.171621,11.2539),(-30.828,18.7437)]
triangle[(11.0075,-19.742),(4.94751,15.4037),(-53.763,5.28058)]
triangle[(-3.14929,-11.1423),(-2.09006,-13.8746),(3.14276,-11.8461)]
triangle[(14.4264,-11.172),(20.092,10.3838),(-5.59406,17.135)]
triangle[(-16.0869,1.82483),(-7.05977,-9.12363),(13.4798,7.8114)]
triangle[(-2.33415,-14.6929),(12.3061,20.2786),(-27.809,37.0721)]
triangle[(3.37961,6.00236),(-14.0353,18.8305),(-35.9314,-10.8948)]
triangle[(-5.36178,13.3378),(14.2052,-14.5098),(58.0306,16.284)]
triangle[(11.8691,4.64045),(-2.55661,9.83969),(-9.33511,-8.96782)]
triangle[(-8.67706,0.616393),(-13.165,-7.44906),(1.66013,-15.6984)]
triangle[(18.508,-14.0651),(-0.592096,-13.4094),(-1.65183,-44.275)]
triangle[(-2.37468,15.963),(14.276,-9.89675),(47.1375,11.2623)]
triangle[(15.9467,-15.5928),(-11.1622,-12.5054),(-17.1813,-65.3567)]
triangle[(-10.3502,-1.8495),(-1.48703,13.5845),(-27.3404,28.4311)]
triangle[(-6.1719,14.2501),(-10.3002,-0.242612),(10.4346,-6.1489)]
triangle[(-17.3216,3.50221),(4.03718,-17.5189),(33.4055,12.3213)]
triangle[(19.4034,11.8461),(-4.65397,11.0821),(-3.64144,-20.8039)]
triangle[(-10.5707,15.7213),(12.6136,-14.136),(52.968,17.1993)]
triangle[(7.96353,14.1082),(12.0617,-0.576867),(29.4499,4.27568)]
triangle[(15.9442,0.724138),(10.6552,-3.42655),(15.3585,-9.41967)]
triangle[(-4.29339,-3.76204),(-2.3265,-20.498),(27.1806,-17.0302)]
triangle[(-12.0461,11.638),(17.5838,10.0804),(19.9548,55.1832)]
triangle[(7.4813,-13.2311),(19.6032,-18.6422),(30.4005,5.5456)]
triangle[(-20.7773,-16.2409),(18.6633,-7.57193),(5.09283,54.169)]
triangle[(-20.7144,-1.77642),(-12.0929,11.4183),(-33.049,25.1113)]
triangle[(-2.95767,-16.8964),(-0.225032,8.30433),(-40.3763,12.6581)]
triangle[(17.8019,15.2182),(1.3092,15.993),(0.347046,-4.48789)]
triangle[(17.6244,18.2557),(-13.5902,9.45052),(2.37666,-47.1526)]
triangle[(17.3782,-1.03904),(-15.3717,-16.4498),(5.5501,-60.9114)]
triangle[(-0.713847,-5.11883),(4.69566,-2.56046),(0.128158,7.09725)]
triangle[(0.582679,-8.60815),(2.35329,-10.8764),(5.78023,-8.20138)]
triangle[(-17.9109,-4.68717),(0.00106871,-13.2247),(10.66,9.13812)]
triangle[(8.24452,1.85456),(-4.56711,-11.4019),(10.5601,-26.0215)]
triangle[(-13.7544,-14.4548),(-0.260154,-14.0823),(-0.933158,10.2964)]
triangle[(9.77164,-3.32571),(-20.6536,-13.9196),(-8.71268,-48.2135)]
triangle[(-5.58871,-3.51166),(16.1135,20.4357),(-31.771,63.8307)]
triangle[(-7.93611,20.7472),(1.95908,-2.70056),(45.8515,15.8225)]
triangle[(1.52065,-17.5856),(18.767,16.6656),(-18.1052,35.2316)]
triangle[(-16.1706,19.4435),(-3.88116,-5.39845),(37.9376,15.2895)]
triangle[(18.7083,11.0949),(-13.7697,-4.07813),(3.03066,-40.0394)]
triangle[(19.1417,-18.8774),(8.22179,20.8731),(-34.3728,9.1718)]
triangle[(-4.47805,3.63833),(4.8584,-15.0055),(31.8899,-1.46871)]
triangle[(-11.7745,7.25875),(8.33217,13.8377),(-1.62555,44.2704)]
triangle[(20.6458,20.4709),(-20.9125,19.213),(-19.1088,-40.3787)]
triangle[(-19.8692,2.77456),(-1.19007,-9.71012),(13.0653,11.6184)]
triangle[(-13.8827,9.22599),(8.96901,-4.94726),(23.4241,18.3589)]
triangle[(-2.40143,1.72445),(-14.9194,4.29762),(-19.8921,-19.8937)]
triangle[(19.7043,11.9207),(9.20852,16.8517),(2.75054,3.10578)]
triangle[(4.02535,1.10327),(18.495,17.9243),(0.0495519,33.7914)]
triangle[(-4.06471,-6.35178),(-17.4897,11.1005),(-42.7971,-8.3669)]
triangle[(-3.14668,-13.7324),(17.6775,7.70816),(-15.7088,40.1345)]
triangle[(-6.23033,1.21846),(2.9709,10.4977),(-6.40743,19.7972)]
triangle[(-1.45236,-16.0077),(19.6296,8.48062),(-6.60198,31.0634)]
triangle[(11.5823,-14.7299),(-3.30139,-18.2478),(0.396196,-33.8917)]
triangle[(3.53942,9.90022),(-16.7191,9.64953),(-16.2726,-26.4333)]
triangle[(-8.64897,6.03892),(-13.6605,-15.2818),(18.0302,-22.7309)]
triangle[(-19.2694,-19.6714),(5.44018,-4.79332),(-21.1732,39.4063)]
triangle[(17.2076,-20.8751),(-2.97901,0.362678),(-44.2768,-38.891)]
triangle[(-14.1708,7.50054),(14.1017,-13.9213),(38.484,18.2584)]
triangle[(20.3754,-5.95395),(18.7034,-12.4826),(28.2663,-14.9317)]
triangle[(15.2217,-0.683876),(-16.9912,-7.47347),(-8.96314,-45.5623)]
triangle[(-20.821,-8.42286),(13.7383,6.33235),(-10.447,62.9786)]
triangle[(-14.0628,9.12533),(11.4318,12.681),(5.45009,55.5712)]
triangle[(10.1975,19.1554),(-10.6268,9.54567),(2.70431,-19.3426)]
triangle[(-19.6841,19.2991),(-7.5965,-1.88159),(25.7763,17.1639)]
triangle[(8.4918,18.9928),(8.867,4.23727),(35.4779,4.91391)]
triangle[(-11.1413,11.7215),(-9.52738,-18.9633),(48.6133,-15.9053)]
triangle[(1.81801,18.959),(-16.0963,17.297),(-13.7176,-8.34155)]
triangle[(-9.74124,-5.77815),(-11.3118,9.22517),(-33.1134,6.94292)]
triangle[(-18.0404,14.4377),(8.35731,18.8691),(1.98369,56.8366)]
triangle[(1.60539,-14.197),(1.35024,-1.02106),(-22.4337,-1.48164)]
triangle[(-0.750207,16.7705),(-11.8005,-1.35346),(14.424,-17.3427)]
triangle[(-11.9118,-6.42962),(13.3032,-15.6829),(26.5161,20.3221)]
triangle[(-7.23798,16.8091),(-0.384207,2.02764),(26.3661,14.4311)]
triangle[(-12.4893,-18.5357),(10.1052,2.81473),(-23.76,38.6533)]
triangle[(11.8791,12.2314),(20.7142,-12.3722),(58.8131,1.3091)]
triangle[(-1.35064,-3.78387),(19.1561,-8.10898),(25.3929,21.4619)]
triangle[(-12.7102,7.41828),(12.2259,-11.2275),(48.3623,37.1)]
triangle[(9.15028,-15.9816),(14.6741,20.1702),(-29.9231,26.9845)]
triangle[(10.6305,-19.1836),(-9.5079,-10.4402),(-21.3955,-37.8206)]
triangle[(-17.4732,9.68761),(4.37086,10.6674),(3.21656,36.4009)]
triangle[(-19.0727,-13.0822),(-11.7018,-5.82392),(-20.5555,3.16708)]
triangle[(5.98233,11.2811),(-16.4943,-18.8424),(16.4224,-43.4032)]
triangle[(2.07751,-19.6687),(-8.60113,-19.0408),(-9.40317,-32.6794)]
triangle[(3.79234,11.206),(16.1729,-9.7038),(48.1746,9.24413)]
triangle[(-20.8205,7.04372),(-19.937,-5.92208),(-6.30062,-4.99294)]
triangle[(-12.4932,1.47467),(15.7278,0.698268),(17.0851,50.0357)]
triangle[(-20.6149,1.38566),(14.8598,-16.9439),(44.5175,40.4551)]
triangle[(19.4366,-5.38159),(8.68619,1.9696),(-1.24109,-12.5481)]
triangle[(-2.86085,17.8149),(-10.1678,15.4494),(-7.36074,6.77838)]
triangle[(-19.6607,6.76087),(0.39383,-13.7145),(40.1681,25.242)]
triangle[(-10.2293,15.0254),(4.9235,1.9017),(21.2038,20.6991)]
triangle[(-5.43507,-20.3019),(20.7695,10.6341),(-25.4465,49.7816)]
triangle[(-19.28,-11.6599),(-14.1623,14.8814),(-65.914,24.8601)]
triangle[(14.4066,11.8638),(-17.5093,13.7592),(-20.3782,-34.5499)]
triangle[(2.99445,-8.76325),(3.45414,7.54648),(-23.5089,8.30644)]
triangle[(-9.10234,15.0499),(9.97671,7.94566),(19.1392,32.5524)]
triangle[(8.82549,-4.52732),(13.3203,-14.0959),(29.0346,-6.71411)]
triangle[(-3.63828,-17.4408),(-1.94904,-8.7062),(-16.2575,-5.939)]
triangle[(-9.60288,-11.5203),(-17.8015,-11.0847),(-18.4926,-24.0913)]
triangle[(-5.4016,-20.0832),(-18.6462,1.99208),(-60.7643,-23.2777)]
triangle[(15.5894,19.7165),(11.5175,16.7456),(14.6343,12.4736)]
triangle[(-7.36564,-5.25402),(-9.48371,9.18302),(-29.5694,6.23624)]
triangle[(9.24469,18.3692),(19.3851,12.0607),(26.7119,23.8379)]
triangle[(20.0753,-1.74621),(-6.37967,-8.10666),(4.61414,-53.8332)]
triangle[(-12.9196,13.0235),(0.147919,10.293),(5.56027,36.1953)]
triangle[(1.45225,-7.74614),(19.9883,-14.2755),(32.4251,21.031)]
triangle[(-0.215142,-11.5228),(0.26558,-5.65233),(-6.02046,-5.13757)]
triangle[(12.3461,-11.7295),(-7.41118,11.6634),(-51.8514,-25.8702)]
triangle[(-11.378,20.953),(4.96843,-9.67418),(55.2146,17.1435)]
triangle[(0.689946,16.582),(-16.1814,-12.4772),(24.6311,-36.1723)]
triangle[(-20.4856,-15.2786),(-17.7359,8.07217),(-59.8899,13.0361)]
triangle[(-5.5668,9.10847),(5.25189,4.1283),(11.6009,17.9206)]
triangle[(13.4359,17.156),(16.2875,-12.0995),(47.8355,-9.02444)]
triangle[(-11.5565,1.20286),(8.72401,19.3934),(-19.95,51.3619)]
triangle[(-14.1584,-7.98911),(19.4862,-12.1992),(25.9825,39.715)]
triangle[(-17.299,13.1143),(-15.7456,-4.37213),(10.5759,-2.03393)]
triangle[(1.06494,-7.0603),(-15.073,3.24366),(-27.8964,-16.8402)]
triangle[(-2.33668,-9.19911),(17.8717,-15.699),(26.3839,10.7659)]
triangle[(16.0749,14.6386),(11.1501,-13.7223),(57.0099,-21.6857)]
triangle[(14.0146,12.4698),(11.8585,-10.0509),(35.6494,-12.3286)]
triangle[(18.3778,8.02319),(-12.4287,15.2861),(-25.1277,-38.5778)]
triangle[(-20.3769,14.6398),(-17.3246,-13.5862),(37.7858,-7.62685)]
triangle[(13.718,-11.3776),(18.5175,4.46957),(-6.31094,11.9892)]
triangle[(3.78633,-7.34565),(-14.3172,3.07025),(-31.606,-26.9789)]
triangle[(-2.5051,8.43118),(-10.6471,17.6206),(-24.0133,5.77788)]
triangle[(-2.94712,6.25451),(-14.0202,20.7168),(-29.1694,9.11773)]
triangle[(-5.98986,3.45547),(7.6342,-5.98828),(23.0964,16.3183)]
triangle[(18.2568,-20.5867),(4.39872,3.45222),(-21.2418,-11.3292)]
triangle[(9.60847,0.300705),(12.0124,6.82827),(4.93622,9.43428)]
triangle[(11.9578,-0.712691),(15.4708,-19.7424),(52.5716,-12.8933)]
triangle[(14.9787,1.74782),(0.275603,-6.28713),(14.7767,-32.8226)]
triangle[(-14.3644,8.78873),(-0.0831574,-14.7434),(25.1386,0.563329)]
triangle[(-18.9639,-7.91215),(-12.6764,4.11492),(-29.6789,13.0036)]
triangle[(20.4965,8.78089),(3.91405,18.3147),(-14.3934,-13.528)]
triangle[(9.44606,10.6623),(11.8073,9.71582),(13.622,14.2431)]
triangle[(13.0109,-11.1066),(-19.5707,6.30529),(-50.1392,-50.8951)]
triangle[(3.93152,15.0225),(-19.1058,8.01993),(-11.1111,-18.2812)]
triangle[(11.8407,-19.0456),(-19.5295,-3.00445),(-37.1991,-37.5593)]
triangle[(-13.2831,-8.34321),(-19.9935,14.2452),(-47.0189,6.21669)]
triangle[(-1.66965,9.91355),(-0.16673,-19.8233),(52.3002,-17.1716)]
triangle[(-11.3849,8.11046),(-1.4193,10.9481),(-4.29794,21.0577)]
triangle[(19.4571,-8.52436),(-0.502061,-5.81643),(-4.23375,-33.3213)]
triangle[(-6.63141,12.0601),(4.484,-7.37421),(33.6384,9.30064)]
triangle[(6.93863,14.4664),(-0.95413,7.77812),(7.80495,-2.55832)]
triangle[(11.9749,-12.277),(16.1271,18.1483),(-22.6929,23.4462)]
triangle[(1.53523,15.016),(-8.168,-1.04729),(12.9935,-13.8302)]
triangle[(5.88093,-15.9436),(-18.9752,-2.97952),(-34.0139,-31.8133)]
triangle[(-6.01834,19.4058),(-13.4601,-0.938345),(12.083,-10.2819)]
triangle[(-7.25401,-16.0906),(11.5206,-8.23291),(-1.46814,22.8015)]
triangle[(-20.5188,-12.3399),(19.7919,15.6794),(-21.9551,75.7398)]
triangle[(-2.22426,1.3972),(-9.75098,2.63333),(-11.3833,-7.30581)]
triangle[(-12.6224,-10.0042),(12.1098,5.7372),(-3.99459,31.0397)]
triangle[(8.80723,-11.2903),(5.20292,-13.3197),(9.01564,-20.0913)]
triangle[(6.927,19.9427),(13.5741,8.95555),(27.2794,17.2471)]
triangle[(-14.7691,-16.7256),(19.485,-10.0192),(12.2376,26.998)]
triangle[(-3.69066,14.7603),(-2.34982,5.69346),(11.4939,7.74074)]
triangle[(-19.5222,6.20574),(2.10774,3.9754),(6.24921,44.1395)]
triangle[(17.8302,-11.3268),(-16.2204,13.9729),(-46.7403,-27.1034)]
triangle[(-4.31331,16.2256),(-4.60804,-8.97758),(27.6643,-9.35497)]
triangle[(4.74685,-0.885702),(-19.066,9.32334),(-33.7116,-24.8379)]
triangle[(6.22241,17.2517),(11.7332,16.7854),(12.3558,24.1445)]
triangle[(-12.1862,-4.56054),(-6.43063,-17.5709),(17.3992,-7.02893)]
triangle[(2.28183,-17.1979),(13.9745,5.07661),(-22.5827,24.2668)]
triangle[(17.5982,-12.6862),(2.46381,5.21411),(-17.4603,-11.6314)]
triangle[(-6.69085,0.382202),(-17.967,14.294),(-45.1778,-7.76151)]
triangle[(1.73315,-4.52707),(-15.9329,-18.4796),(11.1656,-52.7904)]
triangle[(-19.4435,-1.00883),(1.52204,8.54061),(-10.8433,35.6884)]
triangle[(-20.5874,17.7755),(-13.2775,17.9781),(-13.6778,32.4256)]
triangle[(2.30711,12.6818),(-13.4573,7.05839),(-6.81594,-11.5595)]
triangle[(-10.1306,12.234),(-3.05463,-7.84725),(21.3761,0.761391)]
triangle[(4.28871,-10.3085),(15.6271,-14.7187),(21.3801,0.0720892)]
triangle[(-2.08835,-0.749638),(-14.7777,6.39355),(-24.3519,-10.6143)]
triangle[(-8.03683,1.63052),(-11.2454,0.92526),(-10.2111,-3.78021)]
triangle[(3.83881,8.68482),(-19.5373,15.588),(-27.7337,-12.1677)]
triangle[(-9.40846,-13.7946),(0.142487,15.1105),(-40.8869,28.6676)]
triangle[(0.130429,-17.6573),(7.26632,19.3937),(-57.4117,31.8504)]
triangle[(-6.9138,-7.07436),(-0.79073,19.672),(-49.7391,30.8778)]
triangle[(-8.59247,11.3412),(15.9095,8.87485),(19.2139,41.7018)]
triangle[(20.5472,-11.8782),(19.0972,-8.42198),(15.0249,-10.1304)]
triangle[(5.42346,-6.74921),(2.42006,-4.05145),(-2.77639,-9.83663)]
triangle[(5.52689,-3.43304),(0.674395,5.08215),(-15.4281,-4.09409)]
triangle[(-15.6927,17.7114),(-1.0764,18.7235),(-2.47083,38.8614)]
triangle[(8.907,16.171),(-8.30343,-0.336083),(14.8534,-24.4797)]
triangle[(-12.4283,-1.64207),(11.0868,-16.7687),(30.4999,13.4099)]
triangle[(-10.9238,-19.9895),(-18.3251,-20.7704),(-17.1984,-31.4509)]
triangle[(1.8473,-7.48012),(-11.8724,-18.8728),(2.21303,-35.8351)]
triangle[(-6.87095,-10.1764),(6.90963,4.38311),(-10.6374,20.9913)]
triangle[(4.44997,8.05289),(10.5279,-8.38741),(42.2115,3.32601)]
triangle[(-15.6046,15.4584),(2.805,11.1909),(10.7173,45.3237)]
triangle[(4.20536,1.03701),(-1.98271,7.76041),(-13.3153,-2.66982)]
triangle[(-17.5116,-3.80306),(3.78427,-17.5477),(21.4463,9.81791)]
triangle[(6.75108,5.02543),(-3.64757,-11.5593),(15.322,-23.4533)]
triangle[(-18.33,-1.42821),(9.81928,0.723038),(6.50132,44.1389)]
triangle[(-16.7834,20.6917),(-7.11309,1.81391),(19.1304,15.2573)]
triangle[(1.60303,-8.17235),(-11.0711,-8.30392),(-10.9297,-21.9188)]
triangle[(-9.66845,18.4818),(6.72045,-3.31044),(48.13,27.8317)]
triangle[(-1.5948,12.1621),(-1.93493,-20.7851),(43.7322,-21.2566)]
triangle[(3.11359,-3.33429),(1.64052,18.2534),(-34.3393,15.7983)]
triangle[(17.2847,2.40405),(6.27473,9.14201),(-1.19732,-3.06745)]
triangle[(-20.6229,-5.51924),(10.2024,17.6128),(-32.3652,74.3374)]
triangle[(-15.4316,18.9354),(20.8341,2.10555),(39.7885,42.9494)]
triangle[(-10.7078,11.4808),(14.3357,5.0264),(23.1713,39.3094)]
triangle[(1.77366,19.7713),(2.46113,17.7813),(4.58509,18.5151)]
triangle[(3.17758,5.54994),(-2.58249,11.7276),(-12.369,2.60265)]
triangle[(4.28969,14.0635),(-17.7513,5.77432),(-4.78513,-28.7032)]
triangle[(7.34266,-14.4773),(-14.5742,14.7194),(-43.8447,-7.25282)]
triangle[(3.86737,17.5249),(-7.29639,4.13479),(12.518,-12.385)]
triangle[(1.18634,-15.4273),(2.99297,-3.84283),(-10.5974,-1.72338)]
triangle[(-19.9643,0.534257),(-10.4371,-5.09003),(-2.26325,8.75592)]
triangle[(-5.26091,-9.43773),(-0.835189,-6.40043),(-4.29667,-1.35663)]
triangle[(10.0944,10.2308),(-2.31442,11.6931),(-4.91152,-10.3463)]
triangle[(12.6768,6.1489),(8.92379,11.0179),(1.98383,5.66855)]
triangle[(-2.37637,-13.5755),(-13.0202,-0.657821),(-29.3145,-14.084)]
triangle[(-8.77321,12.8824),(-17.1195,-2.83375),(0.694068,-12.2939)]
triangle[(-18.1254,-0.668969),(-20.489,10.6456),(-34.3386,7.75232)]
triangle[(-5.10146,-7.1049),(-18.9434,0.672233),(-30.5139,-19.9213)]
triangle[(18.7298,12.9835),(14.6981,-0.803574),(29.5542,-5.1479)]
triangle[(10.0595,10.9912),(8.25608,2.35606),(17.1778,0.492832)]
triangle[(-19.3357,7.94434),(5.93215,-15.9623),(50.4822,31.1242)]
triangle[(-15.4521,-4.97585),(9.09832,2.80833),(-1.95771,37.6778)]
triangle[(16.3117,6.96804),(-10.3028,-12.2555),(13.7149,-45.5074)]
triangle[(12.0547,5.68075),(-4.11179,-18.1936),(31.8881,-42.5709)]
