triangle[(14.5602,-5.43625),(0.0140362,-12.1401),(12.6176,-39.4876)]
triangle[(-17.5793,18.1793),(2.55472,18.6213),(1.83604,51.3562)]
triangle[(-3.7589,-7.76855),(-13.8635,13.5776),(-53.0858,-4.98908)]
triangle[(-3.0334,17.8947),(-12.0605,-4.88769),(26.978,-20.356)]
triangle[(13.3906,-8.96568),(14.4421,-11.2126),(17.8849,-9.60135)]
triangle[(0.955915,16.8113),(-14.8437,14.2287),(-11.089,-8.74201)]
triangle[(-1.2043,9.2229),(-14.4823,9.65129),(-15.2378,-13.7662)]
triangle[(-2.00185,19.2009),(2.18088,7.41035),(22.4279,14.593)]
triangle[(-7.62147,-14.7747),(19.8913,17.1926),(-24.205,55.1443)]
triangle[(6.14436,15.5196),(-9.03569,12.0094),(-2.05927,-18.1601)]
triangle[(18.1064,10.5817),(-5.49278,-9.77628),(30.7595,-51.8003)]
triangle[(12.4112,-2.69606),(19.5567,-8.44311),(29.607,4.05279)]
triangle[(16.1284,-1.03766),(8.87185,-11.1123),(28.5523,-25.2878)]
triangle[(2.13608,3.63704),(20.1909,-6.40086),(38.7342,26.9524)]
triangle[(-10.4734,-16.0867),(-15.7355,17.5579),(-67.6406,9.43975)]
triangle[(6.66812,3.06235),(16.8199,-5.96883),(32.6014,11.7709)]
triangle[(13.2307,-14.4021),(-3.35997,-4.81544),(-14.788,-24.5927)]
triangle[(11.8678,-8.43038),(-2.78994,17.1727),(-34.8273,-1.16864)]
triangle[(4.23593,-1.94567),(-8.67735,-14.5019),(7.07355,-30.7007)]
triangle[(-3.26701,-8.97498),(9.86556,-14.8011),(21.4081,11.2166)]
triangle[(13.4882,13.7905),(10.872,-3.68943),(30.1231,-6.57073)]
triangle[(-11.3669,7.77477),(-3.07733,20.7385),(-22.4045,33.0971)]
triangle[(16.8716,-16.2612),(7.92319,6.24315),(-18.5361,-4.27787)]
triangle[(-20.822,12.8983),(-20.0516,-5.00051),(-0.0253599,-4.1386)]
triangle[(8.62504,-0.93199),(-20.4585,5.98511),(-30.8061,-37.5221)]
triangle[(-4.34558,-0.886518),(-8.83995,14.2162),(-30.8493,7.66648)]
triangle[(-3.68908,0.971678),(9.58943,2.15048),(8.1238,18.66)]
triangle[(-19.256,9.79719),(-13.0481,-9.61438),(13.41,-1.15302)]
triangle[(-18.6807,-3.40507),(18.0814,-4.14289),(19.3426,58.6947)]
triangle[(-1.11169,-9.71862),(2.55029,4.98581),(-21.83,11.0575)]
triangle[(-5.90983,-3.13924),(-3.68396,-4.48463),(-1.81143,-1.38664)]
triangle[(5.04248,-12.0876),(14.5361,-6.80789),(7.07394,6.60985)]
triangle[(7.7127,-15.5074),(5.31904,-20.4834),(14.5566,-24.927)]
triangle[(-12.619,-5.83024),(11.1869,2.85854),(-2.99731,41.7211)]
triangle[(10.0579,10.2345),(12.9418,-20.0302),(68.2931,-14.7559)]
triangle[(14.4555,17.5413),(10.3396,19.298),(6.84618,11.1133)]
triangle[(-7.95782,5.29329),(13.9741,7.84712),(8.91894,51.26)]
triangle[(-14.433,15.9229),(5.5756,-13.9773),(49.6706,15.5301)]
triangle[(3.08499,3.81599),(-3.34873,11.5409),(-13.6321,2.97642)]
triangle[(-2.30446,-18.8994),(18.2768,13.5916),(-23.5835,40.1077)]
triangle[(-8.47629,-5.86514),(-4.75791,-8.34966),(-1.29404,-3.16555)]
triangle[(2.25445,-12.0095),(11.2678,-1.02377),(-9.1066,15.6927)]
triangle[(14.4604,-0.596139),(-17.4156,-3.86512),(-12.3916,-52.8551)]
triangle[(-12.3676,-3.7714),(-7.04104,-7.80997),(-0.110001,1.33145)]
triangle[(-0.409383,-9.7686),(0.424499,2.18892),(-12.6589,3.10132)]
triangle[(-2.48161,12.7361),(2.84526,-14.7183),(38.1414,-7.86995)]
triangle[(-13.0509,6.63148),(-7.98851,-6.50847),(17.212,3.20036)]
triangle[(19.3627,-6.05019),(6.37602,-19.6005),(30.3027,-42.532)]
triangle[(14.974,-3.71074),(-15.4242,7.12599),(-27.3317,-26.2759)]
triangle[(-4.42527,13.0316),(14.8518,-19.8929),(54.1331,3.10594)]
triangle[(9.318,-14.863),(2.85739,4.54751),(-28.7867,-5.98496)]
triangle[(19.2991,-20.7622),(14.6255,-11.3892),(0.750505,-18.3076)]
triangle[(15.883,1.29628),(10.77,4.98405),(4.41679,-3.82462)]
triangle[(10.4205,6.78925),(-0.295284,-17.0415),(42.0768,-36.0947)]
triangle[(10.3119,-0.915055),(3.51309,12.2529),(-13.0177,3.71773)]
triangle[(-6.09546,-18.5855),(17.8961,13.8174),(-42.2023,58.3152)]
triangle[(-9.59259,-11.9027),(-11.762,0.503438),(-34.9843,-3.55732)]
triangle[(-1.21889,7.09784),(-1.18046,12.3272),(-8.39399,12.3803)]
triangle[(16.5903,-13.6959),(-11.6196,-11.8074),(-14.2924,-51.7342)]
triangle[(-5.20109,16.9998),(-0.166369,-2.0274),(23.4818,4.23006)]
triangle[(18.3883,-17.7879),(12.0475,-20.287),(16.5544,-31.7216)]
triangle[(-11.1831,1.52987),(1.34689,15.1586),(-13.0066,28.3549)]
triangle[(-3.98443,-10.5919),(0.225771,-1.78068),(-13.0085,4.54293)]
triangle[(-2.14193,-19.2785),(14.2759,-9.79306),(4.1703,7.69804)]
triangle[(12.6914,18.5349),(-1.7841,20.2408),(-4.73473,-4.79602)]
triangle[(-17.216,14.8146),(-6.19064,1.87281),(7.90351,13.8799)]
triangle[(14.5837,3.86772),(8.81462,-11.6118),(36.1345,-21.7937)]
triangle[(17.733,-5.72001),(-10.5449,14.8555),(-48.4893,-37.2931)]
triangle[(-4.15725,2.28424),(17.7698,-12.077),(38.0364,18.8664)]
triangle[(-12.0648,12.5276),(-11.863,3.46651),(1.28399,3.75923)]
triangle[(17.3452,-9.76557),(7.76972,11.1724),(-23.1547,-2.9702)]
triangle[(2.74626,-9.59511),(8.09951,-12.5241),(13.7223,-2.24758)]
triangle[(-19.0548,-18.3489),(12.6796,-9.60943),(2.95506,25.7023)]
triangle[(6.97127,18.5694),(1.03544,12.6888),(10.7021,2.93143)]
triangle[(18.0832,9.85715),(-10.6152,-3.51269),(16.0501,-60.7497)]
triangle[(-3.43012,-18.1937),(13.5995,6.97132),(-36.3102,40.746)]
triangle[(-10.23,11.3554),(16.974,9.22344),(20.8104,58.1778)]
triangle[(-8.66195,6.13674),(13.7126,20.2825),(-11.1023,59.5325)]
triangle[(1.75123,-19.4881),(-0.106128,13.984),(-45.7624,11.4506)]
triangle[(0.567132,3.85859),(20.1459,-4.4422),(29.7642,18.2442)]
triangle[(-6.56722,-15.9566),(11.9131,-12.4134),(5.24027,22.3903)]
triangle[(-15.4026,-19.0103),(-16.0761,-9.49468),(-29.5769,-10.4503)]
triangle[(10.7976,-7.8913),(-0.956991,-0.167377),(-12.9075,-18.3541)]
triangle[(-5.46372,-5.34232),(17.7013,-2.79859),(13.6731,33.8851)]
triangle[(3.21172,6.68091),(7.86359,10.4111),(3.98115,15.2528)]
triangle[(-15.8998,8.38821),(-18.0018,-2.98027),(-2.23988,-5.89466)]
triangle[(6.67081,6.14924),(-7.39089,-9.82434),(21.6335,-35.3748)]
triangle[(13.3865,11.4334),(-4.02692,-20.4478),(41.6175,-45.3786)]
triangle[(-20.7026,-0.94892),(11.4871,-12.5599),(33.372,48.1126)]
triangle[(5.11932,14.916),(-11.7338,15.5944),(-12.6236,-6.51103)]
triangle[(2.60195,-9.42934),(-0.656677,-2.75763),(-8.28395,-6.48298)]
triangle[(-9.03341,12.9478),(14.2991,-15.25),(42.9407,8.44969)]
triangle[(5.8201,-20.2718),(-17.5013,-12.1918),(-33.4534,-58.2345)]
triangle[(-0.862751,1.50477),(-7.83744,1.52781),(-7.87273,-9.15435)]
triangle[(-18.0997,3.41554),(9.16454,-19.4431),(52.7835,32.5826)]
triangle[(7.88206,-15.2678),(-3.30853,-7.50761),(-18.7814,-29.8203)]
triangle[(-19.5695,-19.4406),(-1.33244,-10.339),(-15.1823,17.4124)]
triangle[(-9.12976,4.14665),(5.99784,14.0165),(-3.8795,29.1556)]
triangle[(-7.93594,19.49),(-9.02214,4.52702),(7.88757,3.2995)]
triangle[(-11.5377,-17.393),(-2.34615,14.9876),(-56.1116,30.2495)]
triangle[(-8.31723,8.46251),(5.16882,-9.21119),(30.9175,10.4365)]
triangle[(-20.6968,-9.56572),(-12.4366,-7.89299),(-14.6139,2.85874)]
triangle[(-10.416,-7.45189),(-9.27573,-20.8037),(16.6172,-18.5924)]
triangle[(-16.1248,12.7701),(-0.0585608,-12.545),(34.4982,9.38651)]
triangle[(6.74573,-18.6785),(-2.64012,16.1585),(-60.0585,0.688724)]
triangle[(4.5972,-10.5724),(20.9136,-17.5029),(28.8356,1.14774)]
triangle[(17.0445,10.235),(-3.39643,8.89396),(-1.86644,-14.4268)]
triangle[(19.8953,2.6333),(-12.8292,-12.1997),(8.44962,-59.145)]
triangle[(-12.8204,-19.0616),(-18.9465,12.1867),(-72.2377,1.73906)]
triangle[(9.69971,4.24609),(-16.9955,-16.9139),(12.0065,-53.5026)]
triangle[(1.1702,1.19852),(9.96094,20.4149),(-21.7526,34.9226)]
triangle[(6.00987,-8.09635),(11.4242,-3.62793),(6.95175,1.79137)]
triangle[(3.50553,-16.2364),(1.52941,-19.2357),(4.64888,-21.291)]
triangle[(-5.60537,16.6374),(19.1933,-0.297535),(40.418,30.7828)]
triangle[(9.52369,-0.934604),(6.09821,-6.48389),(15.5069,-12.2917)]
triangle[(0.90081,-2.23379),(16.3162,-2.1517),(16.1787,23.6686)]
triangle[(3.69888,-4.52332),(20.5454,-5.63372),(22.5961,25.4792)]
triangle[(-19.2441,-16.1166),(-11.2427,15.7984),(-59.1106,27.7993)]
triangle[(3.18475,9.75567),(20.8954,-14.2467),(59.4066,14.1696)]
triangle[(12.152,-18.2156),(-16.8425,8.14958),(-64.3848,-44.134)]
triangle[(-17.4353,-8.16055),(-2.09922,-11.0963),(3.41345,17.701)]
triangle[(5.13756,-20.2842),(-13.9136,-12.3533),(-26.215,-41.903)]
triangle[(-12.1954,-14.9467),(-13.8171,-4.04994),(-30.4493,-6.52511)]
triangle[(0.546633,-15.637),(-4.82002,-16.6268),(-3.40769,-24.2843)]
triangle[(-18.8973,-7.12821),(20.6398,-3.48189),(16.9144,36.9135)]
triangle[(-5.24265,1.76989),(-13.6563,-6.35123),(-0.625581,-19.8513)]
triangle[(-15.3583,7.33393),(-0.0122935,-1.52618),(10.0878,15.9675)]
triangle[(-9.37222,-8.07424),(-10.514,6.40367),(-38.3414,4.20908)]
triangle[(1.05944,5.53761),(12.9216,-18.5111),(53.9587,1.73072)]
triangle[(2.55993,0.968957),(-5.24691,-9.54661),(11.7037,-22.1309)]
triangle[(-0.340374,7.13241),(6.6526,17.2292),(-5.86149,25.8964)]
triangle[(-14.5807,17.9938),(-8.7477,-2.09405),(13.7532,4.43963)]
triangle[(-14.5838,18.6405),(-2.97265,11.8752),(8.30223,31.2263)]
triangle[(-6.7125,12.4922),(15.0957,-7.99417),(55.7806,35.3158)]
triangle[(-15.6788,3.5762),(-16.6935,11.4427),(-27.9442,9.99145)]
triangle[(13.4382,19.5975),(18.5738,-20.1254),(68.855,-13.6248)]
triangle[(-10.2561,-18.7495),(-5.54395,0.415331),(-26.8039,5.64259)]
triangle[(0.269453,13.397),(-16.5743,-7.6572),(13.2067,-31.4827)]
triangle[(-18.6622,10.4343),(-20.5827,18.5424),(-33.9428,15.3777)]
triangle[(17.8065,6.95787),(-5.05399,-6.65219),(15.457,-41.104)]
triangle[(-20.3477,13.0736),(16.5392,11.9883),(18.1696,67.3999)]
triangle[(-0.106226,9.40927),(-13.0854,-19.9654),(34.4371,-40.9631)]
triangle[(-12.0469,12.917),(-4.22952,-18.0404),(40.0085,-6.86939)]
triangle[(14.0515,-0.638819),(0.397326,12.1479),(-18.152,-7.65982)]
triangle[(18.1989,-1.40328),(15.2105,-18.8217),(42.9582,-23.5823)]
triangle[(-9.02767,-12.6724),(-13.407,-18.8721),(-2.03192,-26.9072)]
triangle[(0.744898,-6.15233),(16.8756,8.87377),(1.26988,25.6267)]
triangle[(-8.78145,-20.3358),(3.41303,-4.42616),(-23.2546,16.0141)]
triangle[(-3.84159,9.68542),(1.67981,-6.12727),(32.1083,4.49762)]
triangle[(-9.40908,-13.4522),(5.9087,9.8073),(-37.1567,38.1685)]
triangle[(-2.51265,-2.53572),(9.15931,-16.6421),(23.8995,-4.4457)]
triangle[(-20.9931,-2.17306),(4.61176,-0.63801),(1.96076,43.581)]
triangle[(15.1009,19.0021),(-1.46689,-1.22393),(38.7098,-34.1339)]
triangle[(19.1918,-6.11892),(17.0219,9.72909),(0.911223,7.52331)]
triangle[(16.2433,16.3779),(2.92598,18.1032),(0.309524,-2.09193)]
triangle[(-11.7584,-7.35175),(-5.69012,-20.2416),(11.7764,-12.0188)]
triangle[(-19.3507,-17.9676),(2.17888,-5.7845),(-14.6341,23.9267)]
triangle[(-1.12031,-0.385299),(-5.37522,15.8198),(-27.0702,10.1234)]
triangle[(-13.1078,-18.7936),(11.9264,14.2842),(-53.483,63.7879)]
triangle[(-17.0577,20.7136),(17.8989,-2.34167),(49.1927,45.1061)]
triangle[(19.3734,16.7789),(18.3435,-18.1531),(81.8967,-20.0268)]
triangle[(-6.04293,-7.67887),(-10.8863,-15.8737),(1.71117,-23.3191)]
triangle[(1.55329,-11.0232),(18.8405,-0.688956),(1.74569,27.9075)]
triangle[(6.91511,8.14743),(12.2844,3.3138),(18.5361,10.2583)]
triangle[(-12.5189,-17.7161),(8.71787,9.07523),(-34.3849,43.2416)]
triangle[(4.23004,18.6478),(9.1056,-20.0846),(78.3566,-11.3674)]
triangle[(9.31006,11.9052),(11.735,-13.3889),(50.9596,-9.62851)]
triangle[(3.81461,12.5395),(14.0689,-4.98086),(48.4449,15.1387)]
triangle[(11.4386,9.31492),(-18.0697,-6.47954),(-1.68797,-37.0851)]
triangle[(-8.24662,14.129),(-4.29384,-19.7252),(46.2339,-13.8257)]
triangle[(-12.86,-1.98993),(17.0055,-5.65774),(24.1808,52.7681)]
triangle[(1.50415,0.489044),(-17.3587,-17.0465),(7.60266,-43.8972)]
triangle[(15.0069,12.6714),(-15.1902,-8.27073),(24.3089,-65.2259)]
triangle[(-10.8016,-7.16415),(-4.3067,-14.3011),(5.8315,-5.07497)]
triangle[(-7.0979,6.56705),(-18.7873,-6.56209),(4.35327,-27.1651)]
triangle[(-7.43283,-9.43987),(-18.7139,-19.3683),(-2.46813,-37.8273)]
triangle[(13.2229,0.847957),(-8.05754,14.5768),(-27.9739,-16.2946)]
triangle[(-20.4276,-12.4294),(-17.4888,-3.40989),(-33.6444,1.8541)]
triangle[(-18.1324,14.3321),(7.65653,-1.78017),(37.4231,45.8637)]
triangle[(16.5585,16.0627),(18.1727,6.78672),(31.66,9.13381)]
triangle[(-10.8962,-18.1961),(5.31399,8.53755),(-34.0948,32.4333)]
triangle[(-10.2238,2.3329),(2.64292,-18.5974),(41.3265,5.18307)]
triangle[(-13.0241,-20.6268),(-11.395,-10.3458),(-29.5819,-7.46397)]
triangle[(4.90954,12.2347),(-3.54414,-14.4247),(47.9253,-30.7456)]
triangle[(-9.80412,9.26301),(-0.958812,15.9373),(-11.6609,30.1206)]
triangle[(-13.3744,-4.32563),(-10.5186,12.3215),(-41.3747,17.6148)]
triangle[(12.1958,-14.0371),(-0.854463,10.5514),(-38.3508,-9.3495)]
triangle[(-9.26865,0.0059328),(-14.3141,-5.42247),(-4.96759,-14.1095)]
triangle[(17.4174,-10.3634),(-14.3671,-5.74147),(-22.3603,-60.7096)]
triangle[(9.47275,-3.12288),(-9.01476,-17.4475),(5.70171,-36.4408)]
triangle[(7.66147,17.3816),(15.5334,10.146),(26.6177,22.2052)]
triangle[(9.65526,-17.9584),(-13.7362,4.58442),(-49.3737,-32.3946)]
triangle[(-12.7812,12.9728),(-11.0634,-8.28496),(21.7368,-5.63449)]
triangle[(12.1962,1.56873),(10.8702,14.495),(-3.25112,13.0464)]
triangle[(4.06685,-16.9011),(-18.4696,9.93223),(-58.1798,-23.4191)]
triangle[(14.7525,-15.8026),(-9.52246,8.16809),(-55.5932,-38.4873)]
triangle[(17.4803,-14.2976),(-1.61033,-8.63558),(-9.48791,-35.1965)]
triangle[(6.24545,17.5622),(-18.3145,-9.94693),(10.7828,-35.9247)]
triangle[(-9.50223,8.31228),(-12.3933,-0.498616),(1.80423,-5.15712)]
triangle[(-15.1137,11.9205),(20.9558,-6.6002),(54.7479,59.2108)]
triangle[(15.6341,7.16433),(-20.5085,11.2443),(-27.6988,-52.452)]
triangle[(-5.08278,17.052),(-6.10702,-16.6933),(50.1548,-18.4009)]
triangle[(12.9449,-6.4246),(9.4681,-12.8368),(17.0706,-16.959)]
triangle[(-4.35199,-0.802065),(-4.12722,9.45168),(-18.8265,9.77389)]
triangle[(-11.791,1.0607),(7.60388,3.74233),(2.70622,39.1645)]
triangle[(5.27485,4.20625),(2.48683,7.62676),(-3.25646,2.94546)]
triangle[(-2.10677,9.74156),(15.0723,-12.4829),(57.089,19.9952)]
triangle[(-15.482,-5.26274),(14.5708,19.7353),(-10.5597,49.9474)]
triangle[(0.816228,-15.3524),(13.152,-9.66931),(6.71328,4.30679)]
triangle[(4.91244,-4.26853),(-13.2288,-4.39583),(-13.0887,-24.3627)]
triangle[(18.5394,-1.89229),(-15.0835,3.84),(-21.7319,-35.1565)]
triangle[(-14.6949,-11.0984),(10.3708,1.46449),(-12.7768,47.6489)]
triangle[(5.98226,10.5374),(18.687,-9.39189),(56.1442,14.4867)]
triangle[(20.3894,16.7804),(1.78931,16.2872),(2.31073,-3.37611)]
triangle[(17.8766,4.99599),(13.3714,2.08071),(17.1102,-3.69702)]
triangle[(10.4626,5.08974),(-5.83066,-4.4846),(10.6143,-32.47)]
triangle[(15.0793,19.6911),(18.6689,18.8373),(19.8947,23.9912)]
triangle[(3.86067,-5.09879),(0.886443,19.868),(-29.0916,16.2968)]
triangle[(7.58839,19.6093),(-17.6141,-18.3831),(32.3152,-51.5041)]
triangle[(-10.8136,1.51234),(12.4195,19.5453),(-16.4446,56.7328)]
triangle[(9.0385,6.99316),(5.48608,18.8404),(-8.60351,14.6157)]
triangle[(11.7384,1.07484),(-3.90616,-15.4524),(13.5349,-31.962)]
triangle[(1.53438,-8.81728),(4.63476,8.27012),(-28.0506,14.2006)]
triangle[(-11.858,1.57977),(-7.94048,15.4308),(-26.1988,20.5948)]
triangle[(4.52598,1.48008),(-20.9892,-13.3532),(-0.557242,-48.4987)]
triangle[(-19.6713,-5.06239),(17.5156,-17.3384),(31.704,25.6414)]
triangle[(-10.3916,9.90646),(-15.4006,-2.9474),(0.600184,-9.18268)]
triangle[(13.8422,16.8906),(-2.34657,15.6928),(-0.583284,-8.13771)]
triangle[(-14.8365,-5.96305),(-13.3159,-12.9036),(-0.0282047,-9.99245)]
triangle[(10.2968,8.70886),(5.37128,16.4366),(-5.47796,9.52149)]
triangle[(3.98079,-0.527016),(11.4674,-3.71977),(15.0433,4.66519)]
triangle[(11.8681,7.71664),(-14.2878,-0.323209),(1.31852,-51.095)]
triangle[(-3.97622,6.68047),(1.55563,-8.07846),(19.6617,-1.29207)]
triangle[(1.64211,-6.11006),(-2.48011,-8.00658),(0.746997,-15.0209)]
triangle[(18.8688,-6.24453),(-8.49358,19.5965),(-51.6264,-26.0757)]
triangle[(-15.2317,-3.92868),(-3.97507,20.0087),(-47.6941,40.5677)]
triangle[(4.38752,4.63267),(1.1043,9.5146),(-7.33115,3.84154)]
triangle[(-12.3676,-11.2655),(-12.4594,4.13465),(-29.0404,4.03585)]
triangle[(18.8095,5.94051),(17.8603,-1.84696),(30.0035,-3.32709)]
triangle[(16.6801,6.7368),(7.26116,14.5457),(-6.76129,-2.36789)]
triangle[(-0.273786,-6.22687),(-12.0287,-11.9344),(-4.45461,-27.5337)]
triangle[(2.42396,16.9607),(-14.2264,0.641986),(17.7201,-31.9538)]
triangle[(-4.97806,-12.5235),(-14.1631,-17.958),(-5.91685,-31.8953)]
triangle[(13.8474,18.169),(-12.7026,13.8592),(-6.79801,-22.515)]
triangle[(-8.56271,18.7305),(-4.75773,9.50653),(8.54866,14.9956)]
triangle[(8.20323,-7.59831),(18.4194,-10.2307),(23.6277,9.98228)]
triangle[(-11.3892,2.07024),(-0.629231,2.84702),(-1.64655,16.9389)]
triangle[(-8.96438,10.7132),(-7.0439,-6.903),(14.1292,-4.59476)]
triangle[(10.9743,-5.90787),(18.4561,18.3491),(-10.5161,27.2853)]
triangle[(-8.28957,2.46109),(2.03261,-8.32669),(17.4208,6.39736)]
triangle[(0.382384,-7.82426),(-15.7151,11.4169),(-51.4939,-18.5164)]
triangle[(-8.66315,0.0778351),(4.37988,17.9108),(-27.8462,41.4809)]
triangle[(17.2976,10.867),(-14.9473,0.522739),(-2.24377,-39.0765)]
triangle[(-4.56894,8.21329),(-8.71526,-7.27199),(17.2037,-14.212)]
triangle[(18.1795,17.7911),(-17.7102,4.70477),(-2.8114,-36.1554)]
triangle[(1.48312,9.19146),(17.7676,-9.4761),(45.2042,14.458)]
triangle[(7.39746,10.7306),(11.7657,6.12628),(19.3864,13.3562)]
triangle[(-10.0501,11.896),(-2.73186,6.16128),(7.09716,18.7044)]
triangle[(18.5736,3.23009),(-5.80207,19.3015),(-30.0838,-17.5269)]
triangle[(-3.45717,3.48462),(10.5127,6.93709),(6.14233,24.621)]
triangle[(-13.1982,-7.29836),(17.6721,-10.3254),(22.487,38.7774)]
triangle[(10.6224,-0.747762),(12.8467,-7.23533),(22.5581,-3.90579)]
triangle[(1.88063,20.9907),(18.3574,-8.4597),(62.0138,15.965)]
triangle[(17.5031,-0.884533),(9.19366,-16.5936),(31.1782,-28.2225)]
triangle[(20.5693,6.7317),(-14.4824,-15.3796),(8.42138,-51.6876)]
triangle[(-17.7911,-6.46135),(-17.2869,2.79434),(-35.5761,3.79069)]
triangle[(8.87797,-16.2512),(-10.205,-20.6419),(-4.19336,-46.77)]
triangle[(4.71258,-2.76696),(-14.0654,14.3497),(-33.7436,-7.23837)]
triangle[(-17.2018,-3.47594),(6.04668,4.89383),(-8.28944,44.7149)]
triangle[(-15.3752,16.2615),(-11.532,-1.55321),(20.6392,5.38715)]
triangle[(-13.82,-0.390591),(1.53534,-13.0825),(15.9595,4.36864)]
triangle[(2.95188,-20.8368),(19.3732,-13.5428),(10.4815,6.47524)]
triangle[(15.3132,4.81992),(-8.30948,-11.2099),(17.0183,-48.5348)]
triangle[(20.5433,4.58482),(-10.9773,2.24007),(-7.76331,-40.9653)]
triangle[(14.502,17.7857),(-5.87161,-10.9417),(45.6196,-47.4595)]
triangle[(-8.95449,5.78867),(0.943357,-16.0095),(36.7178,0.234532)]
triangle[(-12.4332,-12.6161),(-6.78844,-16.0611),(-0.653976,-6.00945)]
triangle[(8.44405,5.02729),(14.6356,14.1393),(0.686874,23.6173)]
triangle[(-11.6075,3.40136),(-11.9107,-18.1703),(13.0044,-18.5204)]
triangle[(12.7904,3.82212),(-16.3915,6.08292),(-20.7838,-50.6122)]
triangle[(15.6303,4.84908),(-7.89045,3.63149),(-5.77339,-37.2649)]
triangle[(20.862,0.895829),(-6.27363,-12.4454),(9.35591,-44.2354)]
triangle[(20.0746,0.999065),(-9.43602,16.2746),(-25.9798,-15.6861)]
triangle[(-12.1297,-15.7072),(-6.39634,-11.6614),(-12.2208,-3.40734)]
triangle[(-13.1381,10.3198),(-19.4062,-6.07142),(10.7898,-17.6187)]
triangle[(18.0864,-3.61356),(-8.44197,-3.86035),(-8.07871,-42.907)]
triangle[(0.590537,-6.85478),(10.8333,20.0204),(-38.8842,38.9689)]
triangle[(3.92441,4.82448),(-17.2189,-8.10576),(-0.772579,-34.9986)]
triangle[(19.8048,-12.3831),(10.4467,14.043),(-32.5039,-1.16673)]
triangle[(9.94115,6.61127),(-18.0218,-17.5775),(29.149,-72.1082)]
triangle[(8.2242,-5.45525),(14.102,-6.77259),(15.5057,-0.509667)]
triangle[(-5.88141,-6.24442),(4.34246,-10.5592),(11.7997,7.11092)]
triangle[(-12.182,-11.3497),(0.669584,-6.21375),(-4.87128,7.6509)]
triangle[(16.0498,-20.2281),(-20.9338,9.53496),(-54.2684,-31.8867)]
triangle[(0.79834,-20.3388),(-16.4121,-16.667),(-20.3358,-35.058)]
triangle[(13.4766,3.67051),(-5.88506,18.9005),(-25.6998,-6.28963)]
triangle[(8.2643,8.331),(-9.63444,16.6658),(-23.031,-12.103)]
triangle[(9.51257,-16.898),(-1.45473,15.5601),(-34.8877,4.26345)]
triangle[(-18.1652,-6.45254),(18.1219,-4.01481),(14.9134,43.7452)]
triangle[(18.1354,-19.3787),(-5.37907,2.92968),(-30.5697,-23.6229)]
triangle[(-0.468882,-1.8142),(8.19907,-20.85),(37.1935,-7.64736)]
triangle[(-1.00066,-8.74049),(-5.89467,17.6188),(-49.5373,9.51583)]
triangle[(18.0409,-13.8816),(-9.08246,-4.58695),(-27.6246,-58.6963)]
triangle[(-20.897,16.8113),(13.72,-20.6529),(64.7582,26.5065)]
triangle[(7.9085,-4.11303),(7.18041,8.98973),(-8.34855,8.12682)]
triangle[(13.9968,-6.88706),(-20.9413,-8.84709),(-17.073,-77.8013)]
triangle[(18.5027,-4.20636),(2.84192,1.32999),(-4.85977,-20.4559)]
triangle[(10.6326,4.20525),(5.57747,13.0414),(-8.56341,4.95133)]
triangle[(-2.06435,5.67352),(10.7091,-5.53221),(23.2191,8.728)]
triangle[(-5.14002,-14.6756),(-4.62368,-19.7247),(3.5861,-18.8851)]
triangle[(-11.4283,-17.1558),(-11.283,7.46564),(-59.3191,7.74922)]
triangle[(-7.96404,-13.2415),(-2.017,18.2277),(-56.7598,28.573)]
triangle[(-18.1263,-13.3795),(10.2459,-15.9876),(13.1904,16.0435)]
triangle[(5.2096,-8.21835),(-0.279035,12.3162),(-34.0799,3.28169)]
triangle[(1.71658,-14.8334),(-4.33948,-11.5789),(-8.6288,-19.5606)]
triangle[(10.5292,14.018),(1.11321,3.64471),(15.4442,-9.36378)]
triangle[(-15.5029,2.23372),(3.56441,14.2181),(-10.2087,36.1313)]
triangle[(9.1474,4.33828),(7.76795,-8.73193),(26.8611,-10.747)]
triangle[(-0.43951,-20.511),(12.6731,-3.65625),(-11.2064,14.9215)]
triangle[(-11.6598,-16.3747),(-8.04743,-14.908),(-10.856,-7.99056)]
triangle[(7.19574,-3.47456),(8.33772,-1.6873),(4.84325,0.545526)]
triangle[(-10.238,-16.3196),(12.297,-3.32582),(-10.2172,35.7202)]
triangle[(-14.7247,-15.0061),(0.740647,1.51316),(-24.1403,24.8067)]
triangle[(-1.47647,1.86542),(-7.02091,0.136883),(-4.29839,-8.59586)]
triangle[(11.1508,1.23077),(9.07639,-0.462724),(11.923,-3.94965)]
triangle[(-17.9422,-11.958),(-3.83855,11.3891),(-40.2807,33.4032)]
triangle[(-7.47192,-7.25461),(5.77347,-20.4637),(20.3145,-5.8827)]
triangle[(-6.89214,-14.9736),(-19.4869,12.3169),(-61.3071,-6.98356)]
triangle[(-7.96533,-3.49922),(5.32997,-2.81737),(4.04227,22.2914)]
triangle[(-16.959,13.7259),(-16.3089,10.3922),(-12.7053,11.095)]
triangle[(7.67393,4.75882),(-7.56257,4.33105),(-6.86568,-20.4913)]
triangle[(-17.8099,-8.54759),(-9.68495,-3.39267),(-19.5734,12.1931)]
triangle[(14.6092,17.1422),(17.9481,0.318242),(39.3772,4.57117)]
triangle[(-12.9897,-5.12906),(-8.02987,-7.50962),(-3.70771,1.49542)]
triangle[(-1.6313,-8.9761),(9.8923,-10.8892),(11.8881,1.13262)]
triangle[(0.853747,-19.1772),(-16.8683,4.29229),(-42.5915,-15.1315)]
triangle[(-18.6354,-17.1446),(-20.55,-0.884952),(-40.5782,-3.24323)]
triangle[(-0.491807,-19.0939),(-15.1861,-20.3284),(-13.4432,-41.0741)]
triangle[(15.7831,-16.9973),(-10.8007,-15.9529),(-12.7967,-66.7571)]
triangle[(-18.4671,-5.16552),(20.9395,-11.7575),(28.0101,30.5099)]
triangle[(8.3311,-11.8468),(-6.26307,12.7051),(-50.4168,-13.5408)]
triangle[(20.4339,12.58),(10.1387,20.0013),(-0.63279,5.05864)]
triangle[(-7.92728,-1.65187),(0.735685,-17.4805),(22.5983,-5.51515)]
triangle[(-7.15333,11.6381),(-4.27533,-5.22893),(17.3968,-1.53105)]
triangle[(1.23666,-3.25583),(-13.775,-4.86655),(-11.1369,-29.4533)]
triangle[(19.8511,-2.71486),(-6.59864,0.273895),(-10.6009,-35.1451)]
triangle[(-20.3034,-3.23902),(2.65918,-13.4545),(14.8355,13.9155)]
triangle[(-12.5774,-16.8884),(-16.8715,-1.3793),(-46.6173,-9.61526)]
triangle[(11.2783,-19.3106),(14.7572,18.0304),(-24.1163,21.652)]
triangle[(-9.59837,20.3299),(-11.1795,-19.1915),(46.4343,-21.4965)]
triangle[(-15.4365,12.8435),(9.42404,-14.5456),(54.1962,26.0933)]
triangle[(4.84684,-20.2289),(4.74935,0.313091),(-20.8718,0.191492)]
triangle[(15.3813,-10.7599),(-14.3044,-12.9354),(-10.493,-64.9435)]
triangle[(6.24393,-7.98605),(17.548,20.695),(-34.3419,41.1464)]
triangle[(3.82488,-16.823),(-19.5333,-0.766006),(-46.8206,-40.461)]
triangle[(-12.9603,-9.52895),(-15.0125,12.3052),(-53.1815,8.7176)]
triangle[(-10.0372,-0.271885),(-20.5736,8.63399),(-35.7042,-9.26665)]
triangle[(-8.80108,4.2464),(-16.2911,2.84877),(-14.8756,-4.7369)]
triangle[(20.9206,0.358543),(3.90829,4.51131),(-1.36023,-17.0718)]
triangle[(-0.971053,-11.72),(-0.911003,-5.38359),(-11.5432,-5.28283)]
triangle[(1.40102,5.04416),(-6.72731,9.51561),(-14.2674,-4.19102)]
triangle[(-7.60288,-11.4234),(20.6819,17.2677),(-34.6227,71.7889)]
triangle[(-15.2228,-7.34573),(1.82686,-11.1324),(8.55282,19.152)]
triangle[(17.4632,2.4339),(-11.2669,16.2516),(-25.097,-12.5043)]
triangle[(17.3331,-8.09316),(-10.9936,13.8391),(-39.5131,-22.9952)]
triangle[(-12.4451,10.6345),(-14.3956,15.4273),(-20.0316,13.1336)]
triangle[(14.9854,13.4104),(-7.88245,-3.89975),(10.1452,-27.7155)]
triangle[(9.48621,-16.5739),(14.5755,-1.84445),(-11.3136,7.1006)]
triangle[(-17.4487,6.69109),(11.0731,-2.73843),(24.2,36.9669)]
triangle[(4.23728,-19.9281),(16.3854,-4.81188),(-13.6293,19.3093)]
triangle[(4.33619,-5.6595),(19.0963,-16.2214),(38.957,11.5335)]
triangle[(17.1443,20.2686),(-8.61977,1.25396),(29.1733,-49.9541)]
triangle[(-2.22304,-17.5471),(-16.3705,7.5534),(-47.7548,-10.1358)]
triangle[(-16.5544,-13.6987),(20.7047,-10.2393),(16.754,32.3109)]
triangle[(-14.8099,-7.94632),(-13.7049,7.36603),(-36.3311,8.99885)]
triangle[(-12.1645,2.96837),(10.4669,7.75084),(3.81993,39.2051)]
triangle[(4.30568,-6.93222),(-4.69859,5.72321),(-23.3148,-7.52209)]
triangle[(-18.8282,13.2676),(-5.96024,-18.28),(30.7456,-3.30802)]
triangle[(2.70657,2.3395),(-18.98,-0.0586605),(-16.3528,-23.8167)]
triangle[(-7.05218,1.29545),(-0.525524,5.62737),(-8.42,17.5215)]
triangle[(-10.0257,-17.679),(19.8295,19.6916),(-23.8524,54.5889)]
triangle[(-18.6452,0.638301),(-2.1359,18.6782),(-37.8074,51.3232)]
triangle[(20.0313,-7.44758),(-6.03127,-11.0609),(-1.55805,-43.3257)]
triangle[(13.1496,-6.2421),(-9.64394,-0.928186),(-17.0977,-32.9006)]
triangle[(-15.5102,-12.1292),(10.8664,-16.9619),(15.8029,9.98122)]
triangle[(6.91071,-10.1298),(4.59087,-1.28589),(-5.07397,-3.82108)]
triangle[(-6.14242,-19.2993),(11.7073,-13.0869),(0.528164,19.0332)]
triangle[(0.0824762,6.42377),(-18.4211,-19.2788),(12.1143,-41.2615)]
triangle[(-7.6592,-13.918),(0.37155,4.77351),(-21.6564,14.2378)]
triangle[(-3.13488,-14.9558),(14.1747,-4.21562),(-2.54256,22.727)]
triangle[(-14.5803,-2.71552),(20.5206,-2.15922),(19.6861,50.4934)]
triangle[(18.9313,-17.2828),(-5.57021,16.9034),(-58.9842,-21.379)]
triangle[(4.97547,15.4198),(-4.07866,-16.5773),(40.0876,-29.0749)]
triangle[(5.48471,-18.9774),(5.00678,4.04371),(-33.056,3.2535)]
triangle[(-2.38374,-10.1599),(-5.47232,13.4636),(-51.2779,7.47492)]
triangle[(13.4406,10.3606),(9.0046,-19.6177),(58.7031,-26.9719)]
triangle[(-6.6891,6.82911),(7.9399,-12.9796),(39.0478,9.99389)]
triangle[(-14.7721,-20.4802),(13.636,-18.3062),(11.4257,10.5763)]
triangle[(-7.23862,-15.1565),(16.5834,11.7251),(-22.2821,46.1671)]
triangle[(-20.9143,19.2694),(7.75379,4.96035),(24.6213,38.7543)]
triangle[(14.6598,-13.9447),(12.5223,11.147),(-34.2245,7.1649)]
triangle[(20.3872,1.94577),(15.1204,14.01),(-4.04201,5.64449)]
triangle[(19.6168,2.0739),(8.2418,-1.80123),(12.786,-15.1401)]
triangle[(-4.44452,-6.06882),(18.5553,-13.1001),(29.6268,23.1154)]
triangle[(14.4185,-6.94882),(-8.57518,19.3556),(-40.2648,-8.34564)]
triangle[(3.64028,-3.51174),(-14.53,16.0539),(-44.5694,-11.8432)]
triangle[(8.64363,-20.7446),(6.22272,9.76053),(-46.086,5.60926)]
triangle[(6.34548,17.23),(4.81783,20.3944),(1.53227,18.8083)]
triangle[(3.86858,12.0236),(-1.29964,18.6411),(-13.262,9.29866)]
triangle[(-11.4842,-19.9325),(-13.4231,18.4502),(-70.6705,15.5584)]
triangle[(0.451741,-13.9449),(-19.4915,-18.0292),(-15.2249,-38.8631)]
triangle[(20.847,4.30688),(-1.26746,-13.3322),(27.2273,-49.0567)]
triangle[(-12.6302,12.2446),(0.843657,3.9435),(10.4473,19.5315)]
triangle[(-18.7058,17.9239),(-19.4797,15.7409),(-15.7561,14.4209)]
triangle[(7.30737,4.80227),(0.356104,-20.382),(27.1475,-27.7769)]
triangle[(-19.7915,-14.4283),(-2.97925,18.1213),(-53.1312,44.0254)]
triangle[(13.9087,5.83048),(20.7757,19.4691),(-1.99521,30.9342)]
triangle[(-3.77698,0.405345),(-17.9927,10.7797),(-33.6938,-10.7353)]
triangle[(-17.9049,2.42121),(15.9982,-5.63815),(28.43,46.6582)]
triangle[(0.0341041,16.7673),(20.3015,-5.0303),(52.5209,24.9272)]
triangle[(-18.834,-10.3881),(-0.808944,11.5072),(-29.1203,34.8142)]
triangle[(14.8477,5.38827),(17.1051,-17.2759),(41.0534,-14.8906)]
triangle[(19.3857,14.0608),(-10.7455,-5.11251),(12.7838,-42.0891)]
triangle[(6.01162,-5.10872),(-14.8054,-9.59307),(-6.53235,-47.998)]
triangle[(-1.2212,-9.18076),(7.95064,7.5201),(-18.3544,21.9664)]
triangle[(-13.3524,-17.0016),(-19.2781,1.31015),(-45.613,-7.21192)]
triangle[(-11.5808,-4.02758),(-10.0993,-9.07453),(-2.66779,-6.89313)]
triangle[(11.1531,-13.0184),(6.72983,-2.30347),(-12.4404,-10.2173)]
triangle[(-15.6422,-3.8071),(-3.87834,-11.4136),(7.63333,6.38991)]
triangle[(9.34723,-7.37296),(12.8592,-17.6916),(26.596,-13.0162)]
triangle[(18.5482,7.0181),(-6.89335,-3.53904),(5.64746,-33.761)]
triangle[(17.11,-1.43419),(-11.4257,-5.53703),(-3.28198,-62.1774)]
triangle[(16.8424,7.57144),(4.8041,5.36445),(7.50462,-9.36587)]
triangle[(18.2589,7.2624),(-6.63202,-12.0095),(22.3894,-49.4925)]
triangle[(-5.25879,10.2146),(-12.0188,-12.6481),(23.4177,-23.1259)]
triangle[(19.691,19.2836),(17.0205,5.51981),(39.9507,1.07081)]
triangle[(6.88933,6.15177),(-3.0179,11.2377),(-12.5775,-7.38433)]
triangle[(-5.98901,7.10983),(0.76131,-15.5415),(36.5754,-4.86849)]
triangle[(-5.12753,15.5332),(17.6504,1.52307),(35.1886,30.0369)]
triangle[(9.56152,9.11078),(-20.6666,7.01403),(-17.8346,-33.8138)]
triangle[(-20.3773,-13.5918),(-13.4412,-6.90968),(-21.1381,1.07971)]
triangle[(-17.655,-8.3768),(0.0191484,-9.74374),(2.49875,22.3169)]
triangle[(-0.838411,-3.45338),(10.121,10.3786),(-11.0909,27.1852)]
triangle[(-7.00817,2.81496),(-9.95785,-4.07916),(-0.139853,-8.27982)]
triangle[(17.7129,11.1459),(1.08772,4.86418),(11.1709,-21.822)]
triangle[(18.8116,8.0928),(13.2307,20.9999),(-5.7949,12.7736)]
triangle[(-16.642,-14.6694),(-19.6083,3.27722),(-40.742,-0.215804)]
triangle[(-8.9055,12.1508),(-10.6489,-0.721622),(11.7647,-3.75731)]
triangle[(-0.0019098,16.8318),(-19.1544,10.2873),(-11.3021,-12.6925)]
triangle[(-12.3456,10.541),(-18.8709,1.72078),(-3.20652,-9.86797)]
triangle[(16.335,-0.502977),(14.3433,-13.93),(29.6541,-16.201)]
triangle[(3.74001,10.186),(4.78669,3.86129),(13.6049,5.32063)]
triangle[(-5.81813,-1.85529),(-13.4655,10.9147),(-29.9547,1.03996)]
triangle[(-14.9334,-11.2554),(-0.651093,6.51559),(-23.9746,25.2603)]
triangle[(-3.20472,3.84677),(3.8981,17.7954),(-23.6948,31.8461)]
triangle[(18.4666,-12.1247),(7.71536,-16.9085),(14.0493,-31.1434)]
triangle[(-3.73331,-15.3823),(-13.2692,16.8006),(-73.8071,-1.13698)]
triangle[(-5.55984,-7.29312),(-17.6563,-7.40687),(-17.4962,-24.4243)]
triangle[(17.7864,4.32284),(-4.66725,-12.8709),(26.5809,-53.6785)]
triangle[(6.95585,-16.935),(-2.92683,-10.38),(-12.2413,-24.4228)]
triangle[(14.4098,-16.6041),(-1.26062,-1.19001),(-29.4664,-29.8649)]
triangle[(-3.23289,-8.59553),(16.0818,-7.78291),(14.8824,20.7254)]
triangle[(-1.69507,-8.15633),(3.10933,-15.2565),(13.2361,-8.40405)]
triangle[(12.5377,1.68219),(-8.00684,7.62338),(-16.3112,-21.093)]
triangle[(-7.41347,7.25114),(8.67058,-19.5862),(54.7564,8.03369)]
triangle[(-15.2361,15.9341),(-4.51517,13.7132),(-1.98841,25.9109)]
triangle[(19.7971,4.81416),(9.75934,-1.36701),(20.031,-18.0475)]
triangle[(-19.7411,-20.6265),(16.0573,8.92593),(-24.4843,58.0362)]
triangle[(15.2023,17.5318),(-12.0931,13.6766),(-7.09743,-21.6935)]
triangle[(0.163259,-4.87907),(6.89666,-15.2749),(19.8119,-6.9096)]
triangle[(14.738,-2.3116),(10.2684,6.65345),(0.219083,1.64327)]
triangle[(7.47388,10.3567),(1.4866,-10.0257),(32.4407,-19.1184)]
triangle[(-19.3657,-9.258),(4.1736,-12.8112),(8.31695,14.6379)]
triangle[(4.27939,20.4959),(19.4276,-20.2884),(83.9828,3.68886)]
triangle[(-5.74184,-15.7511),(-10.0047,-16.5804),(-9.01079,-21.6894)]
triangle[(-7.7679,5.06774),(19.1058,4.9921),(19.2553,58.0975)]
triangle[(-20.3297,6.58661),(19.6422,-11.7412),(40.3374,33.3939)]
triangle[(-16.4078,6.75634),(-14.306,-15.7428),(24.9584,-12.0749)]
triangle[(16.226,-2.32826),(20.9738,-6.63636),(28.8365,2.02885)]
triangle[(-13.5825,-2.71212),(11.5945,-4.58057),(14.8909,39.8381)]
triangle[(1.74022,1.08831),(19.3954,17.9978),(0.976202,37.2293)]
triangle[(11.0941,-1.03289),(5.7473,-16.1205),(32.9465,-25.7594)]
triangle[(10.8189,-5.91345),(1.73882,-7.00454),(3.88436,-24.8599)]
triangle[(3.60102,-16.3001),(16.2664,3.70409),(-5.42684,17.4389)]
triangle[(18.1975,-15.5752),(-20.105,9.54336),(-59.902,-51.1419)]
triangle[(-19.4158,-12.988),(-1.10362,16.1815),(-52.9852,48.7519)]
triangle[(7.54926,-16.5268),(-14.5058,9.95916),(-63.2736,-30.6501)]
triangle[(19.0731,8.80085),(-8.37458,11.409),(-12.0958,-27.7532)]
triangle[(-12.3873,6.64653),(10.377,7.30122),(9.35973,42.6707)]
triangle[(13.94,18.4578),(6.1871,16.1408),(8.86066,7.19458)]
triangle[(14.9684,19.441),(-2.88987,-5.47752),(25.8697,-26.0886)]
triangle[(18.9868,-10.247),(2.08926,-7.63837),(-1.20574,-28.9821)]
triangle[(-1.57209,-2.09777),(9.38056,-17.0343),(28.7079,-2.86186)]
triangle[(-4.467,13.1877),(5.19478,-16.734),(48.6808,-2.69223)]
triangle[(-3.34512,14.5155),(7.58897,-12.5301),(44.6997,2.47312)]
triangle[(13.3936,-6.40015),(-11.3425,-18.4067),(4.562,-51.1733)]
triangle[(-1.56412,-4.33042),(19.0832,7.45007),(4.70874,32.6438)]
triangle[(12.4865,-8.57568),(2.33472,5.96562),(-23.2439,-11.8918)]
triangle[(-10.8939,6.91385),(11.7227,-12.43),(35.45,15.3116)]
triangle[(-16.9804,-9.67897),(-6.96825,20.712),(-47.7336,34.1419)]
triangle[(-6.8867,-13.8579),(16.5234,-9.06183),(11.5847,15.0445)]
triangle[(-11.3743,-1.71141),(10.6319,3.83417),(0.135768,45.4852)]
triangle[(-15.7236,7.56095),(-10.5532,-15.7417),(29.4096,-6.87468)]
triangle[(-3.84475,4.52367),(-18.6664,-2.11583),(-12.0224,-16.9474)]
triangle[(-6.87207,-11.8865),(-17.3242,7.20788),(-53.5165,-12.6034)]
triangle[(9.03647,8.86905),(-1.34618,-14.4),(36.9274,-31.4777)]
triangle[(-11.7444,-9.39457),(-16.2816,-15.5873),(-8.43623,-21.3353)]
triangle[(-3.9287,-15.4473),(13.2241,20.3564),(-33.3428,42.6657)]
triangle[(-9.72462,-3.74088),(17.2129,19.2568),(-11.0791,52.3956)]
triangle[(20.2951,8.68632),(6.9819,-13.5045),(39.9974,-33.3119)]
triangle[(-12.2646,-8.90082),(-9.12288,0.36418),(-20.7586,4.30985)]
triangle[(-13.8794,10.5331),(-5.47338,-0.288882),(15.4877,15.9928)]
triangle[(-11.36,-9.09327),(-3.68079,13.6747),(-39.7863,25.8523)]
triangle[(-14.3143,-1.02662),(20.8806,-12.6919),(37.0043,35.9544)]
triangle[(12.5068,-12.9563),(-5.98251,-6.23618),(-19.0376,-42.1552)]
triangle[(-20.9712,-7.6008),(3.79211,-14.1521),(15.3832,29.6616)]
triangle[(-4.82366,-19.4332),(19.9412,-20.7609),(22.4509,26.0519)]
triangle[(19.7512,-13.6012),(0.374239,10.2542),(-46.9819,-28.2118)]
triangle[(-15.7967,-10.3391),(11.0777,19.1782),(-44.2964,69.5944)]
triangle[(5.56217,15.0766),(-15.6315,13.8101),(-14.0943,-11.9126)]
triangle[(-4.68819,-3.92144),(-18.3873,0.459369),(-24.7765,-19.52)]
triangle[(1.773,10.2837),(13.3025,18.6544),(2.63769,33.3439)]
triangle[(-12.0693,-2.8869),(13.5816,18.3393),(-20.2711,59.2489)]
triangle[(0.765638,-20.1207),(-5.91775,7.28115),(-54.6399,-4.60231)]
triangle[(7.32622,4.72074),(-1.06066,9.94739),(-8.47157,-1.94444)]
triangle[(20.8827,8.79978),(-16.2885,7.41099),(-14.4973,-40.5314)]
triangle[(-17.942,17.1378),(4.96953,-10.3867),(32.99,12.9377)]
triangle[(-7.04124,-2.64815),(0.0226514,10.0029),(-21.7602,22.1656)]
triangle[(13.5233,0.81839),(9.07962,-5.26356),(19.2676,-12.7072)]
triangle[(15.7654,-5.30213),(-10.8198,16.3734),(-33.4449,-11.3765)]
triangle[(-17.5883,16.0808),(-5.42271,-4.94315),(34.0874,17.9195)]
triangle[(-7.40595,15.2041),(16.5334,4.89981),(32.3086,41.5493)]
triangle[(9.52916,-9.44526),(12.9016,-14.3222),(18.7146,-10.3025)]
triangle[(-18.4961,-12.118),(12.6854,2.91691),(-3.7515,37.0059)]
triangle[(7.39403,16.2999),(-17.0812,7.42487),(-6.30483,-22.2936)]
triangle[(-13.9073,-12.8885),(14.5594,-0.72812),(-5.23832,45.6172)]
triangle[(-14.6404,3.37016),(-11.1909,15.072),(-29.5224,20.4759)]
triangle[(6.48127,-19.7343),(-16.2634,-6.88915),(-33.1247,-36.7449)]
triangle[(-7.92405,6.20195),(19.1752,19.3197),(-0.502132,59.9702)]
triangle[(-13.6348,9.67401),(-18.8783,3.74237),(-9.68273,-4.3863)]
triangle[(12.2361,1.5125),(-1.50684,14.7347),(-21.814,-6.37223)]
triangle[(6.27318,2.20389),(-18.9456,-1.61682),(-13.3902,-38.2856)]
triangle[(12.4351,-20.7204),(-18.9854,9.59643),(-79.4226,-53.041)]
triangle[(0.323111,-17.5773),(15.8659,-18.0167),(16.3791,0.133467)]
triangle[(15.1428,8.64969),(9.91396,16.8843),(-5.53132,7.07675)]
triangle[(12.9523,-9.84799),(4.509,13.926),(-37.32,-0.929574)]
triangle[(2.12854,-9.00104),(-6.15394,-11.9047),(-1.41523,-25.4214)]
triangle[(-12.7351,15.0536),(11.8635,-14.9883),(66.5512,29.7907)]
triangle[(-8.14176,7.1394),(-4.721,-18.0792),(22.359,-14.4059)]
triangle[(-18.236,8.22259),(17.2883,-15.7199),(44.6296,24.8473)]
triangle[(19.1046,-15.6922),(-13.8513,-0.0281527),(-39.7767,-54.5733)]
triangle[(15.7847,-10.7818),(-20.2175,-12.9115),(-16.829,-70.1948)]
triangle[(8.76867,-3.95845),(-10.8388,-19.369),(8.38984,-43.8344)]
triangle[(-15.6756,10.8177),(0.916143,-11.2243),(39.3157,17.6802)]
triangle[(-18.2712,-7.89453),(-11.9929,13.3708),(-48.6985,24.2076)]
triangle[(11.4672,13.6303),(15.9695,-12.1556),(43.3408,-7.37646)]
triangle[(5.77428,19.4256),(1.67836,-5.83409),(44.8245,-12.8303)]
triangle[(9.48778,-17.1311),(-7.99803,-4.28093),(-32.402,-37.4884)]
triangle[(6.15734,-13.1353),(18.2075,-13.9687),(19.1389,-0.500717)]
triangle[(-11.6528,9.58771),(17.0426,9.71591),(16.8625,50.0295)]
triangle[(-10.9153,-3.25297),(6.28517,4.73687),(-5.91554,31.0024)]
triangle[(11.7244,11.1385),(13.7354,-18.3472),(59.1934,-15.2468)]
triangle[(-3.88525,8.91374),(-1.68783,9.11928),(-2.075,13.2587)]
triangle[(19.7057,4.38835),(-14.5628,-3.05169),(-1.00938,-65.4784)]
triangle[(20.7659,-19.7742),(5.321,-12.528),(-4.58267,-33.6373)]
triangle[(9.82017,-9.89059),(-1.34634,-15.2449),(7.35361,-33.3887)]
triangle[(-8.28843,0.740872),(-20.5876,9.85298),(-37.0737,-12.3993)]
triangle[(2.59757,17.1904),(17.1375,-5.80659),(51.5392,15.944)]
triangle[(-16.6054,12.7214),(-0.17593,-9.10433),(41.6272,22.3633)]
triangle[(-12.3116,-8.0814),(5.11621,7.87817),(-26.5652,42.4743)]
triangle[(3.62555,-11.5832),(-11.0728,-12.0509),(-10.2966,-36.4453)]
triangle[(3.51574,-4.80235),(3.14778,4.64168),(-7.63917,4.22139)]
triangle[(14.6966,-0.837612),(-1.11944,7.62569),(-16.2853,-20.7158)]
triangle[(12.5788,7.07919),(7.85354,-1.49187),(21.5362,-9.03513)]
triangle[(15.9441,-8.67494),(-18.6005,20.8251),(-65.8748,-34.5333)]
triangle[(16.2515,-13.3856),(19.2449,6.10985),(-14.1248,11.2335)]
triangle[(-7.15824,-1.7731),(-5.6776,-16.2841),(18.2797,-13.8396)]
triangle[(8.16385,13.4846),(-13.5895,5.92481),(1.29534,-36.9062)]
triangle[(-12.381,-2.87254),(6.38237,16.864),(-27.2598,48.8474)]
triangle[(-1.80095,8.74785),(-13.0436,6.95365),(-10.8475,-6.80767)]
triangle[(4.47436,-12.4214),(-3.65875,15.2733),(-52.3424,0.976425)]
triangle[(11.3233,20.4469),(-5.17942,13.3626),(3.65256,-7.21142)]
triangle[(-3.3242,-4.16934),(18.6688,0.396561),(10.8356,38.1274)]
triangle[(-1.2177,-18.4654),(-0.410863,-7.17626),(-14.9652,-6.13606)]
triangle[(12.0256,-16.1074),(19.6665,6.04931),(-16.5471,18.5378)]
triangle[(14.8989,12.3761),(0.189889,-7.81876),(38.6002,-35.7951)]
triangle[(10.5904,-0.602721),(7.28692,15.9212),(-12.5735,11.9508)]
triangle[(15.2194,-12.1828),(-15.0921,10.9911),(-54.7228,-40.8461)]
triangle[(13.4252,14.6673),(16.3471,10.859),(23.0218,15.98)]
triangle[(-17.1137,-15.4353),(-18.4191,17.5042),(-71.8308,15.3873)]
triangle[(-5.52602,-11.1286),(6.80306,0.247351),(-15.2397,24.137)]
triangle[(-1.21641,13.6754),(3.39918,5.64286),(12.2157,10.709)]
triangle[(3.6292,8.33698),(-19.1944,0.587036),(-10.4756,-25.0899)]
triangle[(-18.7521,-19.5722),(-0.145305,-19.2105),(-0.593673,3.85446)]
triangle[(19.2704,-12.18),(-5.95634,10.3221),(-37.0955,-24.5875)]
triangle[(-18.494,12.5412),(-5.77886,-11.3478),(25.4177,5.2568)]
triangle[(-8.28774,11.7971),(1.02508,20.8515),(-14.6324,36.956)]
triangle[(-13.9378,-14.8181),(2.82066,-12.1949),(-0.2938,7.70151)]
triangle[(-0.914241,12.2545),(-2.76044,7.55313),(5.08048,4.47406)]
triangle[(-13.787,-0.955285),(4.89342,-4.71791),(11.0905,26.0491)]
triangle[(20.5801,5.87677),(-0.521316,-18.1954),(38.3898,-52.3044)]
triangle[(-16.0455,15.4439),(-15.7847,0.134589),(6.11062,0.507468)]
triangle[(-1.11855,-20.2186),(5.40358,-4.883),(-13.5011,3.15706)]
triangle[(-19.3945,-10.1261),(-10.5125,11.4669),(-47.2097,26.5617)]
triangle[(3.44817,0.678554),(-12.1427,5.5036),(-18.2446,-14.213)]
triangle[(10.5709,-5.21459),(-12.5411,16.593),(-50.7105,-23.8596)]
triangle[(14.7182,14.1209),(16.8786,-12.1633),(67.348,-8.01494)]
triangle[(10.5337,-19.5071),(-13.5031,-9.24161),(-33.5254,-56.1244)]
triangle[(-3.40105,11.5351),(-2.2689,-8.90957),(32.2457,-6.99828)]
triangle[(-16.8066,-18.99),(-5.61319,-10.4331),(-22.1025,11.1368)]
triangle[(3.50473,-10.7177),(15.3832,-7.27024),(10.9354,8.05509)]
triangle[(-3.91854,19.9612),(-2.55858,12.9992),(6.36673,14.7427)]
triangle[(15.8175,-13.7667),(14.1126,-18.7032),(22.0165,-21.4329)]
triangle[(-8.0524,-16.2111),(15.8719,10.3071),(-14.3574,37.5794)]
triangle[(10.7669,-6.41165),(-2.7221,-3.23555),(-6.07188,-17.4622)]
triangle[(-9.69589,9.28649),(-3.4043,-11.17),(35.3177,0.739282)]
triangle[(3.62736,-13.5223),(11.1183,-16.6015),(15.0229,-7.10231)]
triangle[(-6.47134,16.393),(-10.1494,16.5106),(-10.3395,10.5631)]
triangle[(-14.0346,20.2171),(-8.34245,-1.39195),(27.2223,7.97637)]
triangle[(7.98845,15.0916),(3.15828,15.5544),(2.6292,10.0322)]
triangle[(-6.76468,-8.19028),(16.5067,-14.8265),(24.0187,11.5161)]
triangle[(-12.6443,9.82292),(15.1699,-18.7581),(63.7189,28.4884)]
triangle[(4.98307,2.36102),(-13.3326,-14.7649),(5.01141,-34.3833)]
triangle[(-10.7084,2.56217),(16.5696,2.7977),(16.2653,38.0332)]
triangle[(-3.93877,-15.8557),(15.8988,11.5245),(-19.9811,37.5202)]
triangle[(8.57078,-16.797),(-13.2781,-16.5928),(-13.661,-57.5643)]
triangle[(12.3311,-3.16574),(13.449,-17.3019),(40.5324,-15.1603)]
triangle[(4.33025,-11.7614),(-20.1046,-3.0939),(-34.0781,-42.4867)]
triangle[(3.96338,12.9526),(-12.5871,-20.0516),(43.5357,-48.1954)]
triangle[(-17.9486,10.2392),(11.0732,8.26613),(14.2622,55.1715)]
triangle[(6.68571,-14.3309),(1.8261,-3.76769),(-14.7817,-11.4081)]
triangle[(-5.67883,-16.3363),(-11.2107,12.7485),(-42.8264,6.73529)]
triangle[(19.3617,9.46912),(8.19942,6.84942),(11.842,-8.6713)]
triangle[(10.253,14.7979),(11.7117,-10.3258),(42.2946,-8.5501)]
triangle[(19.4922,7.65183),(-8.96113,-12.1066),(18.3458,-51.4302)]
triangle[(1.31065,14.8971),(-12.8413,-14.6224),(23.1999,-31.9009)]
triangle[(18.3237,-14.1716),(9.05677,-20.5882),(17.9146,-33.3808)]
triangle[(-11.7103,15.0973),(-1.7431,-18.9807),(54.9044,-2.41242)]
triangle[(4.514,12.93),(12.6472,8.07733),(19.6986,19.8956)]
triangle[(-2.638,-14.5818),(-15.4187,1.31524),(-33.7601,-13.4306)]
triangle[(-12.3362,-10.4769),(4.81603,-19.4549),(19.4684,8.53802)]
triangle[(16.8989,-14.6612),(18.609,20.0529),(-50.7516,23.4697)]
triangle[(12.5569,1.28299),(-3.27959,-0.0217463),(-1.06268,-26.93)]
triangle[(-14.7991,-4.61154),(6.75135,18.3267),(-32.1429,54.8678)]
triangle[(-8.9212,-15.965),(16.4052,-14.72),(14.8309,17.3056)]
triangle[(5.32268,6.53799),(13.9767,-19.7974),(50.34,-7.84815)]
triangle[(9.69951,-19.8205),(-18.5272,4.81696),(-63.5653,-46.7824)]
triangle[(-20.0021,-16.6701),(-17.3842,15.803),(-75.4902,20.4874)]
triangle[(-11.6878,9.53869),(-3.2,-18.7118),(31.9886,-8.13944)]
triangle[(-2.84599,-18.0199),(-15.1389,18.4861),(-53.0207,5.72992)]
triangle[(-6.58691,17.6173),(6.02917,-2.11822),(31.716,14.3023)]
triangle[(-4.41704,-0.486471),(10.9886,20.9968),(-19.2849,42.7059)]
triangle[(-11.4612,1.10478),(-10.8886,18.2548),(-35.1031,19.0634)]
triangle[(0.636821,-8.33035),(-19.0246,-12.3952),(-13.8395,-37.4753)]
triangle[(18.4733,3.18635),(-12.7251,20.6949),(-31.5605,-12.8679)]
triangle[(1.16268,18.8833),(-8.56286,18.8197),(-8.45016,1.57535)]
triangle[(-0.605188,16.4436),(-15.6498,-6.42474),(27.8819,-35.0632)]
triangle[(14.789,0.745107),(18.4542,17.5082),(-11.6109,24.082)]
triangle[(2.93614,-2.53691),(-8.80274,1.57153),(-15.8544,-18.5769)]
triangle[(-18.7118,7.86732),(16.1868,-15.0811),(39.5704,20.4793)]
triangle[(0.467199,9.09407),(-1.64086,2.45467),(6.1137,-0.00745546)]
triangle[(-12.5946,18.0302),(8.83001,-5.0875),(53.1095,35.949)]
triangle[(-8.57154,-19.3782),(6.54686,-4.70812),(-12.2067,14.6187)]
triangle[(1.96963,19.2534),(14.781,-2.66375),(47.9936,16.7502)]
triangle[(17.6016,-14.8764),(-18.5036,6.96071),(-57.0771,-56.8163)]
triangle[(19.5421,14.5152),(-3.15699,9.65346),(4.98705,-28.3707)]
triangle[(-14.6891,13.9144),(-9.45534,17.0692),(-15.3444,26.8392)]
triangle[(-5.86272,-13.5639),(-10.2497,14.1388),(-55.6933,6.94235)]
triangle[(-17.2938,8.78135),(19.7603,-14.5401),(55.735,42.6179)]
triangle[(20.6948,16.3816),(-3.34726,-15.2808),(47.932,-54.2185)]
triangle[(-9.95546,-17.4533),(7.27357,-20.4961),(11.8167,5.22824)]
triangle[(-16.4639,-1.41111),(9.63264,-8.12211),(18.2239,25.2859)]
triangle[(12.6052,18.9132),(20.8434,14.3889),(29.581,30.2993)]
triangle[(4.34858,-11.7133),(1.43924,18.0775),(-37.0417,14.3194)]
triangle[(-3.3071,-3.17356),(-20.2774,-0.873985),(-22.7421,-19.0635)]
triangle[(-16.8538,-2.30251),(-15.0234,2.3237),(-20.0616,4.31701)]
triangle[(20.2409,6.79642),(-13.5317,-2.42639),(0.351532,-53.265)]
triangle[(9.44012,12.953),(-16.9342,19.8777),(-24.9246,-10.5558)]
triangle[(0.676401,-16.3959),(17.9893,15.3259),(-28.6426,40.7764)]
triangle[(4.12325,-17.6332),(4.70439,8.79492),(-35.6374,9.68201)]
triangle[(6.08213,-12.4753),(17.9044,17.7849),(-18.3613,31.9534)]
triangle[(-4.65372,2.71597),(19.1464,15.3575),(-3.98331,58.9036)]
triangle[(7.46915,-16.7548),(17.5485,-8.46607),(7.96992,3.18183)]
triangle[(-16.0751,-4.76943),(12.8307,13.1245),(-11.3493,52.1849)]
triangle[(-18.8826,-19.3079),(-20.6165,-9.89463),(-35.8512,-12.7007)]
triangle[(2.60632,7.60759),(10.5547,6.67615),(11.7028,16.474)]
triangle[(-8.4769,-15.9662),(-14.423,-20.3189),(-7.19574,-30.192)]
triangle[(10.3995,6.15706),(-5.74171,8.09737),(-9.0524,-19.444)]
triangle[(-10.5316,-14.5756),(-16.4426,-20.5227),(-8.45305,-28.4638)]
triangle[(1.71982,-9.37339),(-1.98954,-7.97247),(-3.9459,-13.1525)]
triangle[(7.30053,14.4956),(14.4253,18.8413),(8.06808,29.2641)]
triangle[(-0.921764,-1.48584),(0.135855,-14.2937),(17.5887,-12.8526)]
triangle[(9.27005,0.562699),(-3.26698,-19.3239),(31.6388,-41.3294)]
triangle[(20.7867,10.3215),(-15.0313,6.99227),(-8.38179,-64.5476)]
triangle[(12.1442,9.79824),(-11.4248,-4.25536),(7.0736,-35.2786)]
triangle[(-13.3074,2.62166),(-4.17087,12.3508),(-17.8649,25.2108)]
triangle[(4.64361,-16.2967),(-19.6992,-2.49548),(-38.2377,-35.194)]
triangle[(-12.209,17.276),(-15.8343,-7.11872),(18.2482,-12.1838)]
triangle[(-11.1349,14.8926),(17.1878,13.1454),(19.5435,51.3329)]
triangle[(-11.0354,2.29816),(14.5747,19.4007),(-11.1898,57.9818)]
triangle[(-7.18858,17.6495),(13.465,-14.2653),(59.5912,15.585)]
triangle[(0.470009,-1.65735),(7.88916,-9.60902),(19.7139,1.42381)]
triangle[(7.53887,-11.2611),(-15.3386,-8.74658),(-17.888,-31.9416)]
triangle[(-4.65658,4.29431),(2.63549,-16.991),(30.6602,-7.39014)]
triangle[(9.03326,15.0928),(8.21738,-16.1746),(65.8499,-17.6784)]
triangle[(15.7631,17.5801),(-0.593234,-4.55906),(24.6626,-23.2179)]
triangle[(15.342,11.7092),(15.3035,20.3247),(1.31735,20.2622)]
triangle[(-11.9896,-12.836),(16.1682,19.2544),(-36.5005,65.4688)]
triangle[(14.649,15.6788),(-8.92602,12.8564),(-3.68355,-30.9327)]
triangle[(-4.69836,3.45837),(-8.67196,14.3102),(-29.4503,6.70186)]
triangle[(8.99257,-15.5528),(-15.7222,-8.20373),(-25.9577,-42.6257)]
triangle[(-3.88437,14.9396),(-7.0281,-17.2123),(49.4199,-22.7316)]
triangle[(-11.4682,-4.22675),(2.64111,-17.461),(16.6175,-2.56047)]
triangle[(20.1764,4.16428),(16.5993,14.7485),(5.63975,11.0445)]
triangle[(5.74419,19.7101),(-4.10342,-1.25876),(22.6575,-13.8265)]
triangle[(-9.713,-2.90431),(15.8806,-8.23069),(23.3854,27.8304)]
triangle[(-6.94217,-0.911883),(14.9509,14.0923),(-2.75966,39.9345)]
triangle[(17.6061,13.1283),(12.4175,4.01449),(26.2093,-3.83727)]
triangle[(9.77139,-3.2208),(-9.60319,20.2001),(-34.7402,-0.594065)]
triangle[(-2.83044,19.1033),(8.44947,-4.26381),(33.9961,8.06821)]
triangle[(0.923045,-6.79678),(-8.46046,-1.8998),(-14.9299,-14.2964)]
triangle[(5.85684,-5.84302),(-15.8441,10.2254),(-43.3949,-26.9829)]
triangle[(-10.7627,-14.4117),(-8.74341,0.136135),(-37.3474,4.10653)]
triangle[(18.1312,15.3908),(-13.8992,-16.0276),(18.1249,-48.6756)]
triangle[(13.6616,18.4962),(10.9422,-4.84979),(42.1164,-8.48098)]
triangle[(15.341,-15.611),(16.3456,18.5962),(-51.0722,20.5762)]
triangle[(5.52885,20.0962),(-3.16364,-1.86325),(28.0234,-14.2084)]
triangle[(4.86215,-5.69035),(-1.61457,12.0275),(-31.8277,0.983138)]
triangle[(-19.4501,11.0758),(-7.67235,6.20748),(-0.529515,23.4878)]
triangle[(8.26936,6.53887),(0.772269,15.0052),(-12.6758,3.09663)]
triangle[(8.96123,5.56651),(-8.19297,14.2882),(-21.7858,-12.4467)]
triangle[(-11.7103,-15.3792),(11.89,-3.94382),(-8.75814,38.6698)]
triangle[(5.87029,-2.78602),(-0.458317,-17.1239),(17.8702,-25.2139)]
triangle[(19.6682,-12.6673),(4.32945,17.3954),(-30.0028,-0.121824)]
triangle[(1.81558,20.0437),(-19.566,-0.0525369),(5.24633,-26.4517)]
triangle[(20.2292,10.3689),(-3.16417,6.43308),(3.46998,-32.9981)]
triangle[(19.4023,15.0404),(-7.86555,4.52024),(4.11681,-26.5375)]
triangle[(-5.2606,2.10436),(10.3251,-11.5167),(37.4933,19.5702)]
triangle[(-6.15295,-16.7979),(-10.0127,4.24796),(-44.6403,-2.10263)]
triangle[(-8.74444,6.91989),(-0.173253,-18.0152),(39.8968,-4.2415)]
triangle[(14.1516,-2.17581),(-2.92637,-17.2233),(22.0891,-45.6144)]
triangle[(-1.10951,13.8082),(1.35903,7.29027),(13.874,12.0301)]
triangle[(-14.1152,-6.27839),(-7.37246,-17.5132),(7.51813,-8.57633)]
triangle[(-8.44018,14.4819),(-13.2226,-2.35467),(5.04424,-7.54333)]
triangle[(15.9675,-11.5501),(8.29971,10.2801),(-23.2704,-0.808782)]
triangle[(9.28618,-15.8148),(-15.4032,-20.2734),(-7.70339,-62.9114)]
triangle[(0.502047,-10.5747),(2.16891,15.8096),(-35.3509,18.18)]
triangle[(-10.796,-14.6105),(5.87606,-15.9999),(7.81745,7.2963)]
triangle[(1.0384,4.57034),(9.40339,-17.9694),(46.8401,-4.07573)]
triangle[(5.26916,18.6381),(-11.7337,18.6583),(-11.7609,-4.25184)]
triangle[(-3.31168,3.2475),(-13.7571,20.6194),(-33.1906,8.93434)]
triangle[(0.674494,-11.4416),(-12.1944,-16.9719),(-3.39549,-37.4471)]
triangle[(0.771184,-15.1529),(-16.472,-13.5175),(-18.1318,-31.0177)]
triangle[(-18.4215,-5.97681),(13.0852,3.48874),(0.486636,45.4238)]
triangle[(17.4621,-6.158),(1.91086,6.48824),(-21.5929,-22.4146)]
triangle[(-17.6337,-8.03997),(10.5318,-20.7343),(26.8851,15.5496)]
triangle[(-0.147007,-5.82925),(3.6884,8.08524),(-10.8468,12.0917)]
triangle[(0.545661,-17.0422),(14.6845,-0.443465),(-16.6379,26.2371)]
triangle[(4.92302,16.5832),(15.1724,17.0768),(14.4592,31.8866)]
triangle[(0.692872,20.9435),(-9.56041,2.91147),(22.7868,-15.4817)]
triangle[(-18.2551,9.18285),(6.54232,-12.2923),(45.37,32.5422)]
triangle[(-19.2808,0.259657),(9.43887,-4.94998),(17.9404,41.9173)]
triangle[(-13.1209,12.4455),(11.0214,-14.6613),(62.0351,30.7731)]
triangle[(8.21371,-10.5516),(-4.41015,-16.2378),(3.88752,-34.6595)]
triangle[(-4.86759,19.2145),(7.26521,-6.46564),(38.484,8.2839)]
triangle[(-8.50583,6.1048),(-15.598,-19.7021),(18.468,-29.0641)]
triangle[(11.7375,7.04678),(-9.82622,-19.4397),(19.6358,-43.4259)]
triangle[(-1.09333,8.73477),(0.315788,11.7822),(-3.68707,13.6331)]
triangle[(-14.2708,7.78157),(-15.8792,18.0526),(-29.418,15.9324)]
triangle[(20.0056,10.8959),(13.0169,-16.1063),(51.3205,-26.02)]
triangle[(-0.274673,8.10879),(-14.2105,18.1804),(-33.0095,-7.83117)]
triangle[(-3.47809,14.2511),(6.07995,-6.37958),(30.9034,5.12089)]
triangle[(7.40873,-14.6069),(-8.79644,4.42205),(-36.0905,-18.8218)]
triangle[(-2.19308,15.6969),(-0.511695,7.92133),(13.0503,10.854)]
triangle[(-16.2812,1.33229),(19.8207,-17.1624),(52.4179,46.4679)]
triangle[(11.1624,13.6788),(17.9286,-18.4001),(60.2221,-9.47934)]
triangle[(-19.0562,16.0326),(-12.0194,14.6381),(-9.34056,28.1556)]
triangle[(18.9857,5.95938),(3.82476,19.3107),(-19.9414,-7.67656)]
triangle[(3.85073,11.5396),(16.7809,-2.10578),(42.6961,22.4511)]
triangle[(-10.8829,-19.2161),(-19.3338,2.64718),(-43.2783,-6.60813)]
triangle[(-7.22667,-5.74837),(-20.4819,-10.0862),(-11.9168,-36.2589)]
triangle[(0.0137937,1.5536),(20.7635,6.06535),(16.0399,27.7891)]
triangle[(-13.7342,10.0212),(-19.5132,9.12263),(-17.8234,-1.74559)]
triangle[(1.12132,16.8823),(-11.9188,-17.1477),(32.0715,-34.0045)]
triangle[(2.2279,-3.58981),(-8.56968,8.36313),(-21.3084,-3.14425)]
triangle[(10.0951,2.39972),(-13.441,-2.6935),(-7.40049,-30.6072)]
triangle[(19.0841,-4.28029),(-2.78113,-9.17437),(4.43572,-41.417)]
triangle[(-6.75297,-14.3024),(8.91489,5.18167),(-13.3255,23.066)]
triangle[(-9.04511,-1.41843),(-15.8596,3.51307),(-22.0589,-5.05329)]
triangle[(10.4092,10.701),(4.16019,-12.7452),(49.5748,-24.8493)]
triangle[(6.51554,-7.80372),(18.2009,-8.49638),(19.2707,9.55219)]
triangle[(9.33115,-0.184211),(-18.8079,20.6142),(-53.5083,-26.3334)]
triangle[(-8.08085,9.02917),(-9.39853,-16.0048),(40.5383,-18.6333)]
triangle[(12.7877,-14.0215),(19.3153,17.5294),(-25.2456,26.7486)]
triangle[(-2.38971,11.5949),(-12.6708,5.02442),(-5.11248,-6.80228)]
triangle[(1.00357,9.02256),(17.1289,-13.5213),(51.485,11.0532)]
triangle[(11.9955,6.77985),(-5.98733,11.1419),(-12.8116,-16.9914)]
triangle[(9.41098,-18.4681),(-0.0975541,9.92039),(-47.3513,-5.90696)]
triangle[(11.8806,1.0927),(-1.01396,-0.297566),(1.07539,-19.6759)]
triangle[(14.6578,20.5598),(-8.95063,20.4958),(-8.86225,-12.1239)]
triangle[(6.53136,13.1295),(7.20126,-5.4542),(40.0328,-4.27069)]
triangle[(20.3848,-14.4341),(-11.7691,3.2084),(-33.6203,-36.616)]
triangle[(9.05623,-12.2407),(12.9728,-17.4854),(19.2273,-12.8147)]
triangle[(-20.9951,-5.04917),(19.6264,3.18748),(7.73136,61.8517)]
triangle[(0.511441,13.4135),(0.77534,3.29489),(12.1627,3.59188)]
triangle[(11.743,-5.68251),(-1.8096,-12.7672),(7.00488,-29.6288)]
triangle[(-4.45022,18.5438),(7.78858,16.4328),(11.1581,35.9687)]
triangle[(5.50491,-18.5337),(18.5716,-10.9423),(7.9922,7.26733)]
triangle[(18.8013,2.30812),(17.1298,15.6605),(-7.46543,12.5817)]
triangle[(-19.1521,-16.208),(1.47489,-7.17574),(-11.9043,23.3784)]
triangle[(11.5413,-11.5384),(1.60422,-5.84994),(-8.8237,-24.0661)]
triangle[(6.33856,-12.9812),(10.9729,1.19355),(-7.77769,7.32397)]
triangle[(20.1772,20.4811),(-16.1788,9.40366),(2.52271,-51.9744)]
triangle[(-3.83478,17.6024),(-7.83505,12.0401),(0.221502,6.24603)]
triangle[(1.94356,15.6626),(14.0862,12.4259),(18.9888,30.8182)]
triangle[(18.2118,8.98701),(-9.61727,10.2241),(-11.7395,-37.5153)]
triangle[(10.237,-15.3138),(15.6725,15.8542),(-25.4617,23.0277)]
triangle[(3.59073,-6.52534),(19.748,4.12372),(1.48894,31.8273)]
triangle[(15.5444,-11.9847),(8.53038,0.626208),(-11.4452,-10.484)]
triangle[(-1.2497,-2.506),(8.17824,8.78821),(-6.73459,21.2368)]
triangle[(8.83631,-10.8267),(7.15829,9.28947),(-15.1864,7.42556)]
triangle[(12.3115,-16.7669),(19.154,13.0997),(-30.116,24.3876)]
triangle[(4.36599,8.42893),(-9.81983,2.23131),(-0.0893984,-20.0408)]
triangle[(16.8943,-18.1503),(-10.9357,12.3251),(-49.1147,-22.5398)]
triangle[(6.02003,10.0013),(-7.23246,18.6171),(-18.8426,0.759015)]
triangle[(-8.48633,7.59247),(20.7909,9.36423),(17.6935,60.5462)]
triangle[(-10.3456,19.3379),(-12.8366,-10.7838),(37.1339,-14.9162)]
triangle[(13.3542,16.8939),(1.90092,-5.82452),(27.1096,-18.5333)]
triangle[(8.73194,-13.1766),(-12.0589,-0.439183),(-31.6011,-32.3372)]
triangle[(7.56192,-16.935),(19.3897,7.53681),(-20.6307,26.8795)]
triangle[(-14.8407,2.27135),(3.46043,15.6444),(-11.7365,36.4415)]
triangle[(-20.4082,1.99142),(2.38362,19.145),(-23.1662,53.0929)]
triangle[(-16.184,1.16211),(-5.14286,-3.3619),(1.58976,13.0694)]
triangle[(-16.5035,-3.86924),(0.0472046,6.09336),(-13.4335,28.4887)]
triangle[(-15.7179,0.193488),(-20.9069,-19.418),(1.15545,-25.2554)]
triangle[(-19.6273,13.2424),(-12.9979,9.02365),(-5.54269,20.7389)]
triangle[(19.0399,0.784902),(6.91255,0.877452),(6.75668,-19.547)]
triangle[(-0.866556,-12.5389),(5.75308,18.139),(-25.1264,24.8021)]
triangle[(16.4927,1.22029),(1.73206,-11.9299),(17.349,-29.4594)]
triangle[(-12.7618,-18),(-6.34226,8.10281),(-53.0709,19.5949)]
triangle[(16.7142,4.09573),(-20.5879,6.04664),(-22.6942,-34.225)]
triangle[(13.3368,1.16741),(-0.0701244,-2.86574),(7.21116,-27.07)]
triangle[(-8.81905,15.1413),(11.9646,12.5752),(16.0993,46.0634)]
triangle[(-15.4331,5.63197),(20.5914,-11.6382),(39.9696,28.7835)]
triangle[(-18.873,17.887),(15.567,-20.0251),(67.4094,27.0695)]
triangle[(15.1883,13.087),(11.8762,-0.319051),(35.6086,-6.18231)]
triangle[(-17.4311,15.9065),(-7.8116,-18.3857),(55.177,-0.716247)]
triangle[(-20.301,-15.1023),(18.991,16.7827),(-31.766,79.331)]
triangle[(15.1642,20.1002),(-20.729,15.4523),(-12.4687,-48.338)]
triangle[(-6.99203,10.5499),(-13.7718,-15.4403),(19.9229,-24.2298)]
triangle[(-20.9459,-1.42622),(-16.5264,12.9695),(-43.2653,21.1783)]
triangle[(-20.9466,20.9356),(2.82945,4.42896),(28.7736,41.7986)]
triangle[(-10.6424,-13.3963),(-8.94726,-7.16395),(-15.3898,-5.41162)]
triangle[(15.2977,-3.71064),(9.51209,-20.5929),(34.3071,-29.0903)]
triangle[(-17.8403,-12.193),(-12.6891,-2.04473),(-27.3755,5.41017)]
triangle[(-6.95391,-18.9923),(15.0802,11.0982),(-36.1797,48.6339)]
triangle[(20.9197,15.4614),(15.2084,19.7423),(8.52026,10.8196)]
triangle[(-5.60957,-17.5736),(11.1547,3.3188),(-18.4462,27.071)]
triangle[(-3.56112,-11.1596),(3.58024,2.14965),(-18.863,14.192)]
triangle[(20.9505,0.930501),(-17.0296,-16.2791),(10.6518,-77.3698)]
triangle[(15.9818,12.9398),(17.0585,18.6791),(6.96262,20.5732)]
triangle[(-1.21667,-8.00407),(-1.77748,12.8268),(-43.0295,11.7162)]
triangle[(1.27862,9.17466),(-6.78206,17.7758),(-22.8466,2.72076)]
triangle[(-15.9764,12.2094),(5.81061,-6.49185),(28.3574,19.7752)]
triangle[(3.35246,7.40056),(-5.21276,12.566),(-15.4571,-4.42108)]
triangle[(11.9289,-4.68144),(9.5792,-4.3791),(9.06363,-8.38606)]
triangle[(-10.52,10.6874),(9.37353,-6.57248),(27.9258,14.8106)]
triangle[(-17.972,12.8372),(-2.95033,-18.2098),(46.6122,5.77023)]
triangle[(-16.5007,-3.52026),(12.9524,-7.89298),(21.1271,47.1691)]
triangle[(-14.0713,-6.02807),(-5.57857,5.90167),(-18.5673,15.1482)]
triangle[(1.76921,-8.33589),(-0.157208,19.358),(-45.6156,16.1958)]
triangle[(-3.04977,-19.5917),(14.678,-9.78701),(0.106177,16.5604)]
triangle[(10.6974,4.75393),(3.15311,-13.6031),(26.6735,-23.2694)]
triangle[(8.66355,13.2367),(4.95232,-3.79139),(28.7756,-8.98362)]
triangle[(15.2887,17.5452),(-14.1075,-9.97485),(14.6748,-40.7194)]
triangle[(-12.7807,-18.0197),(1.05392,13.7789),(-59.0652,39.935)]
triangle[(-4.57799,11.8588),(5.1108,-12.0447),(36.8482,0.819418)]
triangle[(-6.98332,11.9071),(-15.2598,8.32483),(-11.3304,-0.753513)]
triangle[(-12.2267,-8.21235),(8.61744,-20.6923),(25.3131,7.19299)]
triangle[(7.70061,10.401),(3.45564,-14.2617),(33.9902,-19.5173)]
triangle[(-19.0298,-7.97426),(-6.37935,-18.8455),(13.7752,4.60755)]
triangle[(-7.5881,8.55781),(9.41291,20.5405),(-7.56452,44.628)]
triangle[(15.3366,16.3441),(20.8312,-17.7642),(59.7692,-11.4915)]
triangle[(-10.1708,19.3715),(-0.752758,-3.12525),(32.5949,10.8354)]
triangle[(5.08628,-15.8787),(-11.6774,15.5192),(-61.1721,-10.9065)]
triangle[(-7.12398,-6.15349),(-17.0256,-15.3156),(-1.82709,-31.7409)]
triangle[(-11.4317,-14.3021),(17.3629,2.87107),(-16.0231,58.85)]
triangle[(20.0299,19.5923),(6.72051,10.8105),(22.4543,-13.0352)]
triangle[(11.9999,-12.6954),(-7.21549,14.9435),(-58.5387,-20.7378)]
triangle[(11.4567,-15.4327),(12.2696,10.7295),(-22.3843,11.8062)]
triangle[(14.8536,6.15608),(5.29132,-1.71699),(18.2065,-17.4032)]
triangle[(-7.92562,11.7437),(19.9111,5.76698),(26.1789,34.959)]
triangle[(16.944,15.6514),(4.62608,-13.6825),(43.2026,-29.8816)]
triangle[(-5.07773,18.7047),(-15.7005,9.49808),(2.1508,-11.099)]
triangle[(-3.17698,-20.2182),(15.9814,19.2418),(-32.0645,42.5688)]
triangle[(13.6379,17.3312),(17.7113,-0.017512),(35.4916,4.15725)]
triangle[(-9.35965,8.8586),(17.1588,10.6008),(13.8514,60.9436)]
triangle[(-10.3641,12.6352),(2.98243,8.1679),(10.2063,29.75)]
triangle[(17.6042,-7.6944),(-10.5053,16.6279),(-48.0335,-26.744)]
triangle[(18.5032,9.3552),(-12.6707,1.38254),(2.57818,-58.2423)]
triangle[(13.5282,13.222),(14.009,-10.2976),(41.0489,-9.74479)]
triangle[(-5.15062,-19.508),(8.51832,-3.65026),(-22.6561,23.2212)]
triangle[(-20.1139,0.217759),(-17.4934,14.1194),(-44.8124,19.2689)]
triangle[(2.55403,14.0238),(20.0037,-19.1288),(62.4876,3.2323)]
triangle[(-19.6179,1.13489),(5.69241,2.09568),(4.72724,27.5215)]
triangle[(0.985757,-17.9755),(13.3863,-16.166),(9.9014,7.71692)]
triangle[(20.918,-9.1069),(-9.07126,6.13574),(-37.7183,-50.226)]
triangle[(-9.37576,7.47993),(1.60607,16.2209),(-9.17632,29.7675)]
triangle[(-9.99318,-20.1215),(8.61375,-12.1645),(-2.80287,14.5325)]
triangle[(20.3662,3.78749),(-1.46151,-20.4107),(41.6289,-59.2799)]
triangle[(-16.3893,9.79485),(-12.665,11.858),(-16.3267,18.4679)]
triangle[(4.31935,-16.8096),(7.52704,-10.4897),(-2.78086,-5.25786)]
triangle[(-5.80892,8.60444),(15.3265,-14.9494),(51.7939,17.7737)]
triangle[(20.3376,8.91584),(-19.131,18.9579),(-34.3096,-40.6992)]
triangle[(0.118458,14.7086),(-19.9431,-16.1311),(38.0426,-53.8516)]
triangle[(13.0054,-1.53832),(-0.729275,14.5424),(-18.811,-0.901354)]
triangle[(-11.0638,11.9422),(0.0190492,14.5013),(-4.13493,32.4913)]
triangle[(-0.792691,15.0445),(-16.4127,-11.4057),(13.07,-28.8165)]
triangle[(5.64303,0.269892),(-16.5734,9.16165),(-28.9271,-21.7045)]
triangle[(-9.02504,11.7836),(7.76252,-11.6357),(49.22,18.0821)]
triangle[(-0.527903,6.96696),(-17.3627,1.67356),(-7.05898,-31.0959)]
triangle[(-8.58516,-14.8362),(7.6299,2.81624),(-15.3232,23.9004)]
triangle[(-2.92196,-17.5852),(18.6084,1.41333),(-18.7821,43.7866)]
triangle[(-18.3853,0.92602),(14.3277,4.52237),(8.96864,53.2689)]
triangle[(4.53357,5.24338),(-19.6214,-2.64368),(-7.36678,-40.1749)]
triangle[(3.59625,10.3969),(-11.504,16.4372),(-22.3133,-10.585)]
triangle[(-17.6983,17.5366),(16.8709,-5.07327),(52.1307,48.8369)]
triangle[(11.9684,10.1252),(16.4332,17.7644),(3.52859,25.3067)]
triangle[(5.6889,9.69473),(8.25598,-4.41541),(25.0249,-1.36461)]
triangle[(12.5615,-9.06502),(-4.31745,-5.12706),(-11.514,-35.9732)]
triangle[(5.09542,5.41203),(-11.2223,-6.1727),(7.34812,-32.3301)]
triangle[(-7.18585,14.1897),(-1.62779,-8.26265),(27.8527,-0.96476)]
triangle[(-1.85123,15.3245),(-8.93626,17.1644),(-10.9871,9.26736)]
triangle[(13.9504,20.5047),(-1.65763,-3.62401),(42.3039,-32.0612)]
triangle[(18.2861,2.17771),(-12.5515,-9.16444),(-0.0179638,-43.2414)]
triangle[(7.25719,-11.1292),(-1.37853,-10.4347),(-2.4363,-23.586)]
triangle[(20.6641,11.7256),(-5.52895,-7.63741),(28.8361,-54.1242)]
triangle[(-1.29248,-18.2992),(12.3273,-2.4237),(-14.4474,20.5468)]
triangle[(5.43098,3.32034),(-2.75084,16.6074),(-24.064,3.48331)]
triangle[(-3.11227,19.1273),(8.65437,-17.687),(61.7333,-0.721878)]
triangle[(-16.2997,10.7737),(-20.5629,6.67801),(-15.6642,1.57904)]
triangle[(9.41514,-11.5293),(4.15344,-14.9996),(8.438,-21.4958)]
triangle[(18.3673,-0.408947),(-19.5089,-14.9208),(-2.88288,-58.315)]
triangle[(-9.86896,14.0865),(19.8597,-17.9012),(58.7717,18.2627)]
triangle[(5.53792,19.4791),(14.4868,19.5425),(14.3774,34.9862)]
triangle[(14.5368,-18.4267),(-5.88356,-16.0878),(-10.259,-54.2887)]
triangle[(18.9151,2.71557),(-20.3314,-7.26882),(-5.2345,-66.6114)]
triangle[(17.2234,-19.3325),(-14.1161,9.66275),(-47.2757,-26.1779)]
triangle[(-11.4788,11.0317),(13.3019,4.33597),(23.6222,42.531)]
triangle[(-14.1527,-1.41041),(-10.8531,4.06773),(-21.0644,10.2181)]
triangle[(-10.5157,-17.1793),(17.3625,-4.43008),(-8.08567,51.2167)]
triangle[(18.6075,3.71446),(11.4645,18.4394),(-17.2759,4.49774)]
triangle[(-15.8821,4.15279),(-4.91396,12.6705),(-19.2622,31.1466)]
triangle[(19.5655,1.06511),(2.32309,19.3603),(-33.2918,-14.2051)]
triangle[(-9.32651,-7.4928),(20.983,2.49511),(4.23843,53.3086)]
triangle[(12.8743,-9.82871),(-12.9684,15.7886),(-58.6713,-30.3163)]
triangle[(-13.9019,9.15751),(6.86983,11.7942),(2.78843,43.9475)]
triangle[(18.0677,9.78615),(19.3368,8.05485),(22.3226,10.2437)]
triangle[(14.6429,9.93546),(-0.186798,9.77739),(0.044886,-11.9588)]
triangle[(17.1138,20.2138),(-8.48945,10.3925),(6.99906,-29.9845)]
triangle[(-7.66527,5.65583),(1.88908,8.99546),(-2.97389,22.9079)]
triangle[(-9.01752,-1.37636),(4.48799,-15.8177),(32.1515,10.0532)]
triangle[(2.66106,17.4977),(6.58955,13.6259),(12.7147,19.8406)]
triangle[(-20.311,1.51509),(-1.99491,-17.7881),(23.3247,6.23674)]
triangle[(-14.4638,12.8501),(10.9938,12.394),(11.5048,40.9159)]
triangle[(13.1968,-5.90263),(-4.21764,-2.04882),(-8.39601,-20.9299)]
triangle[(-2.78957,8.03147),(19.5703,-6.8482),(37.4469,20.0151)]
triangle[(-6.73241,18.4456),(-5.75158,-10.9303),(31.7616,-9.67773)]
triangle[(-4.21851,18.76),(6.26142,-20.9703),(76.82,-2.35853)]
triangle[(4.26809,20.7067),(9.64027,15.7321),(15.8768,22.4669)]
triangle[(-12.9627,-9.57547),(18.4673,6.89993),(-10.1108,61.4184)]
triangle[(20.7897,7.10751),(9.35451,3.55302),(13.0756,-8.41814)]
triangle[(-13.2478,17.5159),(7.66104,-15.535),(57.973,16.2937)]
triangle[(-6.19528,-7.15532),(0.78581,-9.19675),(4.46919,3.39932)]
triangle[(13.7896,-14.2817),(13.491,4.00994),(-7.48869,3.66744)]
triangle[(-14.4924,-16.6353),(-15.0125,-13.9172),(-18.6281,-14.609)]
triangle[(9.94224,-6.55888),(9.13044,15.2221),(-15.728,14.2956)]
triangle[(0.61885,15.0077),(-19.2143,-8.05594),(23.7168,-44.9738)]
triangle[(14.6978,20.9043),(16.3733,-12.277),(71.4202,-9.49741)]
triangle[(-17.956,-6.84468),(-14.0098,6.56182),(-35.0036,12.7413)]
triangle[(-16.0688,-7.54595),(10.0247,19.0774),(-21.3867,49.8636)]
triangle[(-6.83628,-18.9985),(19.2049,-17.8584),(17.2369,27.0912)]
triangle[(-2.47309,-2.97457),(-6.74298,9.59167),(-24.5711,3.53383)]
triangle[(-20.7216,15.1899),(-20.1736,4.86119),(-1.3302,5.86106)]
triangle[(11.061,11.632),(4.82606,-11.4343),(48.6566,-23.2819)]
triangle[(17.3872,19.1874),(-18.296,-2.28118),(22.5785,-70.219)]
triangle[(13.6911,7.33683),(-11.728,20.9684),(-38.4375,-28.8373)]
triangle[(1.15632,13.7638),(15.4473,20.4489),(6.50535,39.5643)]
triangle[(-2.11913,-2.94618),(-18.8754,-8.22824),(-9.68982,-37.3677)]
triangle[(17.6035,9.35441),(-5.28377,7.37084),(-2.20634,-28.1379)]
triangle[(-0.528188,17.8149),(10.7993,3.45221),(30.1445,18.7093)]
triangle[(18.0734,-3.3542),(-5.1119,13.874),(-22.4579,-9.46985)]
triangle[(-4.08615,-15.6345),(6.96812,-11.61),(1.92876,2.23188)]
triangle[(12.3923,-6.75179),(-0.996506,6.5108),(-23.9457,-16.6567)]
triangle[(-3.66441,-14.1197),(13.9128,-13.9406),(13.6745,9.45263)]
triangle[(6.40293,-17.8799),(-14.2793,-18.8652),(-12.6268,-53.5549)]
triangle[(5.32417,-2.43291),(-13.9366,10.1348),(-26.9912,-9.87224)]
triangle[(-20.6975,-10.0983),(-19.4779,-18.828),(-9.75126,-17.4691)]
triangle[(6.79251,-19.9041),(-12.6381,-10.7086),(-27.3841,-41.8676)]
triangle[(-12.7595,19.6399),(-9.50422,-19.1138),(56.8341,-13.5414)]
