triangle[(6.71896,9.98816),(-7.05987,3.07243),(5.32134,-21.5958)]
triangle[(6.34556,13.529),(-9.42497,10.1186),(-4.13834,-14.3281)]
triangle[(0.444097,-16.9121),(12.4846,20.8707),(-27.3616,33.5688)]
triangle[(1.64674,5.70597),(13.5296,10.2144),(5.64642,30.9923)]
triangle[(6.0219,18.0525),(8.16382,-5.31476),(38.8876,-2.49851)]
triangle[(17.053,11.5146),(-6.67142,-11.9883),(31.9124,-50.9358)]
triangle[(3.91344,17.0004),(-5.58802,-2.24199),(27.9665,-18.8105)]
triangle[(16.1796,11.978),(20.618,17.8982),(8.83334,26.7332)]
triangle[(-20.0978,14.5874),(8.12598,-12.5867),(44.9388,25.6481)]
triangle[(-8.86079,-20.3898),(15.5036,-10.5759),(-4.00735,37.8626)]
