triangle[(19.4363,-10.7422),(4.7331,7.69352),(-17.4964,-10.0353)]
triangle[(2.94494,8.77386),(-6.78838,-8.87316),(17.9147,-22.4983)]
triangle[(-12.2342,-6.05815),(-17.1972,-14.3338),(-1.26151,-23.8907)]
triangle[(-16.3092,8.95734),(-4.71048,1.63474),(3.7831,15.0882)]
triangle[(9.44026,4.53682),(-19.6273,19.4962),(-40.6197,-21.294)]
triangle[(1.9131,-8.58474),(6.75404,-3.42145),(-1.69706,4.50202)]
triangle[(19.6824,-18.7184),(-19.5964,7.66522),(-59.9287,-52.3798)]
triangle[(7.81901,-9.00433),(-4.29347,-4.58586),(-10.0495,-20.3652)]
triangle[(-4.44503,20.2898),(-5.1955,5.50295),(19.4216,4.25357)]
triangle[(-1.30472,9.96083),(-5.20723,11.7977),(-7.32181,7.30511)]
