triangle[(15.4541,19.8853),(18.6528,-17.4992),(61.0384,-13.8727)]
triangle[(8.86392,7.55493),(-20.2669,-10.9574),(8.28081,-55.8797)]
triangle[(-16.7572,6.06532),(-11.7445,6.23184),(-11.9347,11.9572)]
triangle[(14.088,15.3623),(9.53853,-9.43811),(52.1566,-17.256)]
triangle[(-1.34301,-4.15905),(20.8773,10.5088),(-5.82517,50.9602)]
triangle[(-3.94135,1.1549),(15.3629,-15.1568),(31.6951,4.17173)]
triangle[(2.69685,-2.72873),(-17.5257,-4.32094),(-15.8853,-25.1556)]
triangle[(-5.93134,3.53954),(-6.26616,-17.0735),(23.0774,-17.5502)]
triangle[(-12.8752,-7.18844),(6.36526,19.5758),(-32.1976,47.2981)]
triangle[(15.4861,-1.88261),(-16.0575,-1.42156),(-16.8102,-52.9165)]
