triangle[(-15.6993,-6.5046),(-17.5813,19.238),(-62.0168,15.9893)]
triangle[(7.17449,17.4908),(-0.465624,-3.52098),(20.7593,-11.2386)]
triangle[(16.0317,14.4599),(-3.23991,-11.3651),(35.1242,-39.9939)]
triangle[(19.6056,-19.2092),(8.81993,13.7856),(-30.3236,0.989988)]
triangle[(11.2284,11.6521),(-2.71965,-15.2748),(40.5721,-37.6999)]
triangle[(-10.4851,-0.407383),(16.8035,3.20877),(9.76639,56.3129)]
triangle[(18.7522,-6.18375),(2.28666,-7.28145),(4.09537,-34.4123)]
triangle[(3.97012,-9.29961),(-9.3773,17.2614),(-46.695,-1.49142)]
triangle[(0.754447,-15.7293),(15.7022,18.5873),(-25.6183,36.5859)]
triangle[(-5.08272,11.4683),(12.3699,-6.69004),(37.7968,17.7486)]
