triangle[(-1.62541,6.38031),(-9.10906,9.16808),(-12.4704,0.144751)]
triangle[(-2.82153,18.0354),(1.22701,-18.1553),(68.5054,-10.629)]
triangle[(1.67245,-12.024),(14.9879,-13.8979),(17.8147,6.18842)]
triangle[(-3.9458,19.0982),(15.8397,-16.0016),(52.9713,4.92918)]
triangle[(-13.7987,-17.4526),(12.6226,11.016),(-34.6518,54.8908)]
triangle[(-16.6576,-0.662895),(-3.65314,7.87035),(-14.1065,23.8009)]
triangle[(-11.8064,-18.7095),(18.6503,-19.916),(20.2946,21.5938)]
triangle[(15.6121,15.615),(11.7297,-10.9742),(43.5854,-15.6256)]
triangle[(14.8083,5.88373),(-2.08601,-11.4594),(15.3238,-28.4187)]
triangle[(-9.34142,7.11988),(-18.615,5.68012),(-15.9326,-11.5974)]
