triangle[(-6.91238,-10.8045),(-16.2987,16.0389),(-53.227,3.12622)]
triangle[(-7.80955,-11.5917),(18.5617,4.99466),(-4.0934,41.0149)]
triangle[(-10.5281,20.8975),(-2.7164,-7.86633),(39.1625,3.50713)]
triangle[(1.38349,2.13382),(-14.0578,-2.26293),(-6.98117,-27.116)]
triangle[(-8.35144,0.983135),(11.5006,-1.03795),(14.6158,29.5614)]
triangle[(9.08613,10.159),(17.6993,9.22911),(19.2677,23.7567)]
triangle[(16.76,10.1059),(-5.7902,15.7054),(-13.9035,-16.9682)]
triangle[(-15.6638,-14.409),(2.63366,14.6876),(-48.9017,47.0957)]
triangle[(13.738,0.395003),(13.0855,-6.35278),(20.562,-7.07574)]
triangle[(-5.60252,20.1094),(-4.13897,2.60299),(24.9143,5.03187)]
