triangle[(10.7846,-11.0268),(9.54521,16.0248),(-30.9652,14.1687)]
triangle[(-0.950948,11.7062),(-6.39771,18.5382),(-17.5699,9.63112)]
triangle[(-1.55138,6.93738),(4.41611,-9.12216),(24.1573,-1.78664)]
triangle[(-1.34013,-3.90591),(-2.1801,0.893553),(-8.28911,-0.175609)]
triangle[(1.63278,14.9078),(15.833,13.1691),(19.0418,39.3761)]
triangle[(18.3049,7.91368),(-12.7592,-14.3864),(27.635,-70.6557)]
triangle[(17.9515,4.97433),(4.09121,-18.1083),(39.2117,-39.1969)]
triangle[(13.3685,7.38892),(-19.1126,2.10257),(-12.1159,-40.8874)]
triangle[(-18.3798,-6.5559),(12.4843,-16.6298),(23.8134,18.0803)]
triangle[(10.2821,3.24929),(7.78166,-6.25413),(18.7746,-9.14648)]
triangle[(-16.5528,14.4326),(-8.49627,-7.17975),(19.4203,3.22687)]
triangle[(15.995,-4.93902),(-7.91373,-10.9368),(0.59555,-44.8573)]
triangle[(8.55188,0.128915),(13.3173,11.9469),(0.0944961,17.2788)]
triangle[(15.6544,9.81921),(-3.69143,-7.31503),(18.5337,-32.4089)]
triangle[(-14.6098,-16.3833),(20.3414,5.59743),(-12.3973,57.6547)]
triangle[(10.2642,2.61287),(-17.007,-12.6803),(11.4887,-63.4944)]
triangle[(16.4316,-17.2986),(3.38972,5.73154),(-20.6215,-7.86588)]
triangle[(-13.7211,2.24426),(-20.4953,-0.0142301),(-17.1971,-9.90695)]
triangle[(-14.9,9.20902),(-2.32565,-19.9745),(42.1468,-0.812575)]
triangle[(2.39816,-17.54),(-6.31046,-20.0568),(-3.44502,-29.9717)]
triangle[(19.0795,1.95154),(13.1672,11.8113),(-3.206,1.99327)]
triangle[(5.39052,-3.75521),(-14.8222,-1.76898),(-18.3941,-38.1181)]
triangle[(-12.9663,9.40904),(-6.55852,-4.28726),(20.4648,8.35555)]
triangle[(2.93537,-2.38247),(-15.9319,-8.86433),(-6.71996,-35.6781)]
triangle[(8.64043,-9.45609),(-6.91114,-14.6057),(-0.885941,-32.8014)]
triangle[(15.4991,-11.0601),(-11.8022,7.48067),(-48.2828,-46.237)]
triangle[(16.7081,12.6493),(18.6946,5.58873),(30.8867,9.01891)]
triangle[(-4.59784,-7.73875),(13.7993,3.26644),(-6.71598,37.5612)]
triangle[(17.7135,7.36645),(12.7329,-16.5688),(51.7736,-24.6927)]
triangle[(8.33082,-2.04992),(15.9888,19.8255),(-26.6357,34.7471)]
triangle[(17.4102,15.8784),(-1.76973,-8.5168),(43.0802,-43.7786)]
triangle[(17.7919,-18.2732),(18.7218,-14.8505),(14.4502,-13.69)]
triangle[(-4.77275,-20.5505),(16.4543,20.5487),(-42.0176,50.7484)]
triangle[(-1.67302,-6.21477),(-20.5461,-8.05677),(-18.1204,-32.9107)]
triangle[(-5.1406,-11.6333),(-3.35291,16.8994),(-31.9392,18.6905)]
triangle[(-4.71026,8.28806),(12.6768,15.9421),(-1.38217,47.8788)]
triangle[(-9.98692,-13.658),(14.4596,20.1169),(-46.1309,63.9727)]
triangle[(-17.6747,2.42081),(18.2577,1.75793),(19.2564,55.8978)]
triangle[(17.6607,17.2691),(-13.409,-18.1931),(56.8259,-79.7285)]
triangle[(-7.09241,12.1339),(16.0192,20.6252),(2.63487,57.0546)]
triangle[(-5.80369,5.68651),(20.7408,5.69987),(20.7248,37.3895)]
triangle[(5.18817,11.596),(10.6634,5.20491),(17.3026,10.8927)]
triangle[(11.0663,-13.3776),(-5.0783,20.1705),(-53.5673,-3.16424)]
triangle[(-8.86515,-2.54236),(-19.9822,-7.04963),(-11.0544,-29.0697)]
triangle[(-10.6455,-15.7858),(9.94008,-10.9434),(0.874712,27.5944)]
triangle[(-16.6484,-1.95924),(11.4964,-12.1074),(25.5712,26.9277)]
triangle[(1.03011,-15.854),(10.0195,-0.271157),(-10.5329,11.585)]
triangle[(-10.1814,12.7878),(9.09773,6.31051),(18.4874,34.2583)]
triangle[(0.7238,-1.52147),(12.0263,6.26864),(-0.622388,24.6202)]
triangle[(-17.2794,-1.11904),(3.10385,-5.23493),(8.8829,23.3847)]
triangle[(4.82214,9.06478),(14.6833,18.7714),(2.37341,31.2772)]
triangle[(-10.7168,1.09878),(-12.6694,-8.46218),(0.826806,-11.2185)]
triangle[(-8.79629,20.4468),(-3.15626,3.71952),(14.2303,9.58186)]
triangle[(-0.49837,-4.88607),(-17.6796,-20.7481),(-0.813164,-39.0173)]
triangle[(-10.8391,-1.4422),(10.1397,0.314599),(7.3289,33.8796)]
triangle[(1.81834,-7.94498),(8.49566,5.14288),(-15.9884,17.6344)]
triangle[(-5.63559,-5.33554),(-0.245438,18.0727),(-26.1343,24.0341)]
triangle[(13.7521,-1.26936),(-16.362,-0.683045),(-17.3831,-53.1254)]
triangle[(20.589,-16.7429),(18.0385,4.05407),(-8.38407,0.813616)]
triangle[(0.673272,-20.5289),(-11.0036,6.02344),(-55.7288,-13.6453)]
triangle[(-10.1943,-8.1774),(12.5054,-2.48356),(2.51219,37.3565)]
triangle[(-6.21299,-17.858),(6.03319,-16.6486),(3.69514,7.02501)]
triangle[(-9.04843,11.7907),(-16.774,2.84808),(-6.08861,-6.38306)]
triangle[(19.2099,19.9781),(18.3702,12.6447),(29.2396,11.4002)]
triangle[(0.495206,-7.20869),(-14.1036,-9.51338),(-11.0132,-29.0897)]
triangle[(-13.1762,-19.1939),(5.43412,-15.9588),(-0.597083,18.7366)]
triangle[(6.30188,4.67868),(-4.4259,-3.81981),(9.65468,-21.594)]
triangle[(12.632,-19.6137),(18.3701,-17.4365),(14.6622,-7.66418)]
triangle[(14.154,13.6128),(18.0136,-11.2919),(47.5001,-6.72224)]
triangle[(-4.62017,13.0195),(-10.7781,-12.412),(28.2074,-21.8519)]
triangle[(-3.44275,-12.4948),(0.346203,17.0042),(-31.9883,21.1573)]
triangle[(-2.63138,-19.6678),(-12.7928,-17.5376),(-16.748,-36.4041)]
triangle[(5.58943,-8.02702),(-19.2175,-8.83877),(-18.1564,-41.2653)]
triangle[(-9.00654,3.03592),(-16.2072,12.7638),(-34.145,-0.513951)]
triangle[(-10.7114,6.15582),(-6.99567,2.62743),(-3.12372,6.70495)]
triangle[(-16.397,10.9228),(9.52033,-19.7195),(55.2295,18.9416)]
triangle[(-16.0756,-4.40592),(13.4773,20.4183),(-30.2641,72.492)]
triangle[(-10.3691,6.23837),(-10.166,20.1582),(-29.0354,20.4336)]
triangle[(13.9251,-20.2993),(15.5017,-14.6567),(5.82081,-11.9517)]
triangle[(-11.9645,18.7975),(13.471,11.3574),(21.3279,38.2177)]
triangle[(0.791784,-19.9681),(-7.48819,12.0802),(-42.8434,2.94584)]
triangle[(0.212092,-4.03249),(-6.87111,-12.6925),(6.51458,-23.6409)]
triangle[(-5.40208,5.91023),(15.9282,-10.939),(41.3123,21.1961)]
triangle[(-13.0525,-8.2973),(-5.59191,19.8258),(-46.8176,30.7622)]
triangle[(-12.5645,-11.6207),(-3.58505,-19.1672),(6.44409,-7.23371)]
triangle[(-0.0276273,-8.97801),(-18.7753,-5.75935),(-22.1239,-25.2641)]
triangle[(11.8667,-12.914),(-1.93389,-9.58672),(-5.4142,-24.0222)]
triangle[(7.9255,8.81605),(-5.34384,-13.7657),(26.289,-32.3536)]
triangle[(-20.2909,-2.92995),(-14.6299,20.844),(-48.5256,28.9152)]
triangle[(-9.3911,19.1927),(17.8155,-1.76023),(52.4409,43.1995)]
triangle[(19.5965,14.6001),(9.86331,-20.4982),(51.2246,-31.9682)]
triangle[(-5.83009,-12.1319),(-11.4731,-9.16518),(-16.6887,-19.0859)]
triangle[(3.91564,-0.261422),(-2.58868,-18.4843),(22.7348,-27.5231)]
triangle[(18.579,18.1907),(16.2021,11.8716),(24.8826,8.60644)]
triangle[(-6.91829,-2.74876),(13.6437,15.5895),(-22.8764,56.538)]
triangle[(11.4969,6.68708),(-5.26721,8.40168),(-8.32449,-21.4903)]
triangle[(-11.2107,7.36976),(-13.4739,-9.89593),(17.8894,-14.0071)]
triangle[(0.633726,-3.37043),(1.82315,-12.6829),(12.2263,-11.3541)]
triangle[(12.9969,9.50172),(7.52272,16.071),(-5.30895,5.37827)]
triangle[(10.3416,-1.28261),(7.44992,-5.33537),(15.1749,-10.8472)]
triangle[(3.85891,-0.642366),(3.36252,-12.4212),(18.5611,-13.0617)]
triangle[(-0.522642,7.27447),(7.5112,-1.42074),(17.6067,7.9069)]
triangle[(-20.5323,2.258),(-3.92551,-9.6365),(8.84777,8.19726)]
triangle[(6.64065,0.296828),(8.73413,10.0875),(-9.86159,14.0637)]
triangle[(13.7007,20.3168),(2.436,19.88),(2.92905,7.16441)]
triangle[(16.1143,10.0415),(20.3975,3.19783),(29.6215,8.97078)]
triangle[(-17.9891,-12.4458),(12.2473,-0.179009),(-10.3521,55.5264)]
triangle[(3.35582,-18.7483),(-13.9567,5.77856),(-44.7267,-15.9407)]
triangle[(17.5329,-18.5563),(-12.0089,1.16109),(-32.327,-29.2807)]
triangle[(12.9152,-4.61848),(9.67324,-3.08418),(7.54217,-7.58707)]
triangle[(-9.16882,-7.34487),(-1.817,-13.1171),(9.62322,1.4539)]
triangle[(8.22932,-18.4213),(-0.272072,5.83262),(-46.2979,-10.3002)]
triangle[(20.5183,13.4182),(-4.61821,10.4512),(-0.444356,-24.9099)]
triangle[(9.96371,8.55454),(-16.6491,13.8625),(-26.8486,-37.2752)]
triangle[(-5.04904,0.606465),(-13.2173,3.81249),(-17.9051,-8.13093)]
triangle[(2.51583,10.4631),(-11.3142,-0.90086),(0.341341,-15.0857)]
triangle[(6.04743,-20.0589),(-14.4892,0.348197),(-45.5713,-30.9313)]
triangle[(4.72618,2.18599),(8.06984,20.2027),(-22.9605,25.9615)]
triangle[(5.21745,-18.9883),(-4.4938,13.2027),(-50.5616,-0.694854)]
triangle[(-20.4876,-18.3505),(-13.0277,5.64932),(-38.1455,13.4567)]
triangle[(-3.4666,2.35412),(6.60055,7.01791),(-2.67293,27.0354)]
triangle[(3.59055,14.0278),(14.5807,-9.6156),(51.2063,7.40902)]
triangle[(-7.72799,-20.1152),(-17.8009,-6.18637),(-42.1001,-23.7588)]
triangle[(8.33636,-0.949975),(15.1768,-3.78459),(20.7004,9.54487)]
triangle[(-12.61,-3.77516),(9.72693,5.85394),(-2.67661,34.6269)]
triangle[(-1.98844,18.5438),(5.85464,0.30395),(34.3589,12.5607)]
triangle[(-20.466,0.33003),(14.0936,8.73315),(0.299315,65.4647)]
triangle[(9.06947,15.1283),(-19.9828,-20.8727),(35.2214,-65.4217)]
triangle[(-3.48751,17.7912),(3.50406,9.86273),(19.074,23.5927)]
triangle[(10.4628,11.3857),(-7.1337,13.5989),(-9.79705,-7.57707)]
triangle[(-16.8933,-5.66585),(-7.38454,1.81958),(-19.9725,17.8102)]
triangle[(-6.073,-8.51114),(-4.57267,7.5023),(-31.0265,9.98081)]
triangle[(16.4402,-15.9914),(14.7297,3.18693),(-7.07789,1.24198)]
triangle[(1.37919,5.88805),(11.6309,6.0063),(11.4195,24.3336)]
triangle[(15.4432,1.78173),(-10.1,5.02483),(-14.5054,-29.673)]
triangle[(-16.7145,7.23435),(-20.7323,-6.50794),(4.75948,-13.9608)]
triangle[(-8.5305,3.68826),(-10.7786,-17.6322),(31.6123,-22.102)]
triangle[(13.8542,-6.45587),(11.298,-11.4245),(16.3306,-14.0136)]
triangle[(-17.4503,5.62831),(-5.65613,8.14166),(-8.88412,23.2894)]
triangle[(-16.5855,18.9049),(12.811,-20.289),(79.7586,29.9235)]
triangle[(-3.80762,18.4154),(-13.4053,14.7313),(-6.16014,-4.14367)]
triangle[(-4.05915,-12.2216),(-19.4415,-19.6109),(-9.81865,-39.6429)]
triangle[(-13.4871,-3.45386),(1.50723,14.3508),(-30.5151,41.3186)]
triangle[(-19.9149,16.3364),(19.3104,15.7652),(20.4001,90.5988)]
triangle[(15.5586,18.6144),(-19.2326,17.3511),(-16.9726,-44.89)]
triangle[(-20.3497,-20.6285),(14.3347,1.54803),(-16.0108,49.0088)]
triangle[(0.353248,6.62253),(-8.62072,4.27107),(-4.84228,-10.1487)]
triangle[(6.81356,-15.4776),(-11.9743,-18.542),(-7.98027,-43.0287)]
triangle[(2.19184,-2.71474),(-6.83048,11.8819),(-24.4715,0.977795)]
triangle[(-11.4954,12.9569),(-8.67915,-2.63032),(21.4254,2.80877)]
triangle[(-3.52326,3.45389),(6.45451,-11.5605),(31.9863,5.40656)]
triangle[(11.9397,-6.63864),(10.7815,18.462),(-19.2429,17.0766)]
triangle[(16.5444,2.9703),(17.1162,8.70794),(9.31495,9.48544)]
triangle[(-12.9519,9.23741),(19.6893,-7.15291),(44.5114,42.28)]
triangle[(19.0486,2.85028),(0.217009,-4.26128),(9.85686,-29.7879)]
triangle[(-12.847,-13.7715),(19.7189,-1.05391),(1.76739,44.9144)]
triangle[(-1.79534,14.8535),(1.18717,-20.0487),(67.2549,-14.4029)]
triangle[(-2.2044,6.50076),(5.0341,-16.9223),(31.6376,-8.70095)]
triangle[(-16.2628,-12.8363),(9.9615,-5.2146),(-5.05293,46.4461)]
triangle[(13.0999,-18.2016),(17.6045,-4.55942),(-7.74706,3.81157)]
triangle[(7.62094,1.23545),(10.1783,-9.27304),(22.907,-6.17536)]
triangle[(-4.5032,17.7571),(10.7368,17.5845),(11.0126,41.9386)]
triangle[(-18.0593,7.95932),(-20.5771,-13.0834),(14.1911,-17.2433)]
triangle[(2.60308,-3.98272),(7.84611,-17.8532),(25.6476,-11.1243)]
triangle[(-7.80767,-0.935209),(13.1766,-19.2638),(37.8575,8.99325)]
triangle[(-20.32,2.98498),(20.6051,0.465883),(24.4175,62.4016)]
triangle[(-6.52673,10.8669),(10.3855,-11.8765),(43.4781,12.7314)]
triangle[(2.42602,7.12971),(9.55013,18.664),(-5.52554,27.9754)]
triangle[(-13.2675,-11.294),(-19.6874,-8.21469),(-23.1417,-15.4164)]
triangle[(15.6709,-20.7432),(-10.2344,15.84),(-73.8302,-29.1934)]
triangle[(-3.43908,19.3575),(-1.03018,12.7822),(7.43417,15.8832)]
triangle[(5.06907,5.48783),(9.97615,-4.88547),(29.4954,4.3481)]
triangle[(-12.1588,14.8601),(-5.73813,-17.2657),(39.7726,-8.16991)]
triangle[(-1.57554,3.98256),(-6.83723,-7.99733),(16.9974,-18.4657)]
triangle[(20.1094,8.30416),(16.1576,1.3153),(26.2818,-4.40935)]
triangle[(-3.04145,3.33548),(-20.4166,12.8187),(-31.442,-7.38205)]
triangle[(16.8187,-12.1079),(1.91982,17.4615),(-46.6683,-7.02024)]
triangle[(0.725151,-17.0445),(-6.82698,-6.30652),(-23.9897,-18.3773)]
triangle[(7.30121,10.7662),(13.2424,-18.282),(47.9488,-11.1835)]
triangle[(-17.7836,19.9415),(-4.0884,-13.1505),(61.7681,14.1044)]
triangle[(-0.373684,-13.9968),(-19.0279,9.19215),(-47.967,-14.0878)]
triangle[(16.2094,2.54517),(-10.6709,9.63287),(-22.0669,-33.5868)]
triangle[(12.0975,-17.0524),(6.03055,-7.41709),(-5.14248,-14.4523)]
triangle[(-19.9217,17.1037),(1.55386,-3.49066),(30.9694,27.1835)]
triangle[(-15.5648,14.7176),(-12.1309,1.68156),(9.6698,7.42427)]
triangle[(-16.9718,4.75061),(20.4272,12.1637),(8.81229,70.7613)]
triangle[(-4.37009,-13.3615),(-18.5733,16.3762),(-57.126,-2.0372)]
triangle[(-2.08911,13.9934),(12.9056,0.456039),(34.8883,24.8053)]
triangle[(0.951459,-18.1632),(-4.9047,10.0736),(-48.9277,0.943499)]
triangle[(-13.7538,14.891),(-13.5922,11.6904),(-7.85189,11.9802)]
triangle[(20.2968,-8.8689),(-19.3161,-13.8645),(-11.7577,-73.799)]
triangle[(6.34691,-3.25655),(2.68259,-5.59453),(5.72542,-10.3636)]
triangle[(-14.5791,6.18253),(-13.2422,16.3378),(-28.9407,18.4044)]
triangle[(-17.488,-4.57198),(-19.1137,18.2143),(-64.1645,15)]
triangle[(8.31545,18.0778),(15.2147,6.85078),(37.4952,20.5426)]
triangle[(10.383,10.9202),(9.13997,19.7305),(-6.00019,17.5943)]
triangle[(4.47374,-17.2751),(18.8161,17.4795),(-34.2464,39.3771)]
triangle[(-13.4261,-15.1896),(13.3761,12.0719),(-15.9473,40.9012)]
triangle[(-7.61196,-6.55875),(-5.89029,-4.93607),(-8.67146,-1.98523)]
triangle[(-16.4752,6.8428),(-20.5476,-4.37001),(-4.16083,-10.3215)]
triangle[(19.9234,3.63351),(-19.8292,-12.8858),(4.84605,-72.2652)]
triangle[(10.8264,-16.8611),(-20.6069,-19.3848),(-17.9824,-52.0719)]
triangle[(11.458,-19.8041),(3.64016,17.9165),(-46.7529,7.47213)]
triangle[(7.94636,20.5499),(7.51965,-1.3013),(32.5688,-1.79046)]
triangle[(-1.18301,0.43003),(-1.51312,16.8175),(-20.1108,16.4429)]
triangle[(-5.91952,-11.9006),(-19.0612,-17.907),(-9.52872,-38.7635)]
triangle[(16.0445,13.9414),(-1.5177,10.8612),(3.22186,-16.1614)]
triangle[(7.50213,-0.869292),(-13.881,13.5208),(-28.9196,-8.82589)]
triangle[(8.16973,-7.9116),(-0.4509,-1.84252),(-10.3685,-15.9296)]
triangle[(-6.9509,-19.463),(2.40795,-13.8447),(-7.63656,2.8871)]
triangle[(20.5822,2.21941),(-8.94877,-0.681433),(-3.35746,-57.6017)]
triangle[(-6.08201,11.8829),(-1.53054,-18.0302),(53.5011,-9.65677)]
triangle[(-2.79764,-7.68791),(13.8722,9.08976),(-4.68701,27.5297)]
triangle[(15.09,-14.6096),(19.0464,-4.77414),(1.45762,2.30114)]
triangle[(-19.2446,9.87024),(3.59714,-2.8733),(22.5014,31.011)]
triangle[(-3.38259,2.88989),(-12.5414,16.8594),(-32.6706,3.66212)]
triangle[(-10.992,-18.9236),(-6.06044,1.48869),(-42.3472,10.2555)]
triangle[(19.4265,19.162),(20.4644,10.9045),(33.1646,12.5008)]
triangle[(16.8211,-1.34064),(12.9946,-17.4464),(45.186,-25.0947)]
triangle[(-10.7383,6.14976),(-9.96557,-13.7232),(24.3838,-12.3876)]
triangle[(4.76375,-8.36811),(16.3302,7.25542),(-3.00763,21.5717)]
triangle[(-6.26674,-0.17964),(3.78792,1.43841),(1.06106,18.3833)]
triangle[(-9.04326,15.8504),(-6.36843,-2.06243),(23.0579,2.33165)]
triangle[(-18.6756,12.6536),(-11.5369,-10.2203),(18.5185,-0.840356)]
triangle[(20.9432,14.5557),(-13.7364,-11.9435),(22.4777,-59.3369)]
triangle[(12.9491,-15.5274),(-0.381116,0.724065),(-32.2222,-25.3936)]
triangle[(-17.8699,-0.806426),(9.93251,-17.1517),(31.073,18.8071)]
triangle[(1.76355,-4.31862),(4.48259,-4.56372),(4.94125,0.524324)]
triangle[(-11.0043,-1.89539),(9.04102,2.55045),(1.75506,35.4012)]
triangle[(7.47619,-9.36581),(-13.2747,0.622084),(-31.1281,-36.4701)]
triangle[(14.6762,-1.48379),(-2.72538,10.6227),(-26.4642,-23.499)]
triangle[(-11.842,14.5934),(10.0304,-19.2921),(67.2144,17.619)]
triangle[(-13.8049,19.9877),(10.9375,13.0526),(18.2815,39.2535)]
triangle[(-15.3228,-5.83228),(12.9169,14.8917),(-14.4115,52.131)]
triangle[(-3.14525,-2.93968),(-9.12326,1.71843),(-17.7039,-9.29356)]
triangle[(11.897,7.98566),(-2.96237,11.4127),(-9.23686,-15.7926)]
triangle[(11.4781,0.673889),(7.81713,18.6027),(-26.2573,11.6448)]
triangle[(-10.0566,-0.352367),(-0.465331,9.26922),(-11.3422,20.1119)]
triangle[(7.19712,2.47282),(-13.1146,2.82401),(-13.5856,-24.4177)]
triangle[(-6.46814,-6.14171),(18.4747,20.8609),(-13.7828,50.6578)]
triangle[(5.60712,13.8418),(2.90474,-16.7685),(51.2293,-21.0347)]
triangle[(15.5748,11.0447),(-8.06266,-12.7203),(26.7073,-47.3036)]
triangle[(8.74948,-5.00444),(2.55736,-9.62891),(9.38909,-18.7765)]
triangle[(8.64703,-9.57192),(-1.26868,-14.3041),(4.40709,-26.197)]
triangle[(12.3786,-12.032),(2.57293,-20.6728),(13.5948,-33.1804)]
triangle[(-7.85422,20.204),(7.91392,-13.0757),(66.8936,14.8693)]
triangle[(12.4792,-20.6539),(-7.70548,0.869132),(-37.3545,-26.9361)]
triangle[(-10.3069,10.2746),(17.1174,5.84868),(24.9179,54.1834)]
triangle[(16.0563,1.55861),(9.45534,-1.6266),(13.8795,-10.7952)]
triangle[(3.39586,-19.2144),(2.87754,0.539987),(-36.2736,-0.487278)]
triangle[(-2.25286,-2.96152),(-11.2276,-12.2597),(-0.0204692,-23.0769)]
triangle[(-0.336685,15.9811),(-12.5527,3.5025),(2.85594,-11.5818)]
triangle[(6.10053,1.2996),(16.9225,7.30407),(10.5137,18.8546)]
triangle[(-12.5856,-1.75031),(-15.7056,-8.71268),(-4.09132,-13.9174)]
triangle[(-12.7257,-12.285),(-17.0567,-10.9696),(-19.4393,-18.8143)]
triangle[(-8.9022,-3.69263),(12.3151,20.334),(-15.4839,44.8825)]
triangle[(18.4281,-0.962947),(14.552,11.6502),(-2.10177,6.53233)]
triangle[(-11.2114,4.71399),(14.784,19.2556),(-1.93724,49.1475)]
triangle[(-10.6788,-0.614373),(-8.42993,20.1719),(-43.8618,24.0054)]
triangle[(2.73092,12.0356),(15.7852,-0.168423),(38.7211,24.3653)]
triangle[(5.90555,9.236),(-3.38633,-17.7372),(50.2161,-36.2025)]
triangle[(-13.4996,-10.9942),(-16.6445,-19.8386),(-1.27521,-25.3036)]
triangle[(-6.96178,-1.98972),(-8.64922,-9.49581),(2.37172,-11.9734)]
triangle[(19.6813,4.34743),(14.1706,-2.76962),(26.7391,-12.5015)]
triangle[(6.25833,5.10265),(1.57465,-9.35149),(23.2976,-16.3905)]
triangle[(-16.2597,-13.8627),(3.36591,-15.5744),(6.0503,15.2041)]
triangle[(1.07895,-4.54942),(-13.1712,15.8336),(-36.6465,-0.578517)]
triangle[(-7.87854,7.53736),(10.2554,-2.1735),(24.6607,24.7267)]
triangle[(-20.0659,-9.68333),(7.89423,5.18708),(-14.6945,47.6596)]
triangle[(-1.6765,4.75555),(9.11249,-15.2629),(44.5885,3.85701)]
triangle[(-13.0718,-20.5226),(-17.0345,-8.5339),(-29.8022,-12.7542)]
triangle[(12.1637,18.2044),(19.2554,10.2275),(27.6542,17.6942)]
triangle[(-0.0694818,5.54185),(3.78202,-18.0631),(43.3495,-11.6071)]
triangle[(15.0671,-8.31687),(4.88264,2.15036),(-11.7477,-14.0306)]
triangle[(-5.90712,16.2731),(-6.93662,-4.05949),(14.3935,-5.13949)]
triangle[(-8.71982,-17.2789),(-20.8364,-7.97742),(-36.6837,-28.621)]
triangle[(-2.26179,-16.2852),(-8.83439,-1.24317),(-30.9501,-10.9066)]
triangle[(-6.03171,14.7131),(-20.971,-9.37689),(8.61979,-27.7274)]
triangle[(-19.5129,-20.2698),(8.20237,-2.48035),(-16.1828,35.5109)]
triangle[(-7.25274,-4.4203),(16.9913,2.47318),(6.92128,37.8891)]
triangle[(-7.42129,0.556554),(-10.5344,-13.9248),(15.2264,-19.4628)]
triangle[(8.43706,-11.0105),(0.756368,-16.4071),(7.21375,-25.5976)]
triangle[(-20.2003,16.895),(-10.8462,-10.4144),(24.502,1.69315)]
triangle[(14.4985,-0.938868),(11.6182,-2.35789),(13.3405,-5.85359)]
triangle[(-2.6932,8.46894),(9.70376,-19.4363),(49.8544,-1.59922)]
triangle[(-11.3605,-2.19751),(12.702,4.2539),(0.86518,48.4027)]
triangle[(5.44519,1.80059),(13.2596,6.84068),(3.81506,21.4839)]
triangle[(19.3906,4.00202),(-4.86742,0.909302),(0.16838,-38.5894)]
triangle[(18.5288,6.36871),(-20.1776,0.198012),(-8.43237,-73.4752)]
triangle[(-18.4263,-18.0176),(-5.52273,7.30671),(-32.8955,21.254)]
triangle[(-19.4636,-10.7661),(-0.100263,9.54126),(-21.8762,30.3049)]
triangle[(16.7791,-14.7486),(-20.503,-5.0901),(-34.7046,-59.9086)]
triangle[(-13.0572,4.77415),(-16.8159,-13.7944),(11.5409,-19.5344)]
triangle[(16.8189,20.8401),(6.16326,-3.73436),(51.3766,-23.3392)]
triangle[(20.8171,17.0766),(-3.73387,11.0499),(3.06564,-16.6492)]
triangle[(-18.9394,17.7653),(12.2527,-10.6513),(48.4075,29.0349)]
triangle[(17.7741,-6.80403),(-3.57203,2.13964),(-12.9097,-20.147)]
triangle[(-5.04658,-11.484),(3.16322,-18.6615),(13.1534,-7.23446)]
triangle[(-6.27539,3.4031),(-3.67566,-12.26),(17.4769,-8.74915)]
triangle[(-14.651,8.20082),(20.861,-9.56554),(45.4348,39.5535)]
triangle[(9.55157,-0.82268),(-11.1784,17.717),(-46.4976,-21.7749)]
triangle[(4.5481,14.689),(18.7456,-15.5405),(55.4405,1.69346)]
triangle[(-12.9883,-15.2878),(-5.90017,2.31652),(-29.4117,11.7832)]
triangle[(-2.71616,-18.4437),(-20.623,-11.1149),(-33.1669,-41.7641)]
triangle[(11.5098,-0.978341),(-17.4643,-2.87483),(-13.8155,-58.6202)]
triangle[(-4.54821,1.16343),(4.78269,18.5519),(-25.1555,34.6171)]
triangle[(-14.3918,-8.52323),(-11.2206,-19.9914),(7.15509,-14.9102)]
triangle[(-19.8166,8.12647),(-19.204,-15.6853),(11.3862,-14.8983)]
triangle[(-17.8363,19.2759),(10.0842,11.2176),(21.2247,49.8176)]
triangle[(16.4565,2.06105),(20.4163,-6.22492),(30.7776,-1.27334)]
triangle[(-19.9826,-0.768621),(-3.60902,13.7163),(-22.4257,34.9865)]
triangle[(17.7115,-13.3815),(-11.1077,-20.9235),(2.06109,-71.2439)]
triangle[(1.9785,-19.873),(19.2219,15.9131),(-33.3671,41.2529)]
triangle[(14.1593,10.5846),(12.3195,6.8721),(17.5242,4.29274)]
triangle[(-7.07325,4.10144),(11.9281,8.72672),(6.91796,29.3089)]
triangle[(-5.73639,18.7893),(2.70888,12.2395),(15.4495,28.6673)]
triangle[(2.51739,3.36705),(14.6416,7.63658),(7.32412,28.4161)]
triangle[(-1.51794,3.98185),(-5.61067,-14.3359),(29.4462,-22.1686)]
triangle[(17.326,-7.50474),(17.4424,-14.0585),(30.3911,-13.8285)]
triangle[(-6.88745,16.8821),(-12.807,14.5756),(-8.45874,3.41579)]
triangle[(8.54516,18.4108),(6.15254,12.4528),(15.0814,8.86712)]
triangle[(18.6808,-16.0458),(-0.155313,-7.77478),(-12.9423,-36.8953)]
triangle[(-0.934684,5.47146),(17.5404,-16.1134),(46.6987,8.84401)]
triangle[(-18.6928,1.21555),(-10.3455,-20.2406),(30.9668,-4.16851)]
triangle[(-1.25248,-8.69356),(-0.816434,3.72893),(-19.1162,4.37127)]
triangle[(-15.987,-7.90528),(6.49349,-1.15557),(-3.3577,31.6547)]
triangle[(-17.0383,11.2637),(4.54625,6.19244),(14.6325,49.1223)]
triangle[(-16.5402,-13.094),(-20.9075,19.2825),(-54.0794,14.808)]
triangle[(-12.4059,-6.4112),(-18.7608,-14.631),(-6.94131,-23.7689)]
triangle[(7.85803,-12.9331),(7.33886,-9.01341),(2.57958,-9.64379)]
triangle[(-8.70137,1.81575),(12.0506,-12.0011),(38.2123,27.2921)]
triangle[(-2.93259,-0.691051),(-20.6057,16.9981),(-54.5125,-16.8778)]
triangle[(13.1135,-2.21391),(19.1206,12.8298),(-2.3179,21.3903)]
triangle[(-8.67675,-2.21858),(10.3118,-8.58388),(17.2331,12.0633)]
triangle[(-11.4538,-16.0165),(-1.03024,6.38258),(-35.1599,22.2651)]
triangle[(-9.75902,-7.04378),(-9.42937,-12.2748),(-0.421732,-11.7071)]
triangle[(11.7247,-12.1315),(8.89916,-2.14171),(-2.41607,-5.34219)]
triangle[(-9.96538,-4.5881),(7.19623,-3.02748),(4.25406,29.3266)]
triangle[(5.48466,-17.0356),(18.5469,6.56516),(-5.53386,19.893)]
triangle[(-7.94185,5.03878),(-7.24512,-0.81069),(1.22453,0.198134)]
triangle[(-9.87164,-16.0177),(12.8493,-6.30053),(-6.0454,37.8795)]
triangle[(-17.601,15.2421),(7.5299,11.4387),(13.8908,53.4682)]
triangle[(4.40141,17.9167),(-9.91405,-1.14878),(27.267,-29.0664)]
triangle[(-18.1669,5.3521),(2.88176,13.8127),(-7.90894,40.6582)]
triangle[(1.11409,-17.0183),(-5.56544,-17.3835),(-5.11311,-25.6554)]
triangle[(8.55806,-1.74118),(12.9635,-14.0056),(32.112,-7.12731)]
triangle[(19.0717,-3.41478),(-13.0042,7.15186),(-25.1425,-29.695)]
triangle[(4.89761,11.1023),(13.1376,-3.80494),(40.9261,11.5552)]
triangle[(4.88508,-3.44462),(4.14322,-17.9241),(21.2215,-18.7991)]
triangle[(-0.249792,18.2954),(10.2647,-4.96872),(37.6138,7.39207)]
triangle[(-8.38361,14.9376),(-20.0916,16.6141),(-22.22,1.75013)]
triangle[(19.985,10.967),(-18.7087,-3.52238),(0.713937,-55.3905)]
triangle[(3.29065,-20.2341),(10.6956,-15.6247),(5.38729,-7.09684)]
triangle[(-13.4332,-11.0986),(6.39506,-2.54845),(-6.39754,27.1184)]
triangle[(-10.7003,5.7215),(19.8701,-15.979),(49.3171,25.5042)]
triangle[(18.4315,14.3048),(-2.73027,1.10826),(17.2223,-30.8874)]
triangle[(-6.37301,-13.5434),(3.69234,-14.4502),(4.94836,-0.509105)]
triangle[(-3.61386,-0.607929),(9.97101,-9.179),(21.2724,8.73341)]
triangle[(-15.477,-11.4916),(1.32725,18.3651),(-29.5349,35.7352)]
triangle[(-13.5421,-16.6537),(6.49112,-19.2433),(11.5813,20.1341)]
triangle[(-13.9096,-15.2577),(14.0021,-0.42037),(-4.67518,34.7148)]
triangle[(-17.7852,13.186),(6.22747,0.622643),(22.8278,32.3512)]
triangle[(-12.6817,-8.86832),(-0.0629811,7.90117),(-26.1479,27.5295)]
triangle[(4.20482,-2.25582),(13.5351,20.7225),(-28.5759,37.8215)]
triangle[(-3.34905,-6.60573),(6.28444,-14.7554),(18.8244,0.0676954)]
triangle[(-16.8775,-10.5241),(13.731,0.916503),(-2.8443,45.2627)]
triangle[(-16.1667,-2.23796),(-13.6551,-16.5232),(10.8514,-12.2146)]
triangle[(-17.0134,19.5085),(1.05184,-10.6977),(50.4661,18.8552)]
triangle[(4.45383,13.2507),(6.25186,-6.08022),(28.297,-4.02973)]
triangle[(-4.72897,1.39859),(-6.7229,-16.8637),(15.2136,-19.2588)]
triangle[(17.6386,3.17733),(20.6376,19.2467),(-7.90178,24.573)]
triangle[(-7.22945,-15.9352),(16.2769,8.9608),(-20.6751,43.8502)]
triangle[(14.4577,15.496),(1.80367,-14.7473),(47.6919,-33.9472)]
triangle[(-14.0833,14.005),(6.76577,20.2493),(-3.62248,54.9344)]
triangle[(18.4139,-3.64614),(-5.42273,-3.84088),(-5.19233,-32.0413)]
triangle[(8.93706,18.9739),(-8.78535,-7.47789),(27.7801,-31.9763)]
triangle[(-8.41101,-2.32978),(-2.11501,-14.6898),(10.5483,-8.23935)]
triangle[(-13.7942,-14.4076),(-4.97097,-10.8127),(-10.2952,2.25495)]
triangle[(0.87955,18.9799),(-13.4892,-6.34197),(22.5217,-26.7762)]
triangle[(2.0701,-3.3936),(3.02469,0.912422),(-2.45759,2.12777)]
triangle[(16.502,3.49107),(-14.2176,14.5357),(-27.0761,-21.2288)]
triangle[(18.2787,12.0309),(-5.55347,-12.0114),(35.0881,-52.2977)]
triangle[(-3.97542,15.4731),(-6.60909,-10.5665),(29.305,-14.1989)]
triangle[(-6.56036,-3.52272),(-16.8113,-1.13887),(-21.4048,-20.8916)]
triangle[(-20.7816,-7.54545),(13.077,6.13906),(-5.29892,51.6055)]
triangle[(-0.428299,16.4551),(20.255,0.482517),(41.3864,27.846)]
triangle[(-0.321149,-17.6643),(18.523,-18.1409),(19.3406,14.1842)]
triangle[(-5.04962,-4.5323),(-17.277,9.88204),(-36.1064,-6.09051)]
triangle[(18.309,14.4873),(7.81702,13.1595),(10.3264,-6.66945)]
triangle[(11.5197,0.549239),(7.11896,19.9066),(-24.5238,12.7129)]
triangle[(13.829,13.1519),(-17.5864,10.9084),(-14.2267,-36.1381)]
triangle[(13.1342,-13.853),(8.09907,11.2648),(-20.4177,5.54832)]
triangle[(19.3281,-0.746458),(-7.32465,-12.8678),(4.82736,-39.588)]
triangle[(3.93183,-20.1573),(-16.1303,7.05741),(-46.5851,-15.3933)]
triangle[(-19.6709,11.8204),(15.4252,-3.40055),(35.3681,42.5831)]
triangle[(-8.2212,13.3628),(8.53935,14.0077),(7.79127,33.4491)]
triangle[(15.1592,5.45651),(20.7978,10.347),(12.0886,20.3884)]
triangle[(20.1738,7.51379),(10.085,20.7618),(-6.98912,7.75928)]
triangle[(5.63371,6.85944),(7.20761,12.634),(0.924343,14.3465)]
triangle[(-10.3025,-12.4195),(16.1642,-2.86548),(5.64483,26.2753)]
triangle[(-7.17469,11.0319),(-4.50017,11.8564),(-5.6405,15.5554)]
triangle[(-16.3008,18.2222),(-12.9615,5.05869),(9.63477,10.7908)]
triangle[(1.07297,-2.84209),(-8.45099,-19.7591),(13.6869,-32.2223)]
triangle[(-20.9786,-2.1344),(16.3119,9.60104),(3.31048,50.9143)]
triangle[(5.7556,14.9733),(7.80564,15.1228),(7.62562,17.5905)]
triangle[(7.55387,7.98063),(-11.0448,18.9672),(-29.039,-11.4943)]
triangle[(-6.62008,-20.4521),(3.20736,19.3467),(-62.3964,35.5461)]
triangle[(-13.6969,9.8263),(-17.3431,-5.54664),(7.97865,-11.5525)]
triangle[(18.2224,-9.05275),(7.40062,-0.272772),(-6.52491,-17.4368)]
triangle[(-11.6364,-10.5143),(-1.57007,-4.85655),(-10.8642,11.6796)]
triangle[(9.45867,-1.24699),(-16.4382,-14.6374),(1.8659,-50.0374)]
triangle[(-8.60854,-7.15902),(-11.9452,2.60494),(-30.5061,-3.73797)]
triangle[(-11.2311,11.5334),(-10.3436,-16.5395),(22.7348,-15.4937)]
triangle[(16.2441,-0.446173),(0.302607,5.32131),(-9.56615,-21.9563)]
triangle[(15.0455,6.49964),(-1.80647,-0.453063),(5.57301,-18.3395)]
triangle[(-6.59326,-10.1261),(13.031,-13.6033),(18.3353,16.3326)]
triangle[(11.1995,14.77),(-18.6284,15.4158),(-19.632,-30.9386)]
triangle[(-6.43449,11.0503),(12.8733,11.4201),(12.3756,37.3994)]
triangle[(12.174,-2.28324),(10.6303,9.23672),(-10.4427,6.41301)]
triangle[(-3.47429,-17.9016),(8.25972,-0.507905),(-17.4099,16.8092)]
triangle[(-6.60695,7.57499),(19.8723,2.7458),(25.4462,33.3082)]
triangle[(-10.5078,6.65012),(4.33878,13.2798),(-8.5123,42.0588)]
triangle[(-17.0655,16.1947),(-10.08,-19.7069),(57.1008,-6.63525)]
triangle[(9.94674,-14.0665),(-15.3263,-20.3828),(-5.83986,-58.3401)]
triangle[(-6.9794,15.9659),(20.0025,-20.5394),(83.6852,26.53)]
triangle[(-13.8002,0.239423),(2.96735,-5.17619),(11.2161,20.3631)]
triangle[(-10.2634,4.69907),(14.9395,-7.1661),(32.4729,30.0769)]
triangle[(-10.0848,-12.3638),(19.3875,1.76617),(0.693675,40.7578)]
triangle[(20.1842,20.3761),(-10.4204,-11.5636),(43.2574,-62.9977)]
triangle[(4.13539,-5.40284),(-5.95539,5.50242),(-22.5656,-9.86726)]
triangle[(-13.8541,1.56465),(7.14895,-9.70752),(19.4795,13.2676)]
triangle[(14.5777,8.5088),(-13.2746,11.1747),(-18.4755,-43.1627)]
triangle[(-13.5476,17.831),(-19.59,-12.6927),(16.1198,-19.7618)]
triangle[(12.0939,17.5652),(1.99277,16.8116),(3.20747,0.528732)]
triangle[(-4.38328,-7.52509),(-11.4547,18.3667),(-49.8602,7.87757)]
triangle[(12.8704,-3.66332),(6.66044,-0.276658),(1.30736,-10.0924)]
triangle[(-4.34374,6.33298),(3.18627,5.22155),(5.29356,19.4985)]
triangle[(15.3952,-11.9619),(-4.43801,15.2725),(-33.7017,-6.0385)]
triangle[(-7.19331,11.9794),(-7.36378,-9.33199),(30.2783,-9.63309)]
triangle[(0.487623,-20.0215),(-13.8747,-8.66861),(-32.3616,-32.0559)]
triangle[(12.4084,-20.7946),(-1.3029,15.9545),(-43.7242,0.126863)]
triangle[(14.4935,14.383),(-9.29748,8.0271),(2.22218,-35.0928)]
triangle[(20.5063,6.62983),(-13.1885,-3.20764),(-0.84178,-45.4972)]
triangle[(-13.0645,-5.99152),(13.3551,10.5568),(-4.43285,38.9555)]
triangle[(8.62859,2.56152),(-1.55892,8.34791),(-12.1374,-10.2765)]
triangle[(6.68684,4.36154),(-7.03805,-10.9004),(15.8709,-31.5022)]
triangle[(10.1179,19.9356),(2.18709,-20.7912),(63.0674,-32.6466)]
triangle[(-20.7046,-14.8296),(17.0891,-11.1829),(11.7329,44.3275)]
triangle[(5.08912,8.28317),(7.86979,-11.8717),(42.2314,-7.13105)]
triangle[(-16.5398,4.03712),(13.8339,14.5286),(-3.24559,63.9752)]
triangle[(-4.54607,9.51828),(2.24069,12.6035),(-1.8484,21.5985)]
triangle[(-4.99878,-13.5746),(8.14865,3.06105),(-16.879,22.8408)]
triangle[(-17.045,-18.3521),(-2.96779,6.85228),(-39.5058,27.2595)]
triangle[(5.00491,9.58133),(-15.2033,11.0731),(-17.3794,-18.4065)]
triangle[(-8.05877,20.3264),(-13.2357,-11.6258),(29.1037,-18.4857)]
triangle[(0.871183,13.5685),(-16.2924,11.854),(-13.7288,-13.8094)]
triangle[(15.0667,-18.5084),(1.31293,4.91781),(-28.4983,-12.5847)]
triangle[(-9.28916,1.39737),(-8.41733,-4.27511),(-0.92071,-3.12291)]
triangle[(-16.489,-7.62491),(0.895145,1.1778),(-11.8605,26.3685)]
triangle[(4.2,8.94077),(-9.55797,8.49704),(-8.73102,-17.1426)]
triangle[(3.2028,11.5365),(6.20363,-8.28351),(44.7542,-2.44679)]
triangle[(18.1621,-20.0127),(-17.854,-16.5246),(-21.6821,-56.0509)]
triangle[(6.06035,2.67209),(2.54048,-19.3627),(45.5934,-26.2401)]
triangle[(-1.42893,11.1115),(18.3789,-14.8613),(50.5141,9.64628)]
triangle[(-16.887,5.18318),(15.263,12.1258),(7.25073,49.229)]
triangle[(-17.3059,-7.55072),(20.4764,11.4891),(-2.82624,57.7304)]
triangle[(-20.0997,12.4851),(-0.0724545,-9.12389),(24.6903,13.8263)]
triangle[(18.0802,-9.41352),(-6.60932,3.01031),(-28.4649,-40.4228)]
triangle[(8.85833,-0.521403),(1.67068,-0.189233),(1.07977,-12.9757)]
triangle[(13.0174,-7.20091),(-3.12474,-9.52725),(0.458305,-34.3895)]
triangle[(8.08048,3.32303),(-18.303,-3.51101),(-8.30615,-42.105)]
triangle[(-2.76149,5.91532),(-15.4576,-18.6805),(33.3819,-43.8908)]
triangle[(7.63557,-14.0383),(-2.5489,-18.8599),(5.38433,-35.6168)]
triangle[(-1.39622,-10.7963),(7.94349,18.5086),(-32.9318,31.5359)]
triangle[(-13.1531,14.5125),(1.79801,-6.20524),(24.7691,10.3721)]
triangle[(-1.78214,-7.08239),(-4.6148,-10.9837),(1.06192,-15.1055)]
triangle[(-2.09316,-16.636),(-9.08639,15.3721),(-72.0062,1.62524)]
triangle[(-2.69826,-11.6402),(-5.773,-10.9374),(-6.72297,-15.0934)]
triangle[(18.8528,5.11039),(16.1008,-15.6683),(45.1474,-19.5153)]
triangle[(3.72015,9.08169),(-13.7518,-0.689338),(-1.8119,-22.0397)]
triangle[(0.555098,-10.0442),(6.9777,-9.76595),(6.63751,-1.91296)]
triangle[(-6.22683,19.7025),(-11.9395,-20.2786),(63.588,-31.0703)]
triangle[(-0.0974482,-20.4405),(-10.2898,-2.23167),(-39.0316,-18.3198)]
triangle[(14.1914,-15.4321),(8.85419,-13.6272),(5.83073,-22.568)]
triangle[(-11.0206,15.2138),(8.20333,19.9432),(-0.233008,54.2346)]
triangle[(4.97815,7.24597),(12.055,-5.30519),(26.1011,2.61456)]
triangle[(1.20478,-17.38),(6.73696,-7.99341),(-11.0756,2.50476)]
triangle[(20.0187,-20.9501),(13.15,5.73751),(-18.5702,-2.42653)]
triangle[(17.7715,2.82944),(-20.6833,-4.37109),(-12.4891,-48.1324)]
triangle[(15.5275,8.74361),(-2.23283,10.657),(-5.23583,-17.2174)]
triangle[(-16.1895,-18.9198),(-11.3562,-5.39068),(-25.5278,-0.327787)]
triangle[(-8.23287,5.20688),(19.8794,5.09113),(20.0923,56.785)]
triangle[(-8.23101,-20.4951),(-19.3994,-1.74509),(-48.2939,-18.956)]
triangle[(-13.5367,15.8581),(-13.2102,7.91699),(-3.97029,8.29693)]
triangle[(12.5471,-11.5933),(15.9302,-2.18873),(3.30663,2.35244)]
triangle[(-20.379,-10.143),(-7.43798,-13.288),(-4.03463,0.715905)]
triangle[(2.24516,-18.177),(2.66809,-2.01363),(-28.2687,-1.20413)]
triangle[(-3.31487,-18.7285),(-5.31374,16.8495),(-57.1905,13.9349)]
triangle[(19.0564,6.92511),(-18.9424,-16.4526),(25.8682,-89.2889)]
triangle[(7.57987,3.43497),(13.4335,-10.7329),(32.2938,-2.94048)]
triangle[(10.9184,18.8516),(9.75775,-7.82299),(61.7037,-10.0832)]
triangle[(-2.97505,5.39892),(5.2372,8.6747),(1.80684,17.2745)]
triangle[(15.5953,0.728493),(15.8915,7.0283),(8.84651,7.35954)]
triangle[(-13.9571,7.2865),(-7.14309,-17.6364),(30.641,-7.30597)]
triangle[(-6.50087,-6.82097),(1.6046,-10.7948),(6.26329,-1.29258)]
triangle[(14.7716,-12.9752),(-7.65893,14.1545),(-59.9057,-29.0426)]
triangle[(6.67705,20.1225),(-1.30428,12.7438),(8.38323,2.26505)]
triangle[(-17.2621,15.799),(-7.93828,-1.96244),(14.2105,9.66446)]
triangle[(15.2014,11.5428),(-17.0501,12.8365),(-19.508,-48.4339)]
triangle[(-14.895,-6.39788),(-7.94451,15.5039),(-29.8534,22.4566)]
triangle[(19.7413,-18.0402),(17.1575,-20.9344),(21.0866,-24.4421)]
triangle[(-11.4566,-13.2569),(16.6812,-11.6006),(14.1409,31.5532)]
triangle[(-15.4325,-18.8584),(-5.52329,-15.3767),(-10.5617,-1.03716)]
triangle[(-0.24362,-5.55614),(5.7007,-17.4804),(28.8959,-5.91744)]
triangle[(13.2344,-11.1081),(-11.7967,5.1738),(-38.6256,-36.0718)]
triangle[(17.4496,-15.9541),(-6.60712,1.92809),(-38.4154,-40.863)]
triangle[(16.958,18.9506),(0.460526,5.4011),(22.9522,-21.9842)]
triangle[(-19.8579,-0.421208),(-13.4419,0.205458),(-14.446,10.4867)]
triangle[(-17.4803,-9.61116),(1.0058,-15.5887),(12.5578,20.1369)]
triangle[(8.74453,-14),(-12.075,8.42858),(-52.8379,-29.4101)]
triangle[(18.2246,20.5097),(-9.71801,-19.2993),(61.4793,-69.2739)]
triangle[(-19.9747,-19.3189),(-17.4533,-6.96427),(-34.5793,-3.46911)]
triangle[(19.8887,6.60254),(-3.3597,-16.5463),(26.2303,-46.2636)]
triangle[(3.34162,1.29356),(19.0975,9.39621),(10.9681,25.2041)]
triangle[(1.16874,14.0662),(20.4236,7.00682),(34.2343,44.6761)]
triangle[(-18.8584,12.2829),(-0.515802,19.4167),(-14.0221,54.1442)]
triangle[(7.97654,6.92369),(-5.29422,-9.46841),(22.9922,-32.3686)]
triangle[(7.37423,-1.97722),(-12.7703,11.2994),(-31.7359,-17.477)]
triangle[(15.3177,13.6522),(5.33777,6.32222),(19.2058,-12.5594)]
triangle[(-9.74196,6.08898),(-14.2359,14.3339),(-23.8173,9.11157)]
triangle[(16.053,3.71199),(-1.28002,-18.2016),(26.3255,-40.0367)]
triangle[(-18.6049,18.7866),(-1.30428,16.7943),(1.45818,40.7835)]
triangle[(-19.6836,-5.93621),(-18.2065,8.45532),(-40.569,10.7505)]
triangle[(10.0529,0.130128),(7.816,17.9436),(-18.2677,14.6682)]
triangle[(-12.5736,-2.85135),(-8.19662,18.2689),(-46.8025,26.2697)]
triangle[(-1.23963,4.03265),(5.86222,-3.45697),(14.7101,4.93281)]
triangle[(-6.89961,-13.2792),(-3.26236,-13.1126),(-3.5453,-6.93561)]
triangle[(-5.58607,1.97684),(5.40347,8.88962),(-7.44107,29.3091)]
triangle[(2.27255,12.8617),(-8.72029,13.5823),(-9.85362,-3.70725)]
triangle[(-3.12355,18.8928),(16.0521,-6.59815),(42.9263,13.6181)]
triangle[(-5.90045,13.4417),(8.37887,-5.91659),(40.0769,17.4649)]
triangle[(-5.81283,-8.01434),(19.6666,11.0761),(-16.0457,58.7404)]
triangle[(-17.8963,-2.43072),(-7.31198,-0.818361),(-8.98719,10.1786)]
triangle[(-11.8874,14.7743),(-17.1208,-2.98717),(15.8787,-12.7105)]
triangle[(-19.5352,-12.4078),(-10.1557,3.18104),(-29.5688,14.8614)]
triangle[(-14.6727,-8.95439),(16.7565,20.6532),(-37.2495,77.9818)]
triangle[(-8.4602,19.2397),(-1.43803,15.4875),(4.15046,25.9462)]
triangle[(1.43428,15.7233),(-16.2127,5.14603),(3.85081,-28.3277)]
triangle[(-5.53033,-13.7819),(3.00979,-7.42721),(-3.78281,1.70148)]
triangle[(-10.1329,-3.63601),(-0.811399,-2.5512),(-2.97531,16.0427)]
triangle[(2.95799,0.0272456),(5.13613,18.1043),(-20.7077,21.2183)]
triangle[(-11.0963,10.5379),(15.8574,14.1429),(11.8945,43.7727)]
triangle[(9.08001,13.364),(-11.1787,-11.3987),(20.6594,-37.446)]
triangle[(9.10206,1.99399),(0.538363,1.29703),(1.36395,-8.84715)]
triangle[(-1.37735,11.5122),(3.8491,3.50048),(11.8946,8.74898)]
triangle[(-4.06767,-19.8062),(10.0487,-13.3029),(0.726049,6.93326)]
triangle[(-14.2183,6.9466),(0.841689,1.10416),(8.25711,20.2188)]
triangle[(-0.0518821,-15.9676),(3.69867,0.0183757),(-25.322,6.82706)]
triangle[(-13.8044,10.3198),(-2.6788,-11.7357),(20.4353,-0.0761464)]
triangle[(-0.59905,-8.84522),(-4.67917,-15.7258),(8.75639,-23.693)]
triangle[(-17.3504,-4.83223),(-1.45236,-4.95852),(-1.21433,25.0041)]
triangle[(-15.1268,-2.98548),(6.09648,-13.0989),(21.171,18.5352)]
triangle[(-15.753,-18.2083),(9.15417,-16.4109),(5.62614,32.4769)]
triangle[(11.9116,-17.2639),(8.25104,-13.9364),(4.02623,-18.5841)]
triangle[(12.2899,20.9664),(-15.2779,1.3123),(15.3467,-41.6432)]
triangle[(11.8661,19.2544),(20.1132,14.3493),(28.6473,28.6979)]
triangle[(-9.08335,7.88046),(-1.09952,-14.4272),(28.3391,-3.89127)]
triangle[(-15.4297,-15.686),(11.4641,-15.4692),(11.1247,26.6177)]
triangle[(-4.08116,9.84682),(-1.16098,3.40818),(9.35483,8.17751)]
triangle[(11.8191,17.3082),(14.8533,-6.6052),(46.4697,-2.5936)]
triangle[(20.8303,6.43039),(-15.5887,18.7),(-37.0412,-44.9763)]
triangle[(10.0698,-1.988),(-19.8048,-3.723),(-16.6597,-57.8781)]
triangle[(-8.72822,0.364507),(-14.7959,15.7433),(-31.0273,9.3392)]
triangle[(-6.83487,-10.2343),(-17.8999,-5.1938),(-23.437,-17.349)]
triangle[(17.8871,7.97585),(2.91735,15.3731),(-4.66166,0.0355808)]
triangle[(0.853228,15.691),(0.68335,-13.8444),(51.8886,-14.1389)]
triangle[(15.7169,-7.75788),(5.7612,0.965746),(-9.39312,-16.3289)]
triangle[(16.4259,4.8322),(-20.018,7.5576),(-24.6744,-54.7071)]
triangle[(-2.1488,-18.2038),(-4.38911,17.0598),(-61.6199,13.4239)]
triangle[(-12.438,17.2708),(14.8747,-4.52488),(52.1983,42.2462)]
triangle[(15.3627,10.5557),(9.47408,8.61969),(12.2945,0.041165)]
triangle[(-14.4596,6.44058),(18.9146,20.1416),(2.16105,60.9514)]
triangle[(-10.8855,-16.4367),(15.5815,1.88596),(-20.1525,53.5035)]
triangle[(4.87632,2.99295),(-9.59341,-13.2657),(13.8281,-34.1102)]
triangle[(-0.11925,-8.84692),(2.91469,9.65862),(-29.4555,14.9656)]
triangle[(-2.9368,7.49211),(-10.678,-18.1387),(22.621,-28.1959)]
triangle[(-4.59045,11.6299),(-20.4599,-10.9458),(17.0315,-37.3002)]
triangle[(1.29167,18.4102),(13.1061,13.4188),(22.7263,36.1893)]
triangle[(6.2279,10.6382),(2.96266,-4.47557),(32.8023,-10.9223)]
triangle[(-4.21472,0.16718),(9.90039,2.71361),(6.10816,23.7343)]
triangle[(-11.257,-9.47192),(-5.2862,-10.5922),(-3.34785,-0.260984)]
triangle[(11.9422,-17.4744),(-1.21006,-1.98964),(-25.9943,-23.0407)]
triangle[(-7.9487,15.9802),(0.717501,-7.30575),(40.4597,7.48485)]
triangle[(15.3707,-3.85728),(17.5997,-15.3443),(31.4788,-12.6511)]
triangle[(8.83626,16.2786),(-7.06909,-3.94249),(25.8625,-29.8456)]
triangle[(18.0615,14.9395),(-18.2665,-4.31084),(6.86796,-51.743)]
triangle[(-20.6476,-4.12575),(20.6964,-4.9312),(21.7359,48.4276)]
triangle[(-15.9669,14.098),(-8.31279,-9.16679),(16.3469,-1.05375)]
triangle[(1.48297,-18.8021),(-20.2817,-13.3572),(-26.2839,-37.3499)]
triangle[(-18.352,-6.25353),(5.4562,3.45389),(-7.4408,35.0848)]
triangle[(12.6943,-9.64552),(-3.64767,-7.82161),(-5.9052,-28.0487)]
triangle[(6.77421,-2.94096),(9.01165,19.5248),(-19.5289,22.3673)]
triangle[(-2.6435,9.99936),(-15.8302,-15.6146),(14.42,-31.1882)]
triangle[(9.52763,19.0555),(2.35232,7.6857),(21.8162,-4.59772)]
triangle[(-9.97159,-6.87757),(13.0231,18.2362),(-28.8235,56.5518)]
triangle[(18.412,6.05103),(9.45871,14.3047),(-0.118049,3.91602)]
triangle[(-9.99406,15.984),(19.9428,-12.7507),(76.5259,46.1996)]
triangle[(8.00035,-7.57446),(-3.01962,-16.8044),(15.0828,-38.4176)]
triangle[(-19.1603,19.6779),(-11.8966,-17.3752),(40.283,-7.1462)]
triangle[(-3.80506,-1.34638),(-15.2226,19.8005),(-46.7836,2.76012)]
triangle[(5.4546,-16.0509),(10.1464,-18.8791),(14.9847,-10.8525)]
triangle[(-19.1479,14.0984),(-12.4471,13.568),(-11.5958,24.3238)]
triangle[(-17.4143,-0.135521),(-0.889743,-10.0235),(12.8207,12.889)]
triangle[(7.51537,-14.5807),(-4.91515,-10.2906),(-10.1914,-25.5787)]
triangle[(14.8992,1.08939),(8.94747,13.2116),(-3.88151,6.91283)]
triangle[(-20.5225,5.25969),(-5.17413,-17.2373),(39.3911,13.1669)]
triangle[(-9.45685,-18.3169),(16.9292,-12.1602),(4.8952,39.4142)]
triangle[(19.1679,-3.27561),(-4.87456,-13.0541),(7.16552,-42.6572)]
triangle[(0.961163,-11.5841),(-0.488083,-1.21793),(-13.9284,-3.09695)]
triangle[(-11.5814,13.9107),(-16.9246,-5.8434),(11.998,-13.6664)]
triangle[(5.50131,12.5878),(-14.3146,5.74977),(-2.58138,-28.2522)]
triangle[(20.9113,-7.50128),(-3.72315,19.6833),(-45.6847,-18.3419)]
triangle[(-14.1186,-0.709121),(11.6004,-19.949),(45.4529,25.3035)]
triangle[(13.5262,-4.92073),(11.387,-14.9788),(24.2417,-17.7128)]
triangle[(-4.83416,-17.1657),(20.5352,-19.878),(25.0128,22.0034)]
triangle[(-3.53404,5.99446),(13.7905,11.3529),(6.8818,33.6899)]
triangle[(-14.3591,5.46097),(-7.45763,0.427649),(-2.41755,7.33837)]
triangle[(-14.1054,-8.74222),(18.3754,-11.5098),(21.5351,25.5734)]
triangle[(20.5099,6.21208),(6.01593,17.7746),(-8.54919,-0.483068)]
triangle[(20.002,-20.4176),(-6.18239,17.926),(-47.6918,-10.4203)]
triangle[(-16.283,-13.2511),(-11.3117,-18.5159),(-1.00841,-8.78696)]
triangle[(16.3772,-9.52424),(-20.5375,13.4727),(-58.9518,-48.1897)]
triangle[(13.1196,15.5049),(-15.436,19.6179),(-22.1548,-27.029)]
triangle[(15.1727,-10.3305),(12.8816,20.1817),(-45.8642,15.7706)]
triangle[(5.24089,-0.44429),(12.9587,-1.94055),(15.7216,12.3107)]
triangle[(6.73736,-1.92591),(-4.22946,-9.98408),(10.9456,-30.6367)]
triangle[(-6.73556,-11.5367),(12.7874,-9.60335),(9.72917,21.2794)]
triangle[(-4.60782,6.44807),(-12.9791,4.67349),(-11.0843,-4.26477)]
triangle[(-4.42959,12.692),(-13.9921,12.2287),(-13.1591,-4.96355)]
triangle[(-14.3126,6.79978),(-8.32122,-14.5848),(16.193,-7.71666)]
triangle[(-11.7265,10.6548),(-18.7985,-7.44696),(11.8946,-19.4382)]
triangle[(17.9853,-1.2037),(19.3095,20.037),(-20.0182,22.4888)]
triangle[(-15.3825,-1.37808),(11.4617,11.3256),(-4.66755,45.4085)]
triangle[(-6.25801,-8.71145),(3.1153,8.57936),(-25.8001,24.2543)]
triangle[(-13.2326,-4.65361),(20.5511,-15.7011),(39.4131,41.98)]
triangle[(19.1522,3.46408),(5.61356,14.1949),(-6.2914,-0.825249)]
triangle[(11.8119,17.3132),(-7.24907,3.7426),(18.7776,-32.814)]
triangle[(-16.3776,8.2955),(-3.50368,20.6023),(-20.3366,38.2109)]
triangle[(-12.7406,18.3247),(12.3314,-20.2096),(72.8247,19.1498)]
triangle[(15.4554,-2.45259),(-3.1179,-18.7463),(23.1561,-48.6961)]
triangle[(7.5015,19.5574),(11.6693,8.1995),(23.1119,12.3984)]
triangle[(1.95753,5.40975),(5.87265,14.813),(-5.10519,19.3837)]
triangle[(18.2467,10.9423),(12.1392,-20.2801),(71.4422,-31.8805)]
triangle[(-5.77814,14.6544),(-7.46383,-4.3725),(11.9937,-6.09634)]
triangle[(7.73866,20.5753),(-14.6736,-18.4316),(25.5986,-41.5709)]
triangle[(13.3921,-19.0467),(18.3588,1.26094),(-9.09476,7.9752)]
triangle[(-17.4279,-13.8096),(14.5436,12.3835),(-19.334,53.735)]
triangle[(9.09901,-14.1525),(-12.0167,20.082),(-79.5536,-21.5746)]
triangle[(-8.50453,-9.41035),(4.95992,10.8385),(-16.1651,24.8856)]
triangle[(7.62372,-12.3473),(18.215,5.65366),(-3.03136,18.1545)]
triangle[(7.80879,-1.87944),(-9.14445,-19.7838),(21.2045,-48.5205)]
triangle[(19.1596,3.12812),(-5.60924,-3.60878),(2.68297,-34.0958)]
triangle[(3.10896,-19.3466),(-5.57294,8.70833),(-46.382,-3.92045)]
triangle[(10.8536,-2.10978),(-1.57399,2.13389),(-8.87499,-19.247)]
triangle[(14.7155,-13.4213),(-20.3506,20.5418),(-73.694,-34.534)]
triangle[(20.3702,-14.2967),(11.6336,-18.0042),(17.1518,-31.0078)]
triangle[(-16.0646,14.3979),(-2.38857,9.87466),(5.11881,32.5734)]
triangle[(-18.7959,1.39174),(3.21876,-7.96274),(19.0282,29.2429)]
triangle[(11.2552,-14.2635),(4.05325,19.4234),(-38.0207,10.4283)]
triangle[(-15.8732,7.2523),(-20.1983,4.5835),(-14.9264,-3.96009)]
triangle[(17.2758,-3.29414),(20.0751,-18.7038),(41.9526,-14.7296)]
triangle[(-5.07649,-0.473417),(-0.00591042,-2.0337),(2.77686,7.00972)]
triangle[(20.4327,-4.81317),(19.7448,3.10045),(10.0762,2.25996)]
triangle[(11.6476,-17.267),(-16.4339,-18.0855),(-15.3983,-53.6143)]
triangle[(-8.14416,-18.6986),(18.8741,14.5703),(-34.5323,57.9425)]
triangle[(-8.55633,-5.87499),(-10.9049,14.5795),(-51.4718,9.92164)]
triangle[(6.06724,12.347),(16.0517,11.184),(17.7562,25.8172)]
triangle[(-16.4738,-19.9054),(12.9698,17.6358),(-41.3748,60.2583)]
triangle[(0.455971,-8.72193),(-6.50588,11.8655),(-39.1265,0.834546)]
triangle[(-7.95542,-0.213696),(10.9393,-9.65662),(25.9237,20.3263)]
triangle[(17.0207,7.58267),(-10.2647,-9.37281),(13.5408,-47.6814)]
triangle[(-10.1816,16.0012),(8.76484,8.46073),(23.258,44.8768)]
triangle[(-0.544815,3.05728),(-18.4034,3.78686),(-19.4294,-21.3274)]
triangle[(1.00797,-1.6659),(2.32651,-9.43853),(14.2971,-7.40785)]
triangle[(10.2684,-6.0892),(10.8447,9.86806),(-12.6258,10.7157)]
triangle[(18.2199,-14.3822),(-3.28562,2.69324),(-32.7841,-34.4584)]
triangle[(7.69732,8.67081),(7.6401,6.12039),(11.1468,6.04172)]
triangle[(12.0856,-0.370737),(-7.01557,-16.0426),(12.429,-39.742)]
triangle[(-20.3942,16.3398),(-5.25532,14.6212),(-3.20659,32.668)]
triangle[(5.55002,-16.3328),(0.0198159,-10.1597),(-7.18444,-16.6137)]
triangle[(16.808,-19.5733),(-20.7717,15.5248),(-69.0652,-36.1832)]
triangle[(-3.71126,-9.11301),(-4.70618,16.5997),(-41.4848,15.1766)]
triangle[(-3.35461,-18.5722),(-18.5928,-14.7708),(-24.016,-36.51)]
triangle[(4.08784,8.96027),(9.56897,-0.26811),(21.0917,6.57572)]
triangle[(6.50533,2.138),(-2.30256,-15.5411),(31.7002,-32.4816)]
triangle[(7.5261,-16.5734),(-15.7391,-6.90281),(-29.069,-38.9716)]
triangle[(-2.42412,-6.62507),(15.9026,-5.71115),(14.9451,13.4892)]
triangle[(-6.35351,19.6177),(13.4929,16.176),(19.3094,49.7171)]
triangle[(-7.67971,5.1784),(-14.8914,-20.4346),(26.9071,-32.2035)]
triangle[(-4.12651,19.9969),(12.0126,-12.2652),(50.2047,6.84031)]
triangle[(-11.5415,-0.785315),(13.0374,10.2132),(-3.34236,46.8179)]
triangle[(-2.92739,12.7243),(3.17788,1.04379),(25.3551,12.6355)]
triangle[(-2.6484,-19.8398),(-9.88783,9.67998),(-47.6855,0.410486)]
triangle[(14.3749,-18.0549),(6.05765,-6.95366),(-8.28957,-17.7029)]
triangle[(-4.53327,-2.89668),(9.24383,-12.8569),(29.1145,14.6284)]
triangle[(-2.68278,6.83725),(2.17322,0.495152),(13.1513,8.90081)]
triangle[(-6.93058,-6.10311),(-15.0428,9.05146),(-32.7341,-0.41866)]
triangle[(3.80738,19.9163),(8.48394,16.8308),(13.6466,24.6557)]
triangle[(5.23729,16.0374),(-19.5886,-11.4316),(28.4986,-54.8917)]
triangle[(-1.7877,11.2962),(-7.11394,0.881764),(11.5632,-8.6702)]
triangle[(19.0556,-3.45857),(-15.7888,8.19176),(-33.5598,-44.9587)]
triangle[(1.02791,-1.00035),(15.7847,17.9211),(-8.22791,36.6485)]
triangle[(-0.559118,19.4441),(7.19864,8.44789),(18.4692,16.3992)]
triangle[(-16.327,-7.52364),(-13.6162,-6.68713),(-15.021,-2.13431)]
triangle[(-0.889639,7.33729),(-14.7179,4.22281),(-10.0662,-16.4306)]
triangle[(-15.7623,-12.5752),(1.31093,-7.34291),(-5.70934,15.5646)]
triangle[(-16.3557,-17.4937),(-11.2308,12.0854),(-61.6209,20.816)]
triangle[(-17.2478,-9.92904),(5.78724,3.05356),(-14.3654,38.8103)]
triangle[(18.0058,8.06773),(-10.6158,-6.8489),(6.37735,-39.4547)]
triangle[(-11.0371,-15.8337),(12.0687,-6.54942),(-2.76601,30.3694)]
triangle[(4.21863,-2.04164),(12.9865,-8.87732),(25.9539,7.75539)]
triangle[(-16.1855,-17.5333),(1.01654,-15.8446),(-1.25474,7.292)]
triangle[(11.9146,-7.38693),(17.0475,14.1577),(-14.3175,21.6302)]
triangle[(5.09167,-17.3461),(17.6714,2.4391),(-5.5272,17.1892)]
triangle[(-12.665,17.7623),(-10.3748,9.90611),(2.46098,13.6479)]
triangle[(8.93384,3.82188),(19.6633,15.9149),(6.36307,27.7154)]
triangle[(0.599626,16.5091),(-11.1827,15.9322),(-10.2309,-3.5065)]
triangle[(-3.23531,20.3893),(12.052,15.8699),(20.4129,44.1514)]
triangle[(2.71252,-17.3132),(0.0388465,-2.30303),(-20.7451,-6.00515)]
triangle[(-19.2507,19.0006),(-10.3166,-5.31732),(28.4763,8.93467)]
triangle[(1.52294,19.5143),(16.5041,6.26349),(29.8792,21.3851)]
triangle[(13.9656,5.6479),(-18.51,-15.1267),(13.3659,-64.9562)]
triangle[(-9.66445,-14.505),(8.17693,-15.2516),(9.20508,9.31714)]
triangle[(-8.82577,-4.24916),(-4.98166,5.6806),(-21.3633,12.0224)]
triangle[(7.47689,-18.1967),(18.5371,13.2621),(-37.6684,33.0226)]
triangle[(20.4003,1.34227),(-19.0041,19.3386),(-46.7274,-41.3641)]
triangle[(-19.4684,18.3548),(0.187182,-19.4441),(63.6357,13.5494)]
triangle[(-4.52706,-15.0644),(16.5933,18.4633),(-18.3267,40.4607)]
triangle[(1.21409,8.24385),(-2.53147,15.2797),(-10.0209,11.2926)]
triangle[(-17.6143,-9.58728),(-4.29035,-14.0416),(0.795745,1.17201)]
triangle[(15.3325,4.23027),(-13.8308,-14.7378),(21.9625,-69.7698)]
triangle[(14.3927,-19.4603),(0.962225,-13.6683),(-9.50375,-37.9371)]
triangle[(-19.1973,-7.50431),(13.0953,-16.1293),(25.422,30.0229)]
triangle[(11.7375,-9.75298),(-5.8909,-20.3647),(12.5634,-51.0214)]
triangle[(5.9827,15.1085),(9.03082,-16.9845),(55.659,-12.5559)]
triangle[(-11.5582,-12.1849),(-13.0402,-2.73841),(-28.6971,-5.19474)]
triangle[(17.0499,-1.2817),(-13.5126,-7.60528),(-2.19297,-62.314)]
triangle[(20.5233,11.6629),(-4.50871,-18.3809),(51.4854,-65.0344)]
triangle[(5.18025,20.8852),(20.9754,-13.04),(69.9082,9.74263)]
triangle[(5.8197,-0.110295),(-1.28171,3.57223),(-8.12016,-9.61508)]
triangle[(9.24426,-8.95717),(6.04414,-8.54318),(5.28191,-14.4351)]
triangle[(-13.3069,-2.15755),(8.41264,17.9444),(-12.1459,40.1572)]
triangle[(-6.52033,-13.1842),(20.4851,-16.7618),(25.3082,19.6449)]
triangle[(18.5934,10.3122),(12.2259,17.0957),(4.29627,9.65242)]
triangle[(-16.8878,5.71729),(8.95439,-1.91957),(22.0445,42.3759)]
triangle[(14.196,9.62199),(10.0858,11.4409),(6.88053,4.19777)]
triangle[(19.3979,-5.05503),(-20.5216,11.3657),(-40.7057,-37.7029)]
triangle[(-8.17135,-3.3753),(12.8305,15.6521),(-21.6844,53.7486)]
triangle[(20.1435,10.6688),(3.35126,-10.576),(33.1218,-34.1071)]
triangle[(-8.08942,7.30548),(-11.2619,17.3209),(-26.978,12.3427)]
triangle[(-2.23013,-0.0275135),(14.1189,-4.33701),(21.4681,23.5436)]
triangle[(-19.6125,8.19818),(-12.776,6.87281),(-11.2824,14.5767)]
triangle[(14.6769,8.84204),(9.53786,0.552932),(25.2684,-9.19967)]
triangle[(-12.2146,18.738),(-3.24113,-4.40418),(27.2945,7.43613)]
triangle[(9.8607,1.99357),(-4.21534,-1.88415),(1.56219,-22.8564)]
triangle[(6.21668,16.0005),(-10.6473,8.09136),(-2.07498,-10.1867)]
triangle[(1.59729,14.5141),(1.44452,20.939),(-6.43296,20.7517)]
triangle[(13.5873,13.1396),(-12.5548,14.9468),(-14.6053,-14.7139)]
triangle[(15.8942,1.37841),(2.50306,8.21591),(-9.29402,-14.8886)]
triangle[(-9.59564,13.6736),(-11.4404,-17.7325),(35.1619,-20.4699)]
triangle[(3.50225,-5.44328),(18.4086,-10.8433),(27.7562,14.9603)]
triangle[(-14.4504,-4.73036),(10.0254,-9.60393),(19.4554,37.7549)]
triangle[(-19.7264,4.27362),(0.956409,9.66843),(-6.31611,37.55)]
triangle[(-4.28361,16.3612),(8.72691,-16.2088),(55.7614,2.57976)]
triangle[(4.00557,20.8558),(18.8509,17.6178),(23.3684,38.3289)]
triangle[(4.88981,10.3553),(-18.5462,-13.9877),(19.2037,-50.331)]
triangle[(3.65847,-5.35953),(0.264407,4.02302),(-11.0503,-0.070005)]
triangle[(9.38489,-19.6139),(-19.8542,-4.11145),(-43.7854,-49.248)]
triangle[(-3.76299,1.95318),(16.5502,-18.7755),(47.3483,11.4053)]
triangle[(13.6379,-19.721),(6.17092,11.1649),(-32.1002,1.91242)]
triangle[(7.05734,5.14355),(3.43469,7.5763),(0.0374934,2.51748)]
triangle[(-5.98183,9.13333),(13.2786,17.7703),(0.0283057,47.3182)]
triangle[(15.9091,8.30301),(-0.826966,4.03358),(4.66682,-17.5019)]
triangle[(11.7775,9.52231),(19.6098,-7.18336),(46.6294,5.48445)]
triangle[(16.246,-15.727),(3.89806,-2.82101),(-15.0337,-20.9342)]
triangle[(-5.58511,-2.48545),(-2.48212,1.94797),(-8.42164,6.10508)]
triangle[(14.8133,6.70475),(-15.0495,-12.3308),(18.2048,-64.4999)]
triangle[(10.0816,18.4705),(1.33311,-11.7667),(56.7505,-27.8005)]
triangle[(0.094183,16.1484),(2.69302,1.50934),(26.6414,5.76085)]
triangle[(-16.0513,13.5883),(0.416027,17.089),(-3.5059,35.5376)]
triangle[(0.74267,-15.9511),(15.2176,12.2922),(-15.8324,28.2056)]
triangle[(-7.85734,-15.6681),(-18.4851,-10.4792),(-28.3787,-30.7428)]
triangle[(1.91418,-15.7048),(-6.87534,14.9036),(-41.522,4.95441)]
triangle[(3.17525,-14.3482),(11.1226,-14.5828),(11.5899,1.24864)]
triangle[(17.7639,14.2749),(11.0025,8.00068),(17.8787,0.590637)]
triangle[(12.4295,-14.9374),(6.09173,-0.83024),(-21.5516,-13.2492)]
triangle[(-20.7233,-7.292),(14.5449,20.3396),(-17.0873,60.7139)]
triangle[(-1.95201,-10.3888),(-0.194676,4.33876),(-26.7253,7.50446)]
triangle[(20.1726,6.35149),(-7.138,-6.61351),(8.00156,-38.5048)]
triangle[(-18.2739,-3.66874),(-17.5244,5.88968),(-28.8397,6.77684)]
triangle[(0.0133454,2.49264),(-9.46284,15.9979),(-33.6207,-0.952784)]
triangle[(-17.7606,-12.7707),(4.53825,-1.71889),(-11.2713,30.1795)]
triangle[(-2.69757,-4.84596),(7.61562,-5.99721),(9.70646,12.7331)]
triangle[(2.66406,-17.923),(-5.80267,-10.8182),(-15.6144,-22.5106)]
triangle[(13.1329,0.925089),(0.457032,-4.08467),(9.54424,-27.0774)]
triangle[(19.6793,-8.05129),(-8.64797,11.3409),(-33.7582,-25.339)]
triangle[(-14.9409,20.5882),(-14.355,-13.2814),(34.8503,-12.4301)]
triangle[(16.0477,1.85023),(0.537693,-20.1226),(28.7087,-40.0077)]
triangle[(16.3557,-10.2895),(0.633933,-2.86183),(-12.5023,-30.6666)]
triangle[(8.03975,-16.3167),(-13.1533,2.28337),(-36.9462,-24.8264)]
triangle[(-1.58816,-5.81235),(4.32142,-17.1824),(16.1839,-11.0169)]
triangle[(6.08119,-16.8366),(7.66143,9.61696),(-32.4763,12.0146)]
triangle[(-9.18962,-7.08878),(18.648,-15.0159),(29.8791,24.4242)]
triangle[(-15.9858,18.435),(-18.4065,2.82143),(5.73782,-0.921848)]
triangle[(-17.4634,12.1427),(-15.7133,14.1405),(-18.6727,16.7331)]
triangle[(1.83209,-4.21245),(9.35247,-8.94816),(14.9285,-0.0932867)]
triangle[(-0.506843,11.2109),(12.4637,-0.92696),(29.4624,17.2379)]
triangle[(20.9069,3.34749),(9.3596,2.39549),(10.9409,-16.7846)]
triangle[(10.5309,13.3283),(-5.12567,-9.24913),(39.649,-40.2987)]
triangle[(16.2628,12.5157),(-6.52225,-10.3754),(33.8334,-50.544)]
triangle[(-16.945,15.8649),(-17.8165,-14.2926),(38.9272,-15.9323)]
triangle[(11.288,-2.28015),(-9.98367,14.5205),(-38.4263,-21.4913)]
triangle[(-4.90858,-14.9746),(6.65847,0.408962),(-11.7447,14.2465)]
triangle[(-6.4404,8.45097),(-19.7446,-4.17502),(3.26528,-28.421)]
triangle[(-9.65295,-3.56663),(-11.1652,19.7399),(-45.5628,17.508)]
triangle[(-19.8529,12.3463),(-2.5143,-10.6695),(30.5132,14.2112)]
triangle[(-18.8579,-10.7623),(-2.75393,13.5833),(-43.8346,40.757)]
triangle[(9.66896,15.7329),(-11.0564,0.243083),(17.874,-38.4658)]
triangle[(10.4558,9.86418),(12.0706,-4.73097),(35.8568,-2.09929)]
triangle[(-0.00572106,15.494),(19.9683,9.67581),(28.5485,39.1319)]
triangle[(9.74568,-19.1638),(17.4036,12.8056),(-34.2278,25.1732)]
triangle[(-12.2465,9.07289),(13.4781,0.150668),(28.1487,42.4488)]
triangle[(-13.6279,7.81763),(-16.4114,18.1365),(-28.4848,14.8797)]
triangle[(-17.4707,17.491),(-11.7131,-7.70738),(29.7051,1.7563)]
triangle[(11.8021,7.87513),(14.226,-18.3131),(46.6097,-15.3158)]
triangle[(-15.4535,-12.3461),(-20.7689,8.36404),(-55.51,-0.552515)]
triangle[(-7.9844,6.83119),(-10.4519,4.6459),(-7.48436,1.29513)]
triangle[(-16.3516,18.1558),(0.949721,0.633488),(25.3776,24.7532)]
triangle[(0.974555,11.6964),(-3.9182,-12.3873),(33.3027,-19.949)]
triangle[(-14.9537,4.5986),(-7.87272,7.44458),(-12.3301,18.5347)]
triangle[(14.61,13.0753),(5.70549,-8.0015),(29.0533,-17.8655)]
triangle[(-11.688,2.65153),(-7.84646,0.334548),(-3.37117,7.75447)]
triangle[(15.0554,-7.76611),(3.5083,0.11746),(-7.72241,-16.3322)]
triangle[(-2.53133,15.8329),(20.2781,19.0525),(15.4791,53.0517)]
triangle[(20.6329,-20.6732),(-11.5749,10.1832),(-51.0292,-30.9992)]
triangle[(16.0707,-1.91861),(17.1032,-16.1462),(42.6368,-14.2931)]
triangle[(4.84557,13.0202),(-2.67669,-0.870186),(12.671,-9.18166)]
triangle[(-7.12785,19.9937),(8.69018,9.23146),(22.7536,29.9015)]
triangle[(20.5593,-19.8044),(-13.0758,-3.97818),(-41.9805,-65.4085)]
triangle[(-9.09928,19.2275),(-15.9163,-8.80779),(20.5242,-17.6686)]
triangle[(-9.78346,-13.3963),(-16.2153,9.69243),(-55.0799,-1.1341)]
triangle[(2.57855,16.6609),(-4.599,-16.2282),(43.6964,-26.7679)]
triangle[(-5.12736,-4.16595),(-1.25525,8.2972),(-14.4436,12.3946)]
triangle[(1.82572,-7.60957),(2.36256,-14.393),(11.7727,-13.6483)]
triangle[(11.1939,15.692),(-5.13613,-7.05515),(28.7037,-31.3486)]
triangle[(-12.5111,4.48674),(20.6568,-12.5119),(54.1418,52.8242)]
triangle[(-6.58519,-12.7173),(16.7935,-14.9124),(20.2511,21.9123)]
triangle[(-6.84004,10.9352),(16.3616,20.7276),(-2.34549,65.0515)]
triangle[(-13.051,10.0263),(-15.1606,-4.96626),(7.36555,-8.13603)]
triangle[(10.1733,10.1216),(-15.3901,11.4324),(-16.8533,-17.1036)]
triangle[(-13.7951,-15.5435),(4.24571,-0.724233),(-16.0393,23.9706)]
triangle[(-0.454076,-18.4108),(2.49625,-9.75044),(-6.27024,-6.76396)]
triangle[(10.8178,-6.1127),(-16.624,-19.7336),(1.47693,-56.2013)]
triangle[(11.4807,-14.2202),(-4.68076,-0.543215),(-19.3678,-17.8983)]
triangle[(4.41285,-8.48088),(-5.6545,2.26358),(-21.4702,-12.5554)]
triangle[(-20.8542,5.76199),(-6.22415,-8.04447),(11.5991,10.842)]
triangle[(2.48436,-5.92055),(1.80172,-2.52373),(-4.53604,-3.79738)]
triangle[(5.71329,-4.58358),(18.4223,-15.2906),(30.1252,-1.39952)]
triangle[(20.2791,-8.57366),(17.6093,17.3915),(-12.5119,14.2945)]
triangle[(-8.97589,3.00807),(-12.8309,19.4776),(-36.2281,14.0011)]
triangle[(-3.49067,2.63135),(-7.45852,-9.86019),(16.6836,-17.5288)]
triangle[(6.16781,19.5039),(7.89596,6.08048),(28.7217,8.7616)]
triangle[(4.15764,8.62203),(0.32697,-13.8536),(31.5904,-19.182)]
triangle[(14.6727,-13.2464),(18.4931,-16.8079),(24.8378,-10.0019)]
triangle[(3.43377,18.6208),(6.44424,10.555),(20.8014,15.9136)]
triangle[(5.60261,-9.22173),(-17.2914,-8.38048),(-18.4953,-41.1427)]
triangle[(-20.163,4.21363),(10.332,1.73444),(15.2474,62.196)]
triangle[(-16.672,-8.03655),(-0.167879,0.995848),(-11.0481,20.8764)]
triangle[(4.30025,12.3281),(-16.6557,-13.0389),(9.82337,-34.9135)]
triangle[(2.39448,-9.12915),(8.9202,-15.6172),(21.4966,-2.96775)]
triangle[(6.93318,5.35228),(12.5424,-6.63065),(30.832,1.93069)]
triangle[(9.91829,7.97727),(16.2353,-9.23841),(42.3179,0.332097)]
triangle[(16.3013,15.0874),(-16.1501,19.1544),(-22.5393,-31.826)]
triangle[(9.79719,-13.7195),(-14.7041,-4.02134),(-30.8047,-44.6978)]
triangle[(13.0624,2.39405),(9.39792,10.6913),(-3.39045,5.0432)]
triangle[(-0.36949,-13.4076),(-17.6757,-4.24623),(-28.9042,-25.4573)]
triangle[(-3.09048,-16.7757),(-0.855534,-20.7891),(6.21215,-16.8533)]
triangle[(0.512098,-11.5091),(-10.6851,-13.8939),(-6.81646,-32.0574)]
triangle[(3.84357,9.07078),(-20.5513,-18.3492),(31.2126,-64.4022)]
triangle[(-14.2994,-15.4935),(-0.386729,6.06175),(-42.7539,33.4073)]
triangle[(-11.2282,-4.68474),(6.5063,-10.374),(13.7493,12.2038)]
triangle[(4.04496,-9.2622),(-14.3977,19.8729),(-50.2956,-2.85064)]
triangle[(3.96502,18.7293),(14.9158,5.79888),(39.9645,27.0125)]
triangle[(4.8329,-13.2093),(-3.90798,20.5539),(-47.0222,9.39212)]
triangle[(-1.16143,4.15014),(-12.6136,20.1283),(-29.3028,8.16644)]
triangle[(-7.86356,-20.4315),(14.112,-15.8067),(9.1145,7.93949)]
triangle[(6.63306,9.23942),(-9.10144,-17.8447),(32.1448,-41.8067)]
triangle[(19.9319,19.348),(-8.83754,-10.324),(22.4583,-40.6679)]
triangle[(15.4835,14.7194),(-9.70552,3.79396),(9.31396,-40.0562)]
triangle[(14.2331,10.4149),(-8.475,-4.36116),(18.7569,-46.2115)]
triangle[(-9.28862,-12.0806),(14.2918,-4.44946),(2.62783,31.5923)]
triangle[(0.886698,-19.3031),(-8.42984,-10.1521),(-18.0372,-19.9333)]
triangle[(3.44709,-7.77535),(-15.2416,16.5632),(-43.0752,-4.80932)]
triangle[(-6.01004,-4.28647),(-1.04242,-14.8093),(17.1981,-6.19835)]
triangle[(-0.399006,-16.18),(0.12594,-1.15135),(-15.7177,-0.597937)]
triangle[(-20.2405,-17.5654),(6.83324,-1.32984),(-17.9671,40.026)]
triangle[(-18.0175,-13.7195),(7.15383,-8.38867),(1.78233,16.9745)]
triangle[(13.6978,-0.961343),(10.9074,-4.65959),(15.8018,-8.35253)]
triangle[(13.7307,1.50355),(-18.5814,15.7131),(-45.9639,-46.554)]
triangle[(9.25088,-0.534514),(3.28061,10.7314),(-9.62199,3.89381)]
triangle[(16.1104,10.493),(-11.8089,19.4286),(-26.1478,-25.3737)]
triangle[(-11.0729,-17.3995),(-19.4544,-16.6541),(-20.4514,-27.8647)]
triangle[(13.4245,5.43592),(19.4315,-5.84401),(32.4812,1.1055)]
triangle[(-13.3655,-0.678298),(12.7092,-11.4643),(33.0059,37.602)]
triangle[(8.28398,-14.0112),(5.61351,19.5302),(-54.5111,14.7433)]
triangle[(20.5005,9.67081),(-15.3768,3.24438),(-6.8944,-44.1107)]
triangle[(18.2147,15.1221),(14.8522,-1.77646),(41.7154,-7.12177)]
triangle[(12.6812,12.4573),(20.1693,17.649),(12.7752,28.3135)]
triangle[(7.51101,0.216125),(-2.43444,10.6306),(-14.4193,-0.814601)]
triangle[(13.2826,-17.333),(15.9235,7.79508),(-17.0049,11.2558)]
triangle[(-16.6535,-18.3174),(-2.56555,-9.02299),(-16.45,12.0222)]
triangle[(-13.7132,9.95974),(-7.34826,-20.1052),(46.4107,-8.72421)]
triangle[(15.2666,-8.67695),(5.53408,5.32639),(-13.6857,-8.03168)]
triangle[(-12.9566,17.0826),(13.2057,-0.351509),(31.5409,27.163)]
triangle[(8.48329,15.5388),(-1.40746,1.52131),(26.4032,-18.1019)]
triangle[(-10.6795,-8.87612),(-18.2521,9.35461),(-48.4926,-3.20666)]
triangle[(-10.6801,2.52334),(-18.5481,-18.4403),(6.54882,-27.8596)]
triangle[(-5.50337,-12.0034),(4.15159,-13.8409),(7.43908,3.43265)]
triangle[(17.5399,-12.9041),(13.0222,10.4669),(-25.62,2.99719)]
triangle[(-2.77938,-14.7764),(16.2613,-11.3758),(9.83689,24.5955)]
triangle[(-15.3487,19.1761),(-10.6333,3.58909),(18.6281,12.4412)]
triangle[(-13.4832,0.583796),(-0.110865,14.8896),(-21.104,34.5129)]
triangle[(9.35499,14.3634),(5.10279,7.19262),(16.9724,0.154103)]
triangle[(14.1965,3.72066),(-7.2933,-16.5305),(21.9192,-47.5297)]
triangle[(15.7763,-10.1208),(18.9209,15.1171),(-14.4871,19.2798)]
triangle[(-16.1877,7.00444),(20.572,16.2327),(4.41747,80.5826)]
triangle[(2.44935,11.2322),(-6.99862,16.3361),(-12.3437,6.44194)]
triangle[(15.393,9.06532),(11.1232,-9.04328),(47.0931,-17.5245)]
triangle[(20.6818,13.8452),(10.5157,6.89732),(18.4831,-4.76065)]
triangle[(-20.0658,-16.5808),(8.48334,-9.63248),(0.22,24.3198)]
triangle[(16.159,-17.4488),(6.70678,5.89553),(-28.0279,-8.16871)]
triangle[(16.3504,-11.1515),(1.51328,10.1906),(-24.1323,-7.63825)]
triangle[(1.68356,-16.6481),(-6.64138,-4.28087),(-20.6252,-13.694)]
triangle[(-12.615,-20.6812),(-0.847157,-17.3628),(-6.34793,2.14457)]
triangle[(-15.1096,-2.02769),(-0.229062,17.427),(-24.3019,35.8398)]
triangle[(-20.5371,18.2198),(-9.39634,-5.44662),(16.0051,6.51092)]
triangle[(2.1502,13.2623),(-15.3094,-2.14607),(8.40171,-29.0138)]
triangle[(2.61616,-7.55551),(-11.495,-6.3572),(-13.7288,-32.6624)]
triangle[(10.8999,-17.8744),(19.436,10.213),(-32.6883,26.0543)]
triangle[(-1.68326,-20.6772),(-11.641,-6.56715),(-29.3526,-19.0666)]
triangle[(-9.95439,-17.5379),(18.7785,-8.52856),(6.71183,29.9549)]
triangle[(9.57926,-15.9616),(-9.26937,-6.35741),(-19.0946,-25.6398)]
triangle[(7.7126,18.9841),(-17.2451,-15.3951),(46.4682,-61.6481)]
triangle[(15.3687,20.3062),(-5.60739,-11.2919),(33.5771,-37.3042)]
triangle[(-20.2333,-10.6152),(12.9297,-11.4327),(14.3326,45.4787)]
triangle[(8.27945,6.9105),(8.39484,9.0087),(6.08107,9.13595)]
triangle[(-5.10204,-13.2435),(19.9353,-8.23165),(10.3069,39.8685)]
triangle[(-8.16014,-11.737),(-12.7444,0.164892),(-30.2665,-6.58409)]
triangle[(12.2819,-5.91242),(-1.91411,15.9229),(-29.3325,-1.90278)]
triangle[(-0.68316,-1.84109),(-15.3282,15.8073),(-41.7604,-6.12665)]
triangle[(-19.5331,2.86557),(-18.4065,-17.3508),(4.99262,-16.0469)]
triangle[(-11.9586,18.6233),(5.08896,4.6359),(25.347,29.3259)]
triangle[(-9.71264,-7.41831),(-4.20506,18.2776),(-32.5693,24.3571)]
triangle[(7.57469,-16.0161),(5.57724,-15.4475),(4.7762,-18.262)]
triangle[(-15.1868,0.14292),(8.96089,-15.594),(29.1383,15.3673)]
triangle[(-7.93943,-2.04477),(1.85475,10.6982),(-13.1815,22.255)]
triangle[(-1.94124,5.36676),(19.2591,1.94019),(25.7507,42.1037)]
triangle[(9.45744,-0.430738),(1.08297,-10.1616),(17.0161,-23.8738)]
triangle[(-15.4344,3.10709),(7.48657,3.73032),(6.29343,47.6116)]
triangle[(-0.750167,13.1575),(12.5081,-17.1161),(51.0831,-0.22222)]
triangle[(9.43057,17.9395),(-17.9569,-12.5999),(28.3752,-54.1501)]
triangle[(-19.8264,-10.2822),(-16.6687,13.8357),(-52.8543,18.5734)]
triangle[(8.02111,-18.7917),(18.5402,3.2151),(-14.1197,18.8263)]
triangle[(-6.69242,-7.5045),(0.289405,-16.0054),(13.7753,-4.92938)]
triangle[(2.84254,15.5105),(0.478535,-8.10692),(36.9355,-11.7561)]
triangle[(11.6264,-15.562),(2.93745,6.04592),(-30.9828,-7.59409)]
triangle[(14.8441,20.0162),(9.56917,7.22473),(33.9897,-2.84583)]
triangle[(-0.814368,-18.6109),(-14.9016,20.8811),(-72.9818,0.163215)]
triangle[(-12.6043,18.6179),(-6.46356,14.9288),(0.676018,26.8129)]
triangle[(-11.7333,-15.2956),(17.9041,-15.9646),(18.7752,22.6275)]
triangle[(-1.43282,8.40998),(10.4418,17.3948),(-5.22231,38.097)]
triangle[(-15.0174,17.6789),(-13.9385,2.92311),(11.0101,4.74738)]
triangle[(-10.5871,2.91749),(16.7435,4.82629),(13.1656,56.0559)]
triangle[(-10.1891,-1.1695),(6.80708,7.61829),(-8.04397,36.3412)]
triangle[(-12.6861,-11.5939),(-5.58524,7.94482),(-42.0947,21.2132)]
triangle[(-2.86735,-9.43067),(6.17414,3.95582),(-13.129,16.9935)]
triangle[(0.714838,-5.16758),(8.47509,-16.5705),(28.1908,-3.15289)]
triangle[(-19.9875,-11.2762),(-1.78896,9.95257),(-40.7103,43.318)]
triangle[(-11.3843,-16.4324),(-12.0592,-9.85026),(-21.0532,-10.7725)]
triangle[(15.7073,-1.27495),(-6.53635,-11.922),(8.46512,-43.2628)]
triangle[(7.98518,-19.3631),(-13.9792,-2.28174),(-33.675,-27.608)]
triangle[(18.6512,-2.26548),(-3.44413,10.312),(-21.4614,-21.3399)]
triangle[(4.53,17.7035),(-20.9722,3.99941),(2.36032,-39.4207)]
triangle[(-12.1984,-7.65335),(-0.816125,10.6806),(-31.7372,29.8773)]
triangle[(-1.86724,8.20852),(15.4421,9.73345),(12.9042,38.541)]
triangle[(13.7625,-4.5433),(6.24769,19.7199),(-41.1891,5.02766)]
triangle[(-18.7345,-1.93523),(-16.279,17.8893),(-54.2712,22.595)]
triangle[(20.0407,15.818),(-19.3631,-1.52819),(10.2428,-68.7813)]
triangle[(-18.8428,7.55975),(1.61837,19.7211),(-16.2269,49.7454)]
triangle[(18.4835,4.82594),(5.99466,-13.7981),(30.111,-29.9699)]
