triangle[(-15.2132,-18.6976),(5.12838,-11.4046),(-4.52324,15.5156)]
triangle[(-14.4319,-0.940329),(15.8962,9.66218),(-4.52845,68.0862)]
triangle[(5.36078,6.06388),(-4.97818,8.62751),(-9.21146,-8.445)]
triangle[(20.9136,12.3969),(-17.4282,3.99369),(-7.88464,-39.5515)]
triangle[(14.4072,-0.920536),(-17.1534,19.8247),(-42.6244,-18.9254)]
triangle[(8.43941,-4.46067),(-9.27896,0.570887),(-15.9259,-22.8359)]
triangle[(19.7565,7.6512),(-1.30601,5.91724),(2.13739,-35.9097)]
triangle[(-0.395687,0.956001),(16.9782,3.17129),(13.2985,32.0303)]
triangle[(-12.496,-0.356265),(-10.7568,1.95113),(-13.7263,4.18936)]
triangle[(-1.09249,-14.5112),(-6.93534,18.2001),(-42.8378,11.7873)]
triangle[(-11.4091,13.9503),(13.1643,13.4698),(13.7636,44.1135)]
triangle[(8.43944,-1.498),(-1.79685,-11.3372),(8.80413,-22.366)]
triangle[(-15.9618,20.0194),(10.0525,-13.1765),(56.6018,23.3023)]
triangle[(4.93992,-20.7188),(10.1457,-20.5429),(9.89532,-13.1357)]
triangle[(-18.1386,13.9108),(5.61792,-7.65186),(28.1227,17.1426)]
triangle[(-9.60805,-9.38409),(2.58619,9.51302),(-18.545,23.1489)]
triangle[(-3.08832,-8.04901),(0.0118039,10.5373),(-27.3341,15.0985)]
triangle[(0.749148,7.21503),(3.48893,12.4946),(-5.13944,16.9722)]
triangle[(-0.426913,6.69718),(18.0857,19.2961),(-3.04038,50.3382)]
triangle[(13.9003,17.7889),(9.27258,5.19846),(24.4929,-0.395879)]
triangle[(13.4703,-16.5276),(13.3837,17.1556),(-20.4331,17.0687)]
triangle[(-8.33902,-12.6829),(-20.0944,-0.395428),(-34.0646,-13.7607)]
triangle[(7.24438,-19.893),(-1.51343,-0.18344),(-40.5736,-17.5396)]
triangle[(18.5416,16.2124),(20.1591,-1.68227),(45.6058,0.617916)]
triangle[(-4.15934,6.8245),(-5.58407,19.1565),(-23.6906,17.0646)]
triangle[(13.4258,12.3831),(-2.95922,13.6407),(-5.41613,-18.3694)]
triangle[(-8.91248,-3.75566),(-18.5393,-16.1857),(3.9997,-33.6418)]
triangle[(-10.1344,10.3484),(-2.44409,7.24013),(3.00825,20.73)]
triangle[(-13.9979,-2.39851),(-20.8144,-8.67669),(-12.3452,-17.8721)]
triangle[(-14.1889,6.18074),(6.43082,7.27858),(4.94524,35.1808)]
triangle[(-18.6436,20.7921),(13.0505,-1.45274),(53.5305,56.2224)]
triangle[(14.5273,-13.9736),(13.7274,15.9898),(-42.0111,14.5018)]
triangle[(-8.73438,-5.98328),(-9.47532,-3.68727),(-13.1613,-4.87676)]
triangle[(3.05507,-8.28605),(-15.7785,11.5538),(-40.2406,-11.6677)]
triangle[(1.46093,-6.69503),(-2.91472,0.755964),(-16.3394,-7.12776)]
triangle[(-4.10994,10.9271),(17.4276,-6.05164),(36.9298,18.6869)]
triangle[(-16.6447,-8.45847),(-2.16236,18.8866),(-32.0551,34.7183)]
triangle[(-10.2241,-15.0701),(-19.1638,1.50116),(-44.8514,-12.3566)]
triangle[(17.5098,2.80843),(0.834096,5.71905),(-2.302,-12.2486)]
triangle[(-20.5835,-17.4436),(-9.95362,-2.98678),(-34.242,14.8721)]
triangle[(14.6316,-10.2508),(-17.317,-19.0774),(-5.21746,-62.8726)]
triangle[(-8.75727,0.469777),(16.6413,-9.96778),(32.7091,29.1314)]
triangle[(-2.6849,-0.714858),(15.7937,19.7936),(-23.76,55.4324)]
triangle[(7.66923,-5.34143),(9.69301,15.2954),(-23.5825,18.5586)]
triangle[(-11.6738,12.1743),(-15.044,3.21977),(2.36392,-3.33206)]
triangle[(12.1469,-0.112445),(18.5631,7.23446),(10.8773,13.9467)]
triangle[(19.9668,-9.22452),(19.7035,-5.47615),(13.9216,-5.88231)]
triangle[(13.8256,7.5328),(1.45986,15.882),(-10.3881,-1.66554)]
triangle[(-13.1796,16.3698),(-3.74385,10.8084),(5.27019,26.1022)]
triangle[(6.76425,7.61845),(-10.6039,-1.68708),(7.42657,-35.3398)]
triangle[(5.32471,8.12137),(17.9546,6.15129),(21.0663,26.0996)]
triangle[(8.84288,-14.0366),(-0.670149,6.41696),(-41.1172,-12.3951)]
triangle[(4.44893,-10.1298),(6.52481,14.843),(-21.602,17.181)]
triangle[(19.8285,3.83697),(16.1853,9.23773),(7.806,3.58532)]
triangle[(9.81429,-6.39639),(18.6916,17.2544),(-16.7049,30.5404)]
triangle[(18.6762,-5.9172),(-1.65762,-12.265),(9.10803,-46.7507)]
triangle[(-2.05642,4.12008),(-19.0874,18.3356),(-35.9506,-1.86753)]
triangle[(8.65164,-10.0309),(-3.12194,-2.78525),(-11.3906,-16.2212)]
triangle[(3.18159,11.7095),(-17.1764,18.8047),(-28.5196,-13.7419)]
triangle[(-15.2995,7.01357),(15.3566,-7.72412),(40.2876,44.1352)]
triangle[(6.04908,-9.20288),(7.4621,10.4633),(-19.6838,12.4138)]
triangle[(0.384893,-2.95467),(-4.98961,18.6629),(-33.0066,11.6974)]
triangle[(-1.60786,-12.1876),(3.40932,2.74444),(-13.3531,8.37663)]
triangle[(5.43213,-3.38449),(-3.53348,8.77623),(-19.3029,-2.84991)]
triangle[(-13.082,15.991),(10.8684,-6.25543),(46.192,31.7737)]
triangle[(8.96199,18.7092),(-11.5822,12.3717),(-2.19096,-18.0718)]
triangle[(4.5075,-10.4621),(2.10111,-7.46116),(-2.64486,-11.2668)]
triangle[(-11.2211,-7.12694),(3.08167,9.51541),(-22.6491,31.629)]
triangle[(-13.1877,-19.4037),(-17.2579,-6.14772),(-41.8626,-13.7025)]
triangle[(7.99814,-12.6225),(-4.20115,-3.82696),(-18.5105,-23.6739)]
triangle[(-20.5096,-12.4039),(-7.98756,-10.2482),(-10.1742,2.45345)]
triangle[(-9.62639,-17.9707),(-10.5517,11.3687),(-44.7006,10.2917)]
triangle[(13.6443,-5.5453),(0.298686,3.72204),(-16.6226,-20.6459)]
triangle[(-20.3554,-10.4732),(16.7443,-0.335057),(4.40095,44.8349)]
triangle[(8.26387,19.5309),(4.7332,-3.50273),(33.9668,-7.98374)]
triangle[(9.23867,-2.19661),(15.6259,-11.9685),(26.4304,-4.90629)]
triangle[(3.7932,-5.42093),(1.53268,-20.8623),(22.1395,-23.879)]
triangle[(-17.3262,11.9295),(-13.5847,-2.33803),(13.2448,4.69768)]
triangle[(16.2236,-2.95153),(-18.35,-10.0555),(-8.7815,-56.6235)]
triangle[(-5.59568,-20.8633),(-15.6535,7.06656),(-60.4116,-9.05134)]
triangle[(-1.13164,-17.9885),(14.5653,-12.9145),(5.11789,16.3119)]
triangle[(-5.16703,17.4383),(10.3096,-14.2087),(52.267,6.31017)]
triangle[(3.50969,-7.57517),(16.7803,-9.22971),(18.8575,7.43088)]
triangle[(14.0961,-2.99332),(-13.6758,-19.2454),(4.98004,-51.1249)]
triangle[(-9.23557,-14.878),(-14.0563,-7.65103),(-21.8699,-12.8631)]
triangle[(-13.7444,-0.281627),(-16.0812,15.301),(-40.9436,11.5726)]
triangle[(-20.0371,1.12503),(-13.3864,19.2179),(-43.0329,30.1155)]
triangle[(-0.937799,17.7296),(-8.50001,7.40598),(5.49942,-2.84882)]
triangle[(15.3017,-9.3439),(-8.42705,19.5422),(-63.6657,-25.8341)]
triangle[(-13.6319,15.5753),(-6.75444,0.222003),(18.6088,11.5834)]
triangle[(-1.84154,16.3646),(1.07125,-10.1797),(49.1058,-4.90875)]
triangle[(-14.3655,8.13626),(1.32787,-11.5197),(33.3149,14.0188)]
triangle[(-6.7697,-20.0605),(-9.05645,9.6523),(-39.6944,7.29436)]
triangle[(15.4184,-3.15872),(-7.68232,-3.80614),(-6.57293,-43.391)]
triangle[(-16.4252,6.01916),(14.2364,0.701757),(24.0922,57.5333)]
triangle[(-4.38264,-15.5599),(11.7009,-3.38395),(-8.61739,23.4551)]
triangle[(-19.3381,16.0211),(18.1593,-18.2385),(84.1837,54.0259)]
triangle[(-0.624813,-18.4675),(-9.06525,-6.31462),(-25.5883,-17.7902)]
triangle[(16.558,-18.1888),(-9.19412,-4.97435),(-25.1868,-36.1406)]
triangle[(-15.525,11.9115),(-7.1844,17.6842),(-15.6471,29.9112)]
triangle[(-17.7455,-18.0367),(4.86676,-4.21536),(-20.0318,36.5196)]
triangle[(-17.048,-9.85404),(-5.51083,-2.70466),(-15.3673,13.2009)]
triangle[(-6.72972,-20.0733),(-11.9961,-11.5389),(-25.3561,-19.783)]
triangle[(-8.68187,-15.3357),(10.5319,14.9884),(-27.688,39.2052)]
triangle[(3.6164,3.65266),(18.0574,-19.8705),(60.2503,6.0319)]
triangle[(-6.68047,16.4778),(-19.1093,1.82528),(0.381928,-14.7079)]
triangle[(14.1755,5.75161),(8.69679,-8.44349),(29.9285,-16.6381)]
triangle[(-14.845,19.9139),(-17.4197,16.4315),(-11.2523,11.8716)]
triangle[(19.0277,5.4869),(-2.6976,15.5523),(-18.8084,-19.2216)]
triangle[(3.83404,20.9391),(-16.9855,3.76138),(1.62872,-18.7993)]
triangle[(4.7511,-8.61688),(15.5557,-8.86756),(15.9883,9.77671)]
triangle[(-15.7683,-14.2325),(-16.8285,6.60998),(-53.82,4.72824)]
triangle[(-2.42395,9.67686),(2.62711,-4.77764),(22.7124,2.24108)]
triangle[(-18.1885,-1.57113),(9.07958,0.217641),(5.6647,52.2741)]
triangle[(4.39262,19.392),(12.7439,-14.5292),(68.15,-0.888374)]
triangle[(16.3156,-7.64784),(17.0257,-20.65),(36.4436,-19.5894)]
triangle[(-5.27433,6.18773),(-10.876,1.59478),(-2.93905,-8.08524)]
triangle[(8.72461,-14.8481),(3.62942,-13.6981),(1.51034,-23.087)]
triangle[(1.59289,-6.48528),(-16.3106,8.43994),(-45.7058,-26.821)]
triangle[(6.06586,0.940747),(0.235123,-15.9824),(27.3783,-25.3344)]
triangle[(2.72938,1.11273),(-7.83708,7.80023),(-19.1085,-10.009)]
triangle[(-3.36342,13.4965),(-20.725,7.0378),(-14.2074,-10.4821)]
triangle[(2.44311,2.12661),(18.2342,11.5529),(6.93395,30.4832)]
triangle[(8.99726,0.400501),(-19.7425,6.7339),(-26.7349,-24.9961)]
triangle[(4.38732,-12.9095),(17.8976,13.4152),(-15.6647,30.6398)]
triangle[(6.40035,-20.5739),(8.22123,-7.13788),(-14.5257,-4.05517)]
triangle[(7.16906,5.9317),(-9.90733,11.1918),(-16.9926,-11.81)]
triangle[(-11.7711,15.717),(-11.8096,-17.0106),(43.5251,-17.0756)]
triangle[(-15.9134,-8.68603),(4.54573,7.51899),(-15.3401,32.6252)]
triangle[(-9.10147,1.42237),(-7.47858,-0.292543),(-5.20455,1.85946)]
triangle[(14.3694,2.59271),(-8.60606,-13.2361),(21.1487,-56.4251)]
triangle[(-7.17205,6.66812),(17.308,-1.48539),(32.8322,45.1244)]
triangle[(18.7673,-13.5151),(-19.5025,15.7341),(-77.8272,-60.5782)]
triangle[(10.0232,1.19135),(-18.4742,-0.228317),(-16.599,-37.8681)]
triangle[(7.54125,-4.81372),(2.92889,6.86183),(-14.1098,0.130788)]
triangle[(19.3021,-5.82709),(-19.01,-11.6273),(-11.4216,-61.7508)]
triangle[(12.4055,12.867),(10.3866,-9.35583),(37.8133,-11.8475)]
triangle[(14.067,1.23597),(0.26204,-17.7211),(20.4725,-32.4388)]
triangle[(18.182,-15.2086),(-4.74931,2.9268),(-34.2067,-34.3205)]
triangle[(9.73148,7.92799),(8.73781,16.9221),(-0.962532,15.8504)]
triangle[(5.1708,12.3474),(-11.4803,-1.87636),(12.8024,-30.303)]
triangle[(-10.7859,16.3612),(8.44308,18.9333),(4.77532,46.3532)]
triangle[(12.7735,12.7786),(6.38036,19.7686),(-2.95833,11.2273)]
triangle[(-6.35526,-8.32189),(-11.3809,4.37437),(-32.5618,-4.00987)]
triangle[(-4.33958,4.22223),(9.03393,-8.14415),(32.8993,17.6648)]
triangle[(-13.2659,0.394927),(-16.6895,-17.6617),(12.9441,-23.2804)]
triangle[(11.1648,-19.1594),(6.84647,3.99201),(-17.9564,-0.634375)]
triangle[(5.49478,5.80616),(-19.368,-9.37144),(1.22384,-43.1034)]
triangle[(-0.132642,13.2662),(-20.5039,-15.0049),(34.6634,-54.7569)]
triangle[(-2.13414,1.10731),(-1.07113,17.44),(-31.2979,19.4073)]
triangle[(-14.031,15.1419),(6.99495,14.9101),(7.42205,53.6501)]
triangle[(10.6407,-4.29688),(11.5215,0.404829),(4.4646,1.72693)]
triangle[(0.563802,8.67511),(15.2123,6.08167),(19.0958,28.0169)]
triangle[(-14.9747,0.500516),(-14.5646,-10.0163),(5.22977,-9.24438)]
triangle[(16.8094,6.48727),(11.8517,-8.26925),(26.8963,-13.3237)]
triangle[(20.9517,20.41),(-9.63774,-12.2932),(50.5838,-68.6223)]
triangle[(-12.8399,-18.5195),(-3.24397,-19.845),(-0.646586,-1.04085)]
triangle[(8.99166,18.4585),(-18.8024,3.00937),(-0.64613,-29.6549)]
triangle[(-20.309,-2.06874),(10.9832,-12.6173),(27.5915,36.6511)]
triangle[(-12.9646,-10.9787),(-12.0264,-15.0319),(-5.88746,-13.611)]
triangle[(20.3454,-18.9521),(-1.41423,11.3014),(-54.9137,-27.1776)]
triangle[(-14.318,15.522),(-9.9956,1.73324),(12.3828,8.74828)]
triangle[(17.592,1.14608),(-20.4689,-18.6056),(4.36454,-66.4589)]
triangle[(-4.29752,-19.4442),(16.4341,-17.2901),(13.0731,15.0564)]
triangle[(0.933297,-2.2379),(8.30402,15.1301),(-12.6363,24.0168)]
triangle[(6.53103,-3.22903),(13.5701,3.56193),(6.07423,11.3318)]
triangle[(18.6754,-3.66729),(-16.7009,2.87498),(-25.1158,-42.6274)]
triangle[(-19.2652,-17.6883),(-18.1796,-0.0114235),(-42.8568,1.50412)]
triangle[(-6.02828,12.6176),(16.3475,-7.37644),(52.579,33.1711)]
triangle[(9.41236,-15.98),(-18.6955,-20.2766),(-12.6963,-59.523)]
triangle[(-2.01013,15.9561),(-0.317838,-19.576),(56.665,-16.8621)]
triangle[(16.0017,7.49735),(2.71509,-8.91207),(31.0952,-31.8912)]
triangle[(-10.067,-8.66881),(3.62081,-8.08684),(2.78464,11.5795)]
triangle[(-10.4459,2.50104),(3.91031,-4.5748),(14.2808,16.4661)]
triangle[(2.97558,17.5183),(7.86787,-8.73451),(42.9561,-2.19573)]
triangle[(-0.0173673,-15.0597),(-5.42526,2.98114),(-26.1671,-3.23641)]
triangle[(4.63864,1.71059),(-20.2562,0.960484),(-19.1144,-36.9342)]
triangle[(-12.8794,-5.81352),(-8.88987,1.50766),(-23.1102,9.25681)]
triangle[(-8.2354,-9.06963),(-17.513,20.981),(-51.2626,10.5614)]
triangle[(-8.04705,13.426),(-14.7601,1.88876),(7.12474,-10.8452)]
triangle[(13.7088,-3.81051),(-15.1968,14.9433),(-44.5282,-30.2658)]
triangle[(-1.34466,-3.09743),(-11.4745,18.6774),(-40.3359,5.25085)]
triangle[(-2.86293,14.6483),(20.2543,12.7727),(23.0633,47.3929)]
triangle[(-20.2529,9.84966),(-11.5406,16.3475),(-19.5557,27.0941)]
triangle[(-12.3004,-13.7143),(9.33742,6.03097),(-16.6164,34.4724)]
triangle[(-12.4126,3.30324),(-9.81118,-4.8107),(4.92123,-0.0872597)]
triangle[(-4.11559,10.4341),(19.0115,-17.3398),(59.9488,16.7483)]
triangle[(12.058,5.73976),(-12.4476,-9.8169),(11.9021,-48.1736)]
triangle[(-5.54988,-5.67216),(3.53633,20.2533),(-46.0944,37.6476)]
triangle[(3.4759,16.5995),(-15.3285,12.1468),(-9.45591,-12.6541)]
triangle[(13.1447,19.1791),(-3.92269,-2.81434),(32.4631,-31.0506)]
triangle[(-4.86075,-9.51203),(-20.6779,-9.01265),(-21.4452,-33.3159)]
triangle[(5.87575,3.14608),(18.0229,-0.40248),(23.6424,18.8338)]
triangle[(-7.78405,5.38256),(-19.7386,-10.1745),(-0.614722,-24.8699)]
triangle[(10.7937,18.5554),(-15.5608,-14.6273),(33.6671,-53.7252)]
triangle[(19.2157,-18.9327),(20.9171,-14.8844),(15.7025,-12.6929)]
triangle[(13.7755,-1.83091),(-14.5124,-13.4318),(-2.23107,-43.3791)]
triangle[(-1.0903,19.802),(18.4224,8.73259),(39.5073,45.9001)]
triangle[(19.9791,10.3962),(-18.9117,-17.4579),(19.1407,-70.588)]
triangle[(7.29237,15.1174),(-17.4922,-0.70868),(5.4958,-36.7093)]
triangle[(-8.40624,-2.12644),(-15.9664,-1.39406),(-17.0498,-12.5772)]
triangle[(-4.14437,-17.5682),(-15.7389,6.45753),(-58.0788,-13.9752)]
triangle[(-18.9855,17.0706),(8.94249,13.1566),(16.2849,65.5467)]
triangle[(20.8705,-12.2818),(3.62773,19.2563),(-43.6746,-6.60523)]
triangle[(20.9169,-2.14054),(-15.9877,6.75637),(-32.5868,-62.097)]
triangle[(4.13435,-19.2066),(-12.8914,1.01704),(-37.5733,-19.762)]
triangle[(-13.5385,13.4183),(9.53163,-1.81668),(25.6341,22.567)]
triangle[(15.6516,-14.2638),(-1.77502,18.0983),(-53.6138,-9.81632)]
triangle[(12.8872,-15.8585),(8.95968,-1.70006),(-10.6982,-7.15307)]
triangle[(16.5885,5.38594),(15.3717,17.2302),(-3.10018,15.3325)]
triangle[(6.0918,-7.93923),(14.7604,-2.02259),(8.70443,6.85006)]
triangle[(-19.5412,17.5281),(-12.0237,-16.7036),(56.0443,-1.75549)]
triangle[(5.81514,11.1272),(-12.2906,-20.8343),(42.4206,-51.8274)]
triangle[(2.72925,-1.83426),(-20.4968,-20.0602),(5.4983,-53.1868)]
triangle[(16.9661,-19.4303),(3.72181,18.4123),(-39.6915,3.2184)]
triangle[(18.1233,-19.1804),(1.6895,-6.02134),(-21.4207,-34.8826)]
triangle[(18.8144,7.01768),(-2.86026,-20.2944),(38.1069,-52.8057)]
triangle[(13.0982,-0.718646),(0.173492,3.51876),(-4.1272,-9.59902)]
triangle[(-9.14625,5.72773),(-4.77752,-11.887),(28.301,-3.68292)]
triangle[(0.931549,-10.1445),(-3.6343,-18.3745),(11.7949,-26.9343)]
triangle[(19.303,14.5758),(5.33317,0.0596923),(31.2573,-24.8889)]
triangle[(-5.05393,-20.8256),(20.3304,-9.00221),(3.42223,27.299)]
triangle[(-0.559327,6.95217),(-15.8513,-17.0996),(19.3902,-39.506)]
triangle[(-7.14403,-19.6695),(-17.4739,-10.0162),(-31.8924,-25.4453)]
triangle[(15.5858,7.94725),(13.0014,-16.4256),(43.5827,-19.6684)]
triangle[(-12.0153,19.9214),(12.6027,-16.944),(82.7714,29.9133)]
triangle[(10.707,-5.18165),(-3.96039,12.317),(-31.4379,-10.7148)]
triangle[(19.3692,20.9694),(9.7593,18.557),(12.5909,7.27719)]
triangle[(-6.5542,-3.96209),(-10.4343,5.95737),(-25.0637,0.234916)]
triangle[(16.4676,-20.0998),(15.6382,17.6582),(-56.1477,16.0815)]
triangle[(16.6615,-18.8731),(15.137,-9.10956),(1.48249,-11.2415)]
triangle[(9.14247,12.2082),(13.1946,-3.20831),(34.4294,2.37318)]
triangle[(-19.7078,14.2084),(-17.6683,14.7138),(-18.4638,17.9238)]
triangle[(14.5941,-7.7844),(-3.8893,18.6132),(-52.391,-15.3474)]
triangle[(10.7942,-3.36646),(-10.1597,8.47923),(-26.1051,-19.7267)]
triangle[(6.74597,-12.0764),(17.4718,0.975545),(3.93061,12.1034)]
triangle[(-14.7615,18.8346),(2.84201,16.2169),(7.53168,47.7535)]
triangle[(-19.2511,-6.98305),(-13.4782,12.6143),(-34.3506,18.7628)]
triangle[(19.2057,8.47772),(4.21477,-13.4866),(29.8717,-30.9978)]
triangle[(1.66667,11.3561),(5.15023,-20.4151),(42.2473,-16.3476)]
triangle[(7.3792,-12.2632),(-6.84362,6.61002),(-32.4986,-12.7235)]
triangle[(-8.69793,-18.9189),(11.4616,-12.0775),(1.77412,16.4685)]
triangle[(12.6249,-4.34867),(-5.83012,-4.32259),(-5.86331,-27.8079)]
triangle[(-15.8854,-13.305),(3.99645,-2.61717),(-13.9274,30.7252)]
triangle[(14.5958,-8.34942),(18.126,15.061),(-10.6743,19.404)]
triangle[(-20.9054,8.08648),(-20.928,1.10861),(-8.40691,1.06796)]
triangle[(1.34803,-3.06966),(8.81752,15.1475),(-23.9216,28.5713)]
triangle[(-11.1002,10.799),(15.4024,-7.50913),(40.3342,28.5818)]
triangle[(17.2313,-3.77216),(12.9783,2.30487),(5.44979,-2.96399)]
triangle[(-20.8436,-9.21263),(-10.027,12.9201),(-45.3713,30.1934)]
triangle[(2.89066,12.1247),(-14.8967,10.6397),(-12.9587,-12.5726)]
triangle[(-1.34953,-16.8594),(20.5943,-17.0555),(20.9009,17.2559)]
triangle[(-17.6232,18.038),(-7.8074,2.31669),(10.375,13.669)]
triangle[(-20.0448,-5.22126),(20.5843,16.807),(-13.8034,80.2318)]
triangle[(15.6626,-17.6017),(-20.1315,-7.7995),(-36.7282,-68.4047)]
triangle[(-0.261434,7.31484),(-2.15393,18.8458),(-15.0619,16.7273)]
triangle[(-19.6697,19.4927),(2.32602,-15.2131),(58.1535,20.1691)]
triangle[(-4.47639,-14.851),(3.4932,-1.79778),(-13.0517,8.30362)]
triangle[(-15.616,-4.83026),(2.3868,-10.6144),(12.7811,21.7373)]
triangle[(-5.98388,16.5193),(8.56379,-13.1302),(47.2538,5.85323)]
triangle[(-1.54776,-11.9236),(-3.98045,16.0316),(-50.0643,12.0213)]
triangle[(1.66884,16.8863),(20.8495,6.36749),(31.7494,26.2431)]
triangle[(-13.1238,13.1922),(-8.85957,9.92737),(-2.85124,17.7748)]
triangle[(3.32278,4.44022),(-0.306462,10.5282),(-6.90945,6.59198)]
triangle[(-17.2258,4.08382),(-7.72297,9.59133),(-15.0127,22.1693)]
triangle[(0.0616538,-16.5786),(11.6487,-17.7312),(13.2198,-1.93691)]
triangle[(-2.50848,-10.2367),(13.7493,16.2548),(-17.9552,35.7117)]
triangle[(16.8586,19.3568),(4.08533,-8.41814),(47.9265,-28.5799)]
triangle[(11.3319,5.10809),(-11.3583,-9.05262),(9.69049,-42.7799)]
triangle[(-20.1509,-13.8355),(1.28851,15.1022),(-48.8348,52.2377)]
triangle[(-16.5615,-18.6782),(20.4399,16.0977),(-15.9932,54.8623)]
triangle[(19.7973,7.76776),(9.74146,-4.0766),(28.7705,-20.2322)]
triangle[(-1.77104,18.573),(14.1396,-18.027),(62.6178,3.0473)]
triangle[(11.1909,10.2662),(-15.1365,13.4167),(-20.2336,-29.1784)]
triangle[(-0.274754,14.1378),(6.5571,-17.6716),(53.8567,-7.51284)]
triangle[(-1.878,-11.1233),(9.99971,11.1978),(-31.8377,33.4608)]
triangle[(-0.411981,16.4742),(11.1293,0.7204),(35.8155,18.8057)]
triangle[(12.2516,14.4075),(2.5929,-10.4545),(46.8905,-27.6637)]
triangle[(18.3082,10.8841),(-20.4615,2.39746),(-5.30768,-66.8298)]
triangle[(-20.097,-14.132),(-11.5399,6.31972),(-38.1143,17.4386)]
triangle[(-16.2572,-14.5978),(-4.31206,-10.9221),(-10.7782,10.0915)]
triangle[(-0.584126,2.78554),(5.35322,15.7068),(-19.1256,26.9549)]
triangle[(-7.32417,-4.31978),(-6.86044,6.26085),(-18.7555,6.78218)]
triangle[(-7.88186,8.77769),(19.3332,7.41617),(20.8652,38.0402)]
triangle[(-11.3631,-20.991),(-5.4809,-14.9634),(-15.122,-5.55479)]
triangle[(-19.6391,11.3717),(-3.0768,-2.54059),(24.3147,30.0684)]
triangle[(-5.41366,13.5097),(-4.84269,-7.8481),(36.2392,-6.74982)]
triangle[(-11.2754,14.0458),(4.65671,10.8987),(8.89739,32.3675)]
triangle[(-4.1591,-7.54056),(-15.475,-2.75588),(-24.8487,-24.9249)]
triangle[(4.18224,5.29583),(-6.61933,2.65976),(-2.78179,-13.065)]
triangle[(-14.5482,18.9816),(-15.1094,-12.9546),(26.8223,-13.6915)]
triangle[(17.6259,-4.04121),(-16.1324,2.94888),(-26.6082,-47.6436)]
triangle[(-9.89561,-15.2819),(-20.9257,13.2343),(-54.4942,0.249903)]
triangle[(7.20708,-18.0703),(-8.96963,7.15794),(-57.6633,-24.0652)]
triangle[(11.9628,-8.13847),(15.1825,4.29052),(-9.15135,10.5941)]
triangle[(-18.7533,-19.3327),(-13.4278,-12.7485),(-20.3108,-7.18132)]
triangle[(-10.3956,14.5556),(-1.70065,-13.8244),(51.8716,2.58883)]
triangle[(-6.43825,-18.181),(-11.7094,17.547),(-71.1948,8.77078)]
triangle[(-4.24645,14.1679),(-9.54962,18.5501),(-16.2225,10.475)]
triangle[(13.1204,11.3),(-11.402,-9.52477),(18.7158,-44.9903)]
triangle[(-1.91137,-3.42482),(-18.9083,-17.1452),(-4.5569,-34.9238)]
triangle[(7.34289,14.6028),(-0.588579,-9.28787),(46.2963,-24.8532)]
triangle[(19.6868,0.689998),(-6.85245,0.320626),(-6.28131,-40.7159)]
triangle[(0.586005,1.34653),(12.9367,19.8651),(-24.0377,44.5247)]
triangle[(-0.40808,19.8471),(-17.8438,8.73207),(-1.66131,-16.653)]
triangle[(-6.08554,17.5992),(18.2535,-3.15232),(42.684,25.5017)]
triangle[(2.24028,16.3738),(5.93286,19.9434),(1.4041,24.6282)]
triangle[(11.9436,12.6144),(19.9515,5.82275),(30.9158,18.7506)]
triangle[(1.90934,13.6277),(-1.45893,-5.60205),(31.448,-11.366)]
triangle[(-8.20941,7.94307),(0.917671,2.88061),(8.72986,16.9652)]
triangle[(13.4476,20.3272),(-15.215,12.8063),(-2.3588,-36.1889)]
triangle[(-0.351173,-0.996514),(18.2826,18.1405),(-7.08793,42.8438)]
triangle[(10.756,20.9586),(-17.1835,18.8532),(-14.4524,-17.3891)]
triangle[(15.6174,-6.14688),(-6.15798,4.85907),(-21.8348,-26.1577)]
triangle[(-3.70502,-1.13865),(7.01061,-8.67271),(18.0236,6.99103)]
triangle[(3.89765,-18.6751),(-7.94662,9.16314),(-47.5994,-7.70784)]
triangle[(20.493,6.38181),(0.362048,-10.8208),(33.5495,-49.6575)]
triangle[(1.78923,-17.6842),(-14.1378,20.7518),(-82.0066,-7.3715)]
triangle[(-5.32059,-8.94724),(13.4892,-8.40693),(12.5221,25.2616)]
triangle[(6.63657,15.4775),(-7.58325,0.389587),(7.85755,-14.1629)]
triangle[(7.39901,-6.49491),(-6.70344,-20.4185),(20.5117,-47.9832)]
triangle[(-6.73136,15.0844),(-20.555,3.09602),(0.00315309,-20.6092)]
triangle[(-10.3767,10.3567),(-7.88355,-4.98974),(13.9479,-1.44311)]
triangle[(-11.1061,-6.25087),(15.6955,-6.77968),(16.373,27.56)]
triangle[(-9.84586,-1.71028),(-6.28262,7.30618),(-23.7677,14.2161)]
triangle[(9.98703,-19.1623),(12.2559,-11.9639),(4.94954,-9.661)]
triangle[(15.9027,15.8749),(-10.4305,-18.4162),(33.7194,-52.3202)]
triangle[(6.53123,15.0502),(-16.139,-15.5298),(19.1794,-41.7129)]
triangle[(3.67002,-9.66002),(19.9006,6.84545),(-1.71581,28.1018)]
triangle[(2.34585,-5.81079),(17.2729,-3.14529),(12.2268,25.113)]
triangle[(-4.726,18.261),(-1.96417,20.5632),(-4.34113,23.4148)]
triangle[(17.3718,-1.62595),(-15.7487,-19.482),(18.8708,-83.6961)]
triangle[(7.65173,-20.7172),(16.2509,0.931952),(-14.8398,13.2814)]
triangle[(-7.53736,11.843),(-4.77327,-4.51847),(22.9302,0.161721)]
triangle[(-1.28826,-4.63228),(0.621036,4.19008),(-13.2363,7.18903)]
triangle[(6.47394,-19.7347),(3.5762,-6.90692),(-14.7278,-11.0417)]
triangle[(12.3226,19.0838),(16.5079,-10.5859),(53.1805,-5.41269)]
triangle[(1.17245,19.813),(-9.66374,-11.0097),(22.4068,-22.2846)]
triangle[(-16.2247,-7.52308),(-19.7526,20.5712),(-68.4086,14.4614)]
triangle[(18.4917,-4.12279),(9.44717,-4.74131),(10.0679,-13.8182)]
triangle[(-3.88327,-12.5275),(-10.4192,12.9663),(-59.0601,0.496086)]
triangle[(20.6732,-0.102242),(-2.36209,13.2057),(-21.7318,-20.3222)]
triangle[(-2.43471,18.2965),(3.47315,17.3739),(4.40466,23.3388)]
triangle[(13.0732,15.5811),(-2.66406,-18.5524),(34.7738,-35.8131)]
triangle[(20.0144,-8.4892),(-15.8758,20.8904),(-60.6412,-33.7951)]
triangle[(-15.6679,-12.8605),(-16.8719,-5.10426),(-29.5638,-7.0744)]
triangle[(10.7901,-5.91971),(2.39095,11.4241),(-30.3758,-4.44399)]
triangle[(-14.9328,-8.24769),(-0.703446,-2.58311),(-7.73065,15.0691)]
triangle[(-18.8246,4.31016),(1.9736,-11.6457),(30.053,24.9552)]
triangle[(9.85513,-15.5777),(-5.49605,-4.49331),(-18.0459,-21.874)]
triangle[(18.4637,13.0852),(4.68562,-20.0537),(48.1282,-38.1157)]
triangle[(-5.31086,-20.7155),(-15.7326,-19.8981),(-16.555,-30.3828)]
triangle[(16.8239,-12.259),(4.50965,19.9543),(-46.0418,0.629918)]
triangle[(8.54714,-3.16186),(-8.5676,1.21757),(-13.4576,-17.8924)]
triangle[(-20.8119,-0.559357),(-3.6004,19.2856),(-38.624,49.6616)]
triangle[(-20.7749,9.72061),(3.64586,15.7452),(-6.54534,57.0556)]
triangle[(-3.23942,-18.3766),(13.8435,16.1756),(-51.2732,48.3699)]
triangle[(17.2114,10.3769),(14.6073,-5.22031),(36.838,-8.932)]
triangle[(14.7727,16.9636),(9.9867,-14.9623),(68.149,-23.6814)]
triangle[(-6.32157,7.05967),(17.4663,7.49442),(16.6583,51.7051)]
triangle[(6.24567,-5.07856),(-7.82184,-20.6677),(9.11418,-35.9506)]
triangle[(-12.3631,-10.3515),(7.83491,-20.7232),(25.1492,12.995)]
triangle[(-5.48007,-11.9291),(-0.935307,-5.77527),(-8.0678,-0.507763)]
triangle[(19.0053,-2.66923),(-0.922306,-20.9583),(34.2754,-59.3095)]
triangle[(16.3263,8.06437),(-14.9579,-1.61761),(-0.477629,-48.4057)]
triangle[(10.3171,-11.3126),(20.6548,9.70313),(-13.497,26.5025)]
triangle[(-10.7949,-10.6236),(15.3565,6.14311),(-13.2268,50.7251)]
triangle[(-14.03,10.8623),(11.9467,2.73553),(24.7049,43.5164)]
triangle[(8.64071,-8.9921),(15.431,-9.82727),(17.0511,3.3454)]
triangle[(-19.7246,-18.8653),(-6.86464,19.3117),(-49.0999,33.5387)]
triangle[(16.7662,10.0305),(6.58489,16.9607),(-2.80445,3.16664)]
triangle[(-0.876131,-13.9086),(-17.903,-8.59761),(-24.0761,-28.3884)]
triangle[(-7.72217,10.6627),(-20.9432,-1.19292),(-7.33391,-16.3695)]
triangle[(-13.8677,-1.48329),(8.85102,14.1325),(-13.2034,46.2185)]
triangle[(-9.16752,7.35376),(-6.86973,14.222),(-18.8842,18.2415)]
triangle[(5.83866,17.8548),(9.58299,-6.26679),(41.1945,-1.35983)]
triangle[(13.835,17.2464),(-15.92,8.71831),(-5.72277,-26.8603)]
triangle[(11.643,9.2528),(-14.9837,10.2461),(-16.1816,-21.8656)]
triangle[(-2.95387,1.93479),(18.3637,16.0806),(1.40388,41.6388)]
triangle[(18.7038,12.5301),(-5.08839,-3.97068),(16.8647,-35.6245)]
triangle[(-10.895,-4.03628),(20.837,6.06626),(6.83243,50.0543)]
triangle[(-4.3066,-7.18672),(1.25978,-15.433),(13.1401,-7.41362)]
triangle[(-0.155884,-14.7673),(-19.1167,-2.87337),(-36.0396,-29.8511)]
triangle[(-20.3414,-15.9831),(11.596,10.4953),(-34.1191,65.6354)]
triangle[(-7.28035,16.016),(-7.60579,-16.9673),(43.567,-17.4722)]
triangle[(-7.86147,16.0284),(-3.59577,-20.0136),(54.5317,-13.134)]
triangle[(-19.5407,-19.3608),(19.421,0.889194),(-11.9789,61.3038)]
triangle[(0.939798,17.8264),(-14.3068,11.0426),(-1.89677,-16.8489)]
triangle[(-4.08617,16.0245),(5.234,-16.9064),(63.3687,-0.452973)]
triangle[(-2.82155,-2.82928),(-15.0786,18.4849),(-50.0248,-1.61152)]
triangle[(-14.2145,-5.64074),(18.5851,-5.63072),(18.5744,29.2041)]
triangle[(8.44771,-20.8258),(-9.45787,-17.7804),(-14.6042,-48.0382)]
triangle[(6.54456,11.8324),(-4.56985,-6.36548),(17.4778,-19.8312)]
triangle[(-6.76976,-14.1339),(-16.4156,-18.7889),(-8.60719,-34.9692)]
triangle[(-20.638,11.4463),(16.6098,-17.8274),(53.0068,28.4841)]
triangle[(7.80882,-11.1628),(14.7663,17.3186),(-15.8094,24.7876)]
triangle[(11.5535,-5.91386),(-4.1973,19.9153),(-31.0565,3.53631)]
triangle[(-16.3794,2.04566),(13.5635,-6.51744),(26.2284,37.7681)]
triangle[(-6.98405,6.98896),(2.8973,19.3649),(-19.3325,37.1139)]
triangle[(20.1738,19.0083),(-0.0747818,7.58473),(13.1332,-15.8266)]
triangle[(-2.34417,-3.73147),(8.06808,3.42917),(-4.69029,21.981)]
triangle[(20.0343,-3.08611),(0.589685,4.32775),(-11.4756,-27.3162)]
triangle[(15.3801,18.2193),(14.6342,20.7074),(11.1374,19.6591)]
triangle[(12.7758,-20.978),(15.0534,15.9598),(-35.8659,19.0995)]
triangle[(-19.6461,-14.8402),(-0.675159,-3.84775),(-21.5214,32.1288)]
triangle[(13.6278,10.9462),(-1.42688,-6.71798),(28.292,-32.0465)]
triangle[(9.3733,-8.37258),(11.358,-13.5453),(20.9827,-9.85244)]
triangle[(1.13393,-20.9275),(0.519103,-10.5564),(-20.1534,-11.782)]
triangle[(7.53771,-0.848711),(19.4215,15.101),(-3.29648,32.0276)]
triangle[(-13.3369,15.2184),(2.96469,-16.678),(50.9355,7.8389)]
triangle[(-11.4143,17.8602),(9.40051,6.67822),(23.53,32.9798)]
triangle[(10.9665,13.8459),(-2.92019,19.3672),(-12.5408,-4.82953)]
triangle[(-13.1677,-18.8918),(17.6545,-1.84241),(-0.52999,31.0318)]
triangle[(-5.82645,-9.40556),(8.37423,-0.699036),(-5.82846,22.4661)]
triangle[(-6.65697,9.27368),(-2.1042,3.30583),(6.14113,9.59605)]
triangle[(-6.05338,11.4173),(20.064,-0.352999),(36.5234,36.1691)]
triangle[(-4.34569,-18.6559),(8.00194,7.40554),(-31.9791,26.3481)]
triangle[(20.5461,-10.3852),(-0.23397,4.68715),(-20.2075,-22.8501)]
triangle[(8.67548,8.18759),(-18.9366,-15.0188),(21.7982,-63.4872)]
triangle[(11.041,-17.6774),(-14.8907,13.6542),(-58.3626,-22.3255)]
triangle[(-11.9106,13.4073),(6.95867,18.7214),(-0.501551,45.2111)]
triangle[(5.55326,19.5526),(-18.112,-1.27492),(8.18684,-31.157)]
triangle[(-16.776,17.1816),(11.053,-12.5614),(64.0604,37.0351)]
triangle[(18.6968,4.19252),(-8.47823,-6.34748),(3.40346,-36.9817)]
triangle[(-13.3305,-14.6279),(-15.5878,-20.0398),(-9.32608,-22.6516)]
triangle[(-2.73021,-13.5394),(3.42999,8.32815),(-18.6716,14.5543)]
triangle[(-20.2483,-2.13937),(-4.76155,7.08882),(-17.8369,29.0319)]
triangle[(-0.779146,4.89121),(-13.6338,14.7356),(-25.7625,-1.10202)]
triangle[(-18.1092,-6.14315),(-17.2332,6.15003),(-39.1593,7.71251)]
triangle[(-20.5634,4.03424),(-6.71501,12.6729),(-21.0155,35.5975)]
triangle[(-2.68822,-2.40827),(9.68094,13.0041),(-14.0756,32.0699)]
triangle[(-7.44745,-7.87182),(11.4195,-7.53223),(10.7432,30.0431)]
triangle[(-20.0661,-13.8338),(-11.5449,-3.01086),(-29.1283,10.8331)]
triangle[(-20.6461,15.1977),(10.1893,-14.7498),(62.2364,38.8404)]
triangle[(7.4541,-19.415),(-15.5441,-7.4753),(-31.2669,-37.7606)]
triangle[(-9.03467,12.1442),(-7.48242,-2.33057),(11.6224,-0.281807)]
triangle[(1.77753,9.00098),(5.49043,4.22626),(12.3462,9.55744)]
triangle[(-14.4157,14.7196),(-16.8302,4.4317),(-5.17436,1.69615)]
triangle[(-19.3681,-8.2824),(9.27213,4.72907),(-12.5291,52.7169)]
triangle[(-1.67374,14.9134),(-19.9379,-6.02256),(12.2023,-34.061)]
triangle[(-9.97791,-13.6104),(17.4651,-7.95033),(6.82691,43.6293)]
triangle[(-2.39311,-15.4802),(-15.8796,-0.232077),(-31.4957,-14.0441)]
triangle[(-13.2683,-11.4746),(1.4769,0.903118),(-13.3247,18.5358)]
triangle[(5.947,12.024),(16.2256,-12.6512),(59.945,5.56046)]
triangle[(-18.9512,-16.6919),(-15.4248,2.3892),(-41.5331,7.2143)]
triangle[(6.00683,5.11698),(-2.66854,18.9207),(-19.128,8.57635)]
triangle[(-12.8903,1.36213),(-12.2438,-20.8708),(15.0342,-20.0776)]
triangle[(-8.65664,7.69898),(10.2145,19.2105),(-6.40186,46.4502)]
triangle[(16.1022,17.676),(6.30124,-3.12324),(30.4247,-14.4906)]
triangle[(17.1508,-19.6138),(14.8319,5.95432),(-34.3546,1.49333)]
triangle[(10.4811,19.8711),(11.9836,5.74866),(34.7527,8.17118)]
triangle[(-14.2439,-19.1784),(4.71807,-20.1669),(6.02694,4.94195)]
triangle[(4.8607,-10.7759),(-6.82398,1.66668),(-28.0846,-18.2989)]
triangle[(1.07745,-13.2322),(0.750371,-8.05844),(-6.9049,-8.54239)]
triangle[(18.6027,-12.9602),(-18.7768,20.9243),(-57.3898,-21.6714)]
triangle[(-1.30522,-15.2556),(-9.31649,-18.374),(-5.94846,-27.0264)]
triangle[(12.742,4.56166),(7.68093,-0.156077),(14.0229,-6.95954)]
triangle[(-6.99564,-2.99961),(-7.87095,15.0371),(-33.162,13.8098)]
triangle[(-3.73479,-0.412496),(9.01393,-7.29098),(20.6219,14.2234)]
triangle[(-13.0636,-12.5468),(10.7369,10.7895),(-34.4932,56.9193)]
triangle[(10.4907,-19.3731),(13.2565,7.58981),(-22.8064,11.289)]
triangle[(-7.27059,13.472),(19.0019,-4.36142),(51.1198,42.9551)]
triangle[(9.62729,7.17449),(-5.41025,-4.59732),(8.98045,-22.9803)]
triangle[(-0.278967,3.01054),(15.4876,-11.153),(35.5017,11.1262)]
triangle[(-16.4823,-20.9143),(-16.3665,-14.2016),(-26.489,-14.0269)]
triangle[(-15.336,-10.3225),(-6.55281,18.4421),(-46.3166,30.5839)]
triangle[(-12.1684,14.8988),(4.77957,-18.9257),(57.7361,7.60847)]
triangle[(3.5047,13.8112),(14.2288,-6.46296),(45.083,9.85749)]
triangle[(19.625,10.6475),(19.6973,-13.867),(56.2032,-13.7593)]
triangle[(-14.1208,-7.6911),(-5.70998,-8.3773),(-4.47019,6.81904)]
triangle[(-10.9594,0.5195),(-7.02855,2.56292),(-10.4052,9.05836)]
triangle[(2.16466,13.0973),(-11.3271,0.728917),(9.64085,-22.1435)]
triangle[(-3.3451,18.5292),(20.9813,12.22),(29.6804,45.7608)]
triangle[(7.3575,14.1515),(-0.817391,2.07542),(11.9901,-6.59456)]
triangle[(18.8881,-7.43324),(-17.3756,10.0826),(-41.8853,-40.6606)]
triangle[(-6.75913,-11.7977),(-17.3444,14.5734),(-60.0185,-2.55576)]
triangle[(17.3022,-4.36313),(19.5496,12.7762),(-3.50865,15.7997)]
triangle[(19.1388,-9.03661),(15.8581,7.8516),(-14.3821,1.97724)]
triangle[(-7.14766,5.35847),(-19.016,0.581344),(-12.2276,-16.2838)]
triangle[(10.9042,3.51253),(-6.57714,20.2182),(-35.2472,-9.78289)]
triangle[(-18.7065,-5.2615),(6.17912,19.979),(-30.4308,56.0742)]
triangle[(17.1841,5.85096),(-13.8578,7.7065),(-16.3117,-33.3458)]
triangle[(12.8801,6.07675),(-15.781,15.5222),(-32.9479,-36.5687)]
triangle[(16.1808,-1.37603),(15.2563,18.5557),(-20.6688,16.8893)]
triangle[(-6.54254,1.71987),(4.99583,-11.7173),(20.9701,1.99975)]
triangle[(-10.3507,7.7094),(20.6975,-10.7374),(46.3754,32.4816)]
triangle[(-14.8191,-4.46651),(1.78283,5.43277),(-13.23,30.6106)]
triangle[(-2.79522,6.93275),(-1.94103,12.137),(-8.88779,13.2772)]
triangle[(16.668,-14.0321),(-15.6731,-1.13473),(-35.3323,-50.4317)]
triangle[(-12.8754,8.11074),(-8.67659,-14.0796),(17.0108,-9.21907)]
triangle[(5.18274,-19.0621),(5.35342,-13.9472),(-4.32621,-13.6242)]
triangle[(-3.71533,-13.1482),(-5.73485,6.81112),(-26.2642,4.73392)]
triangle[(-3.86428,5.13808),(-1.23483,0.134283),(4.13438,2.95574)]
triangle[(-9.42448,-7.81063),(-15.9806,-6.29625),(-18.991,-19.3288)]
triangle[(-17.1778,-4.14609),(-20.184,13.9002),(-50.5607,8.84)]
triangle[(-19.9532,18.5853),(-8.20955,-2.67397),(18.4844,12.0718)]
triangle[(-2.06163,-20.4246),(3.46219,-19.5001),(2.2789,-12.4301)]
triangle[(18.4381,5.37986),(1.92941,-6.84332),(22.7752,-34.9978)]
triangle[(-10.2576,1.09579),(3.46981,-4.77565),(11.1725,13.2332)]
triangle[(11.027,14.5648),(-5.05569,-1.05795),(13.0061,-19.6515)]
triangle[(-16.8405,-7.01557),(-14.5028,-12.7268),(-3.24834,-8.12009)]
triangle[(-8.88082,-19.4999),(-4.96965,4.45478),(-32.6569,8.97539)]
triangle[(-16.8832,-2.71908),(9.48841,-13.5912),(24.1501,21.9723)]
triangle[(10.6901,-18.1698),(4.30406,12.2719),(-49.4717,0.990809)]
triangle[(11.3523,-15.1472),(-15.7608,9.7621),(-56.1699,-34.2221)]
triangle[(-7.38487,-4.83251),(0.34604,-17.1998),(15.213,-7.90627)]
triangle[(-20.8329,-11.4748),(-10.563,-19.5973),(0.141241,-6.06324)]
triangle[(10.7213,-18.4876),(-13.5607,-0.651177),(-47.1676,-46.4025)]
triangle[(1.59519,19.5142),(20.0514,-0.0394806),(53.393,31.4307)]
triangle[(12.6889,6.07536),(-11.8906,-12.6895),(17.9375,-51.7603)]
triangle[(-1.12493,20.7636),(-2.64251,16.0095),(2.67834,14.311)]
triangle[(-2.17762,2.34064),(-6.25752,-11.0011),(8.59338,-15.5425)]
triangle[(0.995571,-4.54473),(10.4232,18.0428),(-26.512,33.4589)]
triangle[(2.80116,-20.3383),(10.1615,14.7674),(-55.4066,28.5146)]
triangle[(-19.0778,6.67883),(-11.614,-4.97914),(0.49189,2.77149)]
triangle[(-12.2509,12.9453),(5.6864,12.0209),(7.53393,47.872)]
triangle[(10.776,-11.0648),(-13.021,-14.552),(-8.69207,-44.0932)]
triangle[(1.47806,17.7051),(13.669,17.9776),(13.3452,32.4564)]
triangle[(-17.4205,-12.1393),(-20.8213,-11.7326),(-21.5742,-18.0287)]
triangle[(-20.3121,-14.4709),(-19.8916,-4.98744),(-38.3056,-4.17101)]
triangle[(-0.973862,7.75256),(-6.00963,20.4201),(-29.8168,10.956)]
triangle[(-0.735296,7.41961),(-6.91669,16.4933),(-17.1396,9.52891)]
triangle[(16.9983,10.0159),(-11.9235,-17.2788),(33.4853,-65.3946)]
triangle[(-18.7861,11.6772),(-20.0638,1.38712),(-5.68735,-0.398016)]
triangle[(1.39741,2.67523),(1.68889,-10.5321),(22.2401,-10.0786)]
triangle[(2.58267,13.2442),(-19.2279,-11.3009),(9.93325,-37.2133)]
triangle[(-5.08555,8.68221),(15.9377,-4.46647),(38.9832,32.3807)]
triangle[(1.29594,-20.4544),(-10.5829,18.8534),(-62.874,3.05101)]
triangle[(-6.70786,-20.6768),(9.06632,14.1629),(-31.4975,32.5288)]
triangle[(2.65587,15.2117),(20.4727,-0.629698),(44.6251,26.5346)]
triangle[(1.42636,-20.6439),(8.97053,-7.43052),(-4.72861,0.390992)]
triangle[(-5.12793,13.1365),(-1.14398,-9.28606),(43.6363,-1.32971)]
triangle[(15.0292,2.3066),(-4.35351,-12.236),(20.037,-44.7441)]
triangle[(5.94758,20.0821),(18.3301,-9.1979),(64.9773,10.5292)]
triangle[(-2.15607,-19.066),(0.112263,-19.1085),(0.169584,-16.0513)]
triangle[(-16.4887,2.28277),(-2.39309,-2.3512),(6.75464,25.4744)]
triangle[(-0.49514,11.3459),(-5.92643,6.23004),(0.843789,-0.95755)]
triangle[(-7.70526,9.04779),(2.83415,-12.5025),(24.5847,-1.86518)]
triangle[(-20.7179,5.53094),(12.7024,4.13991),(14.3226,43.0679)]
triangle[(16.8347,9.01335),(3.81556,-16.3637),(44.231,-37.0979)]
triangle[(-18.2166,1.15069),(-16.7972,-18.2235),(8.7125,-16.3547)]
triangle[(-4.67299,14.5519),(9.17752,-3.09857),(35.4735,17.5362)]
triangle[(-15.1756,-0.0443341),(10.9818,-6.26736),(22.5388,42.3106)]
triangle[(-2.80166,-18.0583),(-14.9094,17.6391),(-67.5842,-0.227016)]
triangle[(-19.9752,-19.1458),(14.9447,4.44672),(-27.5825,67.3922)]
triangle[(-12.3626,19.9664),(20.9496,1.68522),(47.8832,50.764)]
triangle[(16.6461,-20.0042),(-19.909,11.309),(-82.4195,-61.6659)]
triangle[(-9.15243,-10.4356),(-19.236,-18.2848),(-6.94311,-34.077)]
triangle[(-10.5512,-0.181967),(4.98829,9.13508),(-9.71558,33.659)]
triangle[(20.8851,17.6699),(10.3602,-14.0742),(58.0667,-29.8916)]
triangle[(-14.7738,-16.2799),(-18.1309,8.98073),(-66.3482,2.57282)]
triangle[(7.6553,-8.68521),(-15.2554,-19.7323),(-3.73237,-43.6302)]
triangle[(-5.96711,-11.2866),(4.43196,0.00255196),(-6.98109,10.5158)]
triangle[(-9.47147,2.56155),(6.05991,0.0204748),(10.5479,27.4518)]
triangle[(-17.2207,5.67744),(20.4238,12.9822),(13.0664,50.8982)]
triangle[(-16.3649,-20.5317),(5.66652,-8.27693),(-9.87143,19.6569)]
triangle[(14.1067,6.3271),(3.68103,-13.9255),(36.0906,-30.6094)]
triangle[(0.255953,12.9531),(-13.3303,20.4813),(-25.4714,-1.43011)]
triangle[(12.8813,-2.42401),(-6.96921,-14.8918),(16.8834,-52.8684)]
triangle[(1.46068,-8.11545),(-14.8811,1.57313),(-31.4676,-26.4035)]
triangle[(4.12402,0.705601),(-15.3935,-0.63099),(-13.9059,-22.3537)]
triangle[(2.40631,1.19988),(-8.54703,-20.4775),(22.7692,-36.3012)]
triangle[(10.4633,5.66574),(10.648,-14.9805),(51.8569,-14.6119)]
triangle[(13.5641,0.86141),(-1.2785,-2.91425),(3.79641,-22.8645)]
triangle[(-19.1457,-9.41726),(-18.3839,4.43625),(-42.2477,5.74846)]
triangle[(-2.72908,10.2835),(-4.1372,7.14489),(0.255477,5.17416)]
triangle[(-2.57529,-10.1209),(5.15077,-13.7944),(10.9829,-1.52847)]
triangle[(14.0431,-8.02755),(-1.80591,-17.2957),(7.99796,-34.0608)]
triangle[(0.777963,10.1629),(15.4385,11.5608),(13.3567,33.393)]
triangle[(13.232,0.588193),(-4.14355,-17.5991),(23.1234,-43.649)]
triangle[(-11.1401,9.03701),(-19.1831,3.69629),(-12.7254,-6.02882)]
triangle[(5.73775,15.2264),(12.9703,-20.8152),(81.2126,-7.12091)]
triangle[(11.9178,-6.60411),(-1.67341,-4.13792),(-6.31293,-29.7064)]
triangle[(-4.32783,-0.38686),(9.90193,-4.80548),(18.1338,21.7044)]
triangle[(-19.6791,-20.3033),(9.30534,10.2343),(-27.1601,44.8451)]
triangle[(9.43817,0.618745),(6.56502,-16.8457),(37.1694,-21.8806)]
triangle[(6.32714,20.2325),(-12.6925,-18.1718),(42.2432,-45.3786)]
triangle[(0.187676,9.82275),(14.7047,-18.7768),(63.1806,5.82931)]
triangle[(9.03726,2.20467),(4.6038,20.7225),(-17.8778,15.34)]
triangle[(-3.80585,-11.0587),(-6.97935,0.712518),(-24.5899,-4.03527)]
triangle[(-17.5649,-4.79882),(-1.04323,7.87436),(-21.078,33.9931)]
triangle[(2.02554,-11.3512),(7.65532,-1.27791),(-10.6417,8.94793)]
triangle[(11.1849,0.0336583),(-14.5728,-6.43182),(-6.16521,-39.9265)]
triangle[(-14.6487,-4.1801),(10.6489,3.4583),(-3.91425,51.6901)]
triangle[(14.7577,0.794784),(-17.7165,-10.0989),(-2.66336,-54.9726)]
triangle[(-10.7727,13.7725),(-6.65883,1.17128),(17.5388,9.07101)]
triangle[(5.55295,3.14278),(-18.5917,-13.9436),(11.4858,-56.4459)]
triangle[(-5.48445,6.50954),(11.5284,2.62124),(19.2271,36.3059)]
triangle[(20.5085,17.6846),(-20.226,-9.22873),(28.2865,-82.6544)]
triangle[(5.68967,-0.720602),(12.7912,-5.87846),(20.8559,5.22539)]
triangle[(-18.5433,12.7651),(-16.2486,11.0846),(-14.315,13.7251)]
triangle[(6.2862,2.80635),(-6.93739,16.7993),(-25.2471,-0.503633)]
triangle[(-0.590802,15.9291),(-0.519737,9.14755),(6.70689,9.22328)]
triangle[(-19.4796,3.34782),(-17.7415,-2.99576),(-9.28572,-0.678918)]
triangle[(3.39676,-1.25651),(3.34507,-3.4585),(5.93234,-3.51924)]
triangle[(-9.96159,9.83521),(-5.57374,18.7518),(-16.8573,24.3045)]
triangle[(17.0419,19.6557),(-3.31326,-1.47162),(20.5228,-24.4365)]
triangle[(-4.83224,10.3851),(-14.4992,-0.95755),(7.4517,-19.6657)]
triangle[(-17.7096,13.8651),(-0.319951,-20.7206),(56.0531,7.62369)]
triangle[(9.24389,17.7721),(8.02605,9.9596),(22.9042,7.64034)]
triangle[(10.4338,6.65882),(5.0102,-10.4437),(28.6503,-17.9406)]
triangle[(-15.3113,8.15016),(19.8738,-15.2523),(63.7349,50.6919)]
triangle[(-3.04927,16.4769),(-14.6693,-4.84613),(13.1721,-20.0183)]
triangle[(-10.7666,-11.3259),(14.5603,-12.2469),(16.369,37.4891)]
triangle[(14.1785,9.74786),(-10.357,17.4111),(-21.0361,-16.7805)]
triangle[(16.4669,-0.54814),(-13.6189,6.70513),(-22.6427,-30.7245)]
triangle[(-11.6991,8.87443),(16.2052,11.6769),(12.5707,47.8661)]
triangle[(9.78469,2.58196),(8.07773,4.09739),(5.13956,0.787898)]
triangle[(-2.58467,-20.3745),(-18.5703,10.1839),(-74.2527,-18.9446)]
triangle[(4.14832,5.42498),(-3.37944,16.3641),(-24.7692,1.64486)]
triangle[(16.4848,-8.2899),(17.8561,-19.0466),(32.8764,-17.1318)]
triangle[(-12.2988,-13.8484),(-2.97814,20.554),(-51.2113,33.6218)]
triangle[(-10.9635,-13.3089),(-13.2792,13.7791),(-53.943,10.3027)]
triangle[(-15.181,3.11528),(-19.3353,-9.34908),(-6.30446,-13.6922)]
triangle[(-1.8883,12.8828),(20.0302,-14.3026),(56.4665,15.0745)]
triangle[(20.958,-16.6084),(-17.3713,7.2547),(-47.335,-40.8735)]
triangle[(12.2882,-0.00460862),(10.0084,20.7874),(-13.4636,18.2137)]
triangle[(-8.40756,-18.3136),(-2.22762,-5.20728),(-17.3247,1.91134)]
triangle[(-0.510135,-12.8147),(-6.38819,-18.9534),(1.05475,-26.0803)]
triangle[(2.30351,16.6546),(16.5733,12.5359),(22.9475,34.6202)]
triangle[(-5.17729,-16.7576),(7.95955,11.9768),(-45.5368,36.4344)]
triangle[(-18.0475,1.67121),(20.7284,17.8984),(3.99801,57.8768)]
triangle[(-1.33148,4.1662),(-17.0946,2.71115),(-15.4107,-15.5314)]
triangle[(7.05713,-13.1357),(-8.85613,-15.332),(-5.90143,-36.7401)]
triangle[(9.02352,15.1261),(18.6771,13.7999),(20.6806,28.3837)]
triangle[(-5.70202,-3.57449),(5.72054,7.16745),(-13.5042,27.6103)]
triangle[(10.4753,3.87887),(-4.07852,6.87698),(-8.26697,-13.4551)]
triangle[(8.28662,11.919),(0.951207,-3.61557),(30.8454,-17.7316)]
triangle[(-15.247,-7.81217),(-19.0509,-18.56),(-2.85071,-24.2936)]
triangle[(-3.64768,2.35913),(-7.56117,-16.7244),(26.4693,-23.7031)]
triangle[(1.30293,14.434),(4.33289,17.9564),(-1.65104,23.1038)]
triangle[(-16.8257,-3.61592),(3.02713,3.84146),(-9.46132,37.0879)]
triangle[(16.6016,12.0228),(-8.22405,18.9403),(-16.6692,-11.3677)]
triangle[(-0.447145,-8.82389),(19.4561,-15.7169),(27.7871,8.33834)]
triangle[(13.006,-6.43445),(-18.9888,11.9101),(-50.119,-42.3842)]
triangle[(12.5431,-17.3955),(16.7876,-20.8475),(20.4837,-16.3027)]
triangle[(-1.17688,-10.8904),(4.0288,-6.56808),(-1.18899,-0.283873)]
triangle[(-10.9564,-14.1969),(-1.39552,-3.31624),(-18.1226,11.3819)]
triangle[(-13.4271,4.95567),(-12.5783,-3.26084),(-0.139277,-1.97582)]
triangle[(6.8589,16.0295),(-5.31642,17.1706),(-7.37455,-4.78807)]
triangle[(-6.06459,-3.77893),(11.5634,15.5877),(-11.5205,36.5993)]
triangle[(-1.80666,14.8383),(11.1251,0.635681),(28.5526,16.5037)]
triangle[(-10.578,0.496573),(4.57726,2.53349),(0.840811,30.3338)]
triangle[(-18.5706,13.7703),(-5.71583,-3.05162),(16.8549,14.1962)]
triangle[(-20.4239,-7.41297),(-14.9257,-0.494686),(-28.0163,9.9089)]
triangle[(0.664089,-11.3208),(-10.5349,20.6505),(-62.5413,2.43366)]
triangle[(-6.95195,-12.5111),(20.3458,-20.0804),(31.022,18.4224)]
triangle[(0.861142,-14.0398),(-15.6763,16.0002),(-47.4234,-1.47713)]
triangle[(-17.0803,-11.4277),(-5.04064,13.6512),(-51.1608,35.7922)]
triangle[(15.5347,18.4884),(15.6542,0.735349),(44.6321,0.930357)]
triangle[(-19.839,2.18933),(-16.7653,-12.6535),(0.32959,-9.11338)]
triangle[(19.2495,13.2185),(-8.13924,-19.9272),(57.8485,-74.4538)]
triangle[(-0.557675,13.4805),(15.8814,0.416118),(37.6174,27.7669)]
triangle[(10.6312,15.1535),(17.0571,5.08397),(33.6883,15.6972)]
triangle[(-16.8377,11.1474),(10.6745,-3.95835),(35.3666,41.0134)]
triangle[(19.6041,-13.7777),(-1.55257,-2.25235),(-16.6206,-29.9121)]
triangle[(12.5036,6.03119),(13.6964,2.19206),(19.054,3.85661)]
triangle[(0.959583,-7.84491),(-9.89231,-1.09408),(-20.9171,-18.8163)]
triangle[(-5.67862,-4.56695),(-0.0989998,18.3435),(-32.4528,26.2229)]
triangle[(-2.3528,-15.5111),(-10.9948,-14.4049),(-12.9796,-29.9099)]
triangle[(-8.74007,17.1697),(-19.2644,-20.9157),(49.0707,-39.7991)]
triangle[(19.8473,0.304022),(15.0341,5.9746),(3.69312,-3.6516)]
triangle[(4.1336,-9.76212),(17.8033,1.21936),(5.0449,17.101)]
triangle[(-0.654639,-16.0111),(1.3492,-10.8912),(-8.78462,-6.92505)]
triangle[(-15.883,-19.4689),(13.0178,-11.5323),(3.07302,24.681)]
triangle[(11.7481,-0.804391),(8.05663,-10.3194),(18.3786,-14.324)]
triangle[(-17.3699,19.1642),(14.952,7.81172),(36.2319,68.3982)]
triangle[(-19.8904,3.56769),(15.671,-6.03893),(28.6501,42.0067)]
triangle[(-8.81077,-11.4992),(-7.95402,17.4687),(-57.0953,18.9221)]
triangle[(18.3714,-17.2529),(-9.93162,-17.3484),(-9.74408,-72.9478)]
triangle[(-16.4773,7.18674),(13.8688,7.34635),(13.6667,45.7668)]
triangle[(-18.0092,-18.5244),(10.3108,3.1254),(-32.8946,59.6424)]
triangle[(-2.38995,19.3699),(-3.09918,16.2259),(1.19774,15.2566)]
triangle[(-7.92326,-3.46186),(-14.0597,9.52186),(-37.9113,-1.75101)]
triangle[(-7.74583,5.77565),(18.7028,-19.2335),(52.9825,17.0193)]
triangle[(-11.1495,-16.3741),(14.8909,-15.722),(14.1417,14.1966)]
triangle[(4.67243,16.3394),(-15.3155,17.0402),(-16.4487,-15.2818)]
triangle[(9.33192,20.7454),(7.16702,4.0054),(39.0516,-0.118066)]
triangle[(3.68097,11.2971),(-19.2963,7.30304),(-13.1161,-28.2508)]
triangle[(-1.71754,-14.8516),(-18.4164,-9.63056),(-27.3782,-38.2937)]
triangle[(-7.2958,0.501231),(17.9984,-17.7964),(44.4036,18.7056)]
triangle[(-3.09371,20.1728),(-10.0933,-14.2924),(33.505,-23.1469)]
triangle[(-9.64725,1.65488),(15.1703,-9.38503),(33.3104,31.3937)]
triangle[(-13.3658,3.10526),(-18.5546,-17.0409),(5.69647,-23.2869)]
triangle[(9.92997,-4.75386),(16.0326,-13.6538),(29.4226,-4.47237)]
triangle[(19.2679,5.12892),(17.5115,-8.74129),(34.5655,-10.9008)]
triangle[(16.9403,-13.3473),(-19.9472,13.5212),(-62.5668,-44.9911)]
triangle[(-0.419993,-15.8124),(9.3759,-5.18985),(-1.7802,5.09811)]
triangle[(20.2281,20.7578),(-2.63774,-15.0664),(63.6459,-57.374)]
triangle[(12.8051,-6.19764),(-19.2442,16.412),(-53.0363,-31.4884)]
triangle[(5.7682,-14.6554),(-16.426,10.2687),(-52.2196,-21.6045)]
triangle[(3.78856,-9.85859),(-20.2251,20.1212),(-50.7447,-4.32473)]
triangle[(4.45283,13.3419),(14.4816,-12.3071),(63.4499,6.83954)]
triangle[(-10.8466,-5.19888),(-13.4934,-4.65429),(-14.0591,-7.40344)]
triangle[(-1.52375,-2.55223),(11.8427,-14.6586),(33.8437,9.63217)]
triangle[(19.6162,-18.6244),(4.59962,-1.49075),(-25.4622,-27.8382)]
triangle[(11.4917,-7.17367),(-11.8658,-0.575582),(-23.3656,-41.2854)]
triangle[(-19.8286,-20.512),(16.0042,-0.82108),(-20.7478,66.0589)]
triangle[(17.7965,13.9411),(-10.6582,13.2017),(-9.5658,-28.8369)]
triangle[(4.7308,-16.5691),(-20.5733,11.2067),(-75.6307,-38.9512)]
triangle[(-8.96554,-0.564164),(-14.2249,-9.73733),(-0.654216,-17.5181)]
triangle[(-0.122475,15.3957),(10.1447,-8.62206),(45.0498,6.29928)]
triangle[(-0.594931,6.16562),(13.4705,-17.2014),(54.6081,7.56075)]
triangle[(-13.8623,-6.64375),(-20.6318,-8.10768),(-18.7741,-16.6978)]
triangle[(-4.8274,13.0545),(-10.532,-4.18628),(10.9924,-11.3083)]
triangle[(-13.157,-1.87366),(6.1475,-1.10299),(5.08171,25.5939)]
triangle[(-18.9379,14.6028),(10.4606,-12.7613),(48.781,28.4081)]
triangle[(-7.28856,-4.7958),(-5.22147,3.22468),(-18.0996,6.54372)]
triangle[(1.23265,6.96127),(-13.3744,14.0218),(-20.7912,-1.32253)]
triangle[(12.5211,-5.25292),(4.18079,12.7191),(-15.811,3.44142)]
triangle[(15.4529,6.28768),(16.7878,18.1296),(1.12503,19.8951)]
triangle[(-7.44432,11.0324),(4.06233,1.03559),(20.0745,19.4661)]
triangle[(3.34677,17.7018),(20.3314,-9.37848),(63.7233,17.8368)]
triangle[(9.5309,19.8226),(-11.191,-12.8414),(42.3827,-46.8283)]
triangle[(-4.00235,-11.3597),(11.4484,18.7109),(-42.7463,46.5569)]
triangle[(-9.61783,10.9673),(10.516,13.9212),(6.37654,42.1357)]
triangle[(-13.6643,-8.10337),(15.5876,-8.88),(16.7285,34.0922)]
triangle[(13.5325,20.8309),(3.67311,9.67511),(25.7755,-9.85882)]
triangle[(-8.51148,4.80901),(16.9074,-2.3403),(30.091,44.533)]
triangle[(16.4475,-16.4653),(19.7835,6.56038),(-8.70421,10.6878)]
triangle[(16.2904,10.3532),(-11.6923,-20.3921),(26.4914,-55.1448)]
triangle[(-16.0556,5.41703),(-2.90596,5.95878),(-3.54942,21.5772)]
triangle[(14.4945,7.77398),(-16.1175,-4.17513),(2.6319,-52.2088)]
triangle[(6.60918,-16.4809),(3.88368,5.21775),(-29.1119,1.07328)]
triangle[(17.9858,11.7233),(-11.59,-5.34976),(13.2323,-48.3497)]
triangle[(-0.251555,-18.1827),(-6.20314,6.25666),(-52.127,-4.92693)]
triangle[(4.41869,0.358978),(-3.5696,-0.733126),(-2.157,-11.0657)]
triangle[(-9.16414,3.13506),(-18.252,14.3091),(-38.9671,-2.53867)]
triangle[(6.24291,-4.6471),(17.7944,-1.30339),(13.5842,13.2416)]
triangle[(5.44627,-8.71304),(-15.5211,18.9986),(-68.6708,-21.216)]
triangle[(5.453,-17.9309),(7.19286,13.7946),(-38.43,16.2967)]
triangle[(-13.1945,-16.3517),(-10.3566,0.679946),(-29.4823,3.86677)]
triangle[(-20.3016,1.30949),(11.4724,-8.66379),(25.5756,36.2677)]
triangle[(-20.3921,-18.9989),(15.4944,-12.5405),(3.36738,54.8441)]
triangle[(-15.8095,17.8903),(18.2234,-4.55348),(52.6196,47.6036)]
triangle[(-13.2819,-8.88101),(11.2853,0.165392),(0.10612,30.5244)]
triangle[(-13.312,-18.8653),(5.49833,-8.2739),(-6.52542,13.0803)]
triangle[(-7.57092,-10.8525),(18.4453,8.32302),(-16.8779,56.2474)]
triangle[(6.04441,0.101931),(0.000932481,-19.9739),(35.1399,-30.5518)]
triangle[(6.11374,-10.4411),(-10.28,-0.273183),(-23.9697,-22.3452)]
triangle[(13.0481,1.59479),(18.3801,12.2962),(4.29265,19.3154)]
triangle[(7.29633,15.7602),(-11.9382,-1.71212),(14.9136,-31.2721)]
triangle[(-11.9469,-20.2711),(-8.40789,1.00049),(-48.3172,7.64027)]
triangle[(-18.7375,-20.6291),(18.5306,-19.5738),(17.3213,23.1274)]
triangle[(13.1693,17.0209),(-16.1158,16.5832),(-15.6728,-13.0558)]
triangle[(2.82975,-20.6502),(10.3019,13.499),(-56.1151,28.0316)]
triangle[(-17.6289,18.0271),(8.29426,-11.2115),(38.0029,15.1285)]
triangle[(-13.1943,2.35065),(12.1921,-1.45219),(16.4521,26.986)]
triangle[(-15.4638,-1.46903),(-4.52849,-16.8733),(16.998,-1.59195)]
triangle[(6.04374,-1.95602),(11.9429,19.7886),(-21.2612,28.7967)]
triangle[(-13.2021,-13.7298),(3.20062,-2.05785),(-18.7584,28.8014)]
triangle[(-15.3947,3.66684),(12.9693,7.56247),(6.87087,51.9651)]
triangle[(6.82441,-14.6035),(-9.27865,19.3087),(-48.0829,0.88271)]
triangle[(-4.92231,-20.0866),(5.91948,3.13609),(-31.7856,20.7392)]
triangle[(-16.4021,12.6637),(-7.73497,2.25635),(9.65652,16.7398)]
triangle[(-2.52331,-6.30925),(-16.3772,-4.79375),(-18.4742,-23.9629)]
triangle[(13.3092,-7.89529),(15.4705,-0.267977),(5.26598,2.62365)]
triangle[(-11.7565,1.34847),(0.238853,-11.8779),(21.4693,7.37662)]
triangle[(-14.8156,1.34846),(-6.95691,6.7075),(-12.6961,15.1237)]
triangle[(6.82879,19.8757),(10.7955,14.2225),(18.0019,19.2792)]
triangle[(-10.3716,-18.8324),(12.4814,4.70437),(-19.2008,35.4661)]
triangle[(3.20975,3.31605),(-11.374,10.7359),(-23.3108,-12.7259)]
triangle[(13.4375,-11.4261),(8.01989,19.1201),(-48.7373,9.05373)]
triangle[(17.0776,5.50954),(-14.2419,17.1947),(-34.5896,-37.3426)]
triangle[(18.488,7.33089),(-10.6999,-18.8123),(18.7536,-51.696)]
triangle[(1.71341,3.82555),(-20.6325,-19.8564),(20.9311,-59.0753)]
triangle[(15.3094,0.716577),(11.3142,1.71022),(9.6171,-5.11342)]
triangle[(13.0432,-4.45374),(16.4074,16.2141),(-23.1872,22.6591)]
triangle[(-3.45563,-5.23136),(-2.83429,-18.0819),(22.71,-16.8468)]
triangle[(-17.9803,-6.251),(-11.8895,-9.7168),(-6.93546,-1.01056)]
triangle[(-0.811703,1.15221),(-9.62527,3.98396),(-13.1816,-7.08474)]
triangle[(-4.67914,-15.2225),(-13.5888,-6.99336),(-29.2064,-23.9024)]
triangle[(-12.148,-1.16016),(-15.3932,19.4062),(-55.5771,13.0656)]
triangle[(-4.30606,2.82758),(-7.9499,-2.60194),(2.86906,-9.86274)]
triangle[(2.31225,-12.37),(-13.1224,13.4692),(-58.8271,-13.8319)]
triangle[(-16.6962,11.6548),(20.1441,-18.793),(63.31,33.4355)]
triangle[(13.156,-9.81475),(-3.7939,-2.58467),(-11.349,-20.2966)]
triangle[(-7.53109,13.3218),(-19.0898,1.75207),(-3.3286,-13.9941)]
triangle[(-9.51404,7.85),(-10.2984,13.0138),(-19.6258,11.5969)]
triangle[(-10.2722,-16.9684),(16.3686,-4.24924),(-6.65635,43.9773)]
triangle[(-16.3875,-15.9572),(2.88419,20.7121),(-62.0588,54.8431)]
triangle[(5.39476,-12.0264),(20.6986,-3.14535),(10.9243,13.6978)]
triangle[(-20.0292,-15.7396),(-5.93362,18.6348),(-71.0783,45.3481)]
triangle[(18.6863,-12.2815),(-17.489,-8.91094),(-21.3571,-50.4266)]
triangle[(18.0185,-3.85725),(8.31631,8.56644),(-5.2459,-2.02483)]
triangle[(-17.2678,8.67247),(-16.1111,-2.53056),(-2.79432,-1.15563)]
triangle[(10.0403,-4.5488),(3.12581,7.85164),(-16.8936,-3.31114)]
triangle[(-15.9567,-19.8181),(-12.4083,-12.8875),(-24.8966,-6.49363)]
triangle[(-1.95213,-9.86209),(1.43705,18.0429),(-42.0976,23.3304)]
triangle[(7.39385,0.311963),(15.0205,16.3407),(-9.41397,27.9668)]
triangle[(-18.1528,-10.215),(2.85726,20.1082),(-30.1589,42.9841)]
triangle[(20.4333,-4.14011),(7.86264,-16.3915),(28.661,-37.7318)]
triangle[(-0.414884,17.7976),(-19.9479,-18.677),(52.6366,-57.5478)]
triangle[(-11.7993,12.9299),(-20.1273,-0.416556),(5.45414,-16.379)]
triangle[(4.37511,-13.9003),(-6.66747,-11.017),(-11.3683,-29.0206)]
triangle[(19.6157,-20.8005),(8.02203,-7.32931),(-10.232,-23.0392)]
triangle[(-8.43337,9.21866),(18.6239,-5.60898),(33.801,22.0859)]
triangle[(-9.02073,20.4213),(-11.2202,-4.97684),(32.968,-8.80347)]
triangle[(-20.7433,-2.82588),(-19.9397,-5.69554),(-17.0431,-4.88443)]
triangle[(4.13195,-6.30674),(1.54115,0.581658),(-10.2182,-3.84116)]
triangle[(-2.829,-4.9594),(20.3256,10.813),(-5.85054,49.2407)]
triangle[(-0.414338,1.59736),(-7.30037,15.2492),(-22.875,7.39336)]
triangle[(-8.32148,-9.36393),(-19.6518,-20.5137),(0.375267,-40.8651)]
triangle[(-5.3951,-18.658),(4.83538,-4.1723),(-16.464,10.8703)]
triangle[(-8.39567,-10.9774),(2.85482,-7.24725),(-1.02806,4.46382)]
triangle[(20.8959,6.1165),(-5.67638,-10.6048),(25.3191,-59.8605)]
triangle[(14.145,17.3451),(8.71443,-16.9265),(43.6627,-22.4643)]
triangle[(1.60383,-13.4283),(-12.9473,9.89519),(-51.1205,-13.9204)]
triangle[(-14.4347,17.2039),(17.764,3.78676),(40.5915,58.5684)]
triangle[(-14.6094,8.63723),(14.1441,-12.4792),(37.0497,18.7106)]
triangle[(-12.334,16.7708),(-6.92864,10.3473),(0.954999,16.9814)]
triangle[(-12.1055,-10.3086),(8.11859,4.71716),(-13.3027,33.5493)]
triangle[(-2.22146,-14.7619),(11.3587,-10.4007),(6.98269,3.22571)]
triangle[(17.4831,13.3393),(9.90488,0.913171),(30.6718,-11.7518)]
triangle[(-0.898588,2.50876),(11.8319,13.6432),(-9.79528,38.3706)]
triangle[(-4.61289,-10.9389),(-18.3943,-20.9283),(-8.03909,-35.2143)]
triangle[(-2.31832,-11.3844),(-20.3937,1.07366),(-33.8779,-18.4905)]
triangle[(-7.02029,2.12253),(-10.5191,-20.8934),(34.0036,-27.6617)]
triangle[(-11.7634,12.9625),(-9.03222,17.2699),(-15.0303,21.0732)]
triangle[(-12.6606,19.065),(19.4841,-4.52028),(43.0905,27.6533)]
triangle[(-8.94715,-10.2303),(-18.4395,-11.5388),(-16.0284,-29.0304)]
triangle[(-6.14777,18.2927),(-3.43379,8.11921),(10.7737,11.9093)]
triangle[(-13.3211,-10.6582),(-12.7711,-3.99533),(-22.9866,-3.15223)]
triangle[(1.60809,8.20031),(20.1367,-4.53197),(37.0828,20.1288)]
triangle[(-3.69404,-17.7592),(16.3182,-15.3618),(13.229,10.4255)]
triangle[(-19.5899,6.47727),(6.05671,0.865444),(12.1515,28.7192)]
triangle[(-6.2529,17.8341),(-1.63439,-12.263),(44.5254,-5.1796)]
triangle[(13.7275,-14.7061),(-15.7776,-3.29297),(-36.0844,-55.7895)]
triangle[(10.6538,-10.7311),(20.7188,-12.1965),(23.4603,6.63251)]
triangle[(-6.39249,-9.62339),(-2.27624,-0.546187),(-16.7374,6.01154)]
triangle[(8.49726,18.4662),(-8.98235,-16.6699),(33.9631,-38.0346)]
triangle[(-16.3037,-9.77744),(-10.7983,-3.27404),(-18.6817,3.39969)]
triangle[(-17.9413,-10.9746),(-13.9244,15.6213),(-48.1841,20.7957)]
triangle[(-15.7552,-2.31152),(-18.5816,-4.67609),(-15.2366,-8.67428)]
triangle[(-4.08959,-13.1448),(-12.3841,-10.3636),(-17.6329,-26.0174)]
triangle[(20.8478,13.0272),(-11.1612,-8.10203),(30.034,-70.509)]
triangle[(-18.9883,-17.0315),(-16.6379,2.23858),(-37.7283,4.81103)]
triangle[(-11.6211,-15.6291),(-20.049,-17.0488),(-18.253,-27.7108)]
triangle[(11.3451,-5.67615),(-6.9365,19.7745),(-34.5583,-0.0666439)]
triangle[(-9.52743,7.53629),(-20.7422,18.8594),(-35.2052,4.53481)]
triangle[(-15.6486,2.32746),(2.0528,11.3473),(-14.1255,43.0972)]
triangle[(-7.65648,18.6233),(-9.09103,4.93559),(12.5596,2.66648)]
triangle[(-9.55532,-2.44238),(11.9068,-13.9935),(27.6917,15.3349)]
triangle[(14.3324,13.9802),(11.5318,9.01419),(21.3335,3.48637)]
triangle[(15.1722,-17.9076),(5.61827,19.1134),(-50.0848,4.73825)]
triangle[(15.2134,5.43479),(-2.26046,5.83523),(-2.76389,-16.1328)]
triangle[(-20.1305,-18.5247),(16.2031,3.41667),(-22.0886,66.8256)]
triangle[(15.987,16.3058),(1.37715,-0.694399),(31.8742,-26.9033)]
triangle[(-10.8096,1.48383),(12.8838,20.2741),(-11.353,50.8353)]
triangle[(-20.0346,15.1611),(-15.4146,-18.8645),(40.863,-11.223)]
triangle[(6.49444,-17.9441),(7.70175,-10.3669),(-2.18747,-8.79122)]
triangle[(-8.26208,20.0412),(-16.7944,-4.54849),(12.4669,-14.7018)]
triangle[(-17.299,9.16629),(-5.14355,-0.581089),(11.4442,20.1046)]
triangle[(-14.6689,-16.6005),(3.22486,19.36),(-40.5058,41.1201)]
triangle[(-3.46912,-10.1855),(-2.64613,-19.3099),(9.04752,-18.2552)]
triangle[(8.22035,19.3926),(-2.92416,-0.191933),(16.9391,-11.4951)]
triangle[(-9.26206,9.59655),(19.6756,16.7363),(10.2598,54.8992)]
triangle[(-0.253997,0.920928),(-12.0064,14.401),(-28.0244,0.435992)]
triangle[(9.22343,-11.7951),(13.0382,-13.6162),(15.0656,-9.36907)]
triangle[(-0.264006,0.307621),(5.2739,2.82997),(0.632609,13.0201)]
triangle[(-4.47722,15.3937),(4.1758,12.5983),(7.97376,24.3551)]
triangle[(-13.6952,-19.7858),(5.35948,1.61168),(-19.361,23.6256)]
triangle[(-13.669,-2.5049),(-6.17433,-17.9586),(22.7151,-3.94781)]
triangle[(-10.7085,-4.57452),(-2.58526,3.16074),(-13.3772,14.494)]
triangle[(14.8931,-7.94385),(-6.09075,0.710115),(-14.9875,-20.8625)]
triangle[(13.2374,-13.5417),(9.11052,7.1125),(-19.5248,1.3909)]
triangle[(11.5135,-12.8196),(4.45103,13.69),(-27.2842,5.23525)]
triangle[(14.3998,-18.4065),(-15.614,13.7578),(-54.5356,-22.5615)]
triangle[(18.9985,9.53481),(18.0795,17.6846),(6.61595,16.392)]
triangle[(-2.82758,9.01541),(-16.342,-19.1755),(13.5075,-33.485)]
triangle[(-8.71664,10.8786),(19.9275,-3.59984),(35.4859,27.1808)]
triangle[(10.9148,13.2783),(-6.40534,8.46984),(-0.505835,-12.7802)]
triangle[(15.1649,-15.9228),(6.43539,0.186163),(-10.91,-9.21332)]
triangle[(3.59531,2.23341),(11.9897,-8.00104),(22.9895,1.02112)]
triangle[(-6.27658,9.78732),(0.546245,-20.0188),(41.9968,-10.5305)]
triangle[(-8.52642,9.0005),(18.4351,2.15082),(31.9771,55.4546)]
triangle[(3.19879,-9.80287),(-19.9645,17.2708),(-61.2108,-18.0181)]
triangle[(0.0439618,16.4043),(-3.80683,-5.08553),(31.8956,-11.4831)]
triangle[(-7.89964,7.84051),(15.1876,2.62193),(22.5449,35.171)]
triangle[(-6.4473,7.49713),(13.1755,-20.9817),(65.3267,14.952)]
triangle[(-18.611,0.534392),(11.886,-9.43866),(29.8816,45.5907)]
triangle[(-8.67973,-12.6368),(-17.2622,-15.2386),(-12.6338,-30.5058)]
triangle[(17.292,-3.23712),(20.3288,-8.26243),(26.7269,-4.39603)]
triangle[(-3.35578,11.3332),(-11.9981,4.18849),(-1.00131,-9.1133)]
triangle[(19.7671,2.98085),(6.92251,17.3498),(-11.7972,0.615895)]
triangle[(19.4566,-16.7873),(11.9991,-12.0088),(6.27117,-20.948)]
triangle[(-13.4226,12.6791),(10.5756,-7.81239),(33.5467,19.0898)]
triangle[(-18.0331,9.05933),(-7.61107,-10.3708),(19.8841,4.37721)]
triangle[(15.793,4.7013),(10.4414,5.94857),(8.77764,-1.19009)]
triangle[(-14.2723,-15.5411),(-1.61865,9.97744),(-32.951,25.5139)]
triangle[(-6.14823,13.43),(1.95325,13.8346),(1.43398,24.231)]
triangle[(-2.75628,-4.8842),(-13.6934,16.4073),(-43.2443,1.22735)]
triangle[(-5.75032,1.13415),(14.0713,9.73441),(-2.89971,48.8489)]
triangle[(14.7397,15.9951),(-13.7993,-15.7451),(34.6613,-59.3183)]
triangle[(10.2203,20.7889),(-5.69886,4.12687),(11.872,-12.6606)]
triangle[(16.2883,0.990732),(-5.62313,11.4671),(-21.117,-20.9385)]
triangle[(2.56265,13.0029),(-2.75158,15.674),(-6.86173,7.49668)]
triangle[(18.9652,18.2318),(10.5565,8.93996),(27.797,-6.66182)]
triangle[(12.2304,4.02012),(16.9386,1.74188),(19.7339,7.51871)]
triangle[(-11.5943,8.50506),(-13.9344,-8.8784),(4.00164,-11.2928)]
triangle[(-1.5785,1.38027),(-12.7555,-15.6316),(16.527,-34.8705)]
triangle[(-15.1385,-2.42025),(-20.1321,-8.27549),(-10.237,-16.7144)]
triangle[(20.8539,12.9242),(-13.401,16.8156),(-18.3116,-26.4096)]
triangle[(6.71724,-5.80783),(-20.0595,-17.1094),(-3.4752,-56.4025)]
triangle[(7.57549,-8.89458),(-6.7388,10.8233),(-41.3564,-14.3076)]
triangle[(-7.60497,0.298124),(3.59679,-19.9177),(25.9486,-7.53233)]
triangle[(0.509447,-14.8153),(10.9855,-19.6339),(19.808,-0.453124)]
triangle[(-19.5394,-8.09253),(9.51425,7.23274),(-11.8029,47.6458)]
triangle[(5.35083,-4.06665),(16.5268,17.7071),(-18.2297,35.5468)]
triangle[(-14.8515,7.64321),(12.2898,11.5674),(8.07009,40.7528)]
triangle[(3.11443,4.43624),(-20.1428,-7.18011),(-5.08652,-37.3246)]
triangle[(3.86223,17.9533),(19.2371,-3.33711),(56.0671,23.2597)]
triangle[(-18.484,4.30867),(-13.7447,19.1416),(-33.6553,25.5032)]
triangle[(8.88102,10.3533),(-7.0729,16.0955),(-13.4492,-1.62012)]
triangle[(-7.71728,4.68333),(-19.6784,16.1201),(-39.7931,-4.91668)]
triangle[(12.8435,-0.442715),(0.82683,-2.99577),(5.71391,-25.9981)]
triangle[(13.3994,-8.67516),(12.2214,15.6629),(-26.3609,13.7955)]
triangle[(-4.61841,-19.5998),(17.3284,-9.2897),(6.397,13.9795)]
triangle[(-8.68945,-18.9019),(-2.85261,5.90227),(-44.8578,15.7868)]
triangle[(-0.960772,-20.7722),(7.54568,14.1493),(-37.2352,25.0574)]
triangle[(16.5856,-3.42015),(-12.3107,1.01617),(-18.8268,-41.4269)]
triangle[(18.7487,17.1128),(14.6569,13.8994),(18.0235,9.61243)]
triangle[(-20.612,3.80534),(7.94063,-4.07669),(20.8711,42.7638)]
triangle[(-14.7749,3.88109),(-7.26282,-4.12056),(7.49422,9.7335)]
triangle[(6.73742,-6.6556),(-9.8255,-6.94606),(-9.46037,-27.7666)]
triangle[(6.6945,-6.36253),(-4.4622,1.30526),(-17.0688,-17.0375)]
triangle[(-9.63263,6.87399),(15.3394,-8.88682),(34.095,20.8302)]
triangle[(14.784,-13.6069),(-19.7499,14.2801),(-57.0341,-31.8909)]
triangle[(9.48477,17.6183),(-0.695508,-20.1046),(63.624,-37.4625)]
triangle[(-10.8191,13.7673),(-12.7037,16.2285),(-16.8462,13.0563)]
triangle[(5.55329,14.5312),(14.0228,-0.114169),(30.0848,9.17461)]
triangle[(17.2712,-0.835563),(20.0516,-0.275774),(19.3242,3.33717)]
triangle[(5.48687,-8.72541),(-13.1091,-15.3274),(-3.86945,-41.353)]
triangle[(-7.62238,-0.599358),(-8.14125,9.73195),(-19.304,9.17132)]
triangle[(-1.02171,12.7847),(1.60667,16.1925),(-3.65657,20.252)]
triangle[(5.15939,-10.8817),(-4.82361,-3.80145),(-11.9464,-13.8445)]
triangle[(19.2799,19.7687),(17.7638,-18.6087),(85.4514,-21.2827)]
triangle[(20.3626,19.6924),(19.1875,14.0843),(26.0303,12.6505)]
triangle[(-5.75445,-2.51353),(11.2744,-2.54802),(11.315,17.4662)]
triangle[(-10.3146,0.922219),(-7.83138,-5.2232),(3.46202,-0.659786)]
triangle[(10.6816,-14.8589),(9.77511,13.9181),(-40.2104,12.3435)]
triangle[(2.1382,16.5679),(2.6992,3.55835),(22.9759,4.43273)]
triangle[(-17.5075,-6.62856),(-4.89514,-7.75018),(-2.83931,15.3672)]
triangle[(20.8641,-9.02318),(20.9515,11.0634),(-3.26325,11.1688)]
triangle[(-12.9817,-9.07627),(-11.9159,-16.8355),(2.40088,-14.869)]
triangle[(15.4131,-1.88967),(-2.69092,12.2755),(-22.1601,-12.6074)]
triangle[(19.0453,1.20025),(3.54165,9.51829),(-5.26855,-6.9027)]
triangle[(-12.2703,-5.58384),(-1.86436,6.46203),(-18.2873,20.6492)]
triangle[(12.1713,-8.6034),(17.9703,-6.27991),(14.6195,2.08306)]
triangle[(-20.138,15.1282),(-9.62607,17.6838),(-14.0029,35.6869)]
triangle[(-4.15916,17.6163),(-20.977,17.7501),(-21.177,-7.3911)]
triangle[(-4.43512,0.951491),(-16.5945,-14.4506),(-0.845841,-26.8836)]
triangle[(7.80545,-3.53608),(16.4456,-11.7449),(31.0874,3.66621)]
triangle[(-0.189192,-9.53618),(4.29984,-0.869491),(-9.70205,6.38297)]
triangle[(-18.9324,15.9734),(19.0373,-5.09112),(60.3593,69.3936)]
triangle[(14.9174,-11.6828),(13.4695,-7.87021),(9.03753,-9.55331)]
triangle[(6.23933,5.9303),(7.16331,-16.3812),(43.5117,-14.876)]
triangle[(-4.4856,-9.80249),(9.43505,8.14057),(-16.2808,28.0915)]
triangle[(3.97104,0.6887),(-8.17382,-6.00481),(1.49174,-23.5422)]
triangle[(18.5455,16.7685),(6.83839,-1.82385),(31.4636,-17.3297)]
triangle[(2.91325,9.24367),(6.59399,2.86389),(17.5664,9.19431)]
triangle[(-3.88511,4.21959),(4.74232,-10.3893),(28.1156,3.41392)]
triangle[(-6.47649,9.55987),(10.9751,0.0601055),(22.1787,20.6417)]
triangle[(6.59215,4.69393),(-4.38799,-6.44478),(14.5256,-25.0891)]
triangle[(20.8059,-11.3142),(11.981,-1.28748),(-7.79828,-18.6958)]
triangle[(-1.97242,-19.4566),(-4.55165,-3.41128),(-32.4417,-7.89452)]
triangle[(12.4431,-9.30643),(11.0512,9.0311),(-17.2303,6.88442)]
triangle[(5.15398,13.7351),(6.79103,-1.27798),(27.4425,0.973887)]
triangle[(1.53155,7.29843),(16.0877,0.735109),(23.5635,17.315)]
triangle[(-15.6568,9.51825),(17.5742,-10.0888),(39.09,26.3773)]
triangle[(-8.12714,-14.8703),(1.09788,-18.3156),(6.07704,-4.98352)]
triangle[(19.0092,-9.49814),(13.7704,-2.04503),(2.72858,-9.80631)]
triangle[(-5.4587,5.9222),(20.1691,2.99598),(24.5366,41.246)]
triangle[(11.8466,14.9866),(-10.9205,-8.04186),(30.5565,-49.0481)]
triangle[(-7.82261,-15.3171),(0.791025,11.6916),(-43.0035,25.6586)]
triangle[(15.2936,12.7115),(9.35351,2.25027),(28.5748,-8.66396)]
triangle[(4.30506,-18.6388),(5.47938,9.05397),(-25.9407,10.3863)]
triangle[(-16.6687,-1.98651),(-11.545,14.0975),(-43.3561,24.231)]
triangle[(-20.2373,-3.95981),(2.48748,13.3778),(-28.6422,54.1801)]
triangle[(9.29092,8.18035),(-17.493,9.02083),(-19.0186,-39.5959)]
triangle[(-12.0673,-7.74777),(-1.62523,13.5158),(-28.6447,26.7844)]
triangle[(13.43,19.6871),(-15.0335,20.2549),(-15.6099,-8.64324)]
triangle[(10.4928,-2.33387),(-16.5569,0.552965),(-22.2897,-53.1631)]
triangle[(-17.6484,-8.36125),(11.6504,5.64018),(-5.8465,42.2534)]
triangle[(-5.49873,17.5977),(-1.85814,13.4221),(3.38833,17.9963)]
triangle[(7.06908,2.19117),(-8.69179,17.2998),(-35.4602,-10.6242)]
triangle[(-19.4105,1.29454),(-3.92374,4.74323),(-9.54984,30.0079)]
triangle[(0.630132,-17.2996),(6.90342,-20.5959),(11.4117,-12.0161)]
triangle[(-15.9417,18.0193),(20.3557,-3.66591),(50.6321,47.0117)]
triangle[(-6.24118,4.62084),(-16.3548,-14.4384),(21.5529,-34.5538)]
triangle[(-3.45373,-18.0383),(15.991,0.367011),(-8.86935,26.6313)]
triangle[(11.5976,-17.0936),(-19.4272,-8.82801),(-31.4681,-54.0234)]
triangle[(1.786,-4.76789),(9.44228,-10.9423),(21.3954,3.87959)]
triangle[(14.3554,-3.52328),(11.2119,1.52705),(3.3918,-3.3404)]
triangle[(-8.98216,-16.9785),(11.5668,-15.7875),(10.2608,6.74699)]
triangle[(-10.1725,4.22459),(18.7803,8.9886),(11.9092,50.7466)]
triangle[(-14.688,19.0917),(9.3353,8.06839),(26.7445,46.0086)]
triangle[(20.517,-8.3448),(-16.9913,17.7569),(-57.7379,-40.796)]
triangle[(-12.6582,12.0537),(-3.34328,-18.2798),(42.5851,-4.17605)]
triangle[(1.56576,-9.71431),(0.613081,6.58303),(-20.5531,5.34573)]
