triangle[(0.593794,-20.6762),(4.47756,-5.00507),(-14.3193,-0.346667)]
triangle[(-13.7424,2.81263),(-6.23234,-16.3041),(21.801,-5.29115)]
triangle[(-17.6006,8.17278),(-4.6024,-19.4168),(24.6379,-5.64092)]
triangle[(5.86839,14.2172),(6.94615,-16.0556),(42.2996,-14.797)]
triangle[(11.5136,20.1887),(-9.36912,10.6697),(1.2488,-12.6237)]
triangle[(-13.8235,-4.25717),(1.54977,-6.09514),(4.42453,17.9501)]
triangle[(7.69527,2.27097),(-20.8086,-15.9285),(4.09431,-54.9314)]
triangle[(-5.01445,19.5833),(4.49729,16.5789),(7.52625,26.1682)]
triangle[(-10.5879,5.12279),(14.5863,4.02209),(15.9514,35.244)]
triangle[(5.52857,18.4354),(-12.5505,18.7614),(-13.0821,-10.7097)]
