triangle[(-11.058,-16.4383),(-5.12803,-7.22371),(-21.5003,3.31251)]
triangle[(-8.91381,-3.18648),(-18.1733,2.35696),(-27.9759,-14.0167)]
triangle[(12.7304,-1.98995),(-20.4987,-19.7477),(6.00038,-69.334)]
triangle[(-17.7804,14.6007),(-3.43331,-4.62836),(18.8688,12.0116)]
triangle[(7.57284,-2.677),(-11.5583,-9.82667),(-2.36193,-34.4344)]
triangle[(11.0019,-6.07071),(11.4093,-3.72076),(7.89645,-3.11175)]
triangle[(-6.03372,7.5027),(-15.9094,-3.89147),(3.13935,-20.4016)]
triangle[(10.0886,-6.74675),(-0.292404,4.70431),(-17.6267,-11.0101)]
triangle[(-16.2448,-1.92577),(-7.18675,-17.4082),(14.698,-4.60452)]
triangle[(-18.2809,8.72699),(-10.5974,-6.20954),(16.1958,7.57311)]
