triangle[(20.7123,-17.6644),(-13.5946,3.30908),(-55.0072,-64.4308)]
triangle[(3.28261,-11.5493),(17.589,-8.22107),(12.6071,13.1933)]
triangle[(11.3979,-12.6384),(12.1305,1.51863),(-7.40615,2.52962)]
triangle[(7.64076,5.4272),(-19.5468,-7.2889),(5.01004,-59.7927)]
triangle[(15.9401,-2.51494),(0.970412,-5.60579),(6.89747,-34.3118)]
triangle[(-0.735779,-5.19337),(0.809004,9.72936),(-16.7456,11.5466)]
triangle[(-14.2131,8.30514),(-10.3741,-7.33192),(16.7405,-0.675216)]
triangle[(17.6832,9.31009),(-8.69015,-14.8585),(37.4353,-65.1916)]
triangle[(10.8749,4.77375),(-0.17936,-18.7149),(32.6233,-34.1525)]
triangle[(17.8839,-6.94358),(-10.6247,17.8427),(-52.6073,-30.4448)]
