triangle[(-18.6532,-17.9871),(-8.40957,-5.42534),(-26.5835,9.39471)]
triangle[(7.11641,-0.448947),(16.7534,-11.5192),(28.5558,-1.24492)]
triangle[(9.03706,-2.22303),(-1.95866,17.5036),(-24.5152,4.9305)]
triangle[(-10.9271,7.76484),(12.5758,12.7171),(3.7884,54.421)]
triangle[(2.22887,-2.1846),(13.9258,-7.82019),(22.9741,10.96)]
triangle[(-13.7253,20.6883),(-7.97361,18.7478),(-4.55302,28.8866)]
triangle[(13.1486,18.5461),(-6.87703,-18.4371),(40.6566,-44.1755)]
triangle[(-3.85614,-16.1513),(2.36028,15.9478),(-44.9341,25.107)]
triangle[(0.863494,-9.75233),(6.18749,14.8667),(-31.9042,23.1042)]
triangle[(-17.4105,3.79306),(6.06038,-16.595),(41.9727,24.7477)]
triangle[(0.861754,3.71688),(17.3641,-1.80521),(26.7363,26.203)]
triangle[(13.8584,-12.2663),(-19.4205,2.30902),(-44.0843,-54.004)]
triangle[(-14.1557,20.9182),(-2.54819,1.60325),(32.1192,22.437)]
triangle[(-13.5336,-2.42783),(-15.8312,6.84428),(-34.0657,2.32594)]
triangle[(-8.00888,15.3523),(2.10914,-14.7519),(56.9823,3.6909)]
triangle[(-0.404433,4.81719),(16.3146,-20.1311),(57.1301,7.22116)]
triangle[(5.42806,15.4814),(-0.430469,7.12277),(11.3696,-1.14785)]
triangle[(-0.570427,-3.32638),(-5.86057,0.935707),(-12.7319,-7.5931)]
triangle[(-6.03039,-0.904477),(-14.1102,19.7941),(-40.4506,9.51195)]
triangle[(2.37523,1.45863),(5.05791,11.645),(-12.6552,16.3099)]
triangle[(19.9158,-19.1552),(4.34036,14.1967),(-55.2232,-13.6196)]
triangle[(-7.88427,-11.6158),(-20.9487,13.8644),(-66.0191,-9.24431)]
triangle[(-15.8876,-13.8572),(-11.275,-9.12961),(-20.1794,-0.441807)]
triangle[(-14.6419,15.4942),(-7.54684,11.1145),(-0.279382,22.8876)]
triangle[(-0.0751032,-4.90595),(-17.813,9.48343),(-46.3758,-25.7263)]
triangle[(10.6312,-18.848),(9.55017,-1.12855),(-24.7835,-3.22319)]
triangle[(-11.3721,-10.8946),(5.2645,16.7768),(-33.2354,39.9237)]
triangle[(3.60263,-7.68423),(0.673823,3.67988),(-15.4613,-0.478532)]
triangle[(20.106,4.04221),(20.5291,9.68076),(11.9369,10.3254)]
triangle[(12.941,12.5058),(16.8889,18.6758),(8.43485,24.0851)]
triangle[(-6.99045,1.02331),(6.3916,-12.925),(26.874,6.726)]
triangle[(20.9737,-6.8099),(17.9043,-11.8588),(23.3157,-15.1484)]
triangle[(-9.17902,-5.45288),(20.3379,6.36593),(5.73874,42.8266)]
triangle[(13.9597,7.79276),(13.614,15.0965),(6.30274,14.7504)]
triangle[(-11.6903,10.6101),(-4.13888,-5.54258),(25.243,8.1935)]
triangle[(-12.7266,-1.57676),(2.35382,-12.2542),(14.2007,4.47786)]
triangle[(-5.03447,-12.4627),(-0.426816,-15.0884),(2.39777,-10.1317)]
triangle[(-3.01475,-0.845714),(15.4114,6.14295),(7.29555,27.5408)]
triangle[(-19.0795,-14.241),(-6.176,16.6302),(-63.9231,40.7673)]
triangle[(7.02828,13.627),(-13.8145,14.0432),(-14.2398,-7.25008)]
triangle[(7.78343,-10.8932),(12.2695,20.9693),(-35.7865,27.7354)]
triangle[(14.1555,3.69333),(-2.11276,-16.6483),(23.7354,-37.3204)]
triangle[(-6.70135,15.4358),(20.2903,19.3351),(15.6133,51.7101)]
triangle[(-10.0311,11.8199),(-4.09064,4.85628),(6.69966,14.0613)]
triangle[(1.79325,15.4415),(-4.35903,-1.60098),(15.1243,-8.6344)]
triangle[(11.0744,-17.0344),(17.6282,17.3468),(-47.0483,29.6755)]
triangle[(-5.81803,-4.13337),(-18.3888,-9.42819),(-12.2468,-24.0103)]
triangle[(2.16844,-8.23222),(7.10453,9.65704),(-28.4754,19.4744)]
triangle[(18.0008,-11.8377),(-18.3748,9.01402),(-44.9923,-37.4198)]
triangle[(15.7922,3.36056),(-7.73628,13.298),(-26.2564,-30.5515)]
triangle[(-5.60193,-12.6869),(20.1617,0.968321),(-2.52785,43.7771)]
triangle[(5.54432,2.34659),(18.8776,0.0737927),(23.258,25.7713)]
triangle[(-17.9747,17.3848),(7.75545,-14.7259),(54.4686,22.7051)]
triangle[(11.2707,19.5475),(-10.6928,-20.7211),(51.8767,-54.848)]
triangle[(-0.952329,-11.012),(11.2815,-15.1854),(17.9728,4.42922)]
triangle[(-15.7829,-17.7214),(-8.58646,0.153442),(-37.5764,11.8249)]
triangle[(-4.05343,18.9806),(7.35074,-2.28288),(45.313,18.0773)]
triangle[(19.5321,-10.9043),(-13.8457,2.25422),(-39.0978,-61.8002)]
triangle[(1.91505,16.7983),(19.9047,-2.35861),(43.2285,19.544)]
triangle[(9.91226,3.77372),(-18.863,-14.1585),(8.4449,-57.9785)]
triangle[(-18.131,12.252),(1.41952,-4.76905),(22.188,19.0859)]
triangle[(-9.59954,-14.8628),(3.3003,-9.99079),(-3.73534,8.63789)]
triangle[(10.5312,16.8574),(-3.60428,-15.0092),(34.2681,-31.8088)]
triangle[(3.31875,17.9563),(-1.04059,-6.67018),(24.0265,-11.1075)]
triangle[(12.1823,-4.30804),(8.43211,14.0756),(-15.9792,9.0958)]
triangle[(1.26042,13.3361),(-4.62703,-14.3971),(41.7055,-24.233)]
triangle[(10.5683,8.0529),(-17.0805,-3.55814),(6.09094,-58.7352)]
triangle[(-16.8935,20.4041),(9.30026,-3.83917),(44.3656,34.0474)]
triangle[(-3.39393,-5.54688),(-5.35455,-15.2033),(9.54482,-18.2284)]
triangle[(-2.67428,-6.09995),(9.49513,12.3893),(-23.0394,33.8031)]
triangle[(-13.7044,-7.49024),(-0.435445,13.6723),(-35.2512,35.5019)]
triangle[(16.3898,6.70046),(12.3428,4.57368),(16.1197,-2.61304)]
triangle[(-19.6043,17.049),(-14.1971,-10.172),(29.8895,-1.41467)]
triangle[(-6.84769,-1.16167),(8.79429,-6.21574),(17.9791,22.2107)]
triangle[(5.13965,-17.3003),(-15.1731,-4.44366),(-40.814,-44.955)]
triangle[(2.93746,-19.4972),(-12.1213,-7.79296),(-35.1849,-37.4667)]
triangle[(-5.88867,-1.77906),(-1.87602,2.8454),(-8.9172,8.95504)]
triangle[(4.33396,4.44334),(-17.6149,-7.58813),(-2.86734,-34.4919)]
triangle[(-12.96,-20.3257),(5.67398,-9.78869),(-6.83619,12.3348)]
triangle[(-7.69676,9.68491),(-13.2389,-17.9398),(37.654,-28.1501)]
triangle[(4.22991,-16.6439),(17.9445,-5.77272),(4.2806,11.465)]
triangle[(-13.9102,11.7958),(-12.4254,19.7976),(-28.3475,22.7521)]
triangle[(-10.059,-6.05486),(7.76247,-20.4146),(22.5786,-2.02666)]
triangle[(0.306665,8.01379),(-0.284368,-13.7013),(27.2173,-14.4499)]
triangle[(-10.3618,-13.5382),(-8.69819,-17.6972),(-1.42812,-14.7892)]
triangle[(3.24158,13.2517),(-18.7045,-4.5387),(14.1211,-45.0321)]
triangle[(5.15224,-4.4836),(-14.5898,15.6338),(-40.4426,-9.7366)]
triangle[(-18.448,8.17114),(20.2287,-12.564),(50.1998,43.3403)]
triangle[(6.96978,-11.4602),(-15.8663,-14.3231),(-12.3791,-42.1393)]
triangle[(8.52982,2.36921),(4.0567,17.408),(-12.7422,12.4113)]
triangle[(-20.4753,13.5754),(20.1883,9.45748),(27.7496,84.1246)]
triangle[(4.19261,-20.4917),(10.0905,12.4337),(-47.7412,22.793)]
triangle[(-7.43753,-3.96616),(15.27,4.21148),(5.0853,32.4921)]
triangle[(10.4471,16.2716),(-13.6343,-9.16043),(12.5602,-33.9637)]
triangle[(-17.7176,19.3376),(-15.4171,-20.0922),(49.102,-16.328)]
triangle[(-13.2762,1.52217),(3.76631,-1.32527),(8.61418,27.6903)]
triangle[(-17.9496,-8.92092),(-19.4346,-17.5048),(-6.41444,-19.7572)]
triangle[(3.97236,-12.4038),(20.7653,-12.5578),(21.0635,19.9344)]
triangle[(-6.35886,16.0781),(-8.57528,-4.72673),(18.295,-7.58933)]
triangle[(-18.8603,-5.18181),(-20.3135,18.7438),(-44.9984,17.2445)]
triangle[(11.751,3.80538),(9.50935,-13.6225),(43.0259,-17.9336)]
triangle[(-9.44998,14.0988),(-5.70824,-2.2733),(24.573,4.6473)]
triangle[(-5.77828,5.51146),(-2.47654,2.30302),(2.94426,7.88145)]
triangle[(5.27859,-7.85433),(-20.1381,14.5961),(-47.765,-16.6811)]
triangle[(-6.38595,-1.15613),(-17.9258,-7.32745),(-11.0033,-20.2719)]
triangle[(4.98801,-10.2964),(-8.93854,-2.67588),(-17.1219,-17.631)]
triangle[(15.0654,14.7262),(18.7411,-3.12182),(50.271,3.37155)]
triangle[(18.9706,0.578252),(-19.6528,7.77719),(-26.9871,-31.5725)]
triangle[(-9.62663,7.70627),(7.84337,-2.1618),(26.0338,30.0418)]
triangle[(14.3227,5.21884),(-3.8455,-4.40821),(7.4086,-25.647)]
triangle[(-15.8258,8.12145),(-10.4355,-5.21752),(11.3066,3.56851)]
triangle[(15.0028,20.0729),(20.5395,-2.16059),(52.6854,5.8445)]
triangle[(0.658267,-20.606),(4.56531,-1.28438),(-29.1862,5.54054)]
triangle[(-1.02184,-13.3918),(-9.15667,5.49117),(-42.2551,-8.76775)]
triangle[(-4.68296,-13.8381),(-6.40454,0.294593),(-23.7705,-1.82084)]
triangle[(-18.1588,-20.2493),(11.0808,-2.74178),(-15.4302,41.5346)]
triangle[(18.1298,0.445088),(15.9984,12.7002),(-7.73466,8.5724)]
triangle[(3.74292,1.61558),(5.60074,-20.8635),(42.6259,-17.8035)]
triangle[(7.76086,-4.0641),(-19.8232,-17.0459),(4.80117,-69.3681)]
triangle[(-9.57515,-7.84547),(-4.55865,2.56912),(-17.7104,8.90406)]
triangle[(-16.7156,-17.0996),(-19.9744,-16.7974),(-20.3385,-20.7231)]
triangle[(13.1865,-2.84929),(-7.04414,14.5777),(-24.739,-5.96394)]
triangle[(19.9266,12.0273),(-2.28875,7.09986),(5.60178,-28.4745)]
triangle[(-10.5829,16.8393),(19.6036,-1.51109),(53.0483,53.5057)]
triangle[(16.4688,9.10067),(-15.4769,8.35755),(-14.6851,-25.6789)]
triangle[(6.52011,-6.5035),(17.0503,10.7768),(-10.7278,27.7042)]
triangle[(9.11679,-4.70573),(-8.56865,-11.8636),(0.276135,-33.7171)]
triangle[(-5.34478,-3.42141),(9.24671,-15.7346),(26.1213,4.26235)]
triangle[(11.6994,-0.980834),(7.23747,-10.0091),(16.6537,-14.6627)]
triangle[(-7.07736,-5.23897),(-5.82376,-0.662705),(-13.7141,1.49871)]
triangle[(19.724,12.0119),(-10.7838,-5.05239),(20.6336,-61.2206)]
triangle[(-0.882087,-19.1566),(2.82314,-2.43527),(-22.8425,3.2519)]
triangle[(-9.91126,20.4958),(13.7873,-8.71808),(44.6931,16.3529)]
triangle[(11.564,15.1428),(9.59827,2.12701),(32.2745,-1.29776)]
triangle[(-2.22987,-15.3635),(-2.54202,14.4899),(-47.7016,14.0177)]
triangle[(-5.07702,-6.48846),(5.45032,3.02898),(-12.3907,22.7631)]
triangle[(20.6974,-18.2315),(-9.95455,-2.8745),(-36.8926,-56.6417)]
triangle[(-20.9983,-20.8581),(18.1312,-6.8311),(2.27732,37.3945)]
triangle[(17.2207,6.13771),(-2.5215,3.932),(1.17523,-29.1554)]
triangle[(-2.89601,-13.9931),(-3.02021,-18.3013),(1.72875,-18.4382)]
triangle[(16.3846,8.93134),(7.01648,-16.5748),(38.594,-28.1729)]
triangle[(-14.5986,19.2401),(17.744,13.2007),(27.4403,65.1277)]
triangle[(12.5378,11.9485),(-5.35492,-12.1121),(37.9372,-44.3065)]
triangle[(-19.1155,-8.27224),(16.452,-4.46546),(12.1642,35.5965)]
triangle[(14.9235,6.86765),(-17.7171,-16.0193),(25.7567,-78.02)]
triangle[(-5.45618,14.6741),(-3.70177,19.9098),(-11.7092,22.593)]
triangle[(14.4055,1.24997),(-17.0118,8.07689),(-26.826,-37.0877)]
triangle[(4.12455,17.5071),(5.69935,-17.4657),(60.5051,-14.9978)]
triangle[(-0.264701,14.2033),(-7.23527,9.59829),(-2.17982,1.94589)]
triangle[(13.4448,-0.697214),(-11.8539,-20.0596),(23.6651,-66.4684)]
triangle[(-12.4999,-8.07796),(-8.88247,-11.257),(-3.28534,-4.88786)]
triangle[(-13.7955,11.8361),(16.4369,3.44929),(31.9395,59.3323)]
triangle[(-4.3375,-4.33174),(18.9955,19.8722),(-26.1734,63.4157)]
triangle[(9.27958,-20.0122),(5.88165,-6.31808),(-13.325,-11.0838)]
triangle[(16.9703,19.9335),(-14.3856,-13.2825),(37.296,-62.0701)]
triangle[(-4.37891,-10.9153),(10.8547,4.2565),(-14.3776,29.5916)]
triangle[(8.61425,8.59281),(5.16316,0.856186),(17.5137,-4.65305)]
triangle[(-17.0931,12.8536),(12.7071,-6.28947),(45.0985,44.1345)]
triangle[(-19.0432,-15.0094),(18.8687,3.20701),(-10.7492,64.8476)]
triangle[(12.4048,-13.7409),(-13.3974,17.0023),(-68.7511,-29.4548)]
triangle[(2.05104,-3.16378),(-17.0708,-16.7282),(9.46258,-54.1322)]
triangle[(-5.7206,13.596),(10.1179,-11.1099),(36.8401,6.02124)]
triangle[(-2.65246,17.7309),(13.1172,-3.35547),(48.1156,22.8184)]
triangle[(18.4844,-18.4134),(18.4781,-1.63952),(-9.93653,-1.6502)]
triangle[(-7.96432,4.86791),(-10.4459,-13.0151),(22.2396,-17.5508)]
triangle[(10.2352,-8.63841),(18.812,-18.8926),(38.8335,-2.14627)]
triangle[(20.0733,-12.0428),(-17.3778,-4.67969),(-30.3211,-70.5132)]
triangle[(-16.7545,2.8761),(2.98554,-20.0071),(39.0052,11.065)]
triangle[(-0.0926231,-8.13028),(-1.9697,-12.1445),(3.07275,-14.5024)]
triangle[(-16.0369,12.0739),(16.4844,17.6879),(5.9772,78.5555)]
triangle[(7.79089,-0.0931763),(16.4481,20.6964),(-7.85945,30.8186)]
triangle[(-10.6465,-9.89941),(4.82185,-18.6937),(21.3628,10.4003)]
triangle[(-15.2828,-15.9746),(13.3722,-3.11618),(-3.84821,35.2593)]
triangle[(9.46221,11.413),(-10.2923,-15.603),(24.2357,-40.8504)]
triangle[(2.80083,16.6808),(7.02896,16.8818),(6.71162,23.5551)]
triangle[(-9.12235,-9.86608),(4.47285,12.1747),(-31.6486,34.4551)]
triangle[(19.6413,2.74033),(19.8075,-15.1348),(42.4264,-14.9246)]
triangle[(-8.85809,-5.71377),(-13.0797,-12.8534),(-3.05455,-18.7812)]
triangle[(-18.3352,0.0945311),(9.70043,8.47843),(0.196305,40.26)]
triangle[(8.92191,17.3293),(-5.99394,10.7177),(3.60286,-10.9329)]
triangle[(-16.0761,-19.2301),(17.9508,17.2278),(-19.134,51.8399)]
triangle[(-10.8684,8.43105),(-12.4629,10.0113),(-14.844,7.60875)]
triangle[(20.4824,-16.2725),(3.82074,-18.6169),(7.03918,-41.4903)]
triangle[(-5.0402,19.025),(15.6603,-20.7079),(67.9063,6.51181)]
triangle[(7.69937,9.48037),(-7.16887,-9.56819),(21.3959,-31.8643)]
triangle[(11.6985,-11.1518),(-6.80337,18.49),(-58.9176,-14.0387)]
triangle[(-10.3277,2.80152),(-7.19858,4.06754),(-8.89371,8.25719)]
triangle[(3.22165,-0.645218),(2.35003,8.99514),(-13.9532,7.52109)]
triangle[(-7.36008,-6.59907),(8.76607,14.6944),(-23.4201,39.0699)]
triangle[(-4.5218,-20.2815),(-19.7961,6.17274),(-61.5191,-17.9175)]
triangle[(-7.99018,3.52254),(-15.5389,-19.4205),(26.4555,-33.2375)]
triangle[(-10.859,-20.5498),(-11.2429,14.5015),(-60.9867,13.9567)]
triangle[(17.9685,-8.39127),(14.284,-13.166),(22.7319,-19.6849)]
triangle[(10.6292,-13.9293),(9.3402,-10.8796),(4.10594,-13.092)]
triangle[(-17.1119,-8.41169),(-16.6995,2.26119),(-33.6089,2.91466)]
triangle[(-11.7521,16.7721),(-8.11795,11.7402),(-1.35818,16.6222)]
triangle[(8.44968,12.293),(-15.7917,-11.0946),(24.9969,-53.372)]
triangle[(5.31947,10.2366),(1.46191,14.152),(-2.9725,9.78314)]
triangle[(-0.000465873,-12.4271),(9.43037,-9.12651),(5.78982,1.27581)]
triangle[(6.21063,10.177),(-1.04827,11.6149),(-2.66641,3.44603)]
triangle[(11.9482,-11.3146),(-19.426,12.3082),(-50.6874,-29.211)]
triangle[(12.1567,-18.413),(15.6052,12.4579),(-28.3556,17.3686)]
triangle[(18.9081,-14.2419),(7.86798,-17.3911),(12.0686,-32.117)]
triangle[(19.4087,8.00065),(3.42764,9.03977),(1.9953,-12.9889)]
triangle[(13.7523,-20.4798),(-1.01535,9.59177),(-52.0491,-15.4701)]
triangle[(10.9265,-19.2376),(17.2882,7.06552),(-34.6464,19.6265)]
triangle[(14.3889,9.83096),(-14.6791,-1.63741),(0.499199,-40.1087)]
triangle[(11.1546,10.9545),(2.67858,-8.55761),(27.9627,-19.5409)]
triangle[(-17.1125,-1.07841),(-14.913,16.6563),(-35.1845,19.1704)]
triangle[(19.0816,12.3862),(7.88866,-12.7928),(49.4979,-31.2896)]
triangle[(-14.3888,7.26709),(-7.25249,10.1803),(-10.762,18.7773)]
triangle[(-18.9223,-15.285),(20.6856,7.9215),(-18.5356,74.8626)]
triangle[(-1.46984,-13.2699),(-1.86002,19.8649),(-45.9617,19.3456)]
triangle[(-6.75453,-11.2056),(-13.2874,20.7505),(-71.136,8.92431)]
triangle[(-4.21253,-14.4381),(-1.0331,7.82953),(-45.3013,14.1503)]
triangle[(-15.1899,-3.65503),(-6.32554,-2.45011),(-7.68384,7.54257)]
triangle[(14.8192,-0.679628),(2.09779,-13.6137),(21.8381,-33.0295)]
triangle[(16.3077,15.8792),(11.6212,-17.0743),(56.0358,-23.3907)]
triangle[(-8.57235,3.63399),(-5.88797,14.4221),(-21.0888,18.2045)]
triangle[(-15.3503,-9.81576),(-19.094,1.75412),(-36.1218,-3.75567)]
triangle[(8.79458,1.5754),(-18.9273,5.43786),(-25.6825,-43.0462)]
triangle[(13.5362,-7.97823),(-8.16785,-4.59578),(-14.9292,-47.9814)]
triangle[(-18.7156,-20.2762),(-12.7828,0.532383),(-34.9334,6.84785)]
triangle[(9.49686,-18.4052),(-20.2915,-16.2866),(-22.7771,-51.2362)]
triangle[(-18.4694,-9.98634),(19.7093,11.9311),(-6.77703,58.0686)]
triangle[(1.51457,0.119932),(-13.85,6.02291),(-25.2955,-23.7681)]
triangle[(17.0406,-2.44358),(-7.06954,-11.9873),(7.4199,-48.5918)]
triangle[(-15.9104,-9.89376),(4.78938,-2.23275),(-8.3357,33.2308)]
triangle[(-13.2016,3.48151),(-4.91781,-13.4143),(12.8481,-4.70381)]
triangle[(3.92632,20.1805),(13.0238,-2.48999),(36.1007,6.77056)]
triangle[(20.7404,-4.4838),(-19.0175,9.07133),(-35.3983,-38.9743)]
triangle[(20.587,1.04987),(-2.94774,6.99109),(-13.2334,-33.7534)]
triangle[(18.6604,8.33347),(-13.2521,0.645879),(0.926875,-58.2134)]
triangle[(9.56686,-13.3816),(-5.90376,1.77906),(-30.0674,-22.8787)]
triangle[(19.2723,15.539),(-3.29924,17.1532),(-5.80187,-17.8412)]
triangle[(3.55854,-9.69911),(-1.88076,4.14508),(-16.47,-1.58693)]
triangle[(16.3686,-17.8603),(4.72286,-13.8845),(-2.59209,-35.311)]
triangle[(17.3946,9.63379),(18.3863,3.55878),(28.1487,5.15238)]
triangle[(17.6121,14.6464),(-14.843,15.8636),(-17.1864,-46.6226)]
triangle[(-15.9263,20.865),(-15.0096,9.7258),(3.87248,11.2797)]
triangle[(11.9628,-1.58515),(-16.201,0.172951),(-19.3211,-49.8097)]
triangle[(3.64928,10.373),(19.0581,0.819818),(30.8829,19.8927)]
triangle[(10.5675,-15.3874),(-5.98805,13.631),(-54.634,-14.1224)]
triangle[(9.36832,-11.8724),(-18.3027,-0.00419269),(-31.9801,-31.8933)]
triangle[(-16.4937,9.82424),(9.06166,-13.5333),(52.8557,34.3816)]
triangle[(5.08585,-8.99204),(-12.3824,9.60763),(-48.5248,-24.3363)]
triangle[(5.94976,-3.91569),(-2.1245,-16.0897),(12.1963,-25.5878)]
triangle[(-7.61854,-2.0206),(-5.02826,-12.3844),(8.17182,-9.08528)]
triangle[(9.22124,0.00780456),(14.7699,-20.029),(54.6781,-8.9774)]
triangle[(20.3097,-16.7091),(-4.93927,-18.7923),(-2.52962,-47.9978)]
triangle[(-1.1443,-0.203904),(-13.3969,3.31279),(-17.684,-11.6242)]
triangle[(-6.60308,6.65696),(-9.61659,-9.01354),(19.5351,-14.6195)]
triangle[(-10.9605,-2.32844),(-14.0474,11.5913),(-40.6427,5.69361)]
triangle[(-12.3178,-15.7062),(-17.7482,20.4533),(-88.1901,9.87435)]
triangle[(-17.3194,12.0017),(4.95314,3.09625),(19.5323,39.5588)]
triangle[(-16.8923,-13.4783),(-20.984,9.27986),(-62.0197,1.90217)]
triangle[(-17.2693,11.7469),(-10.8704,5.06619),(0.789023,16.2337)]
triangle[(10.3361,-17.8619),(7.81964,5.91319),(-20.9609,2.86693)]
triangle[(3.48345,14.4664),(5.36658,18.3853),(-1.33381,21.605)]
triangle[(6.31115,-10.9526),(12.801,5.37788),(-6.31274,12.9738)]
triangle[(-7.93273,-12.8313),(-7.88548,-6.37728),(-18.0394,-6.30294)]
triangle[(11.1935,5.39139),(-0.137615,-11.3979),(31.3821,-32.6707)]
triangle[(-9.81665,9.88145),(13.6629,4.33038),(24.5555,50.403)]
triangle[(-14.0331,-1.52542),(-1.7823,17.2217),(-26.1682,33.1573)]
triangle[(11.8625,-0.68815),(13.6778,-6.26074),(20.1547,-4.15089)]
triangle[(8.6477,-19.6431),(-7.93913,3.16998),(-32.7474,-14.8675)]
triangle[(-16.9643,2.29688),(2.56156,2.81217),(1.69043,35.822)]
triangle[(-15.0487,-3.82981),(-2.06159,5.71636),(-16.8807,25.8772)]
triangle[(13.7478,9.6294),(-16.1073,8.33887),(-14.0878,-38.3793)]
triangle[(-3.14253,-13.1354),(-5.66992,17.0716),(-55.4255,12.9086)]
triangle[(1.71389,-6.1998),(-20.5124,8.93689),(-35.6665,-13.3149)]
triangle[(-11.5799,5.5009),(-8.85659,19.8713),(-24.5136,22.8384)]
triangle[(13.3332,-15.6009),(6.1056,15.0959),(-53.9748,0.949936)]
triangle[(-16.8847,-19.407),(11.1823,4.98866),(-32.1308,54.82)]
triangle[(11.7802,4.5227),(6.35446,0.660432),(10.5474,-5.22992)]
triangle[(-13.8307,20.8457),(11.6855,1.95811),(32.6043,30.2184)]
triangle[(3.56532,9.63226),(10.8057,-11.7608),(41.3387,-1.42706)]
triangle[(-6.84594,15.8089),(-5.71826,-19.4091),(31.1942,-18.2272)]
triangle[(18.7466,-17.3909),(-20.9495,-14.5159),(-24.532,-63.9801)]
triangle[(-8.76514,-4.82301),(11.8754,15.0297),(-27.4188,55.8833)]
triangle[(-11.6421,-6.12519),(6.47906,8.49652),(-22.4593,44.3606)]
triangle[(-7.65173,-1.77528),(14.7295,1.03607),(10.1482,37.5081)]
triangle[(-18.8719,2.82626),(-5.97231,-10.0621),(7.31785,3.23961)]
triangle[(0.140032,-2.21004),(16.9255,-2.84414),(18.1348,29.1681)]
triangle[(-3.67283,8.49384),(-19.0301,-13.0655),(2.72417,-28.5615)]
triangle[(-19.2164,-15.2507),(15.0638,-19.5854),(23.4659,46.8622)]
triangle[(-11.4139,-19.3126),(-8.01271,-18.4905),(-8.86316,-14.9719)]
triangle[(-1.98607,8.07447),(3.87588,3.33962),(11.6695,12.9884)]
triangle[(19.7473,6.24764),(-11.9601,-16.0324),(29.9289,-75.6461)]
triangle[(19.4067,-12.2218),(3.54215,-18.9858),(11.1079,-36.7307)]
triangle[(1.24108,7.78884),(-19.1989,4.46726),(-12.9614,-33.9162)]
triangle[(-5.76611,-15.2454),(-4.43578,14.6278),(-56.6115,16.9513)]
triangle[(-17.2777,2.46104),(2.50028,-10.9548),(18.7316,12.974)]
triangle[(7.54677,-20.9077),(-11.9141,-20.9201),(-11.8909,-57.2604)]
triangle[(0.977089,-1.17577),(-3.73581,6.38572),(-16.2313,-1.40245)]
triangle[(5.41895,12.253),(6.21831,-9.12234),(48.5774,-7.53826)]
triangle[(-9.98082,0.747338),(5.89195,14.1353),(-9.0772,31.8827)]
triangle[(20.2056,10.59),(-18.7783,-13.6301),(11.6454,-62.599)]
triangle[(19.46,-2.39711),(-15.4438,-18.9327),(9.42058,-71.4171)]
triangle[(-17.4929,-12.8895),(-8.92182,-1.7198),(-23.7479,9.65691)]
triangle[(-20.649,0.698828),(9.552,13.9292),(-4.81838,46.7325)]
triangle[(-13.3742,13.9325),(6.8918,-19.3672),(71.0272,19.6653)]
triangle[(-13.9662,11.5455),(-14.8105,-9.56674),(8.63456,-10.5043)]
triangle[(-13.0556,2.69164),(-20.4061,-7.53345),(-3.7112,-19.5349)]
triangle[(3.90069,10.1772),(-11.8594,15.1556),(-19.0087,-7.47697)]
triangle[(15.1189,-0.20523),(0.958146,-14.5872),(21.8095,-35.1179)]
triangle[(-17.8397,-12.835),(-20.1356,0.265521),(-42.7561,-3.69882)]
triangle[(3.00073,15.9741),(-20.4672,10.3706),(-11.6024,-26.7558)]
triangle[(-4.69398,18.7072),(9.54507,2.2769),(28.5344,18.7337)]
triangle[(18.1042,4.65077),(-16.893,-3.54638),(-8.05439,-41.2821)]
triangle[(17.6078,10.9277),(0.307681,6.67447),(6.44372,-18.2841)]
triangle[(-3.75613,5.79738),(-10.6168,-6.15864),(6.30295,-15.8677)]
triangle[(-11.278,-1.31733),(-8.6721,12.677),(-23.2151,15.3851)]
triangle[(5.95489,18.1997),(-10.7899,11.0989),(1.2817,-17.3677)]
triangle[(-16.54,-14.987),(17.0478,5.69571),(-8.3922,47.0091)]
triangle[(-6.609,20.0914),(16.4545,19.7947),(16.8655,51.7378)]
triangle[(15.9116,-15.8298),(-2.30015,-4.06575),(-14.8057,-23.4253)]
triangle[(-14.2856,-7.06139),(-5.90208,-20.1551),(7.68304,-11.4569)]
triangle[(4.6281,-4.32656),(8.4298,-0.677648),(4.44042,3.47879)]
triangle[(-12.2442,-18.9398),(1.95459,15.1337),(-35.093,30.5718)]
triangle[(-6.43438,14.4426),(8.34789,-19.7878),(65.2756,4.79617)]
triangle[(16.2243,-7.84889),(-14.2861,-8.06291),(-13.9039,-62.5517)]
triangle[(-17.3689,1.93032),(-0.460119,-10.4485),(16.2893,12.4304)]
triangle[(-15.0786,13.9089),(20.812,11.8779),(23.3671,57.031)]
triangle[(-6.98783,-20.1402),(-9.86488,14.8082),(-66.346,10.1586)]
triangle[(-20.8822,9.82654),(20.0784,12.0499),(16.7687,73.0258)]
triangle[(2.48377,20.6141),(13.1537,5.10578),(37.7611,22.036)]
triangle[(-2.47618,-7.0642),(15.7014,20.8583),(-32.4378,52.197)]
triangle[(-19.3458,-6.6362),(6.31768,-18.0737),(24.9111,23.6461)]
triangle[(-20.8752,8.8006),(6.23878,16.1316),(-4.78326,56.8968)]
triangle[(-14.1481,-20.4204),(-12.0626,8.02291),(-42.2105,10.2334)]
triangle[(-8.31365,9.91963),(-5.75762,-9.62368),(23.3961,-5.81072)]
triangle[(-6.79867,-9.67324),(19.855,8.43718),(-5.75014,46.1211)]
triangle[(-7.52244,12.2787),(-14.4021,-13.4172),(24.3304,-23.7871)]
triangle[(-17.4676,-17.3464),(-15.567,13.6031),(-62.6839,16.4966)]
triangle[(4.01159,11.6677),(6.18152,-7.36363),(40.9854,-3.39532)]
triangle[(-6.94023,-6.5598),(-16.512,-1.84983),(-23.8222,-16.706)]
triangle[(-9.1111,-5.33272),(-4.99798,-20.0274),(23.7713,-11.9748)]
triangle[(4.66331,-19.0367),(0.815125,2.59083),(-32.1583,-3.27612)]
triangle[(17.0621,6.67096),(14.7811,-19.1875),(62.2052,-23.3708)]
triangle[(16.3225,13.2366),(-16.656,15.0843),(-19.4211,-34.2666)]
triangle[(-2.88247,19.9701),(-13.2751,4.01273),(4.02031,-7.25126)]
triangle[(1.22791,8.45803),(-3.08009,-14.3201),(22.6331,-19.1832)]
triangle[(11.5493,-20.5149),(-9.55825,-15.1308),(-20.047,-56.2507)]
triangle[(2.12461,7.3674),(-10.5143,-1.49654),(6.27419,-25.435)]
triangle[(-6.34897,7.43159),(-9.71122,5.29393),(-7.00921,1.04403)]
triangle[(-14.8489,-9.25048),(1.66864,4.47456),(-17.9189,28.0473)]
triangle[(16.2175,-19.1818),(7.52051,1.63047),(-27.8284,-13.1411)]
triangle[(11.3113,-11.7809),(4.57098,15.8114),(-47.8965,2.99447)]
triangle[(9.56792,5.02707),(20.3741,-6.11521),(39.6662,12.595)]
triangle[(-15.0082,-2.65975),(12.2493,-18.8691),(39.6507,27.2087)]
triangle[(-13.1851,15.1674),(-16.629,-8.95098),(30.2015,-15.6381)]
triangle[(20.7865,-15.6055),(-11.2862,14.9742),(-65.9666,-42.3758)]
triangle[(1.37144,9.18375),(-14.369,-7.71361),(6.04805,-26.7327)]
triangle[(-9.35724,-0.436113),(-18.9936,-16.3169),(10.1616,-34.0081)]
triangle[(-13.7216,-4.07693),(5.54599,-3.68517),(4.90039,28.0664)]
triangle[(14.7507,-16.9733),(1.99313,7.31304),(-38.1692,-13.7842)]
triangle[(-3.88582,-7.32543),(-9.12273,17.1115),(-46.5266,9.09569)]
triangle[(11.9857,-14.6572),(7.07147,-17.9701),(13.103,-26.9171)]
triangle[(8.75656,4.08467),(10.1771,-15.5869),(42.4826,-13.254)]
triangle[(6.07629,17.2912),(0.668273,14.6145),(5.82346,4.19922)]
triangle[(-13.7742,-20.9602),(12.5156,-13.8626),(1.06625,28.5466)]
triangle[(4.04242,19.9722),(-3.91918,20.209),(-4.20067,10.7457)]
triangle[(7.44215,11.9143),(10.482,11.198),(11.6029,15.9549)]
triangle[(14.4335,-0.930646),(-14.3575,5.07856),(-21.2817,-28.0962)]
triangle[(-8.35749,5.88036),(-18.3457,4.17244),(-15.0581,-15.0539)]
triangle[(-3.19943,14.9039),(-18.3817,-11.8993),(15.4438,-31.0592)]
triangle[(8.34516,14.6885),(7.40961,20.3702),(0.0757507,19.1625)]
triangle[(13.7511,-15.6643),(12.7524,-10.0387),(3.69239,-11.647)]
triangle[(6.83339,-19.9925),(13.015,18.5585),(-58.9337,30.0954)]
triangle[(-4.13089,-6.4982),(9.2858,-20.2479),(36.4501,6.25848)]
triangle[(8.14222,-13.6543),(8.8354,19.2655),(-46.0087,20.4204)]
triangle[(-3.99368,13.315),(4.61537,19.83),(-4.83498,32.3179)]
triangle[(12.0401,-14.4843),(16.6432,-11.6086),(11.929,-4.06274)]
triangle[(0.382466,-10.6568),(5.11491,1.0322),(-10.9673,7.54333)]
triangle[(-9.86471,19.8639),(7.09206,2.03529),(26.8586,20.8352)]
triangle[(-4.96119,-1.80434),(-10.263,0.23507),(-12.4493,-5.44869)]
triangle[(3.6519,15.8982),(-1.94908,4.10214),(16.5964,-4.70358)]
triangle[(16.5441,8.59318),(-14.3047,4.28329),(-8.4018,-37.9673)]
triangle[(9.13796,-9.18413),(-2.85017,18.4208),(-31.4359,6.00678)]
triangle[(12.77,9.80942),(-8.24076,-1.64017),(8.88052,-33.0589)]
triangle[(-16.9267,0.653104),(5.82529,4.11263),(0.333805,40.228)]
triangle[(-3.15104,10.3767),(8.42825,-15.0743),(38.7302,-1.28797)]
triangle[(-3.84016,14.1653),(-16.2061,-7.49308),(21.2401,-28.8731)]
triangle[(6.76098,6.17995),(-2.1503,20.5723),(-25.3841,6.18662)]
triangle[(15.823,-3.08384),(-8.92979,7.57723),(-25.0411,-29.8298)]
triangle[(4.22188,7.08922),(17.611,-4.08281),(35.5177,17.3775)]
triangle[(8.1679,0.865908),(14.5091,-5.27292),(25.3587,5.93435)]
triangle[(-15.1039,-8.61349),(5.61536,14.5037),(-28.3679,44.962)]
triangle[(18.5165,12.2242),(-10.1803,10.9006),(-7.86525,-39.2932)]
triangle[(-10.0455,-17.4786),(2.09095,1.47291),(-20.2202,15.7608)]
triangle[(7.64501,2.08941),(-12.7122,-4.33923),(-5.74343,-26.4068)]
triangle[(-7.93699,-20.9513),(-4.35887,4.17729),(-41.5542,9.47363)]
triangle[(11.9444,8.55529),(5.12007,-1.38128),(17.0143,-9.55014)]
triangle[(16.5167,-9.87105),(16.6271,-1.61748),(7.51174,-1.49553)]
triangle[(-2.01485,-12.3379),(3.84509,14.2431),(-38.2623,23.5259)]
triangle[(-8.85024,-18.2205),(-3.44018,-11.7492),(-11.078,-5.36393)]
triangle[(-2.98519,-16.8661),(-18.8437,19.9169),(-83.3219,-7.88201)]
triangle[(-18.2944,-1.71501),(2.03022,-1.80542),(2.20062,36.4983)]
triangle[(-2.28408,-0.81099),(-13.2545,-3.92542),(-9.6401,-16.6571)]
triangle[(9.93876,16.7889),(-13.6507,16.0877),(-12.6826,-16.4833)]
triangle[(5.03578,7.5514),(-7.30354,-2.91008),(13.0634,-26.933)]
triangle[(11.0353,-20.4249),(16.0036,-14.6297),(5.41377,-5.55093)]
triangle[(-10.1892,20.7909),(16.1369,-18.4195),(70.408,18.0185)]
triangle[(-0.043443,-9.20686),(10.2496,9.76334),(-25.8719,29.3625)]
triangle[(-6.22253,-6.21572),(-12.6758,-9.87414),(-6.11898,-21.44)]
triangle[(8.84938,6.48753),(18.6798,-7.88258),(33.3828,2.17558)]
triangle[(9.4427,2.20404),(-10.051,-1.43588),(-3.71703,-35.3574)]
triangle[(7.57008,18.0502),(-3.02894,17.9993),(-2.92899,-2.80019)]
triangle[(-6.83625,16.3747),(-12.8173,-1.39765),(21.9716,-13.1054)]
triangle[(-16.4114,-12.4124),(-1.95443,5.28443),(-23.9271,23.2345)]
triangle[(-8.51244,-13.2869),(-10.2209,20.0282),(-51.0306,17.9354)]
triangle[(-0.732649,-6.65063),(-13.4557,-18.7057),(-0.436565,-32.4463)]
triangle[(-17.3828,8.02238),(-6.4501,-12.8993),(31.0042,6.67246)]
triangle[(7.85111,-10.0624),(-20.9206,-1.57773),(-32.5345,-40.9607)]
triangle[(12.9198,4.15473),(19.0607,-8.35258),(32.9783,-1.51923)]
triangle[(2.2413,3.99982),(-17.5711,18.3524),(-41.198,-14.2623)]
triangle[(8.40557,7.93562),(14.4127,19.8617),(0.373717,26.9331)]
triangle[(-8.16611,12.2145),(8.16359,-18.704),(42.6216,-0.504893)]
triangle[(19.9016,-0.726586),(17.8264,-10.0014),(28.8025,-12.4572)]
triangle[(-1.53961,18.8653),(-10.6288,6.97694),(9.8561,-8.68468)]
triangle[(-11.7499,8.97623),(-16.1919,-4.83758),(9.4542,-13.0844)]
triangle[(3.91443,-12.9906),(-11.3809,17.0357),(-58.9122,-7.17675)]
triangle[(4.49368,-13.6101),(-12.5408,5.75949),(-41.3625,-19.5876)]
triangle[(19.7959,12.5779),(-18.5488,7.9274),(-13.7191,-31.8942)]
triangle[(9.59051,-13.1651),(-4.88592,3.65813),(-27.3119,-15.6394)]
triangle[(-11.7113,-16.2366),(-14.0933,-3.45932),(-26.911,-5.84888)]
triangle[(-13.9315,-16.6895),(-17.2098,8.47762),(-54.8627,3.57299)]
triangle[(9.12293,9.15182),(-13.6484,-2.14624),(6.94199,-43.6464)]
triangle[(-7.84235,0.36265),(-16.5052,5.83454),(-23.7572,-5.64651)]
triangle[(-12.0205,18.7075),(-14.7235,18.0556),(-14.0228,15.1499)]
triangle[(-10.7167,-8.73244),(14.7292,2.3391),(3.07397,29.1264)]
triangle[(-14.7802,7.01962),(9.53969,-19.7993),(37.8036,5.83105)]
triangle[(-3.50586,13.8608),(16.5566,-20.9765),(75.2187,12.8066)]
triangle[(-19.7704,-13.0169),(5.67728,5.13613),(-21.7533,43.5894)]
triangle[(0.199234,1.80023),(-16.7824,3.17278),(-18.6105,-19.4452)]
triangle[(-12.5829,18.6474),(4.95757,-0.170458),(30.7853,23.9041)]
triangle[(-17.036,-20.3042),(1.91448,-9.16177),(-17.1806,23.3143)]
triangle[(18.9201,18.1909),(-16.4881,-17.1007),(20.1107,-53.8204)]
triangle[(-3.48739,0.559348),(-19.9064,-4.51259),(-10.9684,-33.4467)]
triangle[(-8.99001,13.9558),(-7.29407,18.7054),(-13.9848,21.0945)]
triangle[(19.9239,6.52558),(10.9521,7.16468),(9.98527,-6.40735)]
triangle[(-18.6425,-16.9792),(-2.37196,-3.74217),(-28.3308,28.1657)]
triangle[(-14.7772,-16.0605),(-2.99512,-9.00003),(-11.1938,4.68145)]
triangle[(4.51825,-17.1623),(0.238152,6.93672),(-29.0683,1.73175)]
triangle[(-10.5776,-9.37386),(2.91982,7.75619),(-26.7582,31.1407)]
triangle[(-7.08267,-11.2603),(1.46702,-7.2724),(-6.38901,9.57026)]
triangle[(-12.9707,-7.21144),(14.7535,-2.50213),(9.0333,31.1732)]
triangle[(2.29643,8.8938),(-14.1396,12.0504),(-17.789,-6.95138)]
triangle[(-9.05943,16.9391),(15.5741,-17.5917),(83.5985,30.9353)]
triangle[(11.9783,-0.812636),(12.9049,-4.03906),(17.1005,-2.83414)]
triangle[(-13.0489,8.9453),(5.33889,-1.4915),(16.8159,18.7289)]
triangle[(2.34325,5.58062),(-18.8123,2.72329),(-13.1701,-39.0513)]
triangle[(-10.5494,20.3569),(-20.9468,-4.23984),(22.2758,-22.5107)]
triangle[(4.07617,-7.37671),(15.5786,2.26079),(2.12718,18.315)]
triangle[(-7.80975,-3.23334),(-5.32842,19.9507),(-43.8593,24.0746)]
triangle[(-18.6893,12.7956),(-2.40139,12.4229),(-1.70854,42.7022)]
triangle[(-1.98757,-14.1827),(-7.46896,0.200912),(-23.5188,-5.91545)]
triangle[(-1.90086,6.42235),(0.0803018,1.87895),(5.79153,4.36934)]
triangle[(4.05564,-5.60559),(-19.7042,-0.201371),(-29.706,-44.1746)]
triangle[(4.43354,-7.99868),(-19.3588,-15.6536),(-5.8181,-57.7394)]
triangle[(0.503729,-14.5267),(-13.2324,11.8309),(-65.391,-15.3513)]
triangle[(-20.0005,-8.60866),(-7.22349,-16.263),(6.34277,6.38239)]
triangle[(13.9174,3.91891),(-9.60934,4.40866),(-10.4959,-38.1794)]
triangle[(-13.9535,10.4871),(-12.1892,-12.5259),(14.8482,-10.4531)]
triangle[(-10.2314,-14.6329),(-13.9205,-16.7007),(-9.83826,-23.9835)]
triangle[(6.8307,8.47716),(-20.2055,15.748),(-32.0637,-28.3459)]
triangle[(6.50146,12.7112),(6.68498,-3.60947),(38.4349,-3.25247)]
triangle[(6.42898,-16.7774),(-3.96009,16.5976),(-60.938,-1.13859)]
triangle[(5.27435,-14.0115),(-8.19097,-1.73092),(-26.4047,-21.7019)]
triangle[(-0.0365446,-14.3688),(-5.88336,12.5035),(-43.1872,4.38705)]
triangle[(-8.59287,-5.23546),(-2.58517,3.67057),(-12.282,10.2117)]
triangle[(-11.0093,-2.57057),(3.1391,-16.6395),(26.5728,6.92644)]
triangle[(19.7445,-9.12085),(16.6531,17.3804),(-12.2418,14.0097)]
triangle[(2.97527,-17.4648),(-6.52503,5.06112),(-51.0381,-13.7123)]
triangle[(18.1365,19.3323),(-18.4535,9.23773),(-4.47029,-41.4472)]
triangle[(-8.47138,-20.3541),(-2.79553,3.70315),(-37.8606,11.9761)]
triangle[(20.8901,-3.44594),(-19.6996,14.4393),(-51.8503,-58.5251)]
triangle[(-10.0765,-17.1542),(-2.30971,20.1366),(-64.759,33.1434)]
triangle[(-4.6724,-11.72),(9.8031,19.4365),(-39.4693,42.3288)]
triangle[(-10.0656,4.48217),(2.99432,19.9777),(-13.3689,33.7689)]
triangle[(-11.8977,5.64726),(20.4756,7.19104),(17.9835,59.452)]
triangle[(9.52332,-18.8106),(-13.1385,12.3454),(-67.516,-27.2069)]
triangle[(17.9727,-13.5828),(4.12996,-18.2245),(12.8126,-44.1184)]
triangle[(17.0772,5.74045),(2.73932,14.0312),(-10.6273,-9.08481)]
triangle[(-6.83879,20.9855),(-17.4703,-2.1227),(23.0128,-20.748)]
triangle[(2.82982,-0.0705703),(0.0729259,-19.2778),(23.8809,-22.695)]
triangle[(-3.19927,9.30457),(5.27279,-4.12753),(25.3919,8.56225)]
triangle[(-15.8278,-18.7279),(-0.343117,-16.7824),(-3.45866,8.01546)]
triangle[(-11.4467,-3.09626),(7.14445,-11.5923),(19.4596,15.3556)]
triangle[(-3.82512,-3.09067),(-7.20602,-20.5551),(26.3174,-27.0448)]
triangle[(-2.48217,2.95563),(-10.2591,-11.0975),(15.3033,-25.2436)]
triangle[(-1.0607,-14.8653),(-9.15135,19.3139),(-66.7985,5.66813)]
triangle[(-5.9092,4.25407),(13.0654,6.44153),(9.9304,33.6351)]
triangle[(16.2306,-9.29714),(17.9414,-12.4309),(21.2033,-10.6501)]
triangle[(12.5114,2.04183),(20.0495,9.67215),(8.85063,20.7358)]
triangle[(-4.30925,20.3922),(2.40942,15.8933),(7.30674,23.2071)]
triangle[(3.71679,-2.57309),(-20.7782,-16.3848),(-4.16126,-45.8548)]
triangle[(16.3743,-16.1559),(7.32953,20.8569),(-62.9331,3.68693)]
triangle[(-0.703405,4.78741),(-14.0559,-2.7358),(-2.13565,-23.8925)]
triangle[(-2.39993,3.3429),(-4.26684,20.8344),(-30.9631,17.9851)]
triangle[(10.2105,-11.8065),(19.4015,-8.48791),(13.8963,6.75948)]
triangle[(-14.8038,0.182953),(-3.76569,0.523008),(-4.16053,13.3395)]
triangle[(-8.53512,15.0505),(6.46669,9.30295),(15.86,33.8205)]
triangle[(-14.126,1.838),(-15.9245,-5.71871),(-5.09873,-8.29531)]
triangle[(-8.48286,-14.1643),(6.58319,-13.6577),(5.69782,12.674)]
triangle[(-0.00813315,-13.3578),(-12.7674,-9.45137),(-18.2768,-27.4461)]
triangle[(-15.8554,16.9317),(-16.7409,-6.28525),(10.8876,-7.33904)]
triangle[(-0.486263,-6.27341),(-14.3818,14.7218),(-38.8356,-1.46277)]
triangle[(5.8096,-19.3325),(-9.94084,-0.987914),(-33.9428,-21.5956)]
triangle[(0.018147,-20.7017),(-17.1094,16.5422),(-85.2216,-14.781)]
triangle[(9.48912,2.15012),(-8.26591,2.70645),(-9.03869,-21.957)]
triangle[(7.2651,16.5024),(-6.13891,-18.4545),(46.2555,-38.5448)]
triangle[(11.0334,-19.8496),(-11.2473,-19.2117),(-12.1724,-51.5223)]
triangle[(-20.4237,-0.203973),(5.95817,-8.57594),(19.4112,33.8176)]
triangle[(-20.0121,12.6308),(14.605,-1.96248),(32.0704,39.4675)]
triangle[(-16.3537,16.4857),(20.097,17.5466),(19.0217,54.4933)]
triangle[(12.4444,-15.5237),(-17.1557,9.32556),(-48.2341,-27.6945)]
triangle[(-0.122596,-7.04429),(-16.3496,10.4058),(-42.3862,-13.8058)]
triangle[(-4.62503,-9.85767),(-1.10706,18.8682),(-30.7448,22.4979)]
triangle[(10.4191,-6.25805),(-8.295,-6.36137),(-8.09132,-43.254)]
triangle[(-20.8582,-13.315),(19.7086,-6.37876),(9.28031,54.6113)]
triangle[(-17.3468,6.03181),(14.2881,13.4931),(5.34392,51.4151)]
triangle[(-8.46792,17.2512),(-7.28062,14.7638),(-2.47628,17.0569)]
triangle[(13.7605,-6.55759),(-5.39935,17.6959),(-31.1495,-2.64632)]
triangle[(-9.02653,20.3459),(0.563709,-9.67105),(46.4829,4.99984)]
triangle[(1.25714,-16.3967),(-13.5796,5.61307),(-47.8708,-17.5026)]
triangle[(9.24851,-1.91714),(4.31571,14.5313),(-27.8688,4.87936)]
triangle[(15.7978,7.34964),(19.5282,-9.87716),(48.2703,-3.65309)]
triangle[(-20.8762,0.295469),(-3.70872,5.50642),(-11.749,31.9951)]
triangle[(-17.7281,1.0689),(4.84325,-7.86337),(15.5008,19.0678)]
triangle[(6.70233,-1.44157),(-3.1057,-18.9669),(16.1306,-29.7325)]
triangle[(8.48045,-11.4911),(-12.1508,-0.925771),(-23.028,-22.166)]
triangle[(-4.85292,0.721979),(-5.18709,13.4317),(-26.7407,12.865)]
triangle[(11.3244,-16.0106),(-2.71404,-6.10402),(-17.0871,-26.4717)]
triangle[(-6.02594,3.97317),(-9.59552,-6.6234),(2.75955,-10.7854)]
triangle[(20.4307,14.5706),(3.7697,-16.1189),(62.7403,-48.1334)]
triangle[(2.38915,13.4434),(-6.70244,-16.9847),(31.6976,-28.4583)]
triangle[(20.7449,18.8057),(-18.5466,16.0195),(-13.8301,-50.4938)]
triangle[(15.4775,20.0608),(7.5865,-3.4391),(32.2418,-11.7181)]
triangle[(-9.05278,-13.2013),(-4.60083,-13.5809),(-3.9114,-5.49584)]
triangle[(12.5194,6.8591),(-11.9678,-7.34468),(3.77915,-34.4922)]
triangle[(4.42568,11.2808),(-15.8416,-11.2798),(18.706,-42.3155)]
triangle[(-11.2165,-18.5326),(18.399,4.01124),(-22.3867,57.5907)]
triangle[(-0.900851,3.58436),(-8.72558,-0.197101),(-1.67803,-14.7801)]
triangle[(18.6718,4.6188),(12.2756,-2.02701),(20.8812,-10.3094)]
triangle[(-9.94631,-15.4585),(-18.1228,6.32379),(-49.2079,-5.34472)]
triangle[(19.805,-15.1301),(-11.5251,7.42144),(-38.3597,-29.859)]
triangle[(4.74623,15.9648),(20.4957,3.06783),(42.4217,29.8434)]
triangle[(17.1205,2.80824),(-10.8406,10.8934),(-26.609,-43.6392)]
triangle[(4.83682,6.96337),(5.1835,-12.5095),(35.1554,-11.9759)]
triangle[(15.4255,0.968086),(-5.668,14.1972),(-22.8745,-13.2382)]
triangle[(15.356,5.02468),(-4.33264,-19.4697),(25.6585,-43.5767)]
triangle[(-0.370624,6.16338),(6.91945,15.1573),(-6.26903,25.8473)]
triangle[(17.3005,2.01938),(-1.25664,-19.223),(26.4587,-43.4349)]
triangle[(20.8584,14.3859),(3.40541,18.2589),(-2.76013,-9.52496)]
triangle[(-19.1945,-19.2923),(-8.13912,-15.9948),(-14.278,4.58675)]
triangle[(-6.58014,-15.6551),(5.00398,-11.4851),(-0.73231,4.44999)]
triangle[(2.23401,-6.94062),(-2.82624,7.05228),(-26.5688,-1.53377)]
triangle[(-13.9384,-1.08399),(14.3545,12.4034),(-1.53199,45.729)]
triangle[(0.705106,5.12661),(-20.4713,-16.6971),(8.26073,-44.5768)]
triangle[(4.29996,5.06247),(-2.44607,4.992),(-2.37503,-1.80873)]
triangle[(9.52628,-1.50283),(16.4352,-9.29603),(29.1768,1.99983)]
triangle[(0.0857683,-14.8785),(9.27402,-20.8783),(16.0423,-10.5132)]
triangle[(-8.2561,-0.51674),(19.4488,20.4876),(-22.5343,75.8639)]
triangle[(14.5117,-11.7165),(-6.22536,-9.79013),(-8.97543,-39.3944)]
triangle[(-14.1442,8.6927),(4.00046,-1.70495),(20.2657,26.6791)]
triangle[(7.49751,13.1495),(-10.5686,19.8142),(-20.8587,-8.07963)]
triangle[(15.8573,-0.0135489),(17.7032,18.032),(-1.56447,20.0029)]
triangle[(-8.28594,-5.12472),(12.4374,8.55576),(-8.63209,40.4721)]
triangle[(-0.941778,-15.2213),(-2.85261,-18.5898),(2.11869,-21.4098)]
triangle[(13.0604,-10.5157),(-20.23,13.329),(-63.3577,-46.8827)]
triangle[(17.8213,-12.4411),(-19.9586,3.15047),(-41.3709,-48.7336)]
triangle[(8.11159,4.50161),(-5.4426,3.15577),(-2.90023,-22.449)]
triangle[(-0.456527,10.2679),(19.0515,5.16874),(26.6124,34.0951)]
triangle[(2.61146,13.9664),(14.3236,-15.5177),(69.8937,6.5568)]
triangle[(6.05426,16.9039),(-2.36792,12.43),(5.67805,-2.71661)]
triangle[(-19.1094,4.33719),(17.4788,8.97023),(8.89159,76.7859)]
triangle[(6.05329,11.4338),(-3.10433,-17.8215),(38.2175,-30.7562)]
triangle[(-18.252,-13.9419),(6.89351,-17.4372),(12.8038,25.0813)]
triangle[(-20.3302,10.6499),(14.855,10.4534),(15.2273,77.111)]
triangle[(2.15015,-12.6304),(-19.2148,-12.0858),(-20.0526,-44.9541)]
triangle[(0.850995,1.95867),(-15.2268,0.221456),(-12.8735,-21.5581)]
triangle[(-7.86165,18.9423),(-5.60902,-20.8564),(65.8992,-16.8089)]
triangle[(-13.4978,-6.69402),(-2.66301,3.64401),(-18.2836,20.0152)]
triangle[(-20.4659,-16.5734),(-15.3449,11.0635),(-55.5763,18.5181)]
triangle[(6.76735,-11.2442),(-2.02861,-0.773682),(-15.3893,-11.9976)]
triangle[(3.92866,9.53643),(-11.0426,10.3162),(-12.2514,-12.8932)]
triangle[(-11.6077,10.5773),(-5.6998,-12.9547),(36.529,-2.3529)]
triangle[(18.4867,7.51377),(11.1111,-2.40072),(27.0875,-14.2859)]
triangle[(0.503037,20.1391),(16.278,-18.2947),(74.9139,5.7721)]
triangle[(11.116,20.7603),(1.86664,11.9843),(13.0293,0.21953)]
triangle[(10.4934,-12.0609),(7.56696,-5.03584),(-2.17521,-9.09414)]
triangle[(-3.22931,-1.53367),(-18.4412,-5.60162),(-11.2959,-32.3212)]
triangle[(20.9214,14.1358),(15.906,-13.9659),(47.1327,-19.5391)]
triangle[(3.01134,19.0184),(15.3965,14.8291),(21.2352,32.0901)]
triangle[(12.5467,8.45127),(1.30682,5.34934),(4.97443,-7.94026)]
triangle[(-17.5011,-11.0552),(-16.9722,-2.44147),(-32.7727,-1.47118)]
triangle[(17.8514,-0.721218),(-5.70253,15.997),(-28.2591,-15.7825)]
triangle[(13.4363,20.0637),(-0.108861,10.1824),(15.6476,-11.4163)]
triangle[(-14.4142,-19.4739),(20.7642,-14.6832),(15.7243,22.3244)]
triangle[(-19.3779,-5.22736),(-10.5262,3.59592),(-25.4156,18.5332)]
triangle[(-16.5525,-3.71355),(10.2298,9.23456),(-12.14,55.5052)]
triangle[(-8.13434,0.45381),(-18.8426,17.5988),(-46.3231,0.435323)]
triangle[(-10.7256,-4.2565),(12.2487,-12.7459),(21.6016,12.5652)]
triangle[(15.1319,-13.8774),(-3.01994,9.17998),(-34.7844,-15.8265)]
triangle[(13.4179,7.76953),(-5.22416,-3.97838),(12.8337,-32.6334)]
triangle[(20.9685,17.2421),(18.5078,8.75703),(27.6144,6.11615)]
triangle[(-3.29662,8.38155),(-7.43463,4.21979),(-0.923329,-2.25436)]
triangle[(1.84256,11.7873),(1.25667,-3.02903),(21.5772,-3.83256)]
triangle[(3.30214,17.7873),(4.56916,-1.83719),(37.0674,0.261012)]
triangle[(18.7529,-5.09008),(3.3092,-0.563956),(-4.84965,-28.403)]
triangle[(-17.0095,7.24174),(15.356,-1.84263),(30.7615,53.0436)]
triangle[(16.7985,10.7292),(-6.69274,-5.0269),(13.3959,-34.9777)]
triangle[(-3.28898,3.95589),(-8.8086,-16.7409),(21.4196,-24.8025)]
triangle[(20.8796,-4.89385),(-8.49413,-1.80988),(-13.7567,-51.9342)]
triangle[(13.9826,-16.067),(-9.33923,13.3503),(-49.5888,-18.5593)]
triangle[(2.44319,14.868),(13.7925,13.7836),(15.2467,29.0031)]
triangle[(-1.11619,14.8883),(-17.248,2.5087),(7.00538,-29.0957)]
triangle[(-12.6992,-18.5592),(-17.9614,-10.471),(-27.5993,-16.7415)]
triangle[(-13.4791,20.3966),(-16.6361,2.65768),(13.8673,-2.7711)]
triangle[(-2.43133,-2.75876),(6.32337,1.70747),(0.673201,12.7829)]
triangle[(-17.2144,9.58685),(11.8996,-16.7252),(43.2761,17.9928)]
triangle[(9.92444,-20.625),(11.1948,10.6909),(-41.4115,12.8249)]
triangle[(-1.8072,-16.2089),(8.33756,-5.46595),(-8.56702,10.4974)]
triangle[(18.8388,-7.40647),(-15.8285,-11.1083),(-9.77742,-67.7767)]
triangle[(-10.8756,-11.8229),(14.2244,-15.2742),(17.9345,11.7087)]
triangle[(14.6899,-3.34816),(19.1391,-4.94643),(21.9689,2.93096)]
triangle[(-2.12603,19.4609),(18.1372,14.8882),(25.8495,49.0638)]
triangle[(-4.72234,5.50801),(17.4409,16.6678),(3.93466,43.491)]
triangle[(18.4034,3.36429),(-1.76346,5.48535),(-5.58107,-30.8122)]
triangle[(12.0728,-8.90062),(12.5355,10.6605),(-22.3792,11.4863)]
triangle[(-8.05839,1.72705),(-16.7357,20.7412),(-53.8913,3.78481)]
triangle[(-18.9436,4.73301),(-2.65414,8.17423),(-7.15295,29.47)]
triangle[(4.49581,0.0722995),(16.1974,7.38394),(7.70789,20.9705)]
triangle[(7.75556,-3.6924),(-0.196213,-14.5682),(19.6625,-29.0878)]
triangle[(-0.789849,1.46844),(11.3586,9.26169),(-1.87994,29.8984)]
triangle[(-4.11948,1.48536),(-20.1272,-14.2326),(-3.36148,-31.3074)]
triangle[(4.139,1.2938),(17.8469,18.1496),(-4.26906,36.1353)]
triangle[(-4.15616,20.9333),(-0.531726,2.22117),(22.8419,6.74851)]
triangle[(-11.9614,-3.91863),(-17.1555,-18.4168),(1.49035,-25.0968)]
triangle[(-3.08009,5.38445),(3.37548,15.1407),(-13.0801,26.0291)]
triangle[(-17.2771,-9.42717),(10.5439,13.3395),(-24.1118,55.689)]
triangle[(4.2968,-20.6066),(-10.8343,-7.93802),(-31.2058,-32.2693)]
triangle[(-4.21068,-1.35113),(-0.62583,-10.4068),(12.8209,-5.08361)]
triangle[(9.5333,7.85688),(-8.55632,16.0263),(-19.6755,-8.59506)]
triangle[(7.7412,-17.2488),(18.4052,-17.4254),(18.7518,3.49412)]
triangle[(-9.62182,-5.29287),(20.7963,-18.2598),(41.5474,30.4187)]
triangle[(-16.9051,4.62151),(-10.4434,-11.2684),(20.477,1.30543)]
triangle[(0.594349,14.3189),(-3.33697,-2.69448),(24.8448,-9.2065)]
triangle[(14.5746,20.2559),(-4.12439,-18.7787),(62.024,-50.4662)]
triangle[(17.8369,-7.24752),(-4.0248,-3.58333),(-8.98821,-33.1966)]
triangle[(20.6092,5.39844),(-13.0444,16.8658),(-34.7438,-46.8163)]
triangle[(-4.41963,-7.71968),(-3.8583,-10.3551),(0.867323,-9.34856)]
triangle[(2.57864,-15.174),(4.03234,0.0417924),(-16.1211,1.96722)]
triangle[(2.55267,11.3018),(18.9156,-5.38369),(43.3506,18.5789)]
triangle[(-20.1855,5.37103),(0.164789,-20.7908),(46.9665,15.6145)]
triangle[(-20.7313,-0.855178),(-13.5169,16.4881),(-34.6682,25.2866)]
triangle[(15.8233,2.10861),(-0.66827,13.9426),(-21.6585,-15.3089)]
triangle[(4.18793,4.24124),(-3.77701,14.6733),(-24.4572,-1.11601)]
triangle[(-0.311975,13.6535),(1.88607,-2.38578),(27.1766,1.08007)]
triangle[(-15.8173,-11.5963),(-13.6815,0.0830101),(-29.6995,3.01218)]
triangle[(-8.7064,-13.0684),(14.1568,2.70109),(-4.71518,30.0625)]
triangle[(-10.1506,-5.47962),(-7.40926,-17.4401),(12.5098,-12.8747)]
triangle[(16.5029,0.0587404),(-11.0733,-10.3447),(8.87454,-63.2202)]
triangle[(7.345,3.63279),(20.7264,19.5627),(-7.09084,42.9295)]
triangle[(-1.0517,-17.5689),(-8.49895,11.6346),(-66.5806,-3.17689)]
triangle[(13.0123,-3.40794),(4.26844,17.4553),(-27.3213,4.21594)]
triangle[(3.37835,-13.7833),(-0.84212,6.11098),(-32.0852,-0.517066)]
triangle[(10.846,-9.96695),(-15.4742,15.2768),(-65.2222,-36.5926)]
triangle[(-13.9773,-8.01642),(19.0909,3.57101),(0.134531,57.6687)]
triangle[(-19.5481,12.4147),(-15.6305,3.80094),(-5.1156,8.58319)]
triangle[(13.2018,-16.9191),(-7.64043,14.1935),(-39.746,-7.31387)]
triangle[(-10.6424,11.6135),(-15.2605,-3.97171),(10.7053,-11.6658)]
triangle[(-18.3911,-9.51932),(-9.91416,-19.181),(0.38507,-10.1446)]
triangle[(-13.1421,16.4496),(-11.8036,0.40994),(8.99145,2.14523)]
triangle[(-16.7432,-6.43546),(-12.9131,-2.63616),(-18.7053,3.2029)]
triangle[(7.06698,-10.6451),(-16.9141,7.59442),(-53.2264,-40.1486)]
triangle[(-9.68396,-18.0068),(-1.48105,2.87881),(-38.3188,17.347)]
triangle[(20.6599,20.3975),(-3.34887,2.72643),(19.7368,-28.6388)]
triangle[(-20.9232,9.77029),(-9.03263,-1.78072),(9.32841,17.1201)]
triangle[(-2.45612,-16.9748),(-11.9371,-10.9053),(-22.5424,-27.4717)]
triangle[(-11.2256,10.0504),(-17.8172,10.149),(-17.9431,1.72971)]
triangle[(-15.9082,2.02821),(13.1482,-3.73776),(19.673,29.1427)]
triangle[(14.3953,-16.3945),(-18.129,11.8791),(-71.7893,-49.8485)]
triangle[(11.8019,7.90651),(3.87081,-13.8502),(30.6524,-23.613)]
triangle[(-4.23101,-11.4633),(8.84155,-7.07438),(1.00083,16.2795)]
triangle[(-7.9529,4.86743),(-15.2062,6.06916),(-17.6054,-8.41159)]
triangle[(-8.00248,17.9244),(-16.5364,11.3708),(-5.39905,-3.13206)]
triangle[(1.36526,4.33237),(-20.3233,-7.5543),(-7.64224,-30.6922)]
triangle[(12.5947,13.2032),(-18.1753,-7.91859),(11.0692,-50.5217)]
triangle[(-13.2456,-1.65096),(-13.1769,-19.4703),(9.57923,-19.3826)]
triangle[(-2.46991,15.7247),(0.505429,15.4204),(1.01401,20.3917)]
triangle[(12.6952,2.97039),(-8.66862,18.5577),(-30.5285,-11.4032)]
triangle[(-6.22925,8.01564),(19.0643,-6.9467),(44.3438,35.7878)]
triangle[(-19.856,12.2047),(9.32807,-3.19388),(33.1,41.8596)]
triangle[(-1.74822,18.9518),(5.43947,16.532),(9.11061,27.4366)]
triangle[(20.8652,13.8879),(10.8741,-10.5801),(47.5514,-25.5567)]
triangle[(-13.225,7.50233),(-9.62177,-7.95725),(11.8442,-2.95407)]
triangle[(1.26623,20.9501),(18.1215,-5.70338),(64.6238,23.7039)]
triangle[(20.4225,6.50143),(-20.611,1.67897),(-14.5759,-49.6729)]
triangle[(-5.25006,8.73271),(-12.4114,-5.0083),(4.78864,-13.9723)]
triangle[(7.28304,11.4316),(-13.451,-15.9916),(37.7654,-54.715)]
triangle[(-4.66736,-11.3956),(7.17607,13.9487),(-28.9828,30.8458)]
triangle[(-2.02142,-9.11354),(-13.1807,-18.028),(-3.54385,-30.0915)]
triangle[(-9.75653,6.71505),(1.41911,-3.37803),(17.1764,14.0693)]
triangle[(-10.9947,2.57624),(1.57919,-8.42309),(16.9158,9.10896)]
triangle[(7.73872,-15.6964),(12.3075,-1.8713),(-14.4547,6.97272)]
triangle[(7.26517,14.6552),(-3.39302,-20.7221),(34.1881,-32.0442)]
triangle[(19.2839,-2.89149),(3.8086,9.89018),(-13.6229,-11.2148)]
triangle[(-4.88569,9.78594),(-4.00718,18.4615),(-18.9037,19.9699)]
triangle[(1.70591,1.29468),(19.0707,5.48429),(10.9377,39.1934)]
triangle[(13.8032,5.03386),(6.16386,-0.974894),(17.951,-15.9606)]
triangle[(-11.5898,-4.79778),(16.9568,-0.959879),(12.5342,31.9364)]
triangle[(-16.66,9.75639),(17.8151,17.1031),(6.87185,68.4549)]
triangle[(12.7691,-14.0817),(19.9788,-19.7482),(29.2507,-7.95122)]
triangle[(0.409891,17.8857),(5.93973,-17.9352),(53.0547,-10.6618)]
triangle[(19.5814,17.0493),(-16.8127,15.845),(-14.6197,-50.4296)]
triangle[(-8.07001,-7.89631),(-1.82924,5.94754),(-16.3882,12.5107)]
triangle[(12.0664,-11.7644),(-15.0881,-17.3396),(-7.45897,-54.498)]
triangle[(10.7891,-20.9794),(4.1503,9.54135),(-56.2285,-3.59212)]
triangle[(7.70457,-6.33267),(-17.8587,-14.204),(-6.17415,-52.1512)]
triangle[(3.66547,-3.27573),(-5.28194,13.5104),(-36.8501,-3.31623)]
triangle[(-17.8937,-4.81597),(17.7391,3.18969),(6.50912,53.1739)]
triangle[(13.3905,-11.8982),(18.9282,9.78335),(-16.5583,18.847)]
triangle[(12.5166,15.4572),(1.83316,-6.2822),(33.3449,-21.768)]
triangle[(-20.0712,2.76628),(15.401,12.7435),(-3.99391,81.6984)]
triangle[(-15.2315,-18.4094),(16.9677,-14.7545),(11.821,30.5869)]
triangle[(-18.7051,-3.03615),(17.6036,1.61743),(11.23,51.3466)]
triangle[(6.37283,18.6685),(-2.45335,10.0341),(11.3052,-4.03017)]
triangle[(20.9447,9.37131),(13.7913,-9.9724),(43.986,-21.1387)]
triangle[(-18.0167,12.6979),(20.6893,11.3704),(22.61,67.3739)]
triangle[(-15.0512,-8.74401),(0.09889,-17.4738),(16.6101,11.1806)]
triangle[(-2.38097,-20.692),(6.59787,10.9954),(-56.1351,28.7712)]
triangle[(14.8012,14.3971),(-2.56258,8.77358),(3.13694,-8.82484)]
triangle[(10.1461,11.5933),(14.838,-7.17525),(40.0703,-0.867481)]
triangle[(-4.96866,-11.8305),(4.34529,0.145304),(-13.4401,13.9775)]
triangle[(-14.0156,4.05591),(8.76117,15.2149),(-9.02711,51.5228)]
triangle[(-2.49,18.0822),(18.4658,-5.67185),(52.1944,24.0835)]
triangle[(-18.5108,11.8334),(20.4066,5.67475),(27.1122,48.0481)]
triangle[(6.59078,7.21935),(-15.336,-20.5243),(23.0513,-50.8632)]
triangle[(-12.6563,-18.8812),(-15.6163,9.56495),(-46.2609,6.37617)]
triangle[(20.3858,-13.9853),(-20.8979,-7.37928),(-30.5331,-67.5937)]
triangle[(0.246094,-11.9788),(-9.44334,-20.7924),(7.05917,-38.9348)]
triangle[(-7.82148,-17.1832),(-2.9638,7.93265),(-33.9661,13.9288)]
triangle[(-14.1826,-15.8695),(-7.66973,-14.2847),(-9.57352,-6.46063)]
triangle[(-7.7297,-12.6672),(-15.5511,5.32903),(-39.2663,-4.97795)]
triangle[(-11.0307,20.2288),(-5.87932,14.3131),(5.52022,24.2399)]
triangle[(-2.08725,4.99651),(-4.59457,-5.70904),(14.3428,-10.1443)]
triangle[(-14.1227,-20.3406),(-20.7135,-8.3251),(-40.1739,-18.9997)]
triangle[(17.3917,-18.2055),(-11.0822,-20.4796),(-7.25504,-68.3986)]
triangle[(-20.2105,18.6701),(-19.5343,0.842687),(7.29609,1.86033)]
triangle[(12.9997,-7.17505),(2.0885,-14.1765),(14.4086,-33.3764)]
triangle[(17.9116,-13.3102),(2.56436,-12.8069),(1.97463,-30.7904)]
triangle[(-2.89734,-17.6202),(13.1161,-19.2757),(16.1042,9.62774)]
triangle[(17.8263,16.5796),(10.1982,4.27439),(34.5058,-10.7941)]
triangle[(-5.33973,-17.5397),(-5.05819,-3.78208),(-24.4137,-3.38597)]
triangle[(-14.201,-0.510573),(11.4997,-15.3763),(32.297,20.5795)]
triangle[(-10.2191,18.1403),(17.488,16.4016),(20.5996,65.9854)]
triangle[(5.5562,-18.0715),(5.65478,20.9701),(-34.0019,21.0703)]
triangle[(18.6855,-10.7843),(-14.4387,19.1887),(-63.6698,-35.2183)]
triangle[(12.4357,10.1941),(0.136734,5.24071),(5.62112,-8.37666)]
triangle[(-20.9341,20.4341),(19.0507,-17.7382),(66.9807,32.4675)]
triangle[(-2.75455,16.2538),(5.73217,9.01829),(14.0086,18.7259)]
triangle[(4.81757,1.91151),(2.59854,15.5962),(-18.0745,12.244)]
triangle[(17.0898,12.7475),(-0.475268,-13.2243),(33.2696,-36.0464)]
triangle[(15.0613,-17.5009),(14.0034,-13.7901),(9.34849,-15.1171)]
triangle[(-19.3591,-15.5987),(-6.82853,8.31373),(-40.1695,25.785)]
triangle[(-4.09307,2.87582),(19.4313,-5.01774),(29.1859,24.0528)]
triangle[(3.33163,1.30039),(-7.38117,16.4081),(-25.6711,3.43878)]
triangle[(-15.9984,-6.49638),(3.42758,4.83683),(-11.1247,29.7805)]
triangle[(-11.5055,-14.9129),(-0.364063,8.72638),(-43.2446,28.9364)]
triangle[(2.78928,-1.64261),(12.3845,0.94515),(9.44995,11.826)]
triangle[(15.0472,10.9771),(-17.0456,7.43099),(-11.3757,-43.8825)]
triangle[(-19.1834,-12.2313),(1.82166,-9.17086),(-3.97604,30.6207)]
triangle[(2.40957,3.88649),(18.8928,-4.45522),(32.4698,22.373)]
triangle[(6.33769,16.0889),(-2.83228,6.9649),(10.9092,-6.84579)]
triangle[(7.26114,-13.9601),(-10.1159,-11.0027),(-14.8161,-38.6204)]
triangle[(8.23173,8.69371),(4.31786,-16.8225),(54.1543,-24.4668)]
triangle[(-0.326504,5.87911),(9.67041,-18.2478),(51.228,-1.02843)]
triangle[(-15.017,16.5205),(13.7477,-16.605),(54.4022,18.6975)]
triangle[(12.2121,-7.61841),(-19.9094,-16.3826),(-10.5549,-50.6676)]
triangle[(-19.2904,-2.53295),(18.4632,20.3805),(-14.3208,74.3976)]
triangle[(-15.8621,-10.071),(-5.62517,-4.83622),(-13.0207,9.62611)]
triangle[(-0.966707,5.28805),(18.0087,-9.66253),(33.5597,10.0749)]
triangle[(19.4953,-3.01528),(-19.9096,-15.7823),(0.720172,-79.4551)]
triangle[(-17.9294,-14.6955),(-2.77978,-5.9269),(-12.1698,10.2964)]
triangle[(-2.16898,4.26803),(3.32358,5.0373),(1.96724,14.7215)]
triangle[(12.6293,-6.65232),(-7.58426,-4.32121),(-10.0201,-25.443)]
triangle[(11.9284,7.13201),(2.45335,-11.7053),(27.0866,-24.0957)]
triangle[(7.81407,-1.21456),(1.99304,7.54026),(-12.4747,-2.07925)]
triangle[(6.82538,12.425),(-14.5899,19.16),(-23.0552,-7.75733)]
triangle[(-1.82352,7.78993),(9.49956,-16.3693),(40.8994,-1.65268)]
triangle[(-14.8003,20.689),(-5.99581,7.66564),(19.7023,25.039)]
triangle[(-1.27706,-15.5993),(-4.17248,-10.9706),(-9.79893,-14.4902)]
triangle[(-8.05643,-14.4813),(-10.4729,-10.0928),(-15.3764,-12.7928)]
triangle[(-0.101818,-1.13335),(-4.75317,6.05599),(-14.8459,-0.473821)]
triangle[(17.9175,11.6436),(20.4784,-20.0028),(71.3615,-15.885)]
triangle[(-15.047,10.119),(13.6839,-18.3694),(54.67,22.9654)]
triangle[(20.7684,7.01113),(-3.73762,-5.26395),(11.888,-36.459)]
triangle[(20.4446,-20.3558),(-6.74744,0.897386),(-43.0109,-45.4993)]
triangle[(-17.4308,2.98535),(-13.5025,4.23196),(-15.5759,10.7655)]
triangle[(2.13828,20.1941),(17.8598,-11.1977),(79.4326,19.6389)]
triangle[(1.00109,10.7063),(17.0199,17.1151),(4.81546,47.6201)]
triangle[(-14.6573,6.75086),(-14.5309,-2.12338),(-1.73969,-1.94116)]
triangle[(0.239605,7.84042),(-15.7988,-12.8776),(12.8869,-35.084)]
triangle[(-5.79983,-0.376424),(14.8091,-18.8653),(34.708,3.31538)]
triangle[(11.6281,15.2981),(3.53266,-19.2545),(51.5807,-30.5118)]
triangle[(-4.52758,12.4911),(-20.1127,11.6633),(-19.1591,-6.28904)]
triangle[(4.86445,2.93265),(7.87897,4.60918),(5.19159,9.44128)]
triangle[(13.4088,-2.94635),(15.7408,-2.53822),(15.299,-0.013582)]
triangle[(8.70249,15.8769),(-19.9764,-10.1051),(22.2343,-56.6972)]
triangle[(18.0462,8.21812),(-12.5702,20.3703),(-24.9829,-10.9024)]
triangle[(-14.4297,-17.5965),(-0.00915529,5.14645),(-40.1316,30.5868)]
triangle[(13.0625,16.9525),(-9.75785,6.10181),(3.90527,-22.6335)]
triangle[(5.42417,15.1079),(-16.2724,2.03141),(6.67761,-36.0471)]
triangle[(19.8163,-4.28383),(-7.79998,-9.09075),(0.0133449,-53.9791)]
triangle[(19.787,-19.8591),(12.8303,20.2227),(-45.5541,10.0895)]
triangle[(-16.3145,-5.03356),(2.37879,14.9503),(-34.5313,49.4767)]
triangle[(-4.2578,-13.4991),(-4.21983,-20.4597),(7.85827,-20.3938)]
triangle[(-6.00092,1.07296),(-3.57914,4.46493),(-8.29817,7.8342)]
triangle[(8.83806,17.2587),(13.1667,1.02978),(44.0416,9.26489)]
triangle[(-1.33721,-4.21506),(3.10461,0.120754),(-3.93777,7.33533)]
triangle[(17.5979,-7.29718),(-6.64303,-15.6624),(2.03762,-40.8175)]
triangle[(0.940713,1.06017),(9.65303,-16.3139),(35.3414,-3.43241)]
triangle[(-12.3577,-11.8334),(20.0379,1.34029),(-5.01707,62.9537)]
triangle[(-2.25222,-19.586),(13.4854,9.33193),(-23.4275,29.4206)]
triangle[(-10.0821,0.604349),(-3.04995,13.4191),(-21.7262,23.6678)]
triangle[(19.9429,7.2088),(11.2344,-1.35937),(20.3058,-10.5794)]
triangle[(14.8765,-19.7756),(-17.5141,16.3082),(-66.8749,-28.0005)]
triangle[(6.68584,10.6487),(-16.4554,-9.66324),(10.8384,-40.7587)]
triangle[(-15.2101,8.84097),(-16.6722,11.7651),(-20.3925,9.90489)]
triangle[(-4.40872,-17.7568),(-13.9659,-12.074),(-21.3401,-24.4758)]
triangle[(19.3361,8.69804),(-5.44309,7.70777),(-3.86794,-31.7064)]
triangle[(-16.7613,6.67965),(-6.31736,0.00770419),(5.69039,18.8041)]
triangle[(-11.313,-8.68565),(-18.9069,-10.1547),(-16.3544,-23.3495)]
triangle[(5.3967,9.88296),(19.5579,-1.64715),(38.7378,21.9095)]
triangle[(3.30897,-20.1347),(-2.91189,-14.7685),(-11.8771,-25.1617)]
triangle[(8.29531,-5.78592),(-6.70233,1.11312),(-18.5512,-24.6449)]
triangle[(2.26124,16.2401),(16.3689,-1.56625),(40.5499,17.592)]
triangle[(-14.0667,-2.80837),(-7.74602,19.7243),(-39.4367,28.6139)]
triangle[(-8.54002,2.04792),(-1.82344,8.35099),(-11.8004,18.9825)]
triangle[(-20.5869,-9.78004),(-18.5715,-17.2219),(-4.68445,-13.461)]
triangle[(-1.34325,17.993),(18.1323,17.7289),(18.5661,49.7184)]
triangle[(0.846315,5.59305),(18.9142,-19.3507),(50.7384,3.70107)]
triangle[(10.9187,20.0448),(-20.2273,-19.3514),(41.5026,-68.154)]
triangle[(-5.74181,13.572),(-1.24525,14.3549),(-2.12679,19.4175)]
triangle[(-12.8044,11.7227),(1.85904,-20.3505),(38.1514,-3.75807)]
triangle[(2.51379,-18.0206),(-15.6703,-10.8785),(-27.5778,-41.1952)]
triangle[(-8.84993,-13.7941),(-16.5543,-3.90544),(-27.6029,-12.5136)]
triangle[(10.7559,16.4416),(2.02607,-16.254),(60.1474,-31.7726)]
triangle[(-9.65089,11.5031),(14.8664,-8.15605),(37.7404,20.3706)]
triangle[(-13.7547,-13.9624),(9.022,17.5436),(-33.7165,48.4407)]
triangle[(-12.0148,-19.4939),(2.29242,-1.00228),(-32.571,25.972)]
triangle[(17.2441,-7.93247),(4.71748,-4.94415),(0.557828,-22.3808)]
triangle[(5.93308,12.3511),(-6.44821,-4.4908),(24.3679,-27.1453)]
triangle[(14.3376,19.7689),(4.23163,-5.45289),(49.0317,-23.4036)]
triangle[(-15.2113,10.284),(18.8247,-1.43548),(38.9032,56.8771)]
triangle[(5.22442,7.60996),(13.6597,16.641),(-4.16558,33.2904)]
triangle[(-15.4539,-2.4389),(12.5913,17.9698),(-13.026,53.1726)]
triangle[(18.2956,-20.2721),(-15.272,-16.7639),(-21.3134,-74.5701)]
triangle[(-19.3909,-15.8358),(-10.562,2.32968),(-46.4746,19.7841)]
triangle[(18.3358,-2.53121),(12.1241,8.62408),(-6.64359,-1.82643)]
triangle[(-10.3376,3.90278),(-18.3296,-15.6933),(18.6567,-30.7776)]
triangle[(-10.5699,-2.30621),(3.21079,-7.25543),(12.6688,19.0795)]
triangle[(-4.53167,-12.6715),(-7.42457,8.35021),(-43.5419,3.37993)]
triangle[(-8.45268,-11.0196),(-2.4576,7.38748),(-38.7753,19.2159)]
triangle[(19.0108,-1.28422),(-17.1998,-6.4318),(-7.67955,-73.4017)]
triangle[(-12.2366,-9.24995),(-4.03685,-2.59797),(-16.7416,13.063)]
triangle[(-19.2232,2.50687),(3.62047,-0.0334236),(8.26051,41.6924)]
triangle[(-8.84847,-17.4007),(18.5153,6.42806),(-12.9526,42.5642)]
triangle[(-3.30648,4.81096),(2.42148,14.9224),(-17.2095,26.043)]
triangle[(8.40557,15.5912),(-4.21191,-9.91288),(23.4297,-23.5879)]
triangle[(-11.0823,-12.4576),(-7.59107,18.9242),(-53.9198,24.0783)]
triangle[(-16.1518,10.9627),(6.50804,-19.844),(65.5837,23.6091)]
triangle[(-3.38937,11.4442),(-0.933829,-17.0887),(35.4285,-13.9594)]
triangle[(-4.57139,16.5305),(0.932479,12.6444),(6.51995,20.5578)]
triangle[(-16.6095,6.05193),(-14.7148,9.72086),(-21.2192,13.0798)]
triangle[(-1.95234,16.3181),(-12.7698,14.8695),(-10.2311,-4.08738)]
triangle[(-2.62343,14.8745),(-20.6731,0.743454),(-0.996162,-24.3901)]
triangle[(17.9743,-17.6939),(10.1248,-13.6232),(4.31428,-24.8274)]
triangle[(20.3303,0.442706),(-8.89103,-13.4917),(12.7653,-58.9063)]
triangle[(8.05744,-17.0206),(-1.19087,2.92421),(-22.1259,-6.78325)]
triangle[(-14.8773,16.2815),(-19.3326,-19.96),(46.692,-28.0767)]
triangle[(-2.37893,-3.60035),(3.30966,-20.9816),(31.1392,-11.8734)]
triangle[(-15.1974,3.8713),(-13.7461,-14.5746),(4.86621,-13.1102)]
triangle[(20.4496,-12.7554),(13.1803,11.2446),(-25.2905,-0.407807)]
triangle[(-16.4525,14.2214),(-16.1396,4.37804),(0.228063,4.89838)]
triangle[(-14.2398,-11.6629),(-2.22722,-5.07297),(-11.1821,11.2506)]
triangle[(-7.81243,13.253),(-10.1428,12.3154),(-8.39769,7.97811)]
triangle[(16.9758,12.6408),(16.3429,8.07309),(21.1446,7.40775)]
triangle[(6.75442,9.40429),(-19.1761,-11.6989),(4.27444,-40.5136)]
triangle[(14.9167,-20.1482),(-4.0705,15.9484),(-72.3712,-19.9784)]
triangle[(-3.78763,-15.4684),(-3.96614,9.57724),(-35.128,9.35513)]
triangle[(-7.79898,-13.1155),(-17.2137,-5.33879),(-31.356,-22.4598)]
triangle[(-5.5547,6.8527),(15.4769,-2.29298),(28.0229,26.558)]
triangle[(-14.1384,-7.45616),(7.279,4.7031),(-13.7827,41.8012)]
triangle[(-19.9669,-15.2441),(5.38732,-19.1556),(13.0049,30.2216)]
triangle[(-1.68438,-18.191),(-9.64508,15.7748),(-50.333,6.23857)]
triangle[(16.0553,5.29169),(-14.3319,-20.3781),(12.8204,-52.5203)]
triangle[(0.39808,12.9644),(11.8273,-12.1045),(48.0584,4.41373)]
triangle[(6.07918,6.10106),(5.11795,-16.6402),(46.0907,-18.3721)]
triangle[(1.9049,9.09293),(5.14412,2.37751),(13.1839,6.25555)]
triangle[(-17.8831,-2.53885),(12.5505,13.7515),(-16.046,67.1754)]
triangle[(9.02609,-17.8671),(9.37254,17.7625),(-48.0468,18.3209)]
triangle[(-19.5282,16.014),(13.0182,5.53976),(33.7445,69.9417)]
triangle[(-15.8063,-0.163017),(15.6118,15.4506),(-4.48809,55.8961)]
triangle[(-12.7597,9.09637),(0.720506,5.60083),(4.68469,20.8883)]
triangle[(13.473,7.86936),(-11.7065,1.59156),(-3.2232,-32.434)]
triangle[(-9.91646,10.2769),(17.1718,11.78),(14.2893,63.7282)]
triangle[(6.06598,-15.9627),(12.7966,-13.6521),(9.52006,-4.10763)]
triangle[(0.42726,16.7402),(10.1171,-14.1007),(54.1602,-0.262902)]
triangle[(4.05274,5.24167),(6.72842,7.49125),(3.139,11.7605)]
triangle[(-19.6274,1.31819),(19.6681,-15.0007),(48.8775,55.3346)]
triangle[(2.37728,13.5801),(-1.24689,2.5136),(10.1937,-1.23308)]
triangle[(10.9634,15.7407),(-3.25174,-12.3819),(29.0495,-28.7092)]
triangle[(1.07619,16.1778),(-4.64185,1.65953),(21.8953,-8.79214)]
triangle[(16.2833,-12.0173),(-13.9712,0.149612),(-37.6483,-58.7263)]
triangle[(11.5564,12.4016),(-20.1508,14.363),(-22.2865,-20.1617)]
triangle[(-20.2775,-1.78457),(-0.816042,0.0610615),(-3.55378,28.9294)]
triangle[(2.44037,16.7525),(18.6965,-9.83133),(64.7249,18.3152)]
triangle[(13.0619,17.4998),(-18.5973,3.53771),(-3.94703,-29.6817)]
triangle[(-7.22287,-10.0154),(5.99199,-12.0685),(8.97725,7.14575)]
triangle[(11.2042,8.85877),(3.984,10.0201),(2.08503,-1.78608)]
triangle[(-14.7329,2.83971),(-5.17769,-4.77719),(9.66596,13.8438)]
triangle[(-2.81376,-12.066),(1.13459,11.7896),(-27.7087,16.5635)]
triangle[(13.4113,-7.60059),(10.9565,19.6178),(-21.631,16.6787)]
triangle[(15.7679,-7.18293),(1.30603,-15.8864),(10.4798,-31.1297)]
triangle[(-9.62596,-16.9246),(0.652079,-17.4734),(1.68373,1.84894)]
triangle[(-14.1939,1.1634),(-6.83539,-11.3672),(10.1768,-1.3768)]
triangle[(-17.4899,-12.5719),(14.3386,-20.169),(28.3879,38.6916)]
triangle[(11.7752,-6.40553),(-4.73019,12.6873),(-41.789,-19.3493)]
triangle[(7.99078,-5.682),(-17.5132,-10.4561),(-11.9665,-40.0877)]
triangle[(-2.40501,-8.5996),(10.4411,11.0315),(-21.1103,31.6779)]
triangle[(-1.88238,-14.6516),(-6.60102,-2.10855),(-23.9868,-8.64903)]
triangle[(10.5231,13.589),(1.66339,-3.3427),(32.6342,-19.5485)]
triangle[(-12.975,8.06625),(12.0753,20.804),(-7.49278,59.287)]
triangle[(-14.5526,-6.02364),(-6.84565,-7.08804),(-4.93148,6.77196)]
triangle[(-12.5538,15.929),(-3.10935,-17.2486),(34.2664,-6.60909)]
triangle[(0.839662,-18.7097),(-16.4655,-17.9743),(-17.5263,-42.9352)]
triangle[(19.7994,-0.0714695),(-7.76991,0.776601),(-8.64246,-27.5884)]
triangle[(20.0003,-17.4286),(-0.139878,-20.2403),(4.33303,-52.2803)]
triangle[(-11.9938,-16.1317),(-0.423141,-14.9752),(-1.70069,-2.1925)]
triangle[(4.6622,3.82541),(-15.1356,-15.2081),(14.1269,-45.6458)]
triangle[(18.8855,8.89154),(1.85304,20.2773),(-13.3063,-2.40029)]
triangle[(12.6033,-2.98956),(-0.281257,18.6314),(-43.1654,-6.9246)]
triangle[(0.935907,13.5338),(14.745,-18.545),(49.9185,-3.4038)]
triangle[(-16.971,-15.3278),(6.05259,9.4126),(-30.1982,43.1479)]
triangle[(-5.23069,6.93048),(0.200076,14.6355),(-7.82359,20.2909)]
triangle[(-2.85241,-11.8341),(-2.35919,20.9318),(-40.283,21.5027)]
triangle[(5.4084,-18.9476),(20.6718,4.99294),(-12.8919,26.3916)]
triangle[(-20.6537,13.1134),(10.3841,-11.1025),(37.409,23.5358)]
triangle[(-18.2922,20.2786),(-19.589,8.08077),(-2.97321,6.31422)]
triangle[(-18.3194,-5.50735),(-18.0027,17.0258),(-56.0285,17.5603)]
triangle[(17.1401,18.0516),(-4.68593,-19.9798),(44.566,-48.2452)]
triangle[(6.55452,10.0597),(1.47149,15.1276),(-4.95462,8.68223)]
triangle[(-18.5107,13.8397),(-3.73555,-0.637739),(18.3474,21.8994)]
triangle[(-14.1173,1.56084),(10.1389,19.6336),(-24.256,65.7964)]
triangle[(11.7885,8.48354),(1.05687,-0.141347),(16.7425,-19.6583)]
triangle[(-2.84776,14.8478),(-6.41365,-3.32798),(29.1984,-10.3147)]
triangle[(4.34922,-5.50241),(6.28956,19.2631),(-35.2304,22.5161)]
triangle[(-20.2615,11.4105),(10.3156,6.73017),(19.5122,66.8129)]
triangle[(18.1887,4.85318),(17.2867,8.08914),(10.8767,6.30235)]
triangle[(12.354,5.44409),(-2.74867,-9.87877),(17.8789,-30.2099)]
triangle[(-1.45166,2.85),(3.75227,11.6432),(-10.9129,20.3222)]
triangle[(-18.1779,-17.8149),(16.503,12.3036),(-24.9612,60.0489)]
triangle[(-12.7303,-14.2054),(-14.1473,-6.82579),(-22.9497,-8.51596)]
triangle[(-5.22134,6.58027),(10.2095,-2.80371),(24.355,20.4568)]
triangle[(-5.09198,18.59),(-4.15941,20.852),(-7.18872,22.1009)]
triangle[(-14.1276,-17.6589),(-1.16699,5.82364),(-39.2471,26.8411)]
triangle[(-10.6774,18.4764),(-18.9464,-10.7235),(16.0988,-20.6477)]
triangle[(5.07376,-12.5091),(5.29753,-16.4756),(12.1136,-16.0911)]
triangle[(-11.4225,-13.5922),(8.37035,18.5808),(-41.2577,49.1121)]
triangle[(12.1583,16.7893),(-18.4353,-13.3868),(19.8014,-52.1527)]
triangle[(10.6511,11.8421),(6.82571,-19.478),(64.7633,-26.5544)]
triangle[(16.1387,5.99513),(-1.13388,-9.49118),(21.2465,-34.453)]
triangle[(11.0188,4.39351),(0.743105,-14.5766),(38.4093,-34.9795)]
triangle[(0.155831,13.9067),(-18.5449,4.09793),(-5.58435,-20.6117)]
triangle[(-10.5759,19.982),(17.3787,3.7502),(41.6628,45.5727)]
triangle[(-9.82201,0.802844),(-2.81438,9.37496),(-15.8547,20.0353)]
triangle[(-13.7019,18.7262),(-0.886577,-17.9618),(66.448,5.55861)]
triangle[(17.4797,-18.5745),(9.66823,-8.41551),(-6.83862,-21.1079)]
triangle[(4.33608,7.45622),(15.4172,14.0342),(6.23215,29.507)]
triangle[(-15.3649,-3.73079),(-8.17014,6.69732),(-22.2122,16.3855)]
triangle[(0.773887,11.2437),(-1.43898,0.86531),(10.8464,-1.75417)]
triangle[(-18.6326,-9.52751),(17.4989,-0.152048),(7.64563,37.8207)]
triangle[(-19.2167,-11.2044),(-4.22247,5.00267),(-21.6115,21.0905)]
triangle[(-12.8474,-8.00941),(-8.30201,10.7194),(-37.8255,17.8846)]
triangle[(-9.93958,-12.8244),(12.1962,-9.13753),(8.11768,15.3495)]
triangle[(19.6645,-16.2095),(-11.0291,-9.4556),(-23.5872,-66.5268)]
triangle[(-12.8104,4.91263),(9.86563,-20.3191),(60.1369,24.8601)]
triangle[(10.0325,11.1099),(-8.45963,-4.65292),(14.4833,-31.5684)]
triangle[(-19.6401,-10.1756),(12.0604,-13.7646),(17.2435,32.016)]
triangle[(15.0513,-3.26943),(16.339,3.56115),(4.84682,5.72779)]
triangle[(9.57132,-9.68636),(-13.2881,7.62106),(-44.9725,-34.2274)]
triangle[(9.18525,-1.5555),(-19.3999,2.61645),(-27.7378,-54.5129)]
triangle[(16.2757,12.5059),(4.65606,-9.42646),(44.3637,-30.4634)]
triangle[(-13.1988,-15.0135),(-15.3145,9.78341),(-43.7963,7.35324)]
triangle[(2.20909,4.25639),(7.65422,-2.63066),(20.8245,7.78223)]
triangle[(2.42811,18.2291),(-10.3733,-13.4129),(23.7672,-27.2251)]
