triangle[(-4.57333,-12.7717),(-9.32455,-12.9147),(-9.06978,-21.3758)]
triangle[(1.88915,-4.835),(-12.6902,-16.11),(3.83166,-37.4739)]
triangle[(-4.22877,-18.2238),(11.8554,10.7747),(-18.6718,27.7068)]
triangle[(-9.41719,8.32595),(-5.43409,-2.50552),(11.9008,3.8691)]
triangle[(-14.7274,13.6317),(5.21172,-13.3866),(36.3615,9.60158)]
triangle[(3.38404,-9.03611),(8.38685,-19.6582),(29.1222,-9.89232)]
triangle[(10.491,-1.86101),(-15.505,-5.39854),(-8.67886,-55.5613)]
triangle[(-1.88096,11.7664),(12.2859,4.5158),(25.1386,29.6286)]
triangle[(-7.201,-6.68524),(-0.693468,2.98588),(-15.1296,12.6997)]
triangle[(5.04456,17.3736),(3.39686,10.1711),(11.1058,8.40755)]
triangle[(18.7565,6.67916),(1.82528,-9.39276),(27.4924,-36.4322)]
triangle[(-12.3598,-17.9337),(-6.73044,-17.7156),(-6.9886,-11.052)]
triangle[(15.3361,-7.72001),(16.6527,-5.28318),(12.1053,-2.82627)]
triangle[(-2.58284,-18.7597),(17.0524,-1.40455),(-0.566908,18.5296)]
triangle[(14.5142,12.0917),(2.0881,2.52573),(13.6993,-12.557)]
triangle[(-1.03267,-3.71331),(-4.98919,-18.5834),(15.4092,-24.0109)]
triangle[(-14.4335,-19.7816),(-1.07897,17.2408),(-38.5929,30.7726)]
triangle[(2.08748,-9.04945),(4.1462,17.3804),(-35.0086,20.4303)]
triangle[(-4.36939,-11.8146),(4.67537,7.14102),(-19.1754,18.5215)]
triangle[(14.6167,2.76304),(13.0718,13.5673),(-0.829799,11.5795)]
triangle[(8.28892,-14.6709),(-1.25275,1.30041),(-28.7913,-15.1518)]
triangle[(12.4728,-11.2282),(-0.32027,-13.5724),(3.03154,-31.8646)]
triangle[(-3.87821,19.6963),(-17.3598,-17.6254),(56.0418,-44.14)]
triangle[(5.88741,-8.02296),(-11.4602,1.31311),(-21.5881,-17.5058)]
triangle[(-14.5253,18.1267),(-0.557111,-9.82091),(27.6569,4.28045)]
triangle[(12.1588,-10.0647),(-6.67144,0.768829),(-21.9753,-25.8314)]
triangle[(8.37562,1.85476),(10.9098,-8.31279),(27.744,-4.11705)]
triangle[(4.23522,-12.8193),(-17.4527,11.2667),(-55.5129,-23.0041)]
triangle[(-1.27232,-17.5047),(-7.57892,7.26808),(-46.0929,-2.53673)]
triangle[(6.30344,-12.8609),(6.09856,-1.94834),(-6.76986,-2.18995)]
triangle[(15.8548,7.47199),(-18.0192,10.8856),(-22.4676,-33.2569)]
triangle[(-7.52989,8.28035),(-13.1324,6.04639),(-10.6478,-0.184493)]
triangle[(-6.57364,-3.57489),(7.04587,-2.50372),(5.8923,12.1635)]
triangle[(19.3824,-18.0724),(-13.5223,17.9633),(-66.1037,-30.0494)]
triangle[(-11.9809,8.51093),(18.1784,0.747522),(26.265,32.1622)]
triangle[(17.1066,16.9356),(7.36532,17.0584),(7.22417,5.86286)]
triangle[(-13,-7.18387),(2.40366,11.1395),(-23.2301,32.6887)]
triangle[(-18.2546,-2.43353),(1.65135,-3.34269),(3.30156,32.7884)]
triangle[(-18.9245,3.19601),(19.2881,6.73276),(15.1267,51.6948)]
triangle[(20.0412,0.589936),(19.7311,-12.9661),(42.4326,-13.4854)]
triangle[(-3.764,-17.2661),(-18.2174,16.6531),(-79.213,-9.33792)]
triangle[(10.6199,-7.95328),(12.6147,-20.2496),(30.7468,-17.3082)]
triangle[(5.00263,-6.01145),(16.1633,11.39),(-8.42717,27.1614)]
triangle[(20.7622,-19.7192),(-0.204978,9.70571),(-33.6811,-14.1482)]
triangle[(-7.40467,-18.6506),(0.864161,-5.64352),(-18.404,6.60564)]
triangle[(-15.2641,-2.87476),(-9.72931,2.01004),(-16.6285,9.82724)]
triangle[(-4.14254,-20.3468),(5.67099,15.7285),(-33.7773,26.4596)]
triangle[(-6.73324,10.6896),(-8.82243,-20.6404),(22.8583,-22.753)]
triangle[(0.435047,-7.2165),(-14.4709,1.62338),(-23.4218,-13.4698)]
triangle[(9.58218,-16.2708),(-3.98466,-7.13021),(-16.5474,-25.7764)]
triangle[(-18.3223,-3.22088),(2.27888,-2.22658),(1.23941,19.3103)]
triangle[(-1.9954,13.4527),(16.8049,-13.2194),(67.6749,22.6372)]
triangle[(-8.54257,14.5771),(-13.1236,8.01593),(-5.92923,2.99286)]
triangle[(-7.3413,-20.0645),(-1.00712,16.2381),(-39.3309,22.9249)]
triangle[(3.19565,-6.08323),(4.4011,-20.1828),(22.081,-18.6712)]
triangle[(1.50062,-7.77754),(-9.29172,5.05965),(-26.9326,-9.77122)]
triangle[(1.71118,1.8794),(-10.932,-2.5891),(-4.98018,-19.4291)]
triangle[(-9.99234,13.7466),(18.1302,17.0809),(13.3866,57.0904)]
triangle[(-1.29505,11.5776),(-6.39601,-17.5326),(31.7621,-24.219)]
triangle[(9.97836,-8.95267),(-5.18554,-0.123077),(-17.9781,-22.0929)]
triangle[(-17.7668,17.6631),(12.0104,20.3879),(8.7269,56.2704)]
triangle[(-19.4508,-11.9493),(16.2669,-2.75953),(3.90246,45.297)]
triangle[(-0.93137,8.75589),(-13.3357,10.5198),(-16.8231,-14.0053)]
triangle[(11.1783,5.59393),(-0.0920924,9.06532),(-4.89332,-6.52259)]
triangle[(16.2677,18.023),(18.6729,7.14613),(29.9988,9.65059)]
triangle[(15.3546,11.3234),(0.691097,11.0084),(1.07423,-6.82747)]
triangle[(9.74734,17.3956),(10.6882,-9.64721),(54.2772,-8.13062)]
triangle[(-20.2074,14.1043),(19.5843,4.37716),(37.894,79.2779)]
triangle[(13.8568,10.5784),(-13.2218,0.0383474),(-1.34357,-30.4783)]
triangle[(-1.34859,-17.6798),(-19.3083,5.47818),(-64.3563,-29.4579)]
triangle[(-1.96257,8.65735),(1.58366,-6.45028),(31.1433,0.488279)]
triangle[(20.6548,9.14868),(-10.9943,-0.836712),(7.92466,-60.8008)]
triangle[(-2.94688,-19.094),(3.55668,8.95299),(-35.2537,17.9524)]
triangle[(10.4825,5.74868),(-12.1071,17.1344),(-32.9605,-24.2391)]
triangle[(-15.6738,-17.6276),(-1.30466,3.44304),(-31.0054,23.6975)]
triangle[(-6.6314,7.41838),(-4.56065,-9.82298),(15.9461,-7.36005)]
triangle[(3.13558,-11.0546),(20.7518,19.5402),(-16.3938,40.9284)]
triangle[(-18.7693,19.4192),(1.20837,-17.3681),(68.5938,19.2262)]
triangle[(-6.31096,-1.53639),(8.85384,-11.3099),(23.36,11.1981)]
triangle[(14.9009,9.93129),(15.6297,-13.4765),(56.1344,-12.2154)]
triangle[(-17.4613,-4.94315),(-19.6111,-13.0754),(-5.3153,-16.8546)]
triangle[(11.7652,-17.39),(-1.15226,-13.268),(-6.28476,-29.352)]
triangle[(3.23394,14.4152),(15.507,-16.6628),(74.6906,6.70936)]
triangle[(-12.855,7.91741),(-7.85191,-3.25501),(11.2699,5.30784)]
triangle[(9.84289,-12.1527),(-1.29119,0.18718),(-19.3287,-16.0877)]
triangle[(-7.67063,-15.8002),(-4.14843,5.96834),(-30.9447,10.304)]
triangle[(20.9656,17.4422),(-20.2087,2.41962),(1.2406,-56.369)]
triangle[(-13.1853,8.85697),(9.52823,8.10921),(10.345,32.918)]
triangle[(19.528,20.1788),(-19.4629,-20.1225),(48.4317,-85.8095)]
triangle[(3.85214,-2.25433),(-13.3378,-16.0143),(2.26832,-35.5106)]
triangle[(4.83785,-4.60792),(-7.24194,-0.750459),(-13.8689,-21.503)]
triangle[(-6.11983,-8.00032),(-9.10176,15.5325),(-37.591,11.9225)]
triangle[(-7.42902,11.3909),(-2.00189,18.3548),(-9.40766,24.1263)]
triangle[(15.4913,13.6493),(-5.30764,20.7969),(-15.8752,-9.95386)]
triangle[(-0.447425,-1.69797),(-3.50502,5.18891),(-11.3712,1.69654)]
triangle[(-16.9165,7.68713),(15.4962,1.10877),(23.4731,40.4126)]
triangle[(-0.888229,1.00184),(-9.44442,0.916279),(-9.35665,-7.86038)]
triangle[(20.3518,-13.6735),(-4.82063,1.09216),(-22.5969,-29.2127)]
triangle[(16.7383,4.21141),(-8.23915,-11.2035),(10.5765,-41.6914)]
triangle[(12.7602,-12.1086),(9.97692,8.86286),(-18.3529,5.10302)]
triangle[(-2.34871,19.7009),(15.782,-7.67272),(47.9435,13.6293)]
triangle[(-1.59193,4.00815),(-10.5975,7.70892),(-17.888,-10.032)]
triangle[(16.6102,18.8191),(10.3531,6.13866),(31.2997,-4.19733)]
triangle[(9.52245,16.638),(10.2467,20.3478),(5.61578,21.2519)]
triangle[(13.3055,-9.0595),(8.34273,-2.60315),(-4.41777,-12.4117)]
triangle[(-10.8917,14.516),(-14.7258,-5.41876),(19.8587,-12.0705)]
triangle[(4.03869,-20.8706),(3.31366,16.7857),(-36.1991,16.025)]
triangle[(6.89853,-9.22333),(6.45193,2.85926),(-12.7686,2.14882)]
triangle[(-7.5587,-4.91393),(-10.5301,1.93757),(-22.1837,-3.11645)]
triangle[(9.24606,-3.38654),(-13.524,19.1931),(-49.3417,-16.9267)]
triangle[(-15.9016,-17.2299),(13.4849,-15.87),(11.327,30.7624)]
triangle[(8.60253,12.8879),(-14.531,-12.3318),(10.9705,-35.7238)]
triangle[(5.40055,10.0672),(2.82778,2.93651),(13.2337,-0.817964)]
triangle[(19.5375,0.509041),(14.4614,7.60285),(1.60524,-1.59658)]
triangle[(-1.97352,3.94554),(20.5985,3.97529),(20.5467,43.2459)]
triangle[(-0.661233,-13.4214),(10.9365,15.3983),(-33.9366,33.4564)]
triangle[(-4.5539,-20.3546),(-8.21937,15.1089),(-68.297,8.89935)]
triangle[(17.5015,10.89),(-18.0147,-7.85381),(10.0613,-61.053)]
triangle[(-14.2944,-1.92194),(-0.704095,3.91189),(-10.814,27.4637)]
triangle[(4.76713,-20.2569),(6.42675,-11.7394),(-2.70446,-9.96015)]
triangle[(5.8226,12.4178),(-6.47608,0.6591),(10.1572,-16.738)]
triangle[(11.1685,5.35122),(0.920885,-2.60605),(8.94131,-12.935)]
triangle[(0.0310228,-4.88145),(3.04011,12.5304),(-26.5549,17.645)]
triangle[(-18.6815,-10.8327),(8.98254,2.85267),(-10.9871,43.2199)]
triangle[(20.6926,19.3622),(-0.0674749,0.57191),(26.84,-29.1562)]
triangle[(12.0032,-18.563),(-8.19212,9.76144),(-44.106,-15.8452)]
triangle[(-9.81799,1.9266),(-2.41922,10.7565),(-11.3037,18.201)]
triangle[(9.52503,4.08649),(6.98984,12.7108),(-7.0026,8.59767)]
triangle[(-4.47678,0.931528),(-19.3543,-0.318007),(-17.2901,-24.896)]
triangle[(-12.3915,3.23269),(-14.734,11.4706),(-29.9002,7.15794)]
triangle[(3.34398,-15.7146),(16.9866,-15.1724),(16.1301,6.37725)]
triangle[(-6.19709,-20.2646),(-14.1785,1.06748),(-39.6742,-8.47171)]
triangle[(-15.4703,15.913),(5.58904,-20.7214),(70.7384,16.73)]
triangle[(-4.37523,6.57434),(-3.05933,10.8723),(-9.9887,12.9939)]
triangle[(-6.16866,6.3986),(-14.5777,8.85986),(-18.3124,-3.90016)]
triangle[(-13.3515,-15.1865),(16.0061,-9.3949),(6.19498,40.3372)]
triangle[(-13.409,17.7712),(-5.88921,14.2386),(0.641134,28.1393)]
triangle[(16.1521,-15.7094),(13.671,-3.17194),(0.112692,-5.85509)]
triangle[(-11.6962,11.5503),(1.52905,6.96807),(8.47975,27.0294)]
triangle[(-5.4317,-6.96147),(7.09291,4.42707),(-12.0651,25.4962)]
triangle[(-17.6523,-13.5433),(10.7489,5.56442),(-18.5552,49.1211)]
triangle[(10.2369,11.099),(1.475,-8.24247),(29.7875,-21.0683)]
triangle[(14.6516,-0.93104),(-12.6892,6.52514),(-20.1491,-20.8293)]
triangle[(16.4819,-7.68907),(16.8406,-16.3966),(30.6403,-15.8282)]
triangle[(-6.88113,-10.4522),(-6.75035,6.00853),(-35.6363,6.23802)]
triangle[(14.5858,6.88844),(-2.74211,11.1262),(-9.87889,-18.0552)]
triangle[(-13.3662,-20.4044),(-6.48636,-14.518),(-14.025,-5.70703)]
triangle[(-6.17873,-17.6479),(-3.1188,7.08388),(-38.0468,11.4053)]
triangle[(-11.8399,-11.9138),(4.31983,11.7715),(-26.9763,33.1239)]
triangle[(12.1364,-3.10676),(11.8714,-12.9143),(30.902,-13.4285)]
triangle[(-3.65498,-9.39851),(20.9594,-6.23089),(15.6731,34.847)]
triangle[(5.73501,20.1314),(9.93958,13.0872),(20.4692,19.3721)]
triangle[(-2.69791,8.66635),(19.2561,18.2554),(1.82287,58.1684)]
triangle[(-5.70401,3.88383),(2.73476,10.5487),(-6.45384,22.1829)]
triangle[(-8.82594,15.5157),(-4.08164,-14.5524),(27.3854,-9.58737)]
triangle[(-6.55717,9.53509),(-17.6692,-12.7324),(14.7865,-28.9285)]
triangle[(8.14892,9.96929),(-0.285795,18.5057),(-11.8594,7.06995)]
triangle[(-9.71253,7.02322),(-12.2038,5.46223),(-9.42665,1.02998)]
triangle[(6.1392,-19.9507),(-16.4352,11.7476),(-60.2123,-19.4287)]
triangle[(18.5334,-6.33629),(-5.60228,18.7274),(-42.3777,-16.6862)]
triangle[(0.488937,-15.6863),(6.78145,5.40203),(-31.1069,16.7075)]
triangle[(-9.73278,19.1106),(-15.6626,9.57425),(-2.86872,1.61881)]
triangle[(0.299301,-8.66939),(12.3336,-6.41819),(9.96962,6.2189)]
triangle[(-17.81,-3.83237),(20.7653,-13.287),(31.9289,32.2608)]
triangle[(9.94797,-19.6046),(0.967694,-20.7049),(2.4574,-32.8636)]
triangle[(-15.4178,-20.4054),(1.22367,-14.6158),(-4.9739,3.1983)]
triangle[(2.20198,19.5503),(17.7456,-17.8041),(62.9119,0.99014)]
triangle[(-3.14903,12.4566),(2.06969,15.4908),(-1.8357,22.208)]
triangle[(6.68206,2.89562),(-4.22587,14.6658),(-25.6836,-5.22)]
triangle[(2.86438,-7.69453),(19.0896,12.4527),(-19.4755,43.5104)]
triangle[(2.63142,7.92498),(-3.38049,-7.0948),(15.8196,-14.7799)]
triangle[(11.8271,-9.58474),(19.7215,1.98959),(1.08225,14.7028)]
triangle[(15.7801,13.9578),(-14.3504,-4.93124),(12.6997,-48.0798)]
triangle[(-6.18028,-7.48678),(-7.89527,-11.9921),(-2.67167,-13.9805)]
triangle[(18.0052,19.2912),(-4.0145,18.3297),(-3.008,-4.72168)]
triangle[(-13.3941,-10.9702),(-1.14287,-3.65683),(-12.151,14.7838)]
triangle[(-5.29936,18.5172),(-17.6685,17.3426),(-15.4437,-6.08723)]
triangle[(17.6148,3.10136),(0.696346,-13.0593),(22.1133,-35.4804)]
triangle[(-13.0999,-3.54726),(20.1946,-2.92304),(19.3078,44.3749)]
triangle[(-10.342,18.9846),(10.6857,1.36452),(41.2238,37.8085)]
triangle[(-10.7293,-18.3894),(9.61117,13.9769),(-26.8915,36.9168)]
triangle[(-10.4226,-17.2462),(-8.98318,-8.3265),(-18.9536,-6.71747)]
triangle[(4.93066,-10.4006),(20.7845,11.5429),(-5.62396,30.6226)]
triangle[(15.0906,7.9201),(-16.8797,-5.04846),(-2.02113,-41.678)]
triangle[(13.9574,14.5756),(-16.8429,5.21951),(0.437892,-51.6691)]
triangle[(-5.68927,7.44501),(-3.77832,9.28702),(-6.26471,11.8665)]
triangle[(-9.04083,-3.92455),(-5.65491,-8.47453),(3.16535,-1.91085)]
triangle[(-7.01285,9.12033),(-14.6039,4.56334),(-7.4866,-7.2928)]
triangle[(-20.6078,1.42522),(-17.9239,-11.3476),(-1.99946,-8.00134)]
triangle[(-18.282,-6.65992),(16.8666,12.5771),(-2.38386,47.7502)]
triangle[(13.8713,-15.7788),(-14.8252,-10.0194),(-26.3126,-67.2557)]
triangle[(-1.76344,-15.9929),(17.7819,-6.12939),(6.6543,15.9209)]
triangle[(20.0406,1.64712),(-1.97561,0.567444),(-0.256058,-34.4968)]
triangle[(-7.18118,-17.739),(-11.175,9.06029),(-54.1198,2.66041)]
triangle[(9.55041,15.4572),(11.9627,-9.67704),(46.4903,-6.36325)]
triangle[(1.50669,8.05855),(-11.1286,-9.87316),(21.2169,-32.6649)]
triangle[(-10.5766,10.7283),(5.90605,-20.9248),(62.5056,8.54817)]
triangle[(-10.6106,15.2665),(18.1812,16.1515),(16.7238,63.563)]
triangle[(3.14721,-19.5158),(-15.8155,-19.7012),(-15.5546,-46.3957)]
triangle[(-2.84377,11.2063),(18.3593,-18.3618),(61.996,12.9298)]
triangle[(-3.38152,-14.9653),(-11.3213,3.90619),(-42.9088,-9.38355)]
triangle[(5.63899,-18.3762),(17.0285,-13.0974),(10.1842,1.66981)]
triangle[(4.29251,-4.3291),(-14.4509,-11.6585),(-4.62699,-36.7812)]
triangle[(-20.3766,12.4762),(11.2419,-16.4533),(57.4352,34.0336)]
triangle[(9.28873,2.35849),(4.53857,-19.6391),(35.4826,-26.3211)]
triangle[(-12.9471,-14.3945),(-15.3611,11.5754),(-47.6865,8.57072)]
triangle[(-6.77585,-17.0158),(5.78517,2.22953),(-23.0182,21.0289)]
triangle[(-15.162,-12.439),(-1.45973,14.3594),(-36.8109,32.4348)]
triangle[(-13.6843,10.418),(-5.45087,-7.86161),(22.6752,4.80677)]
triangle[(-5.89422,7.63018),(-3.63831,19.6626),(-26.3968,23.9295)]
triangle[(1.79619,-9.93654),(2.97914,13.6335),(-27.0533,15.1408)]
triangle[(18.4238,18.4098),(2.08296,6.47901),(18.1762,-15.5628)]
triangle[(12.7449,0.801087),(13.2312,7.47856),(1.27833,8.34915)]
triangle[(4.61456,-9.79841),(-17.9259,-19.1191),(-3.84653,-53.1679)]
triangle[(-8.57901,13.3327),(8.23923,-19.989),(51.2113,1.69998)]
triangle[(-11.9352,-7.89),(-1.22664,1.14692),(-11.8629,13.7507)]
triangle[(8.53821,6.48129),(-20.0483,6.91041),(-20.521,-24.5767)]
triangle[(6.74438,8.15639),(-17.2827,-6.70924),(10.1273,-51.0116)]
triangle[(13.4514,-18.7808),(2.97068,18.433),(-41.5976,5.88094)]
triangle[(-3.45587,-1.3098),(-8.37469,-2.83547),(-6.34383,-9.38305)]
triangle[(2.05149,3.88123),(-11.4971,2.27031),(-9.66615,-13.1293)]
triangle[(12.5403,-17.2268),(-11.5737,10.3523),(-51.0366,-24.1524)]
triangle[(19.712,-11.2977),(-8.61881,12.7598),(-47.7336,-33.3029)]
triangle[(6.69756,-3.84161),(-17.3608,20.167),(-46.4599,-8.99237)]
triangle[(20.7738,-14.8545),(-12.9991,13.8247),(-61.3728,-43.1407)]
triangle[(-7.44688,-18.1244),(11.5883,10.5499),(-39.0909,44.193)]
triangle[(0.511881,-11.098),(-20.2197,-13.0406),(-17.3607,-43.5521)]
triangle[(19.2158,2.4497),(-20.2334,7.68883),(-27.4847,-46.9114)]
triangle[(10.1979,-14.8431),(-15.4289,-19.0514),(-7.48533,-67.4246)]
triangle[(-16.4334,6.50293),(-1.40456,2.32889),(6.19984,29.7089)]
triangle[(11.7471,-17.0754),(5.62538,6.34464),(-36.2974,-4.61349)]
triangle[(-5.33725,11.7274),(-1.47581,-10.8111),(36.1366,-4.36706)]
triangle[(17.9375,-2.11256),(17.1392,-4.60582),(20.8957,-5.80863)]
triangle[(-6.66252,18.1429),(-2.9674,-5.06239),(37.9133,1.44729)]
triangle[(6.33661,3.37297),(-14.1553,11.9662),(-30.7359,-27.5731)]
triangle[(-8.97317,-4.05686),(-6.20389,10.8334),(-33.9627,15.996)]
triangle[(-13.1639,12.7031),(4.35854,16.1366),(-2.25685,49.8967)]
triangle[(-10.5012,2.6875),(14.6039,-18.633),(51.0571,24.2908)]
triangle[(-13.302,16.6915),(10.2034,-2.94232),(32.8543,24.1751)]
triangle[(-5.57718,12.4547),(-15.6289,18.0071),(-26.064,-0.883933)]
triangle[(8.91501,-7.78821),(11.7553,-17.3621),(28.2246,-12.4762)]
triangle[(6.34092,-2.89194),(-2.77658,4.2773),(-14.737,-10.9334)]
triangle[(5.25582,7.13599),(19.8959,-10.0866),(42.3855,9.03078)]
triangle[(-14.9682,-11.8312),(19.4746,6.38374),(-5.92575,54.4135)]
triangle[(17.6433,-4.88059),(2.31554,8.59044),(-12.9357,-8.76289)]
triangle[(0.034196,0.90044),(-20.3726,-14.8981),(-1.74802,-38.9553)]
triangle[(17.315,-18.1497),(-17.9182,19.0676),(-73.6551,-33.698)]
triangle[(-12.0725,0.85505),(10.5042,-11.1422),(27.7507,21.3126)]
triangle[(6.75905,-2.00921),(-1.26995,-18.3188),(25.2445,-31.3715)]
triangle[(13.8979,-7.88088),(-13.4408,-16.2414),(0.124124,-60.5985)]
triangle[(17.3781,-18.7361),(3.19917,11.0214),(-34.0746,-6.73894)]
triangle[(-20.323,15.3877),(-1.97738,8.54883),(5.92119,29.7371)]
triangle[(-18.221,-19.9656),(18.6047,3.05149),(-4.81423,40.52)]
triangle[(-19.4236,11.9028),(-1.44835,-13.1103),(33.6136,12.0864)]
triangle[(-17.5271,-19.2811),(-6.97703,15.9401),(-47.0567,27.9455)]
triangle[(-7.41594,18.4732),(-0.782751,2.99657),(26.8131,14.824)]
triangle[(-8.66784,16.2723),(-1.0816,1.17746),(25.4592,14.5161)]
triangle[(-8.11466,14.8643),(6.26542,6.28787),(17.2896,24.7722)]
triangle[(-8.84307,-7.88455),(20.3963,-16.8006),(29.9484,14.5245)]
triangle[(7.43657,19.3462),(-16.8466,6.04047),(-0.555089,-23.6915)]
triangle[(15.0661,11.4934),(7.22175,6.37131),(14.3738,-4.58187)]
triangle[(13.4876,4.95198),(12.2461,-12.5206),(40.043,-14.4957)]
triangle[(-5.61801,14.7319),(-10.5867,19.1947),(-16.3838,12.7403)]
triangle[(7.03759,14.1531),(-13.3211,-2.38913),(7.20332,-27.6488)]
triangle[(-20.9276,-5.02656),(17.2999,-1.07515),(13.2618,37.9905)]
triangle[(-9.26244,-12.8187),(5.09149,-7.51364),(-4.12287,17.4176)]
triangle[(-12.9871,6.92845),(-13.3009,-20.9419),(42.1108,-21.5658)]
triangle[(15.5912,-7.71456),(-16.4959,11.2428),(-44.7612,-36.599)]
triangle[(-3.81156,-13.6237),(-5.24768,9.19568),(-32.2137,7.49859)]
triangle[(11.6159,4.04645),(18.3737,-13.5856),(50.5694,-1.24591)]
triangle[(4.93522,16.7712),(-13.341,-13.8411),(26.093,-37.3842)]
triangle[(5.48475,-16.5403),(-11.4662,15.8065),(-69.1934,-14.4448)]
triangle[(10.0569,-1.88355),(-14.6971,-4.41808),(-10.3995,-46.3919)]
triangle[(-9.78206,-20.6002),(-4.01472,6.49474),(-36.8267,13.479)]
triangle[(-5.53023,8.84078),(0.341514,10.312),(-1.53564,17.804)]
triangle[(-20.6435,13.849),(-17.9952,19.0601),(-28.3566,24.326)]
triangle[(-12.817,14.5234),(-14.5586,-7.24344),(19.3451,-9.95612)]
triangle[(-11.3192,1.73077),(12.4522,-6.11354),(22.7948,25.2287)]
triangle[(5.82286,5.46006),(12.1766,9.66398),(6.44619,18.3249)]
triangle[(-6.68079,3.11867),(-15.5555,13.7617),(-35.773,-3.09659)]
triangle[(14.5157,18.7526),(17.4862,-11.5012),(76.5466,-5.7023)]
triangle[(8.58295,1.00136),(4.7628,9.88003),(-9.81299,3.60863)]
triangle[(5.34539,1.4078),(-19.1643,7.79663),(-28.0555,-26.3131)]
triangle[(6.72799,-16.5729),(-0.16341,-7.14639),(-12.0024,-15.8014)]
triangle[(-14.744,-11.1319),(-12.0186,4.09798),(-32.6738,7.7943)]
triangle[(8.18102,-11.516),(-5.81482,-2.03013),(-20.1594,-23.1947)]
triangle[(2.83957,-9.94169),(-2.7228,-2.1916),(-15.1083,-11.0809)]
triangle[(-7.64359,-3.81994),(-4.67248,-11.347),(4.98523,-7.53481)]
triangle[(10.0863,13.5079),(16.1586,18.1263),(9.29978,27.1442)]
triangle[(5.47995,15.2438),(-5.37701,13.92),(-2.91628,-6.26136)]
triangle[(2.34396,18.2568),(0.103197,5.27817),(24.2561,1.10819)]
triangle[(12.1319,11.3417),(3.1764,16.0793),(-1.56345,7.1194)]
triangle[(1.80115,-19.4343),(2.83851,15.4378),(-54.4459,17.1418)]
triangle[(-14.8302,-8.02359),(18.0817,7.2612),(-2.74479,52.1057)]
triangle[(14.9491,-16.7075),(9.9172,19.0821),(-51.407,10.4601)]
triangle[(-16.526,-8.43227),(2.31015,10.1235),(-16.3321,29.0475)]
triangle[(-0.344556,-15.6063),(5.39857,14.1976),(-45.4705,23.9999)]
triangle[(-13.3082,12.6139),(-18.964,-3.1457),(-1.84511,-9.28926)]
triangle[(15.9053,0.659015),(2.8343,-6.52717),(10.4528,-20.3845)]
triangle[(-18.2245,14.7164),(18.8847,18.4463),(13.1427,75.5734)]
triangle[(-19.0351,8.41676),(12.7908,-20.8207),(55.6896,25.8759)]
triangle[(16.6651,16.081),(-17.3572,-9.04165),(20.3507,-60.1075)]
triangle[(-7.10946,-1.52435),(-3.12946,17.6874),(-32.1585,23.7012)]
triangle[(-3.97301,-14.2488),(10.3366,-19.0281),(17.0613,1.10573)]
triangle[(-14.7306,20.9353),(12.9771,-6.79024),(49.8198,30.0287)]
triangle[(1.03604,5.26749),(7.70195,9.17491),(0.431766,21.5776)]
triangle[(17.7842,-10.4317),(7.80399,20.2494),(-50.962,1.13341)]
triangle[(20.1573,-19.273),(12.9965,-9.5489),(-5.24729,-22.9837)]
triangle[(-15.7245,-17.0015),(12.5767,9.88258),(-26.6958,51.2252)]
triangle[(-12.0407,6.0689),(-5.01113,19.7369),(-29.564,32.3646)]
triangle[(-16.7905,20.8281),(18.7733,-14.756),(68.3138,34.7562)]
triangle[(4.85536,15.7157),(16.6597,-17.2046),(53.1521,-4.11941)]
triangle[(6.16071,-11.384),(8.90338,20.2463),(-53.075,25.6204)]
triangle[(10.3884,12.4089),(-15.7637,-10.9984),(18.3161,-49.0745)]
triangle[(-14.7111,-1.84312),(20.4979,9.63336),(5.14379,56.7388)]
triangle[(-5.67009,-13.0818),(13.7274,-18.9091),(19.7292,1.06943)]
triangle[(13.4492,17.2949),(11.3051,-11.5965),(43.3798,-13.9769)]
triangle[(-20.3337,-8.83405),(-11.2962,-15.7438),(-0.203833,-1.23556)]
triangle[(0.11204,5.05763),(6.13076,-14.4654),(36.6171,-5.06687)]
triangle[(-5.0079,7.14912),(-17.1607,-10.3907),(15.1382,-32.7695)]
triangle[(16.248,-7.12262),(15.8644,9.91384),(-12.2975,9.27977)]
triangle[(2.87742,-5.1949),(15.5239,17.4462),(-27.7459,41.615)]
triangle[(16.9739,17.1864),(-6.95302,7.67218),(8.17253,-30.3664)]
triangle[(16.7904,-1.75694),(4.48001,-11.7168),(19.3928,-30.149)]
triangle[(-6.95869,-3.96466),(-7.45786,-13.1442),(6.26878,-13.8906)]
triangle[(-6.02384,10.6936),(15.4139,-10.9846),(46.6237,19.879)]
triangle[(-0.62415,-3.04681),(-7.53122,12.1117),(-28.9683,2.34379)]
triangle[(15.6739,-16.295),(15.2613,-11.6331),(9.15608,-12.1735)]
triangle[(-11.8219,-18.745),(18.6284,11.1049),(-24.2183,54.8135)]
triangle[(-5.92708,1.74156),(-1.26896,-15.965),(33.7174,-6.76097)]
triangle[(-8.99677,-3.21563),(18.4231,9.3532),(-6.59292,63.9275)]
triangle[(-16.5726,-10.4858),(-11.3533,6.29915),(-34.4109,13.4689)]
triangle[(-1.94937,-19.4088),(-4.57692,-18.3082),(-6.39067,-22.6383)]
triangle[(18.2065,1.52051),(15.7969,5.70937),(9.54655,2.11393)]
triangle[(-5.52075,17.2104),(-4.89433,11.2377),(1.8488,11.9449)]
triangle[(1.73389,-14.5115),(-3.72853,-1.86737),(-16.5252,-7.39571)]
triangle[(-17.3996,-7.24384),(-3.10889,8.71269),(-32.7117,35.2251)]
triangle[(16.936,-1.15578),(3.31492,-7.23113),(12.39,-27.5775)]
triangle[(-8.70543,-12.4002),(7.56818,1.70889),(-8.49351,20.2347)]
triangle[(4.26646,-13.8899),(-17.2239,11.3033),(-57.595,-23.1341)]
triangle[(0.5967,11.0165),(19.1459,12.4878),(17.0223,39.261)]
triangle[(-4.60923,-12.8398),(9.5542,-8.05453),(0.16214,19.7441)]
triangle[(16.5371,4.20238),(-5.97314,2.74037),(-3.28829,-38.5977)]
triangle[(-12.9439,-0.104238),(-17.148,-5.9679),(-10.4762,-10.7514)]
triangle[(1.91609,20.2755),(0.252419,3.68673),(23.4273,1.36254)]
triangle[(-14.386,-14.5847),(-1.09768,0.039253),(-20.4972,17.667)]
triangle[(19.698,16.3539),(-0.979872,17.2836),(-2.76797,-22.4855)]
triangle[(-15.0364,13.6533),(19.4766,-15.0352),(63.4613,37.8796)]
triangle[(-12.5376,0.849578),(7.81982,4.39325),(1.92353,38.2659)]
triangle[(-19.4535,-8.8179),(-4.61234,16.5321),(-41.6744,38.2301)]
triangle[(-15.7608,20.7167),(-14.6248,10.7538),(3.43034,12.8126)]
triangle[(-7.83215,-5.72566),(19.1102,8.83439),(-7.38342,57.8589)]
triangle[(2.82598,12.48),(-7.37326,14.6287),(-11.608,-5.47248)]
triangle[(-7.46675,-17.7034),(16.0666,-2.69823),(-8.40697,35.6849)]
triangle[(1.40942,13.5496),(-16.6195,20.1586),(-26.748,-7.47137)]
triangle[(17.7304,-3.7946),(6.44332,-20.9405),(24.5903,-32.8866)]
triangle[(-3.04606,-6.12355),(-10.0396,12.963),(-42.1075,1.21297)]
triangle[(-11.3551,13.2873),(-3.01538,19.7781),(-10.7339,29.6953)]
triangle[(2.44505,9.79026),(-6.60129,-9.88522),(24.1376,-24.0183)]
triangle[(17.0812,1.10578),(6.18521,-10.2354),(21.3033,-24.76)]
triangle[(4.67277,3.62984),(-15.8774,6.13761),(-19.4298,-22.9724)]
triangle[(-0.307233,-5.35112),(0.734602,11.935),(-20.9456,13.2416)]
triangle[(12.9302,4.48591),(19.9506,-15.3027),(54.5915,-3.01317)]
triangle[(12.2698,-16.2824),(3.46896,-9.03568),(-10.4856,-25.9829)]
triangle[(8.85356,8.86478),(13.0263,0.146144),(29.1494,7.86267)]
triangle[(-18.4123,17.7656),(14.2131,0.415953),(46.3534,60.8549)]
triangle[(-20.9281,12.0342),(0.313956,5.77404),(7.36893,29.7129)]
triangle[(18.1771,5.47626),(17.6413,-1.66198),(29.3111,-2.53786)]
triangle[(13.8855,-5.13267),(-14.3836,-20.1942),(1.81483,-50.5971)]
triangle[(-18.8341,-10.2922),(-6.84635,7.13609),(-30.4966,23.4035)]
triangle[(10.9202,-14.5862),(-10.0367,-20.2821),(-3.3372,-44.9311)]
triangle[(-16.8258,-18.1599),(-2.6713,15.2873),(-46.8339,33.9764)]
triangle[(2.03912,15.0799),(-17.3973,-19.2228),(35.7364,-49.3292)]
triangle[(-15.9009,-6.46533),(-11.1715,-6.74879),(-10.6139,2.55435)]
triangle[(12.6843,-0.311928),(-2.59963,-17.3431),(17.1141,-35.0344)]
triangle[(12.9065,-3.74349),(9.29389,-17.8256),(28.47,-22.7451)]
triangle[(4.55662,5.96255),(-14.557,-19.2729),(32.3451,-54.7972)]
triangle[(-7.10784,-5.08881),(-20.2991,11.2149),(-47.5531,-10.8361)]
triangle[(4.27783,-5.03006),(-14.1529,18.3255),(-47.938,-8.33548)]
triangle[(12.122,1.40704),(-7.01206,-10.5928),(10.0438,-37.7888)]
triangle[(-8.65361,18.9778),(-8.54988,-17.3594),(28.07,-17.2548)]
triangle[(18.2736,0.897745),(-2.03249,-2.72372),(2.26894,-26.8426)]
triangle[(-14.15,-12.8097),(-14.1792,-2.91656),(-24.4072,-2.94671)]
triangle[(-17.9979,12.0041),(18.4426,-17.7674),(77.8085,54.8968)]
triangle[(0.3952,-11.0438),(12.8259,-3.6592),(-0.726895,19.1545)]
triangle[(18.4921,18.2268),(0.0369094,-9.03255),(37.7186,-34.5439)]
triangle[(-11.3803,12.4535),(4.05247,11.7107),(5.09284,33.3252)]
triangle[(-5.01431,-0.0935671),(0.148656,-10.6749),(20.5364,-0.727137)]
triangle[(-13.787,-11.3042),(5.74809,-11.13),(5.50227,16.4458)]
triangle[(-7.93938,-0.921425),(9.49396,-2.36176),(11.2921,19.4019)]
triangle[(-16.1034,3.41375),(-20.4239,8.08867),(-27.4445,1.6003)]
triangle[(19.839,8.39339),(-6.40345,-6.48254),(10.9862,-37.1594)]
triangle[(-18.2718,16.4802),(2.95546,4.25843),(21.1899,35.9287)]
triangle[(20.9888,-5.50818),(3.99518,-11.6164),(13.9106,-39.2017)]
triangle[(-9.89572,8.81735),(-10.0726,-8.65865),(22.2176,-8.98542)]
triangle[(-9.01799,-9.45011),(7.56115,20.4976),(-40.2666,46.9752)]
triangle[(1.25468,-1.56959),(-2.75276,0.842779),(-5.28089,-3.35697)]
triangle[(-18.8312,5.33119),(-20.8932,2.77219),(-17.7949,0.275622)]
triangle[(10.9665,-18.018),(13.4196,-20.0755),(17.2697,-15.4853)]
triangle[(12.05,17.4306),(11.3652,6.24765),(31.0216,5.04397)]
triangle[(-0.743645,15.8742),(-2.6795,-6.42977),(37.1831,-9.88961)]
triangle[(7.51154,-2.81838),(-6.29401,17.1222),(-36.6736,-3.91066)]
triangle[(19.8701,9.94381),(9.86631,-4.541),(34.5173,-21.5659)]
triangle[(16.8773,2.60817),(-9.73072,-10.5563),(4.73819,-39.8008)]
triangle[(8.92258,4.60157),(1.26844,6.83356),(-2.04979,-4.54564)]
triangle[(2.91322,-4.50542),(14.5628,-15.456),(30.0945,1.06705)]
triangle[(-7.76048,-7.73365),(-20.2286,-15.3964),(-4.91833,-40.3077)]
triangle[(17.8523,-0.811192),(5.74438,17.5989),(-25.8107,-3.15415)]
triangle[(12.934,16.5299),(8.23684,-19.8608),(61.1503,-26.6906)]
triangle[(18.3109,12.4234),(1.75394,-0.732672),(24.2124,-28.9967)]
triangle[(-19.0022,20.5736),(-5.49655,14.5527),(2.17938,31.7705)]
triangle[(6.40335,-5.27353),(0.260403,-17.8419),(12.9862,-24.0618)]
triangle[(16.6101,20.4258),(10.1866,-13.7862),(57.6759,-22.7025)]
triangle[(8.88814,-2.07261),(16.0319,19.107),(-18.6939,30.8198)]
triangle[(1.44919,-9.33293),(7.95406,-4.70495),(0.806445,5.34141)]
triangle[(-8.16854,-14.061),(4.35492,-9.87043),(-1.24459,6.86354)]
triangle[(18.5071,-7.61106),(8.00556,-19.6366),(22.5236,-32.3147)]
triangle[(15.1453,-15.1113),(11.8501,4.05969),(-21.8627,-1.73505)]
triangle[(19.7333,-2.65627),(15.8019,4.29031),(6.84368,-0.779559)]
triangle[(-16.5315,-15.4956),(20.7785,5.34636),(-18.4534,75.5771)]
triangle[(-14.0357,-0.423828),(9.24702,-2.52131),(12.8862,37.8746)]
triangle[(19.8243,-15.231),(17.2059,7.39422),(-20.039,3.08384)]
triangle[(-3.33113,6.14538),(8.65571,11.5779),(-1.14331,33.1994)]
triangle[(7.56566,20.5944),(-3.85424,-1.80959),(38.4975,-23.3974)]
triangle[(-0.26624,-2.30989),(9.88478,-20.1705),(28.1364,-9.79723)]
triangle[(-13.3114,12.7363),(-17.4674,-12.1305),(10.9092,-16.8731)]
triangle[(-18.6844,-19.7123),(1.89451,-1.01823),(-24.5894,28.1358)]
triangle[(-0.186293,-19.3179),(-4.89649,-16.245),(-9.41803,-23.1756)]
triangle[(2.10476,-6.70555),(17.4374,-18.9891),(31.0636,-1.9806)]
triangle[(15.6049,-17.2936),(19.7335,2.64772),(-16.2789,10.1035)]
triangle[(8.51604,-16.2436),(6.11831,-16.8766),(7.18918,-20.933)]
triangle[(13.3771,18.308),(4.28865,-20.8388),(45.5988,-30.4295)]
triangle[(-20.5228,19.1872),(19.3131,-19.1408),(64.553,27.8788)]
triangle[(-11.2875,-4.01655),(-3.03838,0.886253),(-11.0543,14.3731)]
triangle[(12.526,-4.02869),(-15.7286,11.5853),(-46.2772,-43.6945)]
triangle[(-5.05743,0.296573),(19.1512,-11.4196),(36.8581,25.1675)]
triangle[(1.33854,13.8266),(-0.0169231,-0.162033),(24.7986,-2.56659)]
triangle[(-6.17147,14.5447),(-3.32625,-20.7499),(38.4948,-17.3786)]
triangle[(1.8463,-6.06065),(-10.6091,6.57944),(-28.7042,-11.2513)]
triangle[(4.84531,-16.9718),(-19.1726,2.6769),(-39.7958,-22.5322)]
triangle[(1.13641,19.3888),(0.628089,0.807135),(30.5991,-0.0127618)]
triangle[(-7.80956,-0.819722),(-14.035,-13.6337),(5.79356,-23.2671)]
triangle[(-4.16554,-11.0901),(18.6659,6.11999),(-12.0356,46.8496)]
triangle[(6.2661,19.3293),(-6.42255,-16.7541),(54.5645,-38.2001)]
triangle[(13.9962,19.1076),(-15.4035,17.1176),(-11.9536,-33.8488)]
triangle[(-2.10879,-18.2534),(2.96848,-18.9599),(4.15628,-10.4231)]
triangle[(9.69386,15.2277),(-11.2738,-2.09981),(10.6782,-28.6635)]
triangle[(-11.0095,-0.0206587),(-4.87228,-11.6413),(12.461,-2.48705)]
triangle[(6.24905,-9.50879),(17.6669,12.9396),(-9.67368,26.8457)]
triangle[(20.1196,-13.4606),(-20.6525,-9.66984),(-26.8619,-76.4569)]
triangle[(4.71886,1.52875),(-2.03441,-13.2265),(24.6012,-25.4173)]
triangle[(-8.83726,9.77886),(-1.39021,-4.68775),(14.4125,3.44708)]
triangle[(11.1217,-9.319),(19.9532,0.680505),(9.69356,9.7418)]
triangle[(-12.9256,19.9992),(-10.1115,1.47266),(19.9095,6.03262)]
triangle[(8.61423,-18.7963),(12.5326,13.3266),(-28.8205,18.3709)]
triangle[(11.0797,10.6767),(10.2785,8.63841),(13.8828,7.22158)]
triangle[(-12.7069,4.71045),(6.71452,15.3057),(-11.4551,48.6111)]
triangle[(12.8477,4.7803),(13.8125,-15.1011),(42.7207,-13.6982)]
triangle[(-15.4031,-13.1957),(-17.5718,19.3385),(-68.2172,15.9625)]
triangle[(-16.9676,17.7383),(6.22003,19.394),(4.05546,49.7081)]
triangle[(-0.165256,-20.8246),(-16.6081,-1.37794),(-53.747,-32.7802)]
triangle[(-8.81296,19.4828),(-11.2138,-3.6818),(26.4243,-7.58268)]
triangle[(-4.6149,9.34226),(-7.00494,15.4563),(-15.9811,11.9475)]
triangle[(15.1084,5.1931),(4.72588,4.29837),(6.38016,-14.8981)]
triangle[(1.38496,-10.9822),(-19.3523,-12.1631),(-17.1621,-50.6219)]
triangle[(10.8274,10.1307),(-15.6209,7.63797),(-11.4414,-36.7075)]
triangle[(18.7889,18.2064),(4.85747,-17.9584),(41.7336,-32.1639)]
triangle[(5.13425,20.3653),(-8.90857,4.41925),(15.6986,-17.251)]
triangle[(-18.9303,-14.8471),(-1.74591,-1.77058),(-18.7505,20.5759)]
triangle[(12.2063,-5.24095),(-0.598635,-0.23811),(-9.72452,-23.5961)]
triangle[(9.40376,6.08817),(-8.7973,-12.9525),(21.7475,-42.1504)]
triangle[(2.75291,-6.06245),(1.45957,-19.0065),(20.4112,-20.9001)]
triangle[(0.869918,-1.69243),(17.1024,-6.64267),(25.156,19.7661)]
triangle[(-14.1516,-6.74236),(10.5118,1.85985),(0.123701,31.6436)]
triangle[(6.42198,-19.9267),(20.5302,5.59569),(-15.6768,25.6101)]
triangle[(11.6397,15.4344),(4.81911,-16.7225),(51.3511,-26.592)]
triangle[(2.2404,8.06012),(16.937,20.9315),(1.52851,38.525)]
triangle[(-12.8216,-20.697),(-2.09813,-1.95661),(-29.8516,13.9244)]
triangle[(-0.797899,16.6631),(19.431,-8.02134),(63.12,27.7818)]
triangle[(-14.5792,18.933),(-0.596032,15.0593),(5.4865,37.0156)]
triangle[(-20.9157,10.5052),(2.85857,-7.70422),(35.7517,35.2411)]
triangle[(-5.70039,17.1049),(2.862,5.36559),(17.6207,16.1303)]
triangle[(-1.18771,1.44465),(-5.73655,-9.28439),(12.2779,-16.9221)]
triangle[(14.9609,-20.5362),(7.30666,-14.2013),(-1.15482,-24.425)]
triangle[(-3.48323,8.28643),(20.2773,19.0611),(1.20606,61.1175)]
triangle[(-11.7416,18.5918),(-15.9141,-18.7359),(41.6143,-25.1663)]
triangle[(17.2346,-7.01874),(-13.9574,-0.972313),(-20.974,-37.1694)]
triangle[(-8.83825,7.75351),(19.8732,-7.08739),(49.5103,50.249)]
triangle[(-3.59143,20.1438),(-19.3805,7.62369),(-2.26645,-13.9589)]
triangle[(14.2259,4.27522),(-6.08178,20.2074),(-25.2691,-4.24949)]
triangle[(1.71283,15.7204),(-8.9416,3.58999),(3.88958,-7.67997)]
triangle[(-3.51516,-20.7325),(-15.4381,2.70225),(-51.7061,-15.7499)]
triangle[(-5.8239,-9.93702),(8.41403,11.3173),(-13.8312,26.219)]
triangle[(-11.7041,-13.505),(-6.78358,0.948635),(-33.1917,9.93894)]
triangle[(-13.5945,-18.3662),(-4.86516,-16.543),(-7.51917,-3.83586)]
triangle[(6.40364,-8.26881),(-16.5431,-5.77171),(-19.3604,-31.6606)]
triangle[(5.72573,17.3062),(9.6425,-3.42032),(33.8044,1.14566)]
triangle[(-10.0417,-4.6017),(13.4238,19.3527),(-23.5359,55.5582)]
triangle[(13.5213,-4.48041),(15.7131,-6.34448),(18.7416,-2.78349)]
triangle[(-20.0336,12.4055),(-7.12267,6.88842),(-0.040289,23.4624)]
triangle[(5.63867,20.3285),(-6.80695,9.11455),(6.38684,-5.52835)]
triangle[(-10.3052,13.1308),(-15.101,-15.1987),(18.8991,-20.9546)]
triangle[(12.8693,-13.4087),(0.230747,-6.0678),(-10.847,-25.1399)]
triangle[(-0.990713,-2.67491),(-5.6406,4.10433),(-18.281,-4.56572)]
triangle[(-11.157,-9.11835),(-1.9184,-17.1267),(9.84985,-3.55064)]
triangle[(0.0766679,-8.50296),(-11.4272,-16.6359),(1.47727,-34.8888)]
triangle[(-6.21533,14.9356),(-11.9987,-12.9848),(42.6071,-24.2956)]
triangle[(-0.672957,-20.5696),(18.7494,-19.4291),(17.1581,7.67014)]
triangle[(-13.9553,-6.84084),(16.0598,12.2491),(-6.86916,48.3002)]
triangle[(18.5487,-6.74497),(-10.7188,0.149988),(-20.8543,-42.873)]
triangle[(-8.9716,-15.4517),(-20.175,-1.51587),(-42.7653,-19.6769)]
triangle[(-16.1505,13.8528),(3.28762,-3.67839),(31.6321,27.7491)]
triangle[(-8.59364,19.0971),(-19.3976,11.3642),(-4.72581,-9.13447)]
triangle[(18.1991,-0.558379),(16.0497,19.7223),(-11.3634,16.8171)]
triangle[(-4.72162,3.88731),(5.81305,16.6016),(-7.63466,27.744)]
triangle[(-3.16849,20.0107),(8.67291,15.7545),(15.6812,35.2527)]
triangle[(8.60741,8.02527),(16.6384,-13.8194),(40.1307,-5.18267)]
triangle[(-1.97591,-11.6972),(-19.2069,19.9825),(-82.1919,-14.2757)]
triangle[(-7.45917,-1.03711),(-11.0504,-7.58789),(-3.0804,-11.9572)]
triangle[(-11.1338,-7.46629),(0.53666,-0.698639),(-11.9725,20.8727)]
triangle[(18.4455,3.87594),(-4.0466,14.4689),(-20.296,-20.0335)]
triangle[(-13.8719,7.80215),(-10.4624,-4.66129),(13.0242,1.76381)]
triangle[(-10.1903,8.81984),(-10.6908,14.5064),(-17.2548,13.9286)]
triangle[(0.790514,-3.88404),(5.34635,20.4378),(-21.31,25.4309)]
triangle[(13.8604,-11.8286),(4.36118,-8.65432),(-1.06737,-24.8995)]
triangle[(-5.38696,-13.6383),(2.85923,-9.20015),(-2.47648,0.713771)]
triangle[(3.57505,1.92892),(1.82485,-18.8171),(32.7251,-21.4239)]
triangle[(-15.6957,-11.9371),(11.4925,5.12164),(-8.63374,37.1989)]
triangle[(10.2138,5.89965),(5.32291,-11.892),(25.1669,-17.347)]
triangle[(-4.14468,-19.9293),(19.493,15.1018),(-45.3102,58.8285)]
triangle[(-11.1301,10.2638),(-15.9568,-13.8903),(20.2222,-21.12)]
triangle[(-3.9536,3.43422),(-2.62846,-5.38837),(7.51843,-3.86432)]
triangle[(-13.812,12.0455),(3.1906,9.29768),(6.51058,29.8406)]
triangle[(13.0027,-2.48636),(-16.9952,-19.4572),(0.505524,-50.3918)]
triangle[(1.91264,-7.66017),(1.38194,-0.345214),(-6.04238,-0.883851)]
triangle[(-17.5752,10.917),(12.225,-13.2908),(41.7829,23.0954)]
triangle[(-3.45286,-3.58304),(10.8129,-14.1018),(23.4705,3.06466)]
triangle[(19.038,8.18415),(-0.333031,-18.5418),(44.7009,-51.1825)]
triangle[(-20.4724,8.93851),(-6.7455,16.0852),(-17.6722,37.0724)]
triangle[(0.274262,-2.73298),(-6.79509,0.242217),(-11.3558,-10.5945)]
triangle[(-8.39986,-14.4202),(-14.5477,-16.7905),(-10.7529,-26.633)]
triangle[(-14.1624,-7.20123),(20.6629,-20.1471),(40.9129,34.3268)]
triangle[(20.0736,-10.0614),(-11.4301,-9.71439),(-12.0599,-66.8953)]
triangle[(13.2404,17.1868),(-5.2566,-12.9147),(41.7587,-41.8051)]
triangle[(-19.6488,-15.2193),(16.4514,1.05081),(-8.26675,55.8954)]
triangle[(-5.86123,6.15367),(-2.79047,7.567),(-4.63711,11.5792)]
triangle[(1.50805,-0.662821),(17.4665,-3.25768),(20.1762,13.4072)]
triangle[(0.0959335,-19.2077),(3.59215,-10.1241),(-12.2454,-4.02831)]
triangle[(15.5729,6.99281),(14.7876,-12.8946),(37.4349,-13.7889)]
triangle[(-14.057,-19.9476),(6.31464,-19.9088),(6.25797,9.87812)]
triangle[(7.3872,16.8123),(-7.40405,1.1202),(18.8144,-23.5931)]
triangle[(13.3543,-8.11046),(8.27215,1.34881),(-10.2564,-8.60604)]
triangle[(-15.0338,-18.3846),(-19.8804,-12.0432),(-31.4237,-20.8655)]
triangle[(7.24597,6.59606),(-0.574104,3.34762),(2.84638,-4.88661)]
triangle[(5.59303,-4.06706),(19.3775,-10.9474),(30.9116,12.161)]
triangle[(-4.43765,-19.7837),(-6.31747,5.81074),(-42.6691,3.14086)]
triangle[(-11.7208,-9.16367),(1.88203,-6.85188),(-1.28441,11.7798)]
triangle[(-1.68113,-15.6502),(-5.33987,9.85843),(-46.4332,3.96436)]
triangle[(-19.7617,4.1192),(6.31191,2.25578),(8.72576,36.0311)]
triangle[(-9.99749,-8.52908),(-13.4848,3.09721),(-34.0104,-3.05949)]
triangle[(-15.2961,-18.6243),(13.4219,-3.03879),(-5.66127,32.1243)]
triangle[(14.2631,-8.55866),(14.2272,4.67694),(-5.72771,4.62289)]
triangle[(2.92542,18.1751),(-2.93105,-6.3419),(26.3881,-13.3455)]
triangle[(-18.5594,-17.8866),(-11.3888,12.0792),(-49.2763,21.1453)]
triangle[(5.31252,-5.03527),(8.95838,-17.8728),(23.3847,-13.7757)]
triangle[(19.6317,6.91088),(10.2371,11.5564),(2.81733,-3.44868)]
triangle[(-9.20465,4.98552),(1.50234,12.4118),(-12.8058,33.0408)]
triangle[(4.38204,2.47384),(-1.40512,-4.6492),(10.91,-14.6547)]
triangle[(16.6648,-10.5161),(0.974719,-3.95235),(-5.78771,-20.1173)]
triangle[(-8.03465,14.0425),(9.04233,-1.704),(27.4298,18.2371)]
triangle[(-19.1109,-7.09678),(-12.9527,5.46613),(-30.5166,14.0757)]
triangle[(-5.82566,1.17519),(-6.79617,18.2801),(-34.7136,16.6961)]
triangle[(18.5854,4.74341),(-1.98667,0.447326),(4.74173,-31.7721)]
triangle[(-20.6165,-1.44291),(19.6932,-19.5589),(51.832,51.953)]
triangle[(11.7057,-1.13759),(0.795769,2.47358),(-3.71293,-11.1479)]
triangle[(2.86891,4.80855),(-6.98857,-10.8272),(21.9901,-29.0966)]
triangle[(-0.0717168,-14.6492),(-6.45866,0.37416),(-27.6524,-8.63601)]
triangle[(13.7784,20.8346),(16.3096,-18.4126),(90.0379,-13.6575)]
triangle[(19.4318,18.3015),(8.58511,4.92605),(28.1085,-10.9063)]
triangle[(9.96261,17.1198),(20.8569,-6.55744),(65.7363,14.0923)]
triangle[(-5.47887,-13.5114),(2.16781,-8.77268),(-5.23943,3.18019)]
triangle[(-2.39371,-18.7796),(-20.0964,6.98936),(-60.1979,-20.5595)]
triangle[(-19.0312,6.87075),(-12.3504,-10.2788),(19.7056,2.20909)]
triangle[(6.37332,2.13316),(-3.51233,-20.486),(21.6756,-31.4943)]
triangle[(-12.6537,-4.83191),(-20.1753,-17.0361),(-4.0318,-26.9855)]
triangle[(-16.331,-7.95495),(-14.0412,2.79608),(-30.9015,6.38698)]
triangle[(12.5725,6.08907),(14.4224,-4.26174),(25.5658,-2.2702)]
triangle[(-19.7569,-6.93154),(10.5395,-5.58014),(9.14176,25.756)]
triangle[(15.1421,-15.0757),(-5.52812,-4.0632),(-23.4962,-37.7889)]
triangle[(-4.24315,-2.46375),(19.4817,-8.88789),(29.1231,26.7185)]
triangle[(-1.21119,-12.6324),(12.4294,14.6563),(-16.9643,29.3492)]
triangle[(19.3853,-2.18083),(-15.5336,12.1295),(-38.5298,-43.9839)]
triangle[(11.5314,-3.89171),(3.67852,11.156),(-18.1397,-0.230222)]
triangle[(1.64393,4.34272),(-15.583,2.37094),(-12.7085,-22.7429)]
triangle[(12.4609,5.95659),(-3.96828,-11.8409),(14.2542,-28.6624)]
triangle[(-15.0464,-19.2692),(-13.7184,-6.9806),(-29.1459,-5.3134)]
triangle[(16.5997,18.8532),(-6.86213,2.62292),(17.5752,-32.7027)]
triangle[(12.4125,-2.15635),(9.68401,-4.90216),(13.7987,-8.99093)]
triangle[(-12.1297,19.775),(-4.98669,11.9095),(10.4696,25.946)]
triangle[(8.84712,-19.3884),(-9.10457,14.5634),(-75.1487,-20.3568)]
triangle[(-12.0256,8.37167),(-0.182041,-11.6722),(37.7441,10.7377)]
triangle[(18.5561,11.7118),(-5.48822,7.47757),(-0.529161,-20.6825)]
triangle[(-1.30971,20.1522),(14.5801,16.2332),(19.6354,36.7303)]
triangle[(-5.22258,20.2995),(-0.754024,-13.9271),(39.8777,-8.62227)]
triangle[(-5.72865,-7.61902),(19.4481,9.34451),(1.89416,35.3974)]
triangle[(4.37508,-15.9945),(20.9233,0.782287),(-10.5914,31.8676)]
triangle[(15.5569,15.5532),(-14.4085,-6.34064),(29.2322,-66.0703)]
triangle[(-7.15874,-7.41631),(3.18798,-15.9466),(18.9575,3.18074)]
triangle[(-0.727417,-18.1583),(-6.48406,3.28589),(-41.0372,-5.98982)]
triangle[(-10.069,17.6413),(-20.6518,1.22612),(-1.05874,-11.4054)]
triangle[(-13.0776,-7.43888),(0.507654,-4.4034),(-3.9295,15.4551)]
triangle[(17.3484,-8.64768),(2.75536,15.3231),(-33.9951,-7.05015)]
triangle[(-11.5971,-0.726552),(-7.228,9.19787),(-24.3754,16.7467)]
triangle[(4.47509,1.48066),(-5.40689,6.1378),(-11.8879,-7.61431)]
triangle[(-6.15949,10.3562),(10.4464,8.79814),(13.2464,38.6399)]
triangle[(-13.4841,-3.2821),(1.63306,15.963),(-28.2081,39.4034)]
triangle[(-19.1822,-2.36364),(-2.84768,15.2118),(-29.0369,39.5519)]
triangle[(-9.16893,-7.67209),(-18.1123,7.55232),(-34.8562,-2.28366)]
triangle[(-15.5412,0.390051),(-16.8115,15.0064),(-32.2648,13.6635)]
triangle[(-20.5179,18.0321),(0.459876,-4.61197),(30.9782,23.6606)]
triangle[(4.68607,-17.9933),(19.4701,-12.3231),(10.9809,9.81143)]
triangle[(-9.65655,5.12807),(10.9234,-17.0589),(34.5973,4.9002)]
triangle[(18.078,-13.7824),(-5.28995,15.3712),(-51.015,-21.2796)]
triangle[(4.34715,-6.19506),(9.94151,1.17762),(-1.81458,10.0981)]
triangle[(-12.6452,12.6417),(-8.48088,-6.72),(10.9765,-2.53513)]
triangle[(-2.69126,-4.6375),(-15.1513,-3.98037),(-16.1458,-22.8363)]
triangle[(-16.4711,-4.95209),(13.5098,10.3793),(-2.43281,41.5556)]
triangle[(10.3499,4.02758),(-9.93369,-3.86102),(-1.69599,-25.0422)]
triangle[(1.83232,3.58653),(16.5092,-7.53424),(34.1567,15.7565)]
triangle[(-0.491906,18.397),(1.43466,-12.3198),(51.8378,-9.15852)]
triangle[(3.82049,11.3734),(-13.8738,9.17237),(-9.63144,-24.9329)]
triangle[(2.99107,2.51984),(-9.73769,14.8146),(-29.741,-5.8947)]
triangle[(15.5059,-2.22349),(20.6044,5.22402),(10.6569,12.034)]
triangle[(17.2827,-14.0753),(10.3928,16.5862),(-29.2991,7.66719)]
triangle[(-7.39633,-11.4655),(-4.65037,16.4361),(-50.6816,20.9663)]
triangle[(5.54098,15.6727),(13.2465,15.8579),(12.9106,29.8318)]
triangle[(-18.3067,-15.681),(4.22089,-2.92017),(-8.70011,19.8901)]
triangle[(6.58642,3.57413),(-20.7797,-0.0565695),(-14.053,-50.7592)]
triangle[(-8.95037,-12.2166),(-6.498,-15.5806),(-0.503187,-11.2103)]
triangle[(5.97262,2.70236),(-19.0342,4.5023),(-21.7949,-33.8518)]
triangle[(-1.46122,7.82206),(-14.4162,14.3093),(-25.2328,-7.29155)]
triangle[(12.0882,-1.27403),(-10.3851,0.698925),(-13.4422,-34.1228)]
triangle[(-16.2854,11.7857),(-4.73948,8.92793),(-0.374118,26.5649)]
triangle[(5.05098,13.7786),(-5.3101,0.542557),(15.8721,-16.0387)]
triangle[(-19.8012,-10.1632),(3.73637,3.06629),(-20.1165,45.5047)]
triangle[(16.2546,6.68662),(6.64085,17.5618),(-10.9193,2.03848)]
triangle[(11.166,-13.6038),(6.78104,-3.99337),(-7.68799,-10.5952)]
triangle[(0.64405,13.6526),(-14.9774,11.5569),(-10.8535,-19.1816)]
triangle[(15.406,-7.01506),(15.9097,16.6738),(-19.8644,17.4346)]
triangle[(-20.0389,5.31869),(19.1121,-1.23584),(31.6681,73.7627)]
triangle[(-5.96939,3.34891),(-14.6663,3.97442),(-15.5252,-7.9668)]
triangle[(12.3038,7.75875),(-6.86545,-5.72627),(17.1544,-39.871)]
triangle[(8.37104,2.75123),(-1.83325,3.98427),(-3.09544,-6.4613)]
triangle[(-17.4936,-1.77391),(-16.0757,11.7237),(-30.5789,13.2472)]
triangle[(18.4506,15.7015),(-7.5975,16.0459),(-8.08325,-20.6912)]
triangle[(-9.0082,20.197),(-7.87558,9.87689),(8.63564,11.689)]
triangle[(17.2962,18.4427),(18.2614,-1.00481),(53.4023,0.739197)]
triangle[(-5.61609,-2.19116),(-18.851,11.5239),(-45.9556,-14.6319)]
triangle[(-15.3465,-18.1188),(-20.5695,9.04962),(-70.3513,-0.520792)]
triangle[(-20.5157,-11.9645),(-14.3645,-17.3444),(-6.47515,-8.32398)]
triangle[(-4.8756,-5.41639),(-13.1129,-0.150461),(-21.5676,-13.3758)]
triangle[(-3.44546,-12.217),(5.41667,13.3141),(-39.2719,28.826)]
triangle[(12.181,1.65435),(-19.9273,-15.2677),(6.39522,-65.2127)]
triangle[(-19.0779,0.790249),(5.12458,-8.33448),(14.2633,15.9053)]
triangle[(12.9536,20.0751),(-14.6678,-17.4221),(28.7626,-49.414)]
triangle[(4.51866,-1.50523),(18.8114,-9.43494),(31.682,13.7634)]
triangle[(-10.2431,-4.84211),(-6.64289,7.59486),(-23.3151,12.4211)]
triangle[(2.11921,6.36084),(-13.093,-15.0076),(23.0358,-40.7276)]
triangle[(-9.01645,-14.6267),(-9.49999,-18.4156),(-3.66516,-19.1602)]
triangle[(-16.4056,-4.62354),(-5.77977,7.62951),(-27.9928,26.8925)]
triangle[(15.4954,17.9027),(20.5846,2.80591),(42.7525,10.2788)]
triangle[(-12.0907,18.0508),(-9.8367,-1.83205),(11.1609,0.54833)]
triangle[(-4.04678,-20.6179),(-4.33961,3.17904),(-40.3381,2.73605)]
triangle[(-1.68665,-3.01552),(12.3575,2.9321),(3.14627,24.6827)]
triangle[(-19.0972,4.15335),(-14.4439,-17.2224),(19.5457,-9.82322)]
triangle[(20.0011,-7.8254),(0.18508,-8.26256),(0.750413,-33.8886)]
triangle[(17.1021,-7.11328),(5.25333,17.3293),(-42.5199,-5.82924)]
triangle[(-16.1899,-11.187),(8.45463,-19.3832),(19.1632,12.8157)]
triangle[(2.52703,13.8731),(13.5758,-20.043),(56.8588,-5.9428)]
triangle[(5.23154,2.11708),(6.20156,11.9253),(-5.32351,13.0651)]
triangle[(20.2649,5.74659),(1.41706,10.1895),(-5.7828,-20.3541)]
triangle[(0.712446,-19.2193),(15.6808,19.2805),(-31.1507,37.4882)]
triangle[(-12.0309,2.95602),(-11.796,-6.55533),(0.852714,-6.24283)]
triangle[(-8.83626,-2.83563),(19.6853,13.5288),(-9.27134,63.9975)]
triangle[(15.1999,-15.7502),(-6.74448,0.580394),(-37.6702,-40.9762)]
triangle[(-19.3193,-13.6975),(-10.843,13.3063),(-56.7986,27.7314)]
triangle[(19.1664,16.6209),(10.9878,3.4397),(27.7722,-6.97457)]
triangle[(-1.28229,11.0224),(5.62341,-10.1347),(45.57,2.90386)]
triangle[(2.10698,19.5212),(11.7507,-16.7573),(59.4633,-4.07414)]
triangle[(16.7607,-10.1105),(-3.88821,-7.86855),(-6.8611,-35.2498)]
triangle[(7.08983,5.00805),(-10.5662,9.77579),(-17.8173,-17.0767)]
triangle[(-1.60996,-11.5953),(-9.34253,-4.231),(-19.4769,-14.8722)]
triangle[(15.1889,-13.0692),(-18.3318,-6.93315),(-29.1988,-66.2983)]
triangle[(1.52791,-20.9855),(6.04147,4.77555),(-42.8049,13.3338)]
triangle[(-11.7732,1.40667),(5.79997,3.66632),(1.92798,33.7785)]
triangle[(-13.7122,2.61493),(18.4242,20.2587),(-0.633261,54.9701)]
triangle[(-9.01305,15.3821),(8.89936,3.22011),(29.5175,33.5868)]
triangle[(-20.3142,7.09637),(-5.22944,-4.11774),(15.4303,23.6729)]
triangle[(11.9735,3.2828),(-17.3168,3.55187),(-17.795,-48.5013)]
triangle[(14.7225,-7.00322),(-15.9438,-13.6308),(-5.87632,-60.2142)]
triangle[(-9.09948,-18.6105),(17.9638,-13.3689),(10.922,22.9896)]
triangle[(2.63211,-1.51162),(5.33596,-6.18142),(10.4053,-3.24625)]
triangle[(12.2489,-11.4346),(3.80659,7.20453),(-32.8248,-9.38702)]
triangle[(-5.17742,-2.32803),(-19.8318,-16.9448),(1.22352,-38.0542)]
triangle[(18.0461,-12.0987),(9.63626,-0.688414),(-7.92848,-13.6343)]
triangle[(10.0612,-6.82805),(-7.69604,18.4565),(-35.8196,-1.29466)]
triangle[(8.9752,-20.326),(-15.1292,17.5187),(-67.4412,-15.8004)]
triangle[(19.0063,-19.1371),(5.04124,1.30312),(-30.2915,-22.8367)]
triangle[(7.36305,-17.7502),(-10.0747,-12.7738),(-18.8204,-43.4193)]
triangle[(-4.98335,-20.3841),(-6.71523,16.2805),(-46.1387,14.4182)]
triangle[(2.70883,-15.3756),(3.79316,-0.348327),(-25.2761,1.74924)]
triangle[(-0.338279,-6.72016),(19.6256,9.38541),(-9.90496,45.9904)]
triangle[(11.8603,-12.0491),(-0.699698,-8.97327),(-5.96342,-30.4678)]
triangle[(19.2796,4.32201),(-15.3571,10.8677),(-23.1873,-30.566)]
triangle[(-5.43049,5.89906),(-20.1261,-16.0106),(21.3961,-43.8611)]
triangle[(-5.10675,-1.71967),(13.1376,0.873516),(8.38098,34.3385)]
triangle[(-19.8377,-12.4062),(3.71415,-2.537),(-13.2502,37.9471)]
triangle[(4.35762,-20.015),(3.42274,13.545),(-62.4674,11.7095)]
triangle[(-15.1785,-12.3832),(6.74817,-2.84653),(-4.31832,22.5974)]
triangle[(0.658923,-10.053),(16.7799,-0.642927),(5.92105,17.9602)]
triangle[(-6.86159,-7.19874),(8.07587,6.56988),(-18.3488,35.2378)]
triangle[(-20.5893,11.7686),(-1.43647,3.80097),(6.97014,24.0091)]
triangle[(-12.7923,-17.164),(1.41792,-16.8955),(1.01604,4.36748)]
triangle[(18.0316,-7.68618),(-3.26779,-4.36146),(-8.17124,-35.7749)]
triangle[(-17.5553,10.5394),(17.1842,20.5263),(2.7199,70.8402)]
triangle[(11.343,-17.5126),(-16.0971,-16.9574),(-17.0493,-64.0225)]
triangle[(0.882274,16.9797),(-13.7258,-11.9131),(40.5724,-39.366)]
triangle[(7.63095,-6.46373),(-18.4212,-1.3388),(-26.7309,-43.5805)]
triangle[(19.8123,-10.8743),(-0.875251,7.75687),(-36.5759,-31.8841)]
triangle[(6.22741,15.2559),(14.4222,7.76078),(22.6071,16.7099)]
triangle[(-9.35344,6.01762),(10.0349,-16.6124),(47.5411,15.5212)]
triangle[(16.8323,-8.19814),(15.556,-12.2281),(22.4641,-14.4158)]
triangle[(6.7678,11.9804),(1.36857,0.566883),(15.9128,-6.31335)]
triangle[(18.5801,20.0912),(8.68446,4.92961),(34.1232,-11.6736)]
triangle[(-12.7399,8.6175),(11.6591,-8.57651),(42.8822,35.7303)]
triangle[(5.65095,-17.069),(15.7729,11.9343),(-38.1817,30.764)]
triangle[(3.75698,-0.880445),(14.7831,-0.256545),(13.6901,19.0608)]
triangle[(-14.5026,-15.7721),(15.7892,18.8797),(-34.2984,62.6651)]
triangle[(-9.47287,11.7651),(-8.01742,-8.83496),(13.8175,-7.29226)]
triangle[(-7.7455,-13.0129),(-17.3692,12.6258),(-46.5686,1.66555)]
triangle[(5.65092,-5.52326),(1.96303,-7.05678),(3.67425,-11.172)]
triangle[(9.65003,-16.3031),(11.8103,-19.2028),(16.7747,-15.5044)]
triangle[(4.76448,-20.498),(7.27669,13.9821),(-51.8981,18.2936)]
triangle[(4.71936,8.50022),(-17.8664,18.1152),(-27.8078,-5.23732)]
triangle[(17.8879,-0.77615),(14.1927,-15.9645),(36.321,-21.3482)]
triangle[(-17.3415,-12.7674),(3.8825,17.4182),(-31.7802,42.4932)]
triangle[(-20.6995,-19.403),(13.1745,-1.54333),(-19.0755,59.6244)]
triangle[(-9.66477,-12.0274),(-1.56344,-2.53523),(-14.7087,8.6839)]
triangle[(-20.4769,5.49943),(-7.11822,-7.33284),(11.9965,12.566)]
triangle[(-12.6437,-4.44459),(-17.7303,-20.8012),(4.09412,-27.5882)]
triangle[(-3.783,-5.32354),(7.89229,14.557),(-21.6378,31.8992)]
triangle[(-4.86158,8.74934),(8.41081,0.558606),(17.1124,14.6589)]
triangle[(-9.17075,10.8263),(0.340684,-9.16464),(23.6172,1.91)]
triangle[(-5.01399,13.0685),(8.61169,17.7652),(0.401938,41.5824)]
triangle[(9.18241,-15.3396),(-5.5101,8.13223),(-48.5281,-18.7955)]
triangle[(-5.32672,-11.7411),(-9.75863,7.12468),(-46.0663,-1.40462)]
triangle[(-5.12053,2.89706),(13.3028,-8.5702),(35.5663,27.1984)]
triangle[(2.18657,4.35613),(13.8422,16.4452),(-8.56251,38.0466)]
triangle[(-9.23886,-3.62505),(2.78368,-9.47064),(9.76412,4.88592)]
triangle[(-6.97849,13.4309),(8.51121,10.184),(12.503,29.2274)]
triangle[(1.95133,19.7085),(2.63525,-13.4781),(47.3941,-12.5557)]
triangle[(14.1765,5.04812),(-0.362804,-19.6839),(47.1226,-47.5993)]
triangle[(8.04475,0.983441),(15.3871,-13.253),(31.4526,-4.96739)]
triangle[(6.9138,-3.17208),(15.3426,17.2855),(-17.6656,30.8853)]
triangle[(-3.92895,-17.2619),(-16.7085,17.9268),(-86.8049,-7.53043)]
triangle[(3.12852,3.96876),(-20.5456,15.0865),(-42.2225,-31.0723)]
triangle[(7.4274,0.880167),(6.4571,-4.99866),(17.8197,-6.87406)]
triangle[(3.02389,2.64342),(13.2091,19.0535),(-5.88067,30.9019)]
triangle[(-5.342,9.48762),(-17.4505,15.1178),(-28.2423,-8.09131)]
triangle[(11.1534,-4.3076),(16.3968,19.5707),(-14.5003,26.3553)]
triangle[(2.28906,20.8189),(-7.28929,-10.5679),(36.0608,-23.7971)]
triangle[(-20.77,6.89437),(-19.3586,17.0329),(-30.0368,18.5193)]
triangle[(-13.4816,7.21454),(3.31907,-8.22515),(24.0853,14.3716)]
triangle[(1.12823,8.06401),(-13.1805,-8.73925),(12.2446,-30.39)]
triangle[(5.50658,11.0415),(-6.42941,-5.35277),(24.3725,-27.7784)]
triangle[(-2.7109,5.69905),(-16.5502,-19.6417),(25.2747,-42.4833)]
triangle[(-6.96308,-9.1786),(-3.35571,-4.54812),(-11.865,2.08105)]
triangle[(-12.5356,15.8036),(-19.315,5.64647),(-4.66382,-4.13251)]
triangle[(14.7956,6.29186),(-14.9166,5.82902),(-14.2117,-39.4257)]
triangle[(15.4584,19.1817),(-3.00235,-1.16339),(17.8981,-20.1281)]
triangle[(16.1179,-11.5707),(9.64777,6.73948),(-26.6748,-6.09561)]
triangle[(-11.3403,18.5854),(18.6173,18.2987),(18.9525,53.3268)]
triangle[(6.67601,3.7936),(11.6813,1.98246),(14.5132,9.80869)]
triangle[(-12.154,8.07139),(6.71361,-19.0433),(50.3989,11.3548)]
triangle[(-18.7826,-11.5392),(8.70612,15.6038),(-33.7442,58.5949)]
triangle[(-4.55925,-9.84556),(5.42395,15.519),(-42.4021,34.3428)]
triangle[(2.88475,4.39496),(-6.81153,-10.9049),(13.4127,-23.722)]
triangle[(16.9473,-15.8895),(2.28421,-19.2088),(7.08841,-40.4312)]
triangle[(-4.89043,-5.094),(20.4804,6.15412),(5.08976,40.8686)]
triangle[(-14.3468,-4.37932),(3.44434,20.6876),(-43.588,54.0686)]
triangle[(8.01207,-8.68752),(-15.3032,-5.92902),(-18.1293,-29.8157)]
triangle[(-12.145,-15.8398),(-20.0574,-13.6445),(-22.9432,-24.0462)]
triangle[(17.8701,-15.448),(-6.8383,9.77775),(-52.3352,-34.7861)]
triangle[(16.9301,-6.6599),(-10.2019,16.5073),(-48.8634,-28.7706)]
triangle[(12.1104,16.239),(-14.6655,-12.2361),(36.5562,-60.4013)]
triangle[(12.3642,13.4345),(-3.45353,-18.4783),(37.755,-38.9034)]
triangle[(-14.199,11.5019),(13.7631,10.3821),(15.3307,49.5256)]
triangle[(-13.0951,-10.6934),(4.38279,6.88094),(-28.5182,39.6014)]
triangle[(14.8379,11.2601),(-18.3457,-10.2559),(4.35557,-45.2675)]
triangle[(-20.9028,-3.79368),(-19.0952,-8.26065),(-12.1106,-5.43432)]
triangle[(9.09824,-19.3912),(9.57967,15.5321),(-39.4874,16.2085)]
triangle[(20.0509,15.4737),(-3.94424,20.2634),(-11.6154,-18.1666)]
triangle[(16.4879,14.4756),(-18.9779,-13.408),(26.4211,-71.152)]
triangle[(-4.53892,5.7912),(15.2199,-20.6171),(48.5693,4.33504)]
triangle[(17.6281,-12.8001),(1.29039,-20.7004),(14.675,-48.3796)]
triangle[(-6.50168,19.7818),(-7.69581,16.1259),(-2.71097,14.4977)]
triangle[(13.5725,17.2931),(-20.4065,9.23445),(-7.0439,-47.1088)]
triangle[(13.4975,-13.6939),(0.817137,20.3906),(-44.2536,3.62301)]
triangle[(-1.8187,-14.6529),(6.08284,17.8402),(-36.2091,28.1245)]
triangle[(7.4432,9.88134),(-11.2878,14.9034),(-18.4649,-11.8651)]
triangle[(-15.8908,-9.5319),(-5.81415,7.14343),(-35.9271,25.3401)]
triangle[(-7.88289,-4.01176),(-13.3955,-17.2394),(7.72853,-26.0427)]
triangle[(-19.1332,9.18013),(-6.2944,16.1339),(-19.4348,40.3952)]
triangle[(-7.8624,-1.03873),(2.6291,-10.9589),(13.8559,0.914476)]
triangle[(-11.5754,-1.65598),(17.2157,8.94411),(0.487895,54.3786)]
triangle[(-14.5776,-1.29196),(-10.4303,-18.1402),(15.0514,-11.8677)]
triangle[(6.17707,16.8413),(20.6325,-13.7799),(71.9993,10.469)]
triangle[(10.0122,-10.0593),(7.06994,-20.8288),(24.8478,-25.6859)]
triangle[(-2.94617,16.4833),(-15.3962,19.643),(-21.0423,-2.60352)]
triangle[(4.18496,-4.29425),(19.9293,-12.2604),(31.5022,10.6122)]
triangle[(-19.4289,9.47211),(8.97686,-11.9294),(45.5318,36.5889)]
triangle[(7.89901,20.833),(-2.31233,9.15244),(12.7261,-3.99439)]
triangle[(11.3901,-3.74463),(-15.2004,-15.3481),(1.40598,-53.4032)]
triangle[(13.6332,4.75701),(19.7371,-15.6444),(48.3206,-7.09243)]
triangle[(-11.432,-10.5619),(18.6618,18.7255),(-15.7559,54.0907)]
triangle[(5.98255,18.1315),(-1.55065,-10.7171),(54.1541,-25.2632)]
triangle[(-11.5917,-19.7886),(12.3889,-17.0415),(7.17517,28.4723)]
triangle[(-4.67707,4.78055),(-16.2434,11.4368),(-25.8023,-5.17357)]
triangle[(19.136,-20.7566),(-9.81105,-7.51968),(-29.8765,-51.3998)]
triangle[(-0.533702,17.7437),(2.96458,13.7485),(8.8966,18.9427)]
triangle[(-10.7609,-17.8105),(14.4253,-9.17581),(-0.615228,34.6956)]
triangle[(-8.15002,14.7611),(18.4695,20.56),(12.2517,49.1026)]
triangle[(14.4421,-11.3361),(-7.22258,-13.0106),(-5.14181,-39.9307)]
triangle[(0.00167376,2.92648),(0.319833,5.73911),(-4.12947,6.24241)]
triangle[(20.386,-3.66115),(8.33721,0.31062),(3.11582,-15.529)]
triangle[(-4.53147,14.7886),(9.25836,-7.21349),(46.9205,16.3913)]
triangle[(10.1501,-8.84792),(1.54625,18.866),(-39.6807,6.06699)]
triangle[(-5.62338,-14.9197),(2.89951,20.7566),(-39.1421,30.8002)]
triangle[(12.8647,-20.0208),(6.92356,11.3175),(-51.7991,0.184919)]
triangle[(5.26821,-7.49307),(20.9421,-9.58905),(25.0639,21.2338)]
triangle[(20.2747,3.23815),(-1.94907,0.248734),(1.6752,-26.6947)]
triangle[(20.589,13.9241),(14.654,-15.1001),(47.2055,-21.7564)]
triangle[(-1.91812,7.36958),(-11.7569,1.04601),(-2.89577,-12.7408)]
triangle[(7.51373,-16.7011),(-5.28921,0.190629),(-26.5192,-15.9004)]
triangle[(-13.5312,10.8869),(-10.121,-13.8155),(36.3446,-7.40082)]
triangle[(-19.728,16.4212),(-3.16596,9.05803),(9.25293,36.9921)]
triangle[(-12.9231,-20.6483),(18.8852,-11.415),(0.897051,50.5535)]
triangle[(-8.91556,15.333),(-4.83988,-1.763),(26.1303,5.62027)]
triangle[(-7.58568,-20.8868),(13.482,7.09977),(-31.8795,41.2468)]
triangle[(-4.682,-9.57926),(-9.85874,7.09295),(-30.3812,0.720696)]
triangle[(12.379,-11.3221),(-19.6064,16.6637),(-53.9533,-22.5919)]
triangle[(17.8512,3.13465),(6.76267,2.70226),(7.40667,-13.813)]
triangle[(13.2379,19.1845),(13.4606,-14.429),(67.0509,-14.074)]
triangle[(-20.3819,8.23633),(-8.20762,-7.33653),(8.54794,5.76237)]
triangle[(-9.88663,-2.8345),(-13.8029,1.21086),(-18.4921,-3.32874)]
triangle[(-2.62644,7.75525),(-7.38183,0.00201976),(5.05969,-7.62889)]
triangle[(-0.541845,-10.7683),(-5.14046,5.77093),(-28.4256,-0.703312)]
triangle[(-7.82408,-2.79233),(0.135967,16.7215),(-30.0747,29.045)]
triangle[(-17.9565,-11.5393),(-12.9312,0.187916),(-28.5853,6.89595)]
triangle[(-11.2759,10.1171),(-14.889,3.04642),(-4.69389,-2.16332)]
triangle[(-13.1413,15.9668),(1.3536,-5.85989),(35.7517,16.9836)]
triangle[(-19.2461,-2.1694),(-7.92973,-18.104),(21.3282,2.67434)]
triangle[(-20.5639,-12.0446),(-15.8695,7.46007),(-43.8752,14.2004)]
triangle[(12.5143,-20.2855),(-10.5788,7.51171),(-57.0109,-31.0627)]
triangle[(-7.91124,-4.4906),(-4.82171,-13.2148),(11.0125,-7.60733)]
triangle[(1.89593,11.9568),(2.77209,-3.14822),(18.3079,-2.24706)]
triangle[(-13.882,6.29149),(-20.5466,12.1638),(-31.1431,0.137495)]
triangle[(-8.57612,8.14144),(7.05873,-3.40306),(25.8751,22.0802)]
triangle[(7.84312,-15.3684),(18.8444,11.9384),(-24.2619,29.3049)]
triangle[(6.11161,-0.959585),(19.0912,-5.59791),(23.7416,7.41564)]
triangle[(-6.96987,18.8832),(-2.76767,5.47179),(20.5257,12.7703)]
triangle[(9.47578,-18.0731),(18.9323,2.22155),(-18.145,19.4982)]
triangle[(19.6114,-13.6605),(9.45076,5.99134),(-14.8342,-6.56481)]
triangle[(-0.513933,-16.4004),(-2.22057,11.18),(-35.784,9.1032)]
triangle[(17.3389,0.987147),(-11.4881,-8.9651),(6.64649,-61.4926)]
triangle[(-8.37127,9.76004),(-5.26455,9.91985),(-5.4937,14.3747)]
triangle[(15.0622,4.96734),(18.4642,14.385),(1.92077,20.3612)]
triangle[(-15.222,19.2097),(-0.914336,-12.5504),(38.3677,5.14587)]
triangle[(7.10002,-4.47384),(9.89792,6.6085),(-7.43566,10.9846)]
triangle[(15.8061,-2.12584),(-20.651,-14.5246),(-0.584331,-73.5283)]
triangle[(18.7707,15.9603),(19.5305,17.9249),(16.0421,19.2741)]
triangle[(-1.0322,-1.9012),(-14.4097,-6.90389),(-7.33963,-25.8099)]
triangle[(-14.0468,-7.22865),(-8.4708,15.0786),(-50.8512,25.6722)]
triangle[(-12.1704,-11.5787),(18.2813,6.7842),(-11.9021,56.838)]
triangle[(9.89925,14.4175),(-4.36139,-12.5587),(39.7588,-35.8823)]
triangle[(8.09947,10.2679),(-11.6733,-18.0299),(24.7136,-43.4549)]
triangle[(-10.2227,9.63331),(-13.8656,16.3153),(-20.8146,12.5268)]
triangle[(-0.123343,11.384),(-11.2459,12.5127),(-13.2398,-7.13546)]
triangle[(-18.8235,19.8429),(-2.35585,-8.49376),(35.1291,13.2904)]
triangle[(0.679759,17.2916),(-5.9255,-2.73472),(14.1252,-9.34803)]
triangle[(-0.897691,-19.271),(-18.6622,-11.4368),(-27.8609,-32.2955)]
triangle[(-7.53159,-4.09313),(-18.6892,5.74442),(-38.0462,-16.21)]
triangle[(16.549,-20.55),(12.8509,-16.7034),(6.49962,-22.8093)]
triangle[(-16.0926,-9.16172),(-8.07913,-11.3875),(-5.1198,-0.733028)]
triangle[(1.53787,12.9802),(5.73542,-9.73655),(43.7984,-2.70337)]
triangle[(17.4661,-19.1341),(1.74589,6.87211),(-48.0305,-23.2167)]
triangle[(-19.9695,-5.98366),(7.19012,-16.3161),(25.8016,32.6055)]
triangle[(-7.33448,-11.6075),(-11.4211,17.5909),(-57.2206,11.1809)]
triangle[(-0.379471,16.696),(-16.608,-8.6617),(19.7653,-31.94)]
triangle[(16.2364,-14.1184),(-17.4535,2.76571),(-49.1318,-60.4439)]
triangle[(3.09295,-1.23349),(-19.9936,-14.128),(-3.60533,-43.47)]
triangle[(-1.94125,0.564765),(11.9341,12.6964),(-5.65871,32.8179)]
triangle[(-17.2681,14.8799),(-19.317,-7.8256),(12.7396,-10.7183)]
triangle[(-15.7241,13.2809),(13.6651,12.8377),(14.5172,69.3359)]
triangle[(7.69775,-2.0036),(17.2276,2.618),(11.0429,15.371)]
triangle[(6.20064,-10.9804),(-3.51289,10.2739),(-42.2986,-7.45171)]
triangle[(-13.7943,-17.4058),(17.5207,-18.358),(18.8369,24.931)]
triangle[(-7.78993,6.61437),(-9.8015,4.2134),(-6.27928,1.26243)]
triangle[(-2.52864,-5.63802),(4.93006,0.67698),(-5.18163,12.62)]
triangle[(14.7829,-6.66941),(-18.9579,1.18801),(-31.4985,-52.663)]
triangle[(-1.46738,11.7864),(0.346836,-13.5376),(50.4084,-9.95116)]
triangle[(12.7297,17.6063),(-20.6418,-14.7566),(13.6504,-50.1174)]
triangle[(4.9325,0.935033),(17.9002,-13.332),(36.8441,3.88656)]
triangle[(2.13676,16.4157),(10.8036,-2.47641),(37.4918,9.7669)]
triangle[(-13.7941,17.7756),(-2.42659,6.84489),(13.8145,23.7349)]
triangle[(-13.8733,-4.87454),(7.27061,5.91854),(-4.07127,28.1375)]
triangle[(-1.89648,-11.6734),(-1.26567,17.0445),(-53.4016,18.1897)]
triangle[(10.9343,18.6706),(9.94414,13.1761),(17.4586,11.8219)]
triangle[(-6.8779,-4.80953),(8.43696,4.38206),(-1.48205,20.9089)]
triangle[(-3.18366,8.82774),(20.8087,0.00375573),(29.9,24.7231)]
triangle[(9.72126,-9.24216),(-17.2728,17.3687),(-52.5181,-18.3842)]
triangle[(19.6902,-14.6002),(12.6816,16.043),(-23.5045,7.76665)]
triangle[(1.9393,18.9202),(8.11136,16.0788),(13.212,27.158)]
triangle[(-11.3724,-15.1608),(16.659,-4.27198),(-0.630595,40.2374)]
triangle[(12.784,2.17633),(-20.0899,7.27674),(-27.8689,-42.8614)]
triangle[(-18.992,12.3465),(-13.4044,13.4077),(-15.3069,23.4249)]
triangle[(8.1175,-17.7341),(6.91471,9.21),(-27.494,7.674)]
triangle[(-14.787,8.10096),(10.6093,12.7942),(4.85304,43.9426)]
triangle[(-8.7097,-8.55135),(7.54285,10.232),(-15.8805,30.4994)]
triangle[(-11.2465,19.0656),(16.4586,-9.80635),(69.6425,41.2282)]
triangle[(9.02182,-8.2966),(16.5937,-4.89467),(13.1629,2.74145)]
triangle[(-19.0936,19.8194),(8.62151,-9.52703),(48.1948,27.8465)]
triangle[(11.3856,-2.89938),(7.20798,17.2641),(-32.3047,9.0777)]
triangle[(4.90536,-5.63635),(-15.4788,0.328692),(-21.715,-20.9822)]
triangle[(-3.57592,-0.416063),(-3.95219,7.14813),(-15.3183,6.58273)]
triangle[(-5.27577,5.42987),(16.1331,-16.1666),(46.157,13.5965)]
triangle[(7.13567,4.88013),(6.4617,-2.60401),(15.9728,-3.46052)]
triangle[(-4.4756,19.6162),(16.3703,-8.56644),(68.008,29.6285)]
triangle[(-9.90032,-13.2162),(-19.2389,-18.2095),(-9.39418,-36.6213)]
triangle[(15.7697,-18.5224),(16.5648,8.43955),(-37.3125,10.0284)]
triangle[(7.55171,4.77853),(7.35113,-3.16284),(20.1084,-3.48506)]
triangle[(-9.60003,-17.3607),(-9.51464,15.2056),(-63.0513,15.346)]
triangle[(-6.61906,-0.955652),(-16.9017,20.9391),(-50.0086,5.39073)]
triangle[(19.4727,-10.3228),(-0.265178,14.3764),(-27.4124,-7.31786)]
triangle[(-20.9907,0.595674),(-18.8066,12.6666),(-40.4927,16.5906)]
triangle[(-1.82806,-19.7616),(0.804545,12.6242),(-43.2333,16.204)]
triangle[(-9.3442,10.6532),(17.8833,-12.6657),(63.2872,40.3484)]
triangle[(20.1577,-1.7543),(3.96963,-16.7966),(20.2653,-34.3335)]
triangle[(9.59062,2.14481),(-19.8118,-9.26607),(-8.25529,-39.0438)]
triangle[(-10.9239,-13.4495),(-5.17779,5.63077),(-24.8276,11.5484)]
triangle[(-15.6011,-19.4785),(-12.0413,8.74726),(-47.8353,13.2616)]
triangle[(20.202,13.1978),(12.3891,-8.78272),(35.8513,-17.1222)]
triangle[(-13.4752,-2.29914),(-0.617527,11.7032),(-28.3045,37.1267)]
triangle[(11.9326,-12.6626),(-17.6589,13.8814),(-56.5882,-29.5173)]
triangle[(-0.605132,-10.6472),(15.7234,13.6636),(-26.8062,42.229)]
triangle[(0.270073,0.611423),(6.10485,3.03319),(1.27318,14.6742)]
triangle[(-6.59731,-17.1318),(7.10899,-12.5995),(-0.227317,9.5865)]
triangle[(-8.8975,15.3915),(11.4684,11.2742),(17.6723,41.9617)]
triangle[(-14.7903,-4.55486),(-15.1553,-13.2497),(-0.692985,-13.8568)]
triangle[(13.0462,8.72343),(1.74577,3.59667),(10.749,-16.2483)]
triangle[(19.4643,-17.529),(10.369,-20.3002),(15.7785,-38.0546)]
triangle[(-10.9524,13.6236),(-8.33988,16.7301),(-14.4212,21.8443)]
triangle[(-13.062,8.38084),(2.71009,-9.70417),(36.2509,19.5472)]
triangle[(4.51715,-9.33409),(8.66001,1.70787),(-8.9169,8.3026)]
triangle[(-14.7701,-8.19054),(3.02278,2.47309),(-9.70702,23.7135)]
triangle[(20.0371,-10.3716),(-15.0001,-9.28703),(-16.3187,-51.8843)]
triangle[(-10.9004,5.09452),(12.2747,-9.51248),(33.3864,23.9829)]
triangle[(11.6238,-3.05388),(-3.24308,-6.88615),(0.990594,-23.3103)]
triangle[(16.933,-0.692944),(18.576,16.596),(-10.1388,19.3248)]
triangle[(20.3265,-9.8789),(13.8227,-16.0077),(22.9912,-25.7371)]
triangle[(15.231,20.1446),(-13.8501,-9.7035),(31.5177,-53.9055)]
triangle[(18.7459,-2.8974),(-7.77455,2.86334),(-18.9914,-48.7754)]
triangle[(1.15361,15.0413),(19.5794,-10.2677),(55.077,15.5757)]
triangle[(13.3764,5.12073),(20.5639,7.13356),(16.7245,20.8432)]
triangle[(-3.81404,13.6834),(8.83659,13.8667),(8.62857,28.2238)]
triangle[(11.8822,13.6054),(7.94282,16.2024),(3.26251,9.10274)]
triangle[(3.30109,-13.7214),(18.7928,20.0329),(-31.8283,43.2656)]
triangle[(-13.8462,16.5494),(-18.8838,-19.7042),(48.4768,-29.0641)]
triangle[(17.7529,-5.39737),(-8.20441,18.6532),(-36.9154,-12.3342)]
triangle[(18.6334,-16.8125),(3.77909,3.39581),(-27.9564,-19.9316)]
triangle[(17.3364,-17.018),(6.26171,20.3113),(-31.9854,8.96439)]
triangle[(-0.693935,-16.5312),(-11.726,19.7205),(-48.6498,8.48387)]
triangle[(12.0955,7.40402),(6.76923,-6.11236),(31.975,-16.0449)]
triangle[(7.77161,3.26992),(-3.12039,11.8085),(-18.1293,-7.33731)]
triangle[(-3.59902,4.20013),(19.6747,-9.53412),(33.6265,14.1082)]
triangle[(-2.69936,20.4173),(-0.185867,-18.352),(64.5839,-14.1528)]
triangle[(3.51542,5.06809),(4.80522,-0.581022),(11.833,1.02356)]
triangle[(3.20865,-17.807),(-8.3023,11.8465),(-42.8107,-1.54909)]
triangle[(5.12564,6.87766),(20.1744,0.515577),(28.2791,19.6862)]
triangle[(14.3118,13.1105),(-14.9957,-12.5748),(12.5665,-44.0239)]
triangle[(18.359,-0.835758),(-17.9835,3.62121),(-23.1187,-38.2519)]
triangle[(-18.2754,-15.0002),(7.74118,3.75515),(-18.6552,40.3709)]
triangle[(4.13242,-6.8884),(18.031,-20.9325),(42.0222,2.81008)]
triangle[(0.810401,10.0352),(-1.15119,14.876),(-7.74533,12.204)]
triangle[(-11.0905,-9.41976),(-8.86201,-1.46001),(-21.7449,2.14687)]
triangle[(19.6477,8.17385),(14.6234,-6.91462),(35.0378,-13.7123)]
triangle[(18.5754,-4.83929),(16.0304,-6.17194),(17.6943,-9.34938)]
triangle[(-16.0037,-1.81144),(-3.87277,-6.94235),(3.86578,11.3538)]
triangle[(-16.0678,6.86468),(17.7326,-11.3355),(50.6385,49.7755)]
triangle[(-8.46938,5.69249),(18.0336,1.91802),(24.3927,46.5694)]
