triangle[(11.2485,19.8472),(-13.8169,19.5936),(-13.4825,-13.4569)]
triangle[(3.85625,9.41416),(-3.4908,-1.97235),(11.6577,-11.7468)]
triangle[(-2.10546,-11.2837),(-8.48723,15.7177),(-43.5504,7.43055)]
triangle[(16.3782,-14.8996),(-8.60992,-9.30422),(-19.3704,-57.3591)]
triangle[(14.364,2.03936),(11.0415,-0.699904),(15.105,-5.62866)]
triangle[(-14.1541,-1.16184),(-7.04781,7.02045),(-19.7463,18.049)]
triangle[(8.50402,10.1457),(-0.90398,-8.26994),(26.2423,-22.1382)]
triangle[(-8.26608,19.669),(-12.9597,-14.2648),(43.6033,-22.0884)]
triangle[(-3.53216,-1.92246),(-5.5078,13.5587),(-27.3661,10.7693)]
triangle[(-17.2887,-9.38746),(2.36027,-0.16615),(-7.75092,21.379)]
triangle[(5.06261,6.4341),(-11.9729,-15.4995),(15.3859,-36.7486)]
triangle[(4.0367,0.818953),(6.87678,-5.75307),(16.5641,-1.56671)]
triangle[(11.6204,7.74044),(-8.68723,-3.11866),(12.2629,-42.2976)]
triangle[(1.46808,9.80799),(10.9832,-10.5441),(32.1379,-0.65379)]
triangle[(4.63917,-20.503),(-19.1243,-19.8102),(-20.4023,-63.6516)]
triangle[(-4.73197,19.8514),(13.9131,18.7446),(15.1823,40.1256)]
triangle[(-2.95747,-1.74795),(8.89209,13.2101),(-6.15387,25.1293)]
triangle[(2.28664,-15.0317),(8.5436,-8.50916),(-0.858744,0.510409)]
triangle[(-9.15347,9.77664),(-1.51934,-9.70127),(24.6025,0.536846)]
triangle[(17.5299,-18.7136),(5.01106,6.40528),(-36.2355,-14.1513)]
triangle[(3.41356,3.65421),(-17.9386,7.58374),(-24.4781,-27.9503)]
triangle[(-18.9883,-8.20798),(1.4907,17.3482),(-31.579,43.8481)]
triangle[(-19.626,0.332565),(-13.2213,-2.76232),(-8.5673,6.86892)]
triangle[(-20.4051,1.55628),(1.73754,13.6555),(-21.4454,56.0823)]
triangle[(-14.1337,-12.0825),(13.4876,10.4175),(-12.3604,42.1489)]
triangle[(15.8752,7.62942),(-8.66555,4.38794),(-2.23123,-44.3253)]
triangle[(18.8177,-13.4596),(8.47028,-0.571871),(-8.97427,-14.578)]
triangle[(-0.969146,8.68633),(-10.5115,12.7841),(-15.9092,0.214819)]
triangle[(-7.24835,10.1059),(-18.7299,12.4873),(-22.2241,-4.3594)]
triangle[(-10.8411,-16.3661),(7.24275,8.14916),(-33.9972,38.5702)]
triangle[(-14.5884,-12.0406),(4.83525,18.2413),(-32.1603,41.9713)]
triangle[(-8.38612,10.068),(11.1829,9.36807),(12.4658,45.2386)]
triangle[(12.9297,-18.7676),(-17.7382,11.644),(-48.9102,-19.7907)]
triangle[(15.1561,-5.98257),(-0.718211,18.1218),(-26.8224,0.930523)]
triangle[(-4.9202,-18.8763),(-13.1886,-3.56501),(-37.413,-16.6467)]
triangle[(-1.48288,4.80347),(13.7422,18.3541),(0.00717381,33.7863)]
triangle[(15.4071,-8.04161),(12.9362,-0.90669),(2.94558,-4.36655)]
triangle[(12.2456,4.31418),(6.55662,-14.105),(36.3789,-23.3159)]
triangle[(15.7001,-16.6902),(17.1788,8.86473),(-31.3089,11.6703)]
triangle[(-17.3138,10.1167),(-17.898,-16.5778),(29.3148,-17.611)]
triangle[(-15.7311,-3.79348),(11.0215,-5.51055),(13.9432,40.0106)]
triangle[(2.65391,-7.12074),(11.3556,-19.0874),(23.5094,-10.2497)]
triangle[(0.245103,-19.463),(16.5512,-3.84715),(-3.76962,17.3718)]
triangle[(0.438375,1.4756),(-14.9267,-12.7731),(3.24111,-32.3643)]
triangle[(-12.5187,19.4728),(-15.695,-18.6593),(33.2044,-22.7324)]
triangle[(12.8187,-8.63091),(11.2278,3.94475),(-8.745,1.41807)]
triangle[(5.94972,17.4022),(-5.59275,15.3175),(-3.08539,1.43527)]
triangle[(3.95383,5.82441),(8.80753,11.5637),(2.53976,16.8643)]
triangle[(-11.8789,16.9657),(-17.8856,-3.40919),(11.7412,-12.1434)]
triangle[(-17.6008,19.3992),(4.7036,-16.6227),(47.2764,9.73791)]
triangle[(1.2965,-13.6734),(5.33658,12.3123),(-35.3233,18.6338)]
triangle[(-20.7476,-1.41418),(-3.49208,-8.93523),(11.4505,25.3476)]
triangle[(18.1784,18.3723),(2.44847,-2.64633),(27.4622,-21.3661)]
triangle[(-13.1812,6.68838),(-11.2073,9.31809),(-15.603,12.6175)]
triangle[(-16.0576,-9.75514),(-0.634668,-9.51486),(-1.07224,18.5716)]
triangle[(-7.60166,-8.79488),(-16.8395,-1.35619),(-31.3282,-19.3492)]
triangle[(18.0325,-11.87),(-4.35341,-20.9071),(7.08968,-49.2529)]
triangle[(18.5173,-14.1303),(-6.04816,7.28804),(-27.6132,-17.4457)]
triangle[(-3.15694,6.72633),(11.9001,16.6724),(-2.19575,38.0118)]
triangle[(-13.3493,4.69839),(4.83182,5.43421),(4.05475,24.6346)]
triangle[(17.2657,17.8558),(16.702,-15.9361),(55.7734,-16.5879)]
triangle[(17.1751,-3.93202),(4.4978,0.203883),(-3.53413,-24.4154)]
triangle[(-12.313,-9.42385),(3.91039,-9.0128),(3.32093,14.2521)]
triangle[(7.89087,13.8938),(0.680733,19.6309),(-6.78261,10.2513)]
triangle[(9.51426,10.4437),(-2.26495,16.7509),(-12.4099,-2.19568)]
triangle[(-13.5021,0.548403),(12.4629,18.3342),(-6.58058,46.1352)]
triangle[(3.45158,0.685101),(-5.00371,-3.17951),(0.209254,-14.5848)]
triangle[(14.8606,15.4423),(0.894201,-6.05153),(31.3036,-25.8112)]
triangle[(8.19405,-12.3587),(-17.6832,18.481),(-76.2039,-30.6231)]
triangle[(6.75063,-5.54454),(11.6388,-9.80729),(16.353,-4.40144)]
triangle[(9.51833,-18.9314),(-2.79366,-16.8027),(-5.18739,-30.648)]
triangle[(6.54445,11.8993),(-2.89885,17.5507),(-11.6487,2.93016)]
triangle[(6.8405,-13.2537),(13.9825,-0.0241039),(-0.329961,7.70242)]
triangle[(12.2445,-8.47527),(15.828,3.23946),(3.04976,7.14828)]
triangle[(7.93005,13.4809),(16.3653,-2.03801),(34.7953,7.97952)]
triangle[(-5.53711,-2.29379),(-12.1921,17.0038),(-49.4652,4.14986)]
triangle[(20.1072,-18.9592),(-8.92015,11.2817),(-49.9307,-28.0832)]
triangle[(-0.648327,19.5415),(-3.73149,-6.12638),(26.5708,-9.7662)]
triangle[(10.5813,4.91887),(10.6587,-14.8712),(30.8382,-14.7922)]
triangle[(6.26838,-13.8795),(-1.23744,5.73834),(-30.0762,-5.2954)]
triangle[(-0.916745,16.9744),(-15.9817,13.9383),(-10.6494,-12.5196)]
triangle[(-0.622258,-8.88395),(12.4339,-4.33805),(3.68274,20.796)]
triangle[(-16.428,-15.0698),(13.2797,18.6699),(-51.1288,75.3816)]
triangle[(-1.38143,-1.78409),(-17.0891,-7.64668),(-8.9714,-29.3964)]
triangle[(-3.04876,-10.6189),(-20.0025,-8.2581),(-23.8206,-35.6778)]
triangle[(1.19398,-12.9344),(-4.08972,2.61299),(-25.5075,-4.66569)]
triangle[(-7.60605,16.4822),(-9.2247,-0.94063),(17.09,-3.38538)]
triangle[(1.39552,-1.4713),(8.25318,-10.9603),(20.6015,-2.03627)]
triangle[(19.0838,8.14422),(13.2463,5.59162),(17.7143,-4.62612)]
triangle[(1.42887,9.45487),(15.923,12.6032),(10.1701,39.088)]
triangle[(-8.53436,-13.6097),(-8.93936,9.00987),(-35.3382,8.5372)]
triangle[(20.7822,-2.21053),(18.7553,16.5594),(-6.22467,13.8619)]
triangle[(-9.61488,11.2271),(7.19324,10.0466),(8.92702,34.7338)]
triangle[(11.8354,-15.4985),(-9.61486,-8.57998),(-22.716,-49.1987)]
triangle[(5.08562,-16.1853),(3.55615,19.9203),(-58.7487,17.281)]
triangle[(11.2372,-6.4259),(8.54086,-1.19593),(2.47051,-4.32553)]
triangle[(-19.2011,10.0007),(13.8433,-7.2998),(48.2675,58.4511)]
triangle[(1.81252,-19.624),(7.50623,-7.98572),(-15.195,3.12024)]
triangle[(3.54729,-3.77451),(-1.83283,7.86954),(-16.5546,1.06735)]
triangle[(11.7896,-9.55553),(19.2131,19.4983),(-16.4887,28.6203)]
triangle[(-8.78895,7.74121),(-6.52805,20.9599),(-21.4027,23.504)]
triangle[(-8.24383,9.74169),(-16.7192,5.58582),(-9.373,-9.39602)]
triangle[(-17.7088,18.1107),(-1.24334,16.5965),(0.879645,39.6815)]
triangle[(-0.0692368,-15.0047),(-13.3161,1.41687),(-37.2393,-17.8814)]
triangle[(16.265,20.6657),(5.54138,-19.0629),(45.6107,-29.8785)]
triangle[(2.45192,9.05845),(-18.8186,-13.176),(11.9554,-42.6158)]
triangle[(8.59239,4.99992),(-0.128939,-2.36276),(12.7196,-17.5823)]
triangle[(-7.85405,2.29291),(-17.9974,15.1656),(-36.3673,0.690504)]
triangle[(-3.81177,-2.49189),(-12.2277,11.7359),(-31.7671,0.178092)]
triangle[(4.35157,-14.001),(3.48107,-0.0452154),(-21.6432,-1.61236)]
triangle[(-19.5517,11.5567),(-1.34331,10.1994),(1.04916,42.2954)]
triangle[(-15.3195,9.01239),(-14.6232,-12.6098),(19.1978,-11.5208)]
triangle[(-18.1499,17.5887),(-9.61257,-19.8074),(32.1712,-10.2683)]
triangle[(14.1372,2.82675),(12.4425,-11.4011),(30.8339,-13.5919)]
triangle[(-8.0349,14.4101),(-9.9297,20.5803),(-21.8158,16.9301)]
triangle[(-19.4321,17.5641),(10.6749,1.16056),(32.3547,40.9516)]
triangle[(-3.68734,-0.725762),(6.87771,15.1675),(-19.9123,32.9762)]
triangle[(-1.47915,-19.3863),(-3.61116,-1.44014),(-25.6822,-4.0622)]
triangle[(4.46924,-7.89918),(-6.59269,-16.051),(6.29843,-33.5442)]
triangle[(-2.92177,19.3187),(9.66096,19.5422),(9.27736,41.1444)]
triangle[(-11.2539,13.308),(17.0256,1.90282),(32.1457,39.3937)]
triangle[(10.9332,-8.26205),(9.21802,8.95374),(-13.4884,6.69151)]
triangle[(-13.9042,-10.6605),(19.7151,20.8813),(-28.31,72.0695)]
triangle[(1.00314,10.5817),(-14.8563,14.9942),(-22.8929,-13.8911)]
triangle[(4.50251,20.2366),(9.93051,13.9158),(17.4943,20.4113)]
triangle[(-15.6239,-5.29875),(19.503,11.5989),(-10.8021,74.5972)]
triangle[(16.3213,-3.90828),(-12.2181,-20.5083),(16.2632,-69.4745)]
triangle[(-19.6182,16.8282),(8.6169,13.6872),(14.711,68.4678)]
triangle[(-13.9367,-11.0861),(-2.26527,-19.1007),(9.2014,-2.40206)]
triangle[(0.402408,-14.7788),(-13.6061,4.00446),(-32.8427,-10.3422)]
triangle[(-14.1867,8.28057),(17.276,13.0656),(11.0802,53.8045)]
triangle[(9.65513,-11.9216),(-9.98697,20.6285),(-63.8504,-11.875)]
triangle[(-19.534,-2.82395),(20.317,-15.1979),(33.3072,26.6381)]
triangle[(7.67166,9.01647),(-18.0978,-11.8219),(3.33467,-38.326)]
triangle[(-7.01638,10.706),(2.94482,-13.5348),(47.7938,4.89486)]
triangle[(-16.763,14.485),(-17.804,-0.0584952),(-1.57379,-1.22026)]
triangle[(10.9329,4.69582),(4.61176,1.16455),(11.5627,-11.2779)]
triangle[(1.4244,-14.0908),(-18.7909,-18.7689),(-13.4327,-41.9234)]
triangle[(19.5801,-13.8145),(7.56221,13.0202),(-35.3623,-6.20345)]
triangle[(-10.8387,-11.9774),(-18.8728,13.0102),(-61.8037,-0.793169)]
triangle[(7.69924,14.189),(3.54679,16.7968),(0.555535,12.0338)]
triangle[(-12.8882,15.2494),(1.88873,-16.5072),(41.8396,2.08262)]
triangle[(11.2991,-6.81619),(6.93839,18.6507),(-34.5867,11.5405)]
triangle[(11.1891,-1.44911),(-13.0728,-0.0988456),(-15.285,-39.8485)]
triangle[(8.52936,13.1461),(8.16641,-19.7201),(68.403,-20.3853)]
triangle[(1.40771,-16.9374),(5.87128,-5.89112),(-15.6904,2.82147)]
triangle[(-20.6737,17.3746),(-9.49485,2.12329),(15.2517,20.262)]
triangle[(-2.20423,-19.3944),(3.77547,-17.6122),(0.445929,-6.44068)]
triangle[(-4.78825,16.9404),(3.07942,-4.96848),(26.447,3.42302)]
triangle[(9.2129,8.27979),(6.16976,4.28093),(11.7943,0.000632717)]
triangle[(-16.6364,10.9949),(-9.54847,-0.0722897),(9.83806,12.3437)]
triangle[(-12.9945,-16.8191),(-18.1088,20.9861),(-82.1297,12.3253)]
triangle[(-16.8695,-0.233438),(-5.87156,13.4112),(-32.194,34.6278)]
triangle[(2.82636,-10.9726),(16.9531,-5.93289),(10.3206,12.6585)]
triangle[(0.993839,9.33307),(14.712,11.4741),(11.7838,30.2359)]
triangle[(20.682,19.2438),(-18.1518,11.3769),(-3.19834,-62.4389)]
triangle[(5.27639,14.195),(9.04183,13.2258),(10.656,19.4967)]
triangle[(-15.2909,-12.2522),(14.6601,-13.7513),(16.319,19.3913)]
triangle[(-15.3548,-17.9845),(16.9372,-18.6259),(18.0958,39.7023)]
triangle[(9.3067,5.03793),(-5.11213,-4.69694),(10.5859,-27.9481)]
triangle[(13.1283,1.54434),(0.59066,13.1915),(-11.1225,0.582815)]
triangle[(9.79878,11.3756),(11.2073,-18.7105),(44.3548,-17.1587)]
triangle[(4.04985,13.301),(-0.894955,20.7433),(-8.94207,15.3967)]
triangle[(6.18365,-10.9921),(-2.32753,-17.7135),(6.96241,-29.4771)]
triangle[(17.9137,15.7346),(0.901815,-7.04684),(35.0206,-32.5249)]
triangle[(8.22889,-19.7959),(-5.4478,17.969),(-49.4789,2.02299)]
triangle[(-10.7941,-6.34784),(-15.5987,10.548),(-38.1997,4.12106)]
triangle[(-5.50078,-10.9004),(18.6399,-3.41188),(7.14971,33.6288)]
triangle[(0.940586,18.8833),(-2.98704,2.93162),(21.0739,-2.99268)]
triangle[(-20.8337,0.69975),(-14.3955,-10.3799),(-2.60848,-3.53064)]
triangle[(8.80866,15.4193),(-13.641,-4.81812),(22.8898,-45.3422)]
triangle[(10.5857,-19.1402),(-15.0309,13.9071),(-63.1453,-23.3887)]
triangle[(11.4356,5.92558),(1.75598,16.7676),(-14.1253,2.58898)]
triangle[(1.124,-12.8643),(-6.88326,17.6684),(-66.1518,2.12507)]
triangle[(2.76067,-1.16257),(7.93568,-9.8757),(24.8301,0.158484)]
triangle[(7.82636,11.5178),(-18.9452,19.2297),(-26.8774,-8.3062)]
triangle[(-17.1866,-1.60532),(-16.47,2.03432),(-23.6778,3.45354)]
triangle[(-6.5574,3.34159),(-2.66892,12.5537),(-17.8757,18.9726)]
triangle[(14.1196,-5.79618),(14.9533,4.4914),(-3.66443,6.00029)]
triangle[(-18.0452,14.5562),(-3.55395,16.5384),(-6.2978,36.5982)]
triangle[(-10.8192,-18.8311),(13.9052,-17.273),(11.5978,19.3418)]
triangle[(13.7687,3.89211),(-4.39818,-20.3895),(33.0448,-48.4033)]
triangle[(-2.4911,-19.0891),(-12.2973,-13.821),(-20.5335,-29.1521)]
triangle[(17.2472,10.7825),(6.7883,3.11596),(15.538,-8.82054)]
triangle[(-18.0389,-20.4271),(-1.13803,1.4865),(-44.1385,34.6506)]
triangle[(18.0631,15.1706),(-4.90732,-0.253657),(24.1648,-43.5489)]
triangle[(-6.27986,-17.8145),(-4.29431,3.02048),(-35.6673,6.0103)]
triangle[(-10.0195,-5.45712),(-19.3754,-6.37895),(-18.1842,-18.4686)]
triangle[(-2.97075,1.9876),(-18.1332,-20.7408),(23.3646,-48.4246)]
triangle[(-6.73811,-17.1867),(5.54044,19.7727),(-48.2813,37.6532)]
triangle[(10.8809,-18.7035),(-3.98085,-3.20163),(-27.8518,-26.0868)]
triangle[(17.1063,12.5236),(-4.37474,16.071),(-9.96502,-17.7806)]
triangle[(6.48999,-8.91894),(15.764,15.4248),(-14.2229,26.8487)]
triangle[(-19.4451,-0.801185),(-6.7568,-18.3256),(13.5543,-3.61957)]
triangle[(11.4993,14.1198),(-5.08389,-9.87283),(25.5228,-31.0274)]
triangle[(-19.7999,-5.57959),(19.2243,-1.55487),(13.5083,53.8676)]
triangle[(-0.197221,17.065),(-10.6573,-20.539),(56.0624,-39.098)]
triangle[(-17.202,16.1365),(6.07754,-1.01843),(35.6639,39.1309)]
triangle[(2.97384,11.5457),(12.0584,1.16669),(28.9137,15.9198)]
triangle[(-6.10911,7.22313),(8.66234,-10.9358),(27.9744,4.77369)]
triangle[(10.0892,-20.3351),(11.3083,2.04468),(-17.6298,3.62109)]
triangle[(13.8273,16.7978),(18.4,6.1535),(29.4408,10.8965)]
triangle[(9.72471,9.38116),(13.2168,2.79036),(22.1654,7.53165)]
triangle[(-9.18897,13.7107),(16.3107,-9.33191),(48.1174,25.8664)]
triangle[(-9.30416,-11.4513),(-0.374922,19.0985),(-42.563,31.4294)]
triangle[(-15.0455,3.6588),(-9.29678,10.9824),(-17.9361,17.7639)]
triangle[(-5.65221,4.74187),(-9.18755,-14.0517),(15.2534,-18.6494)]
triangle[(-9.15584,3.86924),(-20.6859,-0.124222),(-13.1606,-21.8514)]
triangle[(20.6434,-14.9277),(-2.53006,9.94405),(-31.5726,-17.1154)]
triangle[(-5.94737,-11.9836),(-9.493,13.6048),(-37.7615,9.6878)]
triangle[(-5.14056,18.1641),(-19.4869,2.47905),(7.4111,-22.1234)]
triangle[(-2.90469,-2.40399),(-20.5795,4.9035),(-33.7482,-26.9479)]
triangle[(-12.4519,-10.0396),(4.73851,-7.20232),(1.86599,10.2015)]
triangle[(-12.8651,-9.63365),(-12.3597,5.42603),(-42.0077,6.42096)]
triangle[(-15.1675,20.5349),(8.58817,-5.53614),(56.8513,38.4407)]
triangle[(9.02604,-0.0229198),(-8.38714,7.6051),(-20.745,-20.6053)]
triangle[(-16.8475,-3.02818),(-12.8577,17.9082),(-45.9075,24.2065)]
triangle[(20.6527,2.0341),(-11.9701,0.277629),(-9.50736,-45.4621)]
triangle[(-19.2729,16.4546),(9.92013,13.1315),(15.3909,61.1913)]
triangle[(7.27895,18.0225),(13.789,17.6528),(14.4832,29.875)]
triangle[(11.4941,10.7315),(-3.95954,1.52859),(6.42666,-15.9121)]
triangle[(-14.7437,-15.3609),(-5.56971,-15.2571),(-5.77475,2.86957)]
triangle[(-17.8448,17.7191),(-15.7642,-4.92104),(22.849,-1.37249)]
triangle[(2.28669,-3.92463),(-10.3466,-4.69116),(-9.38553,-20.5308)]
triangle[(-7.71476,11.6984),(12.305,-8.74836),(48.8376,27.0213)]
triangle[(10.9566,14.377),(16.8797,7.33315),(27.0324,15.8704)]
triangle[(12.1261,16.7686),(19.6666,12.6093),(25.3112,22.8422)]
triangle[(16.5219,-11.483),(0.51795,0.738846),(-12.4887,-16.2928)]
triangle[(-3.86715,-10.149),(4.19517,-19.6804),(23.1013,-3.68828)]
triangle[(20.9855,19.3992),(-3.41967,4.62998),(12.9351,-22.3953)]
triangle[(-1.94684,2.32626),(-15.7923,18.404),(-42.4964,-4.59261)]
triangle[(-3.58407,-6.10716),(-7.06573,13.9082),(-34.601,9.1185)]
triangle[(-0.779004,18.8361),(-11.2961,-2.6962),(10.4399,-13.3128)]
triangle[(11.0764,6.97579),(8.63124,12.7863),(-1.8916,8.35814)]
triangle[(-0.495565,17.9699),(-18.6091,12.1539),(-7.68893,-21.8562)]
triangle[(8.44792,9.23971),(-13.5564,8.3294),(-12.0117,-29.0099)]
triangle[(-10.1839,-7.83053),(8.21776,-7.20227),(7.0303,27.5783)]
triangle[(-11.5733,-16.6988),(20.8784,-9.75587),(8.6096,47.5894)]
triangle[(12.4153,11.738),(6.90264,-7.93266),(28.3821,-13.9522)]
triangle[(-3.22359,13.6203),(16.5163,2.46669),(36.9061,38.553)]
triangle[(14.0104,-12.6693),(16.7802,-10.0168),(11.8242,-4.84157)]
triangle[(2.97751,-15.767),(-11.0574,6.48562),(-54.4564,-20.8865)]
triangle[(-4.2512,-6.17091),(19.669,-16.4123),(37.061,24.2089)]
triangle[(20.0407,-5.17804),(0.34248,20.0297),(-26.9086,-1.26533)]
triangle[(8.80996,-8.0799),(-10.4303,-3.20869),(-18.2535,-34.1086)]
triangle[(-7.76254,15.0805),(10.6504,-13.6202),(57.2807,16.2955)]
triangle[(1.79218,4.06828),(-5.50266,-0.0642367),(0.104074,-9.96142)]
triangle[(3.90508,-17.7563),(-5.54143,-6.61822),(-16.9085,-16.2589)]
triangle[(-3.91191,-10.2081),(-15.0251,3.29732),(-33.9444,-12.2707)]
triangle[(-8.10373,14.7596),(4.77978,-0.237823),(30.1895,21.5903)]
triangle[(-5.48379,-1.57648),(-14.1646,1.18582),(-17.827,-10.3237)]
triangle[(1.30091,15.9302),(-3.31992,-11.6745),(32.5434,-17.6778)]
triangle[(-2.45822,-6.58146),(19.9443,4.23016),(3.73811,37.8106)]
triangle[(-13.3272,2.7787),(10.6532,15.5631),(-6.28621,47.3372)]
triangle[(15.2405,16.4363),(-6.96577,-13.8565),(49.9011,-55.5429)]
triangle[(-20.5363,1.22101),(14.5541,-11.8799),(37.7527,50.2568)]
triangle[(14.8005,-5.62732),(-3.76185,-1.89805),(-8.45166,-25.2414)]
triangle[(-3.62493,5.91327),(16.0264,9.78128),(8.91388,45.9165)]
triangle[(20.5606,0.89968),(-4.02407,-7.05782),(9.29063,-48.1936)]
triangle[(12.5348,-3.17588),(-4.29132,-12.3817),(5.93167,-31.0669)]
triangle[(20.9772,-0.156641),(-9.73075,-19.7807),(25,-74.128)]
triangle[(-15.1745,3.19774),(-6.03302,-12.0489),(21.6824,4.5684)]
triangle[(7.06164,-7.18594),(-3.55081,7.50569),(-25.1123,-8.06921)]
triangle[(-16.0822,4.84623),(-16.887,7.70048),(-21.0277,6.5329)]
triangle[(17.2861,14.7878),(6.59596,1.30983),(23.7016,-12.2576)]
triangle[(-1.6796,1.91403),(-16.5497,-7.71458),(2.10221,-36.5199)]
triangle[(-5.32329,-1.13079),(11.0921,-8.09747),(20.2057,13.3767)]
triangle[(11.3036,-20.3227),(-11.8881,19.2052),(-72.234,-16.2007)]
triangle[(-0.508373,-4.95939),(-1.29846,-7.13368),(2.40628,-8.4799)]
triangle[(2.5325,19.411),(14.0907,-6.56841),(49.4906,9.1809)]
triangle[(-17.6016,-3.90192),(19.1961,16.7644),(-1.83144,54.2051)]
triangle[(-2.6758,-13.2062),(11.2821,1.48465),(-17.5551,28.8829)]
triangle[(-5.69989,-15.7125),(-9.71774,-8.86608),(-18.4849,-14.0111)]
triangle[(-5.17461,-13.0138),(13.6926,-0.467334),(-10.9328,36.5643)]
triangle[(16.4097,11.6214),(14.2906,-9.74901),(43.0408,-12.5999)]
triangle[(-8.70402,12.7552),(15.4159,5.19525),(25.2561,36.5904)]
triangle[(-11.0614,19.0453),(-13.4462,-15.854),(55.1844,-20.5438)]
triangle[(-19.9127,-0.830871),(-3.40427,-0.223318),(-4.30592,24.2764)]
triangle[(20.6504,14.9839),(-10.3655,-15.848),(38.8025,-65.3093)]
triangle[(-14.9445,-12.3531),(13.7318,-13.9211),(15.9301,26.281)]
triangle[(-10.483,-11.2237),(16.6642,13.1137),(-13.7158,47.001)]
triangle[(1.0107,-2.12628),(-15.5813,-0.515536),(-18.2231,-27.7278)]
triangle[(9.99681,13.1269),(7.74056,-8.08279),(39.7066,-11.4833)]
triangle[(-7.6191,3.91873),(-20.2698,-16.2096),(3.9403,-31.4256)]
triangle[(1.99091,-15.1917),(-20.7347,16.7552),(-71.4185,-19.2989)]
triangle[(4.3026,7.28877),(19.6815,2.36104),(28.6589,30.3786)]
triangle[(20.7648,-13.6684),(2.74294,-10.6829),(-0.532808,-30.4563)]
triangle[(-7.58702,9.42181),(13.1308,-16.2033),(60.1361,21.8004)]
triangle[(13.0639,9.09956),(11.9101,12.6084),(6.63229,10.873)]
triangle[(18.3196,-8.10619),(12.3417,-5.27295),(7.34062,-15.8248)]
triangle[(10.6101,-8.86734),(8.53799,11.8113),(-26.7067,8.2796)]
triangle[(5.23342,-2.60333),(14.0713,18.6749),(-10.1711,28.744)]
triangle[(-3.92477,-15.8332),(-14.5751,-9.33317),(-22.6798,-22.6127)]
triangle[(3.58929,12.2243),(-6.26246,-11.6696),(28.2038,-25.8805)]
triangle[(-12.4538,-19.5872),(0.617064,-2.86025),(-28.4296,19.8375)]
triangle[(-8.46641,16.7531),(16.4057,-6.87223),(55.6472,34.4401)]
triangle[(-4.32876,5.77553),(14.2304,-12.9099),(50.0024,22.6203)]
triangle[(18.4581,9.43115),(-8.87235,-16.4322),(20.5317,-47.5041)]
triangle[(5.03963,0.211427),(0.579804,4.53042),(-4.78586,-1.0102)]
triangle[(-13.3597,4.91382),(-19.2226,1.31046),(-15.5397,-4.68191)]
triangle[(12.235,10.6545),(-17.1972,-7.67138),(18.9852,-65.782)]
triangle[(-13.3165,13.6166),(11.6156,11.0699),(14.327,37.6139)]
triangle[(5.95068,-17.6168),(1.01461,-11.9848),(-6.08679,-18.2087)]
triangle[(6.38963,-16.6327),(10.3198,-2.26358),(-11.614,3.73568)]
triangle[(-3.1402,7.69687),(-2.30776,-12.1857),(26.46,-10.9812)]
triangle[(10.6927,11.3221),(10.4846,-16.7961),(45.1142,-17.0524)]
triangle[(9.26335,5.5619),(17.2324,0.39081),(26.905,15.297)]
triangle[(13.4743,-13.5645),(13.6218,19.689),(-25.5125,19.8626)]
triangle[(-6.66819,-13.0014),(-3.1765,5.03497),(-34.4367,11.0867)]
triangle[(-19.758,11.1141),(12.118,-19.4791),(50.0289,20.0212)]
triangle[(-0.991239,12.8829),(10.9137,-14.377),(39.4264,-1.92484)]
triangle[(-15.705,18.6335),(-4.39293,-16.8999),(44.3907,-1.36968)]
triangle[(-7.89803,9.99771),(5.26442,6.96913),(10.8938,31.4349)]
triangle[(17.7511,-12.4343),(-7.39326,-19.5852),(-0.236134,-44.7514)]
triangle[(-14.9916,-2.41719),(-13.9548,5.95475),(-22.3609,6.99577)]
triangle[(13.7801,-4.31841),(-6.78057,-3.57253),(-7.86335,-33.42)]
triangle[(5.88408,6.90862),(5.06552,1.79725),(13.109,0.509134)]
triangle[(-8.87169,18.4816),(0.118352,18.5777),(-0.00289669,29.9204)]
triangle[(-17.9446,-10.4792),(10.6581,-2.71357),(-1.63657,42.5706)]
triangle[(17.8793,-9.03871),(18.8586,-13.6648),(26.1591,-12.1194)]
triangle[(20.4692,3.09363),(0.430315,-7.90198),(12.9608,-30.7381)]
triangle[(-9.43245,-20.0063),(-20.2153,-6.48394),(-42.0733,-23.9138)]
triangle[(7.15515,-20.7441),(-4.6566,-8.04636),(-24.5431,-26.5453)]
triangle[(-10.2343,-20.6511),(-7.54695,3.52578),(-35.1706,6.59625)]
triangle[(11.6157,13.1563),(-1.28656,-6.96431),(20.5215,-20.9486)]
triangle[(-8.23222,-17.0591),(-5.51385,9.26056),(-36.7947,12.4913)]
triangle[(19.5373,-6.13767),(7.2355,6.84164),(-8.32102,-7.90288)]
triangle[(8.31165,15.9518),(18.4047,-0.254327),(47.9282,18.1327)]
triangle[(-0.287354,17.0777),(-6.46052,11.6334),(-0.646657,5.0412)]
triangle[(-3.94514,-0.628209),(-12.3294,1.30015),(-14.6777,-8.91019)]
triangle[(0.408262,6.05885),(19.2184,12.689),(7.45265,46.0694)]
triangle[(5.70171,14.5906),(18.1331,-17.4781),(66.0062,1.07989)]
triangle[(10.4114,19.4921),(9.34531,9.7472),(26.0757,7.91684)]
triangle[(-8.3974,-9.93688),(17.6226,-11.6757),(20.3477,29.1038)]
triangle[(10.8177,9.18525),(-9.34248,-6.764),(21.1543,-45.3125)]
triangle[(7.79724,20.7317),(15.155,4.76489),(41.2905,16.8086)]
triangle[(-19.5842,-15.7849),(16.2592,8.6136),(-9.57184,46.5616)]
triangle[(19.1586,14.6259),(-14.5894,-3.02466),(4.83213,-40.1588)]
triangle[(-8.88152,9.88959),(0.109277,-11.559),(31.6951,1.68118)]
triangle[(-19.3343,17.3076),(14.1881,2.68818),(40.6899,63.457)]
triangle[(-9.71508,-10.2015),(2.06747,-1.88341),(-11.8289,17.8008)]
triangle[(-8.72743,-8.82502),(11.0757,2.58977),(-2.37143,25.9189)]
triangle[(5.89619,10.5203),(3.67154,-13.8657),(45.83,-17.7117)]
triangle[(11.193,18.3149),(2.90656,-1.26538),(28.7151,-12.1876)]
triangle[(-3.49572,-3.67749),(17.9445,-3.35665),(17.3071,39.2358)]
triangle[(-14.7445,18.2038),(-11.1414,17.6493),(-10.2728,23.2932)]
triangle[(-10.0294,7.33452),(1.14168,-18.5672),(46.0202,0.788251)]
triangle[(-14.558,6.63089),(-13.9445,3.20756),(-8.53132,4.17765)]
triangle[(5.88719,-5.48089),(-16.8828,5.19559),(-29.2908,-21.2672)]
triangle[(0.673548,7.01807),(-17.4459,-10.4021),(14.9538,-44.1024)]
triangle[(-2.20479,15.4305),(11.8897,-14.3179),(53.9835,5.62564)]
triangle[(13.8707,15.609),(10.7004,8.53865),(24.8362,2.20023)]
triangle[(3.77167,-12.3454),(-11.9461,12.1675),(-56.9182,-16.6688)]
triangle[(-7.42775,16.4711),(3.14954,18.35),(0.183607,35.0464)]
triangle[(10.4183,6.97411),(13.5173,3.25493),(19.4036,8.15972)]
triangle[(-15.1631,7.62742),(-6.87765,1.00428),(1.89267,11.9758)]
triangle[(-17.2945,-19.7093),(-13.304,-9.90292),(-26.3469,-4.59528)]
triangle[(14.5416,-13.0574),(-6.41179,-19.3892),(0.728911,-43.0193)]
triangle[(-9.17105,-2.70092),(8.20291,14.8611),(-24.3144,47.0302)]
triangle[(1.09806,14.1804),(-0.607444,9.14105),(8.44895,6.07606)]
triangle[(-10.443,7.71648),(-13.5417,3.84869),(-7.75594,-0.786486)]
triangle[(16.1978,17.1289),(-13.1561,-15.3186),(36.6967,-60.4185)]
triangle[(-14.5741,6.93124),(14.0653,-18.8154),(51.9331,23.307)]
triangle[(3.77943,16.9152),(-2.31595,-7.80509),(38.6949,-17.9173)]
triangle[(-13.156,8.47864),(13.3491,11.7898),(7.4552,58.9688)]
triangle[(18.3916,18.1554),(20.4989,16.0232),(23.3849,18.8755)]
triangle[(4.15741,-3.42451),(2.09195,-14.4695),(22.9628,-18.3724)]
triangle[(6.23553,20.1153),(14.1656,15.9379),(21.2269,29.3427)]
triangle[(-20.3052,17.7556),(8.89899,4.39176),(35.3038,62.0946)]
triangle[(10.6951,-5.77409),(11.8223,6.12216),(-5.93268,7.80442)]
triangle[(19.1306,1.92621),(-14.3253,-6.40195),(-3.77294,-48.793)]
triangle[(0.581672,0.79536),(20.9639,1.50697),(19.8051,34.6968)]
triangle[(8.03982,18.9027),(18.2787,-4.31026),(64.5201,16.0862)]
triangle[(-18.5235,4.43353),(-16.6686,-16.9416),(11.4708,-14.4996)]
triangle[(-17.31,11.5056),(-8.17206,5.71839),(-0.456243,17.9016)]
triangle[(-8.82331,5.35012),(11.3399,9.88859),(3.56813,44.4164)]
triangle[(1.10212,6.36372),(-7.18385,-12.8129),(12.7575,-21.4293)]
triangle[(13.5596,-13.3352),(6.09132,-0.847635),(-12.4763,-11.9523)]
triangle[(-5.19505,10.4314),(-16.4714,-20.479),(16.094,-32.3591)]
triangle[(4.45814,17.0351),(15.0955,-10.3499),(65.1057,9.07591)]
triangle[(3.33102,-14.5223),(17.7073,-6.38079),(8.03025,10.7067)]
triangle[(18.1992,-1.17974),(-1.86797,5.76427),(-13.4131,-27.5993)]
triangle[(5.36475,19.77),(12.3715,20.8199),(11.0294,29.7774)]
triangle[(4.48468,0.945377),(-5.58811,3.18137),(-8.59506,-10.3645)]
triangle[(19.3814,17.5812),(-4.74276,-13.2951),(36.0177,-45.142)]
triangle[(15.348,14.7894),(0.762501,-3.6952),(29.3608,-26.261)]
triangle[(-5.39502,-8.04759),(-3.71835,-4.9707),(-7.9792,-2.64885)]
triangle[(-18.3358,7.99795),(-19.444,15.1468),(-30.4669,13.4381)]
triangle[(0.670214,17.6219),(8.86135,-2.51742),(42.8977,11.3259)]
triangle[(-16.4346,13.749),(18.1556,-11.2794),(49.4775,32.0087)]
triangle[(0.169137,11.5941),(17.7999,-14.0182),(65.394,18.7442)]
triangle[(18.9751,12.096),(14.3532,18.3802),(2.34468,9.5483)]
triangle[(20.2182,-12.04),(-7.57848,2.3298),(-27.175,-35.5774)]
triangle[(20.4771,12.9769),(7.39221,-10.1354),(34.4564,-25.4576)]
triangle[(16.3287,-10.5137),(14.8005,8.56714),(-19.7651,5.79865)]
triangle[(-0.646536,4.93329),(-17.3697,-20.6259),(20.073,-45.1244)]
triangle[(8.86329,1.48989),(-1.98262,9.79558),(-17.9893,-11.1066)]
triangle[(-10.1114,3.07692),(7.53843,-2.06081),(15.3558,24.7946)]
triangle[(-16.862,14.8786),(-6.29688,3.50625),(13.6232,22.0124)]
triangle[(13.2966,-1.97042),(-17.508,-16.899),(9.17565,-71.9597)]
triangle[(-3.00516,-17.4949),(-0.599059,7.38563),(-37.9157,10.9944)]
triangle[(-11.6989,4.6178),(8.03909,15.9842),(-6.99678,42.0944)]
triangle[(-5.32328,0.540381),(15.2434,5.14371),(10.1154,28.0544)]
triangle[(-4.48074,-17.8906),(-20.8552,-11.6035),(-32.9799,-43.1816)]
triangle[(-6.60769,6.51023),(11.1414,9.74102),(5.5631,40.3865)]
triangle[(-7.06595,11.2542),(6.06565,10.6129),(6.93951,28.5071)]
triangle[(-18.2036,19.437),(-20.8291,3.24024),(-3.88563,0.493774)]
triangle[(4.05926,-11.0092),(1.66129,-0.604992),(-9.07259,-3.07895)]
triangle[(-10.0649,1.55552),(12.8899,-3.7956),(21.3939,32.6844)]
triangle[(-4.76673,-19.2151),(18.3564,-4.36924),(-5.23283,32.3722)]
triangle[(-12.83,16.4093),(5.80883,7.78794),(20.2399,38.9869)]
triangle[(1.14627,-5.20356),(-20.6455,2.93761),(-35.7306,-37.4413)]
triangle[(14.2697,18.6345),(13.36,-0.889326),(38.337,-2.05303)]
triangle[(2.17077,18.796),(-7.18032,-12.1362),(50.4324,-29.553)]
triangle[(7.7692,1.18701),(0.533423,3.62791),(-2.99827,-6.84141)]
triangle[(-11.9064,6.22395),(-3.90745,-15.1683),(26.7312,-3.71203)]
triangle[(-18.0596,-7.54648),(-15.9577,-6.40752),(-17.6624,-3.26178)]
triangle[(18.5054,-7.93556),(-1.96299,13.4275),(-41.084,-24.0551)]
triangle[(-8.53465,-1.71074),(-16.8671,5.44674),(-29.8773,-9.6991)]
triangle[(-6.87708,17.455),(5.18006,-16.807),(51.6704,-0.446525)]
triangle[(4.33756,-10.2502),(7.92667,-18.6299),(17.732,-14.4302)]
triangle[(-12.9901,1.33456),(-18.9929,11.6192),(-31.7078,4.19808)]
triangle[(-8.40065,-9.9525),(-6.60417,0.516672),(-23.3633,3.39248)]
triangle[(-0.157777,-12.061),(-0.25555,-4.42616),(-9.97785,-4.55067)]
triangle[(11.2507,0.534518),(-15.7894,-6.28039),(-6.9066,-41.5256)]
triangle[(17.8902,20.6986),(-11.6471,-18.6667),(64.109,-75.5093)]
triangle[(-7.2924,-0.703568),(-5.12149,11.5557),(-25.0918,15.0921)]
triangle[(17.8886,8.91509),(11.069,-9.47354),(38.1857,-19.53)]
triangle[(-5.47867,7.5558),(6.51458,8.57617),(4.60294,31.0452)]
triangle[(16.729,-3.14519),(-6.47248,14.3255),(-24.0901,-9.07115)]
triangle[(-11.083,2.70064),(-9.06104,-13.1695),(22.0024,-9.21177)]
triangle[(-0.626063,-16.3375),(-15.6562,-19.016),(-11.1219,-44.4596)]
triangle[(-5.66514,2.3067),(-1.30407,14.1209),(-17.5264,20.1092)]
triangle[(3.35169,15.7506),(10.1344,-2.45898),(38.9685,8.28114)]
triangle[(-20.5629,-11.0125),(-16.46,0.626923),(-36.6603,7.74739)]
triangle[(4.46979,-15.6411),(-1.4913,1.45075),(-26.1069,-7.1344)]
triangle[(-20.3674,10.0631),(-3.51319,-17.6304),(32.6347,4.36918)]
triangle[(14.2129,-13.981),(9.91828,7.83143),(-19.2172,2.095)]
triangle[(10.823,10.2955),(-15.3901,3.49173),(-2.27271,-47.0457)]
triangle[(19.8429,-8.4638),(5.70463,-20.3914),(26.6692,-45.2415)]
triangle[(19.2689,9.87648),(6.30967,1.55774),(17.7975,-16.3383)]
triangle[(3.55144,9.8056),(9.5861,15.3452),(-1.30839,27.2133)]
triangle[(-18.5542,-12.0467),(-11.8403,19.2969),(-71.5916,32.0956)]
triangle[(3.92807,2.5951),(16.7576,-11.9377),(33.9399,3.23078)]
triangle[(-20.4905,-9.85363),(6.75263,0.717306),(-12.7191,50.8992)]
triangle[(-8.58136,-17.1692),(8.23264,2.23964),(-18.9029,25.7473)]
triangle[(-10.5953,-5.80196),(-17.8465,-5.04662),(-19.1971,-18.0118)]
triangle[(9.79581,-11.1429),(-18.8035,3.58394),(-36.2595,-30.3155)]
triangle[(8.59928,16.2659),(18.3934,6.02765),(33.7081,20.6781)]
triangle[(-8.14449,15.124),(-11.4266,12.141),(-7.02904,7.30255)]
triangle[(-19.3408,-15.6885),(-11.008,8.66217),(-36.6378,17.4327)]
triangle[(12.2507,-14.1252),(-20.2322,10.9888),(-60.713,-41.3698)]
triangle[(-10.1583,2.59576),(1.35892,-7.88831),(16.2259,8.44369)]
triangle[(13.8913,-17.7632),(-9.69962,1.72264),(-38.6487,-33.3251)]
triangle[(13.6667,-11.2118),(-14.9134,-7.74414),(-19.2435,-43.4327)]
triangle[(13.7412,10.7161),(-14.9797,9.29795),(-13.2511,-25.7106)]
triangle[(18.199,-4.56425),(0.0686005,-3.91208),(-0.64465,-23.7405)]
triangle[(14.6201,-5.94366),(13.1906,-7.7401),(16.0632,-10.0258)]
triangle[(7.88716,1.62256),(12.4431,13.4777),(-0.919324,18.613)]
triangle[(8.94034,-20.3105),(10.946,-19.7429),(10.2123,-17.1504)]
triangle[(11.9256,-12.7613),(10.8649,-14.5154),(13.0572,-15.8411)]
triangle[(-5.19122,0.471685),(-4.95243,-19.5683),(34.5663,-19.0974)]
triangle[(-17.8367,-9.36424),(20.8555,7.79098),(-13.4448,85.1526)]
triangle[(-1.52849,-8.57969),(4.75038,1.8563),(-9.81123,10.6174)]
triangle[(20.0209,12.8087),(-19.7389,6.22816),(-8.92444,-59.1133)]
triangle[(-11.1436,16.0382),(-15.8028,-12.3158),(37.5663,-21.0855)]
triangle[(12.9162,-13.6278),(9.02898,-12.2208),(6.93208,-18.0136)]
triangle[(2.26128,-6.86594),(-15.1572,-12.4405),(-6.88894,-38.2757)]
triangle[(-17.0839,-3.53576),(5.9695,5.50234),(-8.75183,43.0519)]
triangle[(-12.5272,-3.35064),(10.7735,-2.52039),(9.59577,30.5323)]
triangle[(16.0756,-1.02283),(3.22194,8.01435),(-11.4459,-12.8478)]
triangle[(9.1845,-6.0283),(-18.4278,-3.41182),(-23.023,-51.9059)]
triangle[(-10.9439,1.23417),(-4.50585,12.9255),(-24.6569,24.0221)]
triangle[(20.542,11.3789),(6.03338,-0.0404938),(18.9023,-16.3908)]
triangle[(0.618707,-19.9044),(-9.55484,2.64638),(-36.2907,-9.4152)]
triangle[(-4.37279,13.2911),(4.9203,20.3859),(-5.6177,34.189)]
triangle[(-7.36387,19.1751),(11.3959,6.59164),(35.547,42.5969)]
triangle[(1.24498,2.57204),(-4.61471,13.8212),(-23.2042,4.1379)]
triangle[(-1.64005,-5.1149),(9.22869,7.80835),(-3.92953,18.8747)]
triangle[(18.7778,-3.33951),(-6.54195,9.46393),(-22.1726,-21.4467)]
triangle[(-18.1134,-5.95972),(-19.4752,-18.1494),(1.81318,-20.5277)]
triangle[(4.88694,8.05135),(-0.460654,-14.0041),(31.2411,-21.6905)]
triangle[(9.71893,-14.0407),(-3.94599,7.02936),(-37.08,-14.4596)]
triangle[(17.4105,-2.34003),(15.2274,15.6157),(-10.9207,12.4366)]
triangle[(-4.49309,-2.74384),(4.64257,5.11242),(-4.34764,15.5667)]
triangle[(-19.3151,-15.1881),(-6.75427,18.5236),(-50.2832,34.7423)]
triangle[(-12.9612,-18.7736),(-9.39735,-15.8791),(-14.9615,-9.0283)]
triangle[(-4.14011,14.7812),(19.8998,-6.28275),(57.785,36.955)]
triangle[(11.1187,12.6811),(-7.71376,-18.4897),(52.7939,-55.0466)]
triangle[(8.90586,-20.3066),(-19.4198,-2.24543),(-38.4495,-32.09)]
triangle[(11.3989,13.2878),(-5.93958,-14.9731),(33.7077,-39.2973)]
triangle[(-5.94167,3.68144),(-9.7262,-8.85414),(8.29773,-14.2956)]
triangle[(-9.44166,5.87803),(9.74053,-4.89844),(23.4727,19.545)]
triangle[(18.1668,-0.753794),(-3.2745,10.067),(-24.315,-31.6246)]
triangle[(-13.0044,-10.1788),(7.16925,17.2779),(-28.0972,43.1898)]
triangle[(-0.172839,9.49375),(-11.3287,-12.4775),(10.9556,-23.7923)]
triangle[(15.9151,-15.3502),(2.26876,-11.4796),(-4.69589,-36.0344)]
triangle[(3.4661,6.37974),(-10.0515,-10.6619),(20.8782,-35.1956)]
triangle[(1.23268,13.2518),(-14.7354,-20.2604),(20.613,-37.1034)]
triangle[(-3.99688,-19.5932),(5.37506,5.89347),(-32.2154,19.7162)]
triangle[(1.13693,-7.29834),(-11.593,7.49835),(-33.8923,-11.6863)]
triangle[(-9.23699,11.2133),(6.48246,20.9317),(-3.85414,37.651)]
triangle[(13.4216,-14.0409),(18.3663,2.56478),(-5.38084,9.63603)]
triangle[(15.5468,-16.6298),(20.8339,19.273),(-35.9222,27.631)]
triangle[(12.5014,17.0235),(6.93845,-18.6865),(68.5026,-28.2771)]
triangle[(-15.7652,10.7073),(1.88689,-6.15317),(24.2322,17.2411)]
triangle[(20.856,-6.453),(-19.6913,-0.224435),(-27.0233,-47.9547)]
triangle[(-6.09882,-15.6662),(-13.4635,-4.23601),(-25.4761,-11.976)]
triangle[(-3.36847,-10.0575),(-16.2016,-12.3153),(-12.5183,-33.2508)]
triangle[(6.22703,3.69268),(8.38149,0.280036),(12.6761,2.99132)]
triangle[(-4.26276,-19.3783),(9.1757,8.74407),(-28.7974,26.8897)]
triangle[(12.8554,-18.1609),(-16.8915,17.8279),(-86.9422,-40.0732)]
triangle[(17.4208,15.4779),(12.0941,10.0897),(19.4197,2.84774)]
triangle[(8.60312,7.72902),(-2.76802,-3.1287),(16.4626,-23.2687)]
triangle[(-9.91309,20.6836),(-11.6953,-10.8062),(22.2171,-12.7255)]
triangle[(-16.1259,-9.06887),(10.8095,16.3537),(-22.2531,51.3837)]
triangle[(5.82785,-16.6489),(2.78982,-13.0553),(-3.90214,-18.7126)]
triangle[(17.2588,-5.64833),(12.0194,-16.2002),(30.7615,-25.5063)]
triangle[(16.8833,14.5475),(5.88305,-0.0133294),(28.6665,-17.2256)]
triangle[(9.9,-16.651),(-11.0029,-10.9018),(-21.1462,-47.7812)]
triangle[(13.0293,19.0884),(16.6914,0.358982),(38.0907,4.54315)]
triangle[(-15.2261,11.6863),(8.61975,13.24),(6.36141,47.9006)]
triangle[(6.46754,2.77657),(-4.6859,-0.180586),(-1.33157,-12.832)]
triangle[(10.3998,-6.50791),(-3.55494,10.9881),(-27.8255,-8.37007)]
triangle[(7.53172,-16.8463),(3.30133,5.86379),(-35.9332,-1.44473)]
triangle[(-17.3518,15.3325),(-15.5545,10.0654),(-9.12448,12.2595)]
triangle[(6.09567,10.6502),(16.2519,-11.8139),(56.5824,6.41986)]
triangle[(-4.40311,-18.7812),(0.844588,9.02735),(-46.0139,17.8699)]
triangle[(9.41464,14.384),(-2.4123,20.6719),(-10.3757,5.69345)]
triangle[(20.2642,12.9931),(-15.6712,-16.5536),(43.3462,-88.3322)]
triangle[(0.159374,-3.04138),(-5.69299,18.0604),(-34.8185,9.98275)]
triangle[(4.41266,-7.17246),(12.1753,16.7208),(-12.9917,24.8973)]
triangle[(-20.7968,-14.9919),(9.48179,20.1175),(-45.1815,67.2596)]
triangle[(6.4978,-13.8792),(15.3471,-20.3558),(25.8424,-6.01547)]
triangle[(-0.934922,19.8365),(-14.5687,5.79895),(11.5414,-19.5601)]
triangle[(-9.44919,8.30284),(-6.68539,-9.25965),(18.3106,-5.32605)]
triangle[(4.38321,10.5691),(-4.24636,0.497763),(15.6285,-16.5318)]
triangle[(-1.74733,6.48434),(-14.6738,10.0622),(-18.6013,-4.12769)]
triangle[(8.01488,8.92105),(-6.37257,12.7976),(-11.5521,-6.42589)]
triangle[(-1.96344,6.64524),(20.3163,2.63136),(24.6967,26.9454)]
triangle[(3.79258,-3.68454),(-17.6731,-7.94527),(-11.7244,-37.9154)]
triangle[(18.0948,-4.13533),(-2.18045,-15.691),(19.7076,-54.0952)]
triangle[(-4.68721,14.926),(12.9709,11.7561),(16.2655,30.1087)]
triangle[(13.9469,16.7406),(12.054,4.73292),(35.2117,1.08226)]
triangle[(-2.9725,-15.8369),(20.4523,-0.58221),(-9.35821,45.1941)]
triangle[(10.6632,7.75482),(14.619,16.0645),(6.24741,20.0498)]
triangle[(-18.5738,19.7825),(-1.28124,-13.306),(50.571,13.7928)]
triangle[(-2.83787,-3.04537),(6.06391,16.6236),(-29.0673,32.5232)]
triangle[(-3.47758,13.253),(-9.95355,2.88733),(9.46451,-9.24411)]
triangle[(11.1305,18.0256),(-3.34339,-7.36079),(41.2683,-32.796)]
triangle[(0.25113,-6.14421),(-9.95287,18.0598),(-34.9527,7.52028)]
triangle[(6.2487,1.46392),(-9.91685,-17.9401),(17.4341,-40.7262)]
triangle[(-16.6871,-0.807628),(7.92409,18.6108),(-14.975,47.6334)]
triangle[(-17.7508,0.95957),(3.25549,-6.5171),(13.9335,23.4836)]
triangle[(13.8741,17.8346),(18.5028,-2.6021),(51.7476,4.92757)]
triangle[(-9.34504,15.1288),(-18.7619,5.75722),(-2.87217,-10.2094)]
triangle[(5.46794,4.10662),(0.953773,-4.9353),(10.6266,-9.76447)]
triangle[(-9.72435,-8.75025),(-14.8597,-5.47626),(-18.66,-11.4372)]
triangle[(16.8132,0.504483),(5.06021,2.56309),(2.03667,-14.6989)]
triangle[(-3.14711,-17.3037),(4.28448,9.96038),(-43.6522,23.0269)]
triangle[(-1.66107,18.1104),(13.173,-8.66405),(51.7297,12.6978)]
triangle[(14.5742,-18.7621),(15.21,-0.33018),(-9.6517,0.527377)]
triangle[(-11.1298,-3.83185),(5.86441,0.102508),(0.29221,24.1713)]
triangle[(3.64885,19.2448),(-0.669467,17.9987),(0.654413,13.4107)]
triangle[(-8.22347,12.7672),(-16.1695,-13.0738),(16.7907,-23.209)]
triangle[(12.2281,18.582),(18.4347,18.0569),(19.2945,28.2188)]
triangle[(18.6451,-8.02991),(10.4147,-5.36403),(7.58325,-14.1057)]
triangle[(15.1856,-17.9657),(12.6527,17.993),(-56.6408,13.1122)]
triangle[(-12.2543,4.36347),(17.2506,-13.0974),(37.5716,21.2405)]
triangle[(20.1806,6.78983),(5.77761,4.08544),(9.32168,-14.7895)]
triangle[(-16.4214,5.7448),(17.2222,10.8725),(10.2437,56.659)]
triangle[(-10.385,1.87228),(-3.11102,-3.03574),(4.52092,8.27522)]
triangle[(16.7173,-3.45502),(-3.50848,13.5172),(-30.4657,-18.6078)]
triangle[(3.37546,6.25932),(5.12837,-17.8121),(44.1591,-14.9698)]
triangle[(11.6243,-2.91295),(-16.815,-8.4478),(-9.39579,-46.569)]
triangle[(-8.89606,9.42786),(20.1512,3.24245),(27.2373,36.5194)]
triangle[(12.1679,18.1222),(15.5179,-1.4786),(47.5751,4.00033)]
triangle[(-2.90188,12.5336),(-14.8618,-4.58449),(17.6139,-27.2744)]
triangle[(12.8308,-18.7315),(7.50546,-15.2097),(0.751668,-25.4219)]
triangle[(17.9069,-4.85154),(16.5873,6.83678),(-2.69279,4.66011)]
triangle[(5.14534,10.465),(-12.9694,-13.8518),(34.0943,-48.912)]
triangle[(-19.1672,20.0312),(19.1768,-15.0998),(84.6895,56.4046)]
triangle[(-6.0858,-7.86794),(-20.0407,-5.38238),(-23.4958,-24.7808)]
triangle[(7.07844,8.83964),(-5.25095,20.6746),(-18.4235,6.95176)]
triangle[(-16.8676,-19.0682),(-15.7077,12.3067),(-50.2294,13.583)]
triangle[(3.84278,-5.42907),(-2.48724,-19.8245),(23.5792,-31.2866)]
triangle[(11.1867,0.64199),(2.25374,3.26569),(-1.5969,-9.84468)]
triangle[(17.1085,-5.11011),(-4.78473,4.55386),(-15.5614,-19.8601)]
triangle[(18.0453,15.5183),(16.5433,6.06217),(30.7742,3.80174)]
triangle[(0.776468,-0.242352),(18.3602,-5.25712),(24.2364,15.3473)]
triangle[(-15.5015,-1.78027),(-18.8015,9.82348),(-40.8906,3.5416)]
triangle[(1.85313,10.9348),(12.571,-15.0947),(44.3061,-2.02757)]
triangle[(-8.19199,19.4299),(9.2216,1.8356),(35.685,28.0272)]
triangle[(-6.11804,1.27788),(5.30754,17.2853),(-11.6428,29.3839)]
triangle[(13.3263,4.10628),(5.61361,-3.71502),(20.951,-18.8393)]
triangle[(-6.57175,8.4243),(11.8401,11.7733),(5.65207,45.793)]
triangle[(18.6554,-4.61007),(-17.2824,-19.5056),(3.28933,-69.1383)]
triangle[(3.41065,7.15986),(3.94476,12.9003),(-2.68233,13.5169)]
triangle[(-14.2134,7.26563),(-1.84333,-14.7492),(34.1071,5.45128)]
triangle[(-18.5531,-18.5466),(14.7714,14.2048),(-49.3247,79.4223)]
triangle[(-16.0456,1.21388),(-2.65703,-20.5703),(34.9859,2.56508)]
triangle[(10.2385,6.32318),(-19.8852,3.83182),(-16.7943,-33.5414)]
triangle[(12.2977,-1.06418),(5.54868,-5.12306),(12.0043,-15.8573)]
triangle[(16.6724,16.6883),(5.57504,-1.9222),(37.4389,-20.9225)]
triangle[(13.3264,-19.8615),(0.749279,-8.73983),(-18.1215,-30.08)]
triangle[(8.1136,-20.1729),(10.9552,-12.3694),(-1.4972,-7.835)]
triangle[(-15.9969,-19.3575),(12.6995,-18.0145),(10.5601,27.7008)]
triangle[(-8.71177,-14.4401),(-14.0966,-0.34412),(-35.2673,-8.43151)]
triangle[(16.2634,11.5387),(-3.70894,-2.06656),(22.1806,-40.072)]
triangle[(-3.80589,-1.98684),(5.98099,-2.86971),(6.99147,8.33172)]
triangle[(-19.8803,-18.3639),(2.84603,-9.5597),(-12.9303,31.1636)]
triangle[(-1.89849,6.67379),(-6.00521,10.0233),(-11.4603,3.33515)]
triangle[(5.22475,-11.2299),(12.7391,-15.1845),(20.2627,-0.888717)]
triangle[(14.3475,-13.0269),(5.07059,0.150972),(-13.0127,-12.5793)]
triangle[(11.4064,8.02508),(-10.7416,10.6378),(-14.1089,-17.9061)]
triangle[(-19.905,-18.8387),(-20.7944,-4.96831),(-46.1369,-6.59339)]
triangle[(-5.33989,8.36986),(13.3462,3.76418),(18.1273,23.1617)]
triangle[(7.55549,1.28536),(10.6119,-5.50787),(18.4916,-1.96265)]
triangle[(1.12088,6.50942),(-8.64923,-13.7723),(29.1604,-31.9859)]
triangle[(6.76669,11.9414),(-18.7139,16.6328),(-27.0192,-28.4764)]
triangle[(7.38226,-18.6605),(-12.1567,10.1083),(-63.863,-25.0092)]
triangle[(-14.979,-4.76588),(5.01232,-18.48),(22.1747,6.53777)]
triangle[(-12.0816,0.289765),(-19.0453,-0.288437),(-18.1922,-10.563)]
triangle[(10.9419,-19.4793),(-11.8134,-18.9763),(-12.6815,-58.2468)]
triangle[(5.77645,-9.91413),(16.7979,14.8449),(-29.2098,35.3251)]
triangle[(-7.77251,-20.4395),(-4.35192,-4.12334),(-22.0086,-0.42173)]
triangle[(-4.43368,12.6271),(-11.0658,6.6211),(-3.18706,-2.07887)]
triangle[(5.44831,-1.6563),(0.87157,-9.54121),(16.2944,-18.4933)]
triangle[(14.8545,-11.7702),(-10.0909,11.1581),(-50.1079,-32.3792)]
triangle[(2.19708,-4.02718),(-11.9647,1.49572),(-20.7217,-20.9591)]
triangle[(2.718,-18.1394),(-19.4909,15.7968),(-70.9053,-17.8503)]
triangle[(-17.1016,5.58965),(-3.24194,15.6085),(-14.1669,30.7216)]
triangle[(-15.9294,-2.27233),(18.4151,8.8124),(3.37665,55.407)]
triangle[(13.3589,-3.00021),(12.7633,-17.9001),(30.0611,-18.5916)]
triangle[(-17.9122,20.1915),(-3.32741,-3.47021),(37.2181,21.5216)]
triangle[(-10.5743,-11.1253),(-12.9673,-13.3062),(-8.97789,-17.6834)]
triangle[(-18.3954,-14.4717),(-13.5111,-17.7954),(-9.89719,-12.4845)]
triangle[(-16.1134,-8.2632),(-16.8161,13.2687),(-47.6537,12.2623)]
triangle[(20.393,2.37852),(-10.4,7.12265),(-17.7125,-40.3411)]
triangle[(-2.77069,7.84748),(4.4564,-19.8883),(56.5025,-6.32675)]
triangle[(17.9438,-1.20382),(-8.24651,9.39148),(-22.2976,-25.3412)]
triangle[(-17.8029,-16.0533),(-12.7355,-7.53648),(-21.831,-2.12487)]
triangle[(9.11048,10.1342),(6.97147,-19.5941),(52.7307,-22.8866)]
triangle[(11.0374,16.2176),(4.42351,-8.90367),(38.3087,-17.8249)]
triangle[(12.8981,15.9953),(7.42027,-10.5292),(49.83,-19.2876)]
triangle[(-2.57756,7.52848),(0.383172,-0.0458821),(12.0897,4.53005)]
triangle[(-12.9009,-11.0234),(-8.77995,-15.6523),(-2.58117,-10.1336)]
triangle[(1.5721,8.62217),(8.94438,-0.796012),(25.8561,12.442)]
triangle[(2.4073,-4.62744),(0.830996,10.0733),(-14.2219,8.45922)]
triangle[(9.4023,9.84062),(-20.7323,-1.34734),(-7.63322,-36.6297)]
triangle[(6.50674,17.1638),(8.94005,-8.87139),(49.8883,-5.04429)]
triangle[(-13.094,0.891361),(10.6554,13.824),(-10.4461,52.5746)]
triangle[(-10.0712,-7.41081),(-0.477304,7.61913),(-28.9689,25.8059)]
triangle[(0.603434,4.86377),(-20.9609,-3.25468),(-9.60452,-33.4196)]
triangle[(-0.977023,1.98513),(-7.45113,12.7049),(-26.3592,1.28563)]
triangle[(-3.50066,4.30935),(12.2142,10.3929),(0.376781,40.9709)]
triangle[(15.2164,1.37346),(-18.0671,15.1018),(-35.6527,-27.5332)]
triangle[(5.41118,-7.10412),(12.9185,-7.66922),(13.6726,2.34849)]
triangle[(-0.113021,12.0304),(-13.8532,10.787),(-12.3736,-5.56279)]
triangle[(10.5047,12.9141),(4.14382,-6.83766),(43.2331,-19.4259)]
triangle[(19.8365,9.09177),(11.5717,16.0368),(1.13876,3.62131)]
triangle[(-12.3766,19.2791),(-17.9317,-11.9842),(36.9934,-21.7438)]
triangle[(16.0206,-1.86094),(2.94362,-19.7395),(22.2009,-33.8249)]
triangle[(0.926696,-15.6307),(8.05095,18.701),(-46.0247,29.9224)]
triangle[(-1.83995,-12.458),(-4.61687,-1.15267),(-25.9723,-6.39822)]
triangle[(-20.1152,10.6905),(-0.796982,14.1426),(-4.58494,35.34)]
triangle[(-12.4415,4.976),(-7.59652,-14.0252),(16.9702,-7.76105)]
triangle[(16.8719,-10.3606),(10.9772,-16.2953),(18.7466,-24.0124)]
triangle[(0.444467,15.6037),(-10.6177,-13.7755),(31.1891,-29.517)]
triangle[(-4.79014,-5.97654),(7.74735,19.4442),(-26.427,36.299)]
triangle[(13.8859,15.2094),(-19.3283,-13.548),(34.8552,-76.1288)]
triangle[(0.996888,-11.5214),(-19.4248,-16.4437),(-11.3858,-49.7961)]
triangle[(-10.7748,15.8901),(3.60607,-14.5016),(40.371,2.895)]
triangle[(9.83406,-15.7054),(-8.233,-17.7731),(-5.41285,-42.415)]
triangle[(-1.06646,16.3307),(2.66666,11.8171),(8.92227,16.991)]
triangle[(-16.5779,-8.6111),(16.7334,-7.89262),(15.8522,32.9627)]
triangle[(-3.17652,-19.5518),(-15.6354,-5.99071),(-30.2597,-19.4264)]
triangle[(-18.3501,-10.4563),(-2.13014,-14.5831),(2.69571,4.38396)]
triangle[(11.0401,4.14575),(-16.9591,17.3033),(-33.361,-17.6)]
triangle[(6.7015,17.2796),(-16.0562,-19.6077),(22.5086,-43.4004)]
triangle[(9.04491,-10.7306),(3.92742,-5.49849),(-4.24793,-13.4948)]
triangle[(7.15566,-20.2169),(2.32665,-7.4769),(-13.8798,-13.6199)]
triangle[(-11.9882,2.81786),(-18.9369,3.62276),(-20.2206,-7.45951)]
triangle[(3.86801,-3.88711),(-14.7626,1.33902),(-22.4464,-26.0528)]
triangle[(-2.05354,16.0793),(-15.6743,18.5243),(-18.1872,4.52526)]
triangle[(1.04136,-10.5323),(-5.5187,16.0204),(-34.0776,8.96465)]
triangle[(7.60223,-2.85165),(-0.0196647,1.21801),(-4.89706,-7.91668)]
triangle[(6.48147,3.79227),(-13.8327,-11.8055),(15.2798,-49.721)]
triangle[(-13.824,-11.5939),(-8.29299,15.0291),(-57.3787,25.2267)]
triangle[(10.0515,9.90254),(-14.8688,5.98637),(-9.09614,-30.7478)]
triangle[(6.43602,-6.7319),(-6.71613,5.04403),(-20.7529,-10.6332)]
triangle[(-12.3066,-11.1216),(-20.3705,9.93595),(-43.6717,1.01285)]
triangle[(-3.29842,11.6634),(-19.4464,5.30581),(-8.34454,-22.8922)]
triangle[(20.8947,-20.0333),(-12.5278,-18.6991),(-14.8776,-77.5612)]
triangle[(13.335,-13.3515),(-18.0831,-18.7542),(-8.29641,-75.6668)]
triangle[(0.74626,14.8802),(19.8992,-19.5002),(85.2608,16.912)]
triangle[(-11.9967,12.3181),(-8.84742,6.99239),(-3.39271,10.218)]
triangle[(-2.48195,2.47888),(17.2812,1.50799),(18.996,36.4146)]
triangle[(5.33696,-19.2557),(3.70786,-1.32258),(-22.8851,-3.73836)]
triangle[(-7.72624,7.693),(1.08418,-9.46697),(24.4217,2.51516)]
triangle[(6.53595,19.9833),(17.6056,-5.27198),(48.8153,8.40758)]
triangle[(-0.110243,-17.9947),(-15.6177,13.2071),(-63.3137,-10.498)]
triangle[(-12.4944,-8.14597),(-4.4477,4.24876),(-22.6418,16.0604)]
triangle[(3.27287,-6.45129),(5.35126,-0.838287),(-2.62605,2.11555)]
triangle[(13.5789,-5.05787),(-13.864,-10.6969),(-7.74949,-40.4541)]
triangle[(-3.65711,13.0661),(20.986,8.24269),(27.2622,40.3081)]
triangle[(3.36756,1.52882),(14.0204,-1.6571),(17.7235,10.7249)]
triangle[(-7.72388,-14.3654),(-3.18352,-4.5875),(-13.3822,0.148247)]
triangle[(8.75512,-11.5101),(7.54196,-19.1548),(17.3023,-20.7037)]
triangle[(17.1619,-14.9834),(19.0003,6.75618),(-12.3095,9.4039)]
triangle[(-15.0443,9.98831),(9.42467,2.63434),(21.8376,43.9363)]
triangle[(-10.9724,-12.8467),(12.8479,15.9439),(-31.5917,52.7117)]
triangle[(20.7673,3.6666),(-0.41995,-0.851931),(6.96007,-35.4565)]
triangle[(-5.41675,9.89435),(-7.29174,0.0628849),(2.68151,-1.83915)]
triangle[(-3.05745,16.8726),(15.1384,2.26779),(43.744,37.9069)]
triangle[(-19.4038,17.8537),(11.5292,-3.37178),(37.9083,35.0718)]
triangle[(11.8987,16.1839),(13.2451,4.79454),(32.6255,7.08553)]
triangle[(20.0889,6.06033),(-10.1941,20.728),(-36.0597,-32.6747)]
triangle[(-20.1422,-11.8502),(-4.54722,16.566),(-56.7392,45.2092)]
triangle[(1.99672,-20.495),(13.3527,-7.8082),(-10.595,13.6274)]
triangle[(16.7364,10.6398),(19.7452,10.1165),(20.55,14.7441)]
triangle[(16.9334,1.76945),(19.3647,13.9463),(5.74213,16.6663)]
triangle[(-6.91104,7.93676),(-15.6675,-2.15917),(3.28174,-18.5943)]
triangle[(8.22597,-17.6185),(-18.598,-8.39361),(-29.9424,-41.3805)]
triangle[(18.1468,9.32368),(0.378968,-7.63374),(28.6934,-37.3014)]
triangle[(-20.2766,-4.84507),(5.73755,12.4554),(-17.5,47.3969)]
triangle[(-17.6492,-9.87015),(-2.21888,-16.9211),(11.1586,12.3541)]
triangle[(8.94345,8.56289),(1.91359,-1.15344),(14.3789,-10.1722)]
triangle[(17.7082,-8.9236),(20.0185,5.80689),(2.22027,8.59833)]
triangle[(0.577928,14.5127),(-11.4057,0.922484),(9.23818,-17.281)]
triangle[(5.30357,0.659856),(8.07969,-8.38891),(19.8898,-4.76562)]
triangle[(-10.5458,6.08642),(14.8526,1.6779),(22.1168,43.5281)]
triangle[(-18.1108,17.4977),(-19.6907,11.4887),(-11.2499,9.26956)]
triangle[(-3.68894,-17.7054),(4.30244,-10.1299),(-7.61136,2.43795)]
triangle[(20.2282,-19.885),(-17.3126,-11.6746),(-25.5556,-49.3644)]
triangle[(13.1012,14.7498),(-12.0958,-19.2746),(29.2994,-49.93)]
triangle[(-5.47708,-9.88912),(-8.67498,10.7015),(-35.9841,6.46016)]
triangle[(-19.3558,14.0973),(12.4213,15.4751),(11.0006,48.24)]
triangle[(1.45882,-19.0202),(-4.32768,2.52336),(-31.9541,-4.89697)]
triangle[(8.22654,6.14489),(6.22347,-19.2426),(33.7241,-21.4124)]
triangle[(-17.5097,-18.3258),(-10.6558,13.7159),(-62.4887,24.8032)]
triangle[(1.03974,-8.8361),(19.5164,7.62828),(-5.17534,35.3379)]
triangle[(-3.55473,-5.5369),(-11.0318,10.8775),(-37.8644,-1.34527)]
triangle[(11.7688,-17.8813),(-3.3534,20.0574),(-52.5979,0.428828)]
triangle[(2.76469,20.257),(-8.75605,-0.0324836),(30.3476,-22.2363)]
triangle[(-4.59426,17.685),(-11.9395,12.5037),(-6.60444,4.9405)]
triangle[(-18.4539,3.98744),(2.33429,-0.262181),(7.85172,26.7278)]
triangle[(-9.68609,6.26037),(8.68566,3.67583),(12.8421,33.2212)]
triangle[(0.968401,-15.75),(7.41076,-11.6295),(0.0322844,-0.0931956)]
triangle[(6.59105,-9.97038),(-6.98569,-9.7056),(-7.28738,-25.1755)]
triangle[(-9.79582,4.5383),(1.3384,20.8488),(-17.5539,33.7455)]
triangle[(-18.0008,16.5897),(-3.4722,-4.07997),(26.7439,17.1588)]
triangle[(17.3145,-8.24131),(-6.88139,-17.9516),(4.85732,-47.2018)]
triangle[(7.58759,5.62048),(7.25925,-8.38573),(28.249,-8.87778)]
triangle[(17.2825,-9.83314),(1.41316,5.42261),(-27.6482,-24.8077)]
triangle[(16.4805,1.00338),(-4.04609,5.27523),(-10.954,-27.9179)]
triangle[(-0.0159308,-1.66165),(11.1034,16.9788),(-9.10852,29.0355)]
triangle[(15.4962,-14.5387),(-8.20445,-1.1605),(-34.2421,-47.2884)]
triangle[(7.93172,-15.5176),(17.5744,17.9626),(-37.2066,33.7401)]
triangle[(-18.8206,19.6507),(-8.22815,-1.04064),(27.2962,17.1453)]
triangle[(-18.1259,-14.4631),(-4.98575,-10.4837),(-11.9528,12.5218)]
triangle[(12.9248,-7.15338),(11.3687,6.01252),(-8.65154,3.64639)]
triangle[(15.0057,-15.6094),(15.8463,-19.3941),(21.7726,-18.0778)]
triangle[(-11.4383,8.6268),(19.3008,16.1914),(10.8579,50.4995)]
triangle[(11.4048,8.2315),(3.30296,-11.6034),(23.5221,-19.8623)]
triangle[(18.8015,-12.3631),(-14.176,-14.9855),(-10.4276,-62.1232)]
triangle[(0.990376,5.94079),(-10.1671,15.1057),(-24.6559,-2.53307)]
triangle[(-9.73252,-16.9954),(9.65678,-18.7048),(12.8363,17.3585)]
triangle[(1.64023,15.1841),(5.44006,12.8327),(9.61127,19.5733)]
triangle[(-7.17026,-3.21828),(11.8546,-20.1386),(29.8904,0.140394)]
triangle[(-9.6864,9.16104),(9.20323,-8.64821),(37.0229,20.8591)]
triangle[(9.16035,-2.78716),(-5.32819,5.17703),(-17.9949,-17.8664)]
triangle[(-8.70482,8.94712),(1.74305,-8.30593),(33.4766,10.9108)]
triangle[(9.32598,2.60895),(-10.4764,-9.37672),(4.28517,-33.7653)]
triangle[(-13.4662,5.17807),(3.48863,-19.4747),(43.7422,8.20947)]
triangle[(-18.8546,16.5845),(-12.4797,3.49509),(7.26325,13.1104)]
triangle[(-14.4529,-3.13463),(13.365,-15.4807),(38.056,40.1524)]
triangle[(12.854,-7.06023),(-4.54271,-4.45025),(-8.15156,-28.5049)]
triangle[(12.2644,11.3995),(-5.7371,-17.0508),(43.4982,-48.2037)]
triangle[(13.3849,9.64018),(11.8943,11.3641),(9.58292,9.36551)]
triangle[(16.6375,-9.9628),(8.95798,-6.76086),(4.00151,-18.6484)]
triangle[(4.94996,-20.5364),(-14.8037,14.9529),(-53.0034,-6.30929)]
triangle[(4.41334,14.7871),(7.18008,-17.8268),(58.0957,-13.5074)]
triangle[(9.49059,-14.9651),(-9.8069,16.9125),(-73.2807,-21.512)]
triangle[(-18.2889,-5.32906),(-9.55543,-20.1461),(16.4602,-4.812)]
triangle[(7.73697,6.15096),(16.7977,13.6347),(7.61563,24.7517)]
triangle[(6.14935,11.0499),(20.4235,18.3935),(12.0739,34.6229)]
triangle[(12.7307,-18.9826),(17.8348,-7.30557),(-3.85501,2.17526)]
triangle[(3.77048,-12.9454),(15.9901,-9.54899),(11.36,7.10916)]
triangle[(-14.8544,15.6303),(2.93745,-9.46234),(46.669,21.5454)]
triangle[(-11.2302,2.26252),(-3.2888,-18.4655),(29.888,-5.75473)]
triangle[(-17.8662,-12.1444),(-0.75408,9.77014),(-24.409,28.2412)]
triangle[(10.0159,-20.0901),(-5.46346,-16.8249),(-11.6171,-45.9969)]
triangle[(11.9834,-9.91082),(-11.2114,11.3776),(-40.3609,-20.3822)]
triangle[(17.6233,-4.43603),(-0.972622,-1.3105),(-4.85306,-24.3979)]
triangle[(-1.15139,15.7102),(-5.06444,6.72234),(4.56535,2.52979)]
triangle[(-15.6467,-4.86687),(-5.30725,-8.4943),(-1.13285,3.40422)]
triangle[(1.94539,-1.09895),(-18.2211,-13.0748),(-0.747482,-42.4992)]
triangle[(12.1304,9.7522),(-15.1846,13.2552),(-19.1571,-17.7213)]
triangle[(-6.24284,-16.5617),(19.1056,19.0064),(-16.7662,44.5713)]
triangle[(18.9049,-19.4024),(7.19839,-18.0046),(5.04053,-36.0767)]
triangle[(15.3258,-0.564969),(-18.2301,-11.3934),(-6.10998,-48.952)]
triangle[(-3.13582,17.0927),(2.67401,-8.12097),(52.9334,3.46002)]
triangle[(5.3966,-3.34723),(-10.2528,-7.37858),(-4.72174,-28.8497)]
triangle[(15.3492,-6.84818),(18.3731,7.03818),(2.42866,10.5102)]
triangle[(1.23732,-1.21234),(-0.862814,-9.48533),(11.5261,-12.6303)]
triangle[(5.93574,11.0012),(-12.3093,-8.05596),(24.7867,-43.5712)]
triangle[(0.686422,-20.1615),(3.64199,12.6127),(-39.6212,16.5142)]
triangle[(10.9414,15.7029),(-17.4356,14.7364),(-16.4541,-14.0805)]
triangle[(-17.9517,-19.0428),(-15.0065,-20.4265),(-13.5627,-17.3536)]
triangle[(14.2912,10.1899),(-4.49506,-1.79545),(13.6193,-30.1884)]
triangle[(-8.81969,-20.6922),(-3.3255,19.4612),(-43.9062,25.0139)]
triangle[(13.8694,-7.51899),(15.5908,11.3368),(-8.00298,13.4908)]
triangle[(9.54803,1.48562),(18.3086,19.5714),(-7.51609,32.0806)]
triangle[(20.9245,-19.125),(-0.0825914,20.332),(-73.6805,-18.8519)]
triangle[(18.7442,-6.91378),(-14.8981,-19.8577),(10.5384,-85.9694)]
triangle[(-19.2651,0.0955933),(-17.8757,13.6556),(-40.6953,15.9937)]
triangle[(2.96765,13.5472),(18.401,0.201413),(39.5918,24.7069)]
triangle[(-11.0661,0.480064),(-8.37903,5.79429),(-17.0243,10.1657)]
triangle[(-12.7787,-13.9992),(-11.4412,9.49039),(-40.1112,11.1229)]
triangle[(7.006,-16.0809),(13.743,13.6736),(-22.97,21.9862)]
triangle[(-5.75498,-12.5134),(-4.37011,-8.52272),(-12.2996,-5.77096)]
triangle[(20.4484,-11.9024),(-6.33164,14.4895),(-54.939,-34.8327)]
triangle[(5.65499,-20.1271),(7.08412,0.654979),(-23.1841,2.73645)]
triangle[(-3.20815,-5.96084),(-5.87411,4.36756),(-20.291,0.646275)]
triangle[(-15.9647,6.80541),(-6.98866,-15.3875),(17.1135,-5.6392)]
triangle[(-13.7479,1.71268),(-5.42032,7.30604),(-13.6218,19.5167)]
triangle[(12.4197,-14.1736),(-16.0991,8.21247),(-52.1445,-37.7076)]
triangle[(-16.3513,19.4003),(19.8133,10.7899),(35.7692,77.8067)]
triangle[(-14.7932,-0.69183),(-7.00837,-19.5148),(28.6908,-4.75027)]
triangle[(17.434,16.3998),(0.98644,6.72082),(14.0296,-15.4436)]
triangle[(6.04217,14.8465),(14.3344,-8.89178),(47.7204,2.77058)]
triangle[(-20.1875,16.4857),(-17.6922,18.9221),(-21.6917,23.0183)]
triangle[(-3.68151,-2.86939),(-5.56962,-19.6806),(17.168,-22.2344)]
triangle[(-6.07317,-12.6327),(10.2798,13.0171),(-27.8064,37.2989)]
triangle[(-20.0672,15.5961),(0.266683,-18.071),(61.473,18.8957)]
triangle[(-5.18899,-5.30345),(-20.0228,6.39783),(-35.0629,-12.6687)]
triangle[(-9.84895,-8.73367),(0.971274,2.19367),(-12.3101,15.3449)]
triangle[(-12.4566,9.78885),(11.8488,4.42395),(17.8307,31.5245)]
triangle[(-6.46313,-19.5808),(6.67072,-9.80316),(-6.77053,8.25178)]
triangle[(18.5448,-1.27987),(11.5288,14.1043),(-6.0745,6.07614)]
triangle[(-7.40824,-13.109),(5.22207,15.583),(-32.7013,32.277)]
triangle[(17.6202,-11.554),(-10.0047,-6.67686),(-17.7463,-50.5261)]
triangle[(15.7126,12.5044),(-18.7546,8.2827),(-11.3715,-51.9947)]
triangle[(11.7617,18.0658),(17.9146,1.76413),(47.9286,13.0926)]
triangle[(3.15291,-14.5059),(5.391,-15.3059),(6.67259,-11.7206)]
triangle[(-6.27824,-20.6419),(7.62016,-18.6431),(5.09255,-1.06708)]
triangle[(1.99396,-11.5395),(13.4172,-18.3273),(26.799,4.19306)]
triangle[(-8.14747,-5.67201),(11.5625,-14.6386),(22.3498,9.07362)]
triangle[(-1.5767,11.1472),(-6.09385,-10.3782),(30.905,-18.1425)]
triangle[(3.69002,4.52078),(5.70397,-5.92684),(18.8144,-3.39959)]
triangle[(-19.0646,8.77524),(-8.23384,0.276713),(8.20554,21.2276)]
triangle[(0.0250306,-2.45152),(19.6986,-3.10974),(20.4168,18.3572)]
triangle[(-19.25,16.6217),(-3.90893,-2.78939),(32.3085,25.8342)]
triangle[(7.03173,-0.962893),(3.10083,-0.253944),(1.83992,-7.24529)]
triangle[(17.1315,1.51333),(20.3635,-6.48854),(35.9994,-0.173027)]
triangle[(8.74799,14.3443),(-20.0924,-19.4363),(40.1049,-70.8302)]
triangle[(8.02573,8.64948),(16.1268,13.7363),(5.9716,29.9092)]
triangle[(0.547809,-9.06701),(11.322,-2.78236),(1.04352,14.8387)]
triangle[(10.1663,19.0357),(-20.1657,-1.34718),(19.7813,-60.7929)]
triangle[(20.9988,-8.14922),(16.9637,9.98547),(-13.4168,3.22562)]
triangle[(18.1404,-11.9309),(13.6796,-14.4024),(17.7352,-21.7224)]
triangle[(-9.10751,18.9743),(-18.6413,8.01046),(-0.332455,-7.91044)]
triangle[(2.58363,0.389261),(4.42705,-15.2769),(22.676,-13.1296)]
triangle[(6.60879,0.498487),(10.081,-18.7056),(47.0551,-12.0205)]
triangle[(-1.41612,-2.43463),(20.3316,13.6226),(2.8315,37.3246)]
triangle[(-13.7145,16.8273),(-10.932,7.27104),(3.36478,11.4338)]
triangle[(-7.0809,17.3651),(6.57639,9.65338),(20.0751,33.5592)]
triangle[(0.452795,-0.995187),(11.5174,-6.57858),(21.0456,12.3035)]
triangle[(9.53966,17.3041),(-0.347987,6.99653),(14.6525,-7.39284)]
triangle[(-12.8614,4.17738),(16.0404,9.73809),(7.46606,54.3033)]
triangle[(13.1618,-10.3017),(12.7643,10.952),(-11.7626,10.4932)]
triangle[(-19.1405,-9.06514),(-6.396,17.2861),(-37.0045,32.0896)]
triangle[(-5.60274,-14.0355),(4.57278,7.20199),(-26.0677,21.8828)]
triangle[(0.909026,-5.51994),(-19.2447,-5.07572),(-19.7261,-26.919)]
triangle[(4.20995,-14.2076),(15.3684,13.1575),(-24.0146,29.2165)]
triangle[(14.965,-10.6257),(-5.87241,-12.5386),(-2.91825,-44.7177)]
triangle[(15.971,19.7423),(-9.38136,5.65078),(16.0322,-40.0711)]
triangle[(14.1379,-4.8796),(-12.4299,-16.4461),(4.84752,-56.1319)]
triangle[(18.9072,5.1519),(19.6837,17.6109),(-2.87065,19.0167)]
triangle[(-3.11422,14.3173),(7.54017,-15.2673),(53.1192,1.14728)]
triangle[(-12.0255,0.706999),(1.35478,-20.3885),(24.6307,-5.62521)]
triangle[(14.7866,-6.20549),(-9.21135,-8.45728),(-5.07893,-52.4976)]
triangle[(-10.3269,3.78612),(2.39218,3.67483),(2.5257,18.9348)]
triangle[(-11.6815,-5.83342),(-20.4298,6.94902),(-42.1838,-7.9394)]
triangle[(9.00524,-20.6026),(-11.9362,14.0591),(-66.104,-18.6673)]
triangle[(9.51272,19.3568),(-0.934813,1.39328),(25.9378,-14.2358)]
triangle[(9.97043,-9.46454),(2.49326,1.52112),(-12.3849,-8.6054)]
triangle[(-11.155,-13.4826),(14.5383,-17.3338),(18.5558,9.46907)]
triangle[(-17.8801,14.2513),(15.5803,16.8967),(10.9018,76.0725)]
triangle[(10.6036,-12.5338),(11.8359,12.4612),(-25.3212,14.2931)]
triangle[(0.0881387,20.9799),(-9.14766,20.1786),(-7.69226,3.4035)]
triangle[(-6.56701,7.32168),(19.5121,1.36207),(31.3608,53.2118)]
triangle[(15.0081,-7.27931),(1.39407,17.9353),(-43.744,-6.43596)]
triangle[(6.65771,-18.4554),(-16.613,-15.3436),(-21.2482,-50.007)]
triangle[(-9.90993,20.058),(19.41,-12.1785),(68.0595,32.0695)]
triangle[(-12.8405,7.50409),(1.29869,18.3118),(-14.0377,38.3757)]
triangle[(-1.8078,1.45884),(-7.87643,8.48492),(-14.9309,2.39175)]
triangle[(2.96084,5.43314),(-2.06728,-19.5894),(34.3225,-26.9017)]
triangle[(0.890816,-19.6692),(-19.0253,19.3802),(-90.9249,-17.2903)]
triangle[(-7.46249,-13.2542),(10.2654,-14.4409),(11.5669,5.00282)]
triangle[(15.0764,-7.5359),(19.9424,14.7668),(-21.8056,23.8754)]
triangle[(-9.00321,13.4649),(11.4827,-1.85037),(28.5652,20.9994)]
triangle[(13.6335,13.343),(1.14987,-3.11185),(19.4912,-17.0267)]
triangle[(-14.0356,12.8931),(15.9324,2.34825),(28.6737,38.5582)]
triangle[(-2.82916,-7.08133),(-8.69864,4.27466),(-23.6203,-3.43778)]
triangle[(6.44473,6.67434),(-12.6159,20.1751),(-36.3896,-13.389)]
triangle[(-8.39004,12.4679),(12.2512,-8.13911),(34.34,13.9863)]
triangle[(-7.78664,12.3293),(7.1148,-5.13129),(35.2173,18.8523)]
triangle[(19.8576,-13.8353),(-10.3688,-1.87289),(-25.145,-39.2092)]
triangle[(-8.86468,-5.25503),(-7.60441,10.407),(-35.0776,12.6177)]
triangle[(-6.83276,3.69639),(5.66998,19.7388),(-13.9106,34.999)]
triangle[(11.5362,4.17876),(18.3315,3.15696),(20.1547,15.282)]
triangle[(18.299,-0.882792),(-5.40673,9.17939),(-16.2821,-16.4423)]
triangle[(-20.0452,18.3193),(-7.19069,-10.1183),(36.3544,9.56519)]
triangle[(-10.0311,8.66674),(20.1787,20.8816),(-1.79316,75.2222)]
triangle[(-3.25338,-9.1091),(-1.85879,5.67143),(-19.3695,7.32362)]
triangle[(7.72451,11.2496),(-19.4929,-19.6934),(30.924,-64.04)]
triangle[(-7.00897,6.33405),(5.77268,19.9394),(-19.4343,43.6203)]
triangle[(18.0333,-1.01989),(12.1883,-8.02284),(24.0562,-17.9284)]
triangle[(18.6057,4.23732),(-0.311534,-3.20237),(11.6037,-33.4999)]
triangle[(-6.49584,13.8505),(-11.2607,13.8638),(-11.2789,7.38131)]
triangle[(16.1672,15.6748),(11.8883,7.23408),(20.4537,2.89186)]
triangle[(-0.625765,-11.6627),(8.06136,12.136),(-17.6126,21.5076)]
triangle[(13.7654,6.08765),(16.6272,-11.7705),(41.0958,-7.8494)]
triangle[(-2.17863,-2.23877),(0.635941,8.61061),(-19.3687,13.8003)]
triangle[(8.61263,-15.8086),(-1.1015,-20.2148),(6.22193,-36.3604)]
triangle[(-20.0113,17.9274),(19.5919,-11.9872),(56.0619,36.2944)]
triangle[(4.01539,-8.10759),(-2.07851,6.57975),(-29.7719,-4.91047)]
triangle[(-8.60782,17.0551),(-4.25085,-14.9469),(37.1683,-9.30784)]
triangle[(4.03765,18.3749),(-7.09577,-11.3071),(25.6831,-23.6021)]
triangle[(1.72833,4.26129),(11.7387,13.2449),(-2.35843,28.9531)]
triangle[(-0.870013,-11.9976),(-4.87381,11.1233),(-43.2464,4.47835)]
triangle[(10.5809,-15.0514),(19.0128,15.7574),(-21.5816,26.8674)]
triangle[(19.2815,11.1251),(6.14581,-9.34584),(32.8369,-26.4729)]
triangle[(13.7362,10.6032),(-7.22372,-18.7345),(32.286,-46.9616)]
triangle[(20.0763,-10.3614),(10.9424,-13.9964),(14.754,-23.5741)]
triangle[(-6.10871,-4.42878),(-8.25482,20.5604),(-51.4424,16.8514)]
triangle[(8.05775,-17.3961),(20.37,-20.4758),(25.12,-1.48578)]
triangle[(14.1382,-19.1),(-18.8629,-11.7949),(-30.7043,-65.2886)]
triangle[(5.97488,19.7915),(-19.6756,-18.2248),(52.0998,-66.6534)]
triangle[(-18.2201,17.5588),(13.2499,-15.3714),(55.0386,24.5642)]
triangle[(-4.73382,6.04186),(1.56751,17.0284),(-13.9816,25.9466)]
triangle[(1.78785,-8.38603),(-11.9291,12.1503),(-52.7951,-15.1457)]
triangle[(6.84698,4.51923),(-11.0207,6.06424),(-13.0975,-17.9534)]
triangle[(20.8781,14.0975),(-17.4074,-0.0356591),(0.515777,-48.5882)]
triangle[(13.7484,9.95172),(5.48158,6.1692),(12.7166,-9.64322)]
triangle[(5.10755,8.57839),(4.56882,-4.76725),(27.2538,-5.68299)]
triangle[(-11.501,10.5155),(1.6301,19.8194),(-10.2295,36.5575)]
triangle[(10.8121,-18.3986),(-18.3854,2.03614),(-40.5219,-29.5929)]
triangle[(-20.0189,-7.20378),(-7.47959,3.58638),(-21.62,20.019)]
triangle[(17.5565,-20.9819),(20.0876,-11.4617),(7.89799,-8.22104)]
triangle[(-20.505,-4.42556),(-12.2674,14.2491),(-43.7421,28.133)]
triangle[(-8.90343,8.38432),(-10.5082,9.68217),(-12.79,6.86071)]
triangle[(16.038,-8.45875),(-10.4133,9.1804),(-33.8595,-25.979)]
triangle[(-13.7034,-17.3903),(-8.70956,-3.32752),(-31.6283,4.81113)]
triangle[(-20.9398,0.164192),(-0.0579708,17.1004),(-18.4785,39.8123)]
triangle[(-6.48862,-7.11511),(0.573437,2.52725),(-13.7102,12.9886)]
triangle[(-0.584261,-1.83262),(-11.4578,16.6051),(-45.1895,-3.28792)]
triangle[(-13.2103,2.32133),(-15.4466,6.44406),(-23.1169,2.28352)]
triangle[(13.8976,18.001),(-9.65134,14.9673),(-4.6154,-24.1231)]
triangle[(8.05252,-6.2169),(19.4263,-17.173),(41.2875,5.52165)]
triangle[(-10.3262,0.223645),(19.2243,1.08719),(17.7733,50.7391)]
triangle[(14.3047,-4.38575),(-8.22066,-10.5075),(-1.8561,-33.9262)]
triangle[(-13.1479,-19.2984),(-11.6779,18.262),(-70.5207,20.5648)]
triangle[(-15.4929,-2.48049),(-2.99598,18.2163),(-32.5514,36.0621)]
triangle[(2.28136,-11.6316),(17.6471,10.6016),(-11.9268,31.0405)]
triangle[(-15.8563,0.470173),(12.5793,14.496),(-14.0821,68.5483)]
triangle[(12.7814,16.1073),(-16.9509,-15.7223),(28.1508,-57.8521)]
triangle[(3.62325,-18.4037),(-10.4262,-18.3092),(-10.6128,-46.0434)]
triangle[(-4.66718,-8.32508),(-13.5866,13.7757),(-43.2808,1.79168)]
triangle[(4.8037,-6.88454),(2.11576,5.65401),(-11.4339,2.74932)]
triangle[(-18.305,-0.665458),(20.6991,11.8837),(0.0391519,76.0968)]
triangle[(-14.0995,-11.4192),(-15.4382,18.1973),(-57.9341,16.2764)]
triangle[(8.7691,-1.84682),(-18.579,-4.69648),(-14.0831,-47.8432)]
triangle[(19.3995,15.2826),(-14.8213,-18.6232),(34.373,-68.2743)]
triangle[(7.16399,-18.5709),(2.40303,-1.44996),(-21.532,-8.1058)]
triangle[(20.3286,9.97712),(10.3568,-14.8913),(38.4765,-26.1668)]
triangle[(-20.5565,-0.91619),(-17.719,-18.1072),(1.40648,-14.9504)]
triangle[(4.86298,-20.8209),(14.4704,20.4588),(-60.572,37.9241)]
triangle[(-3.89374,-14.3472),(-2.62308,1.44231),(-29.6257,3.61534)]
triangle[(11.8883,19.2095),(-4.19639,3.08339),(12.5596,-13.6295)]
triangle[(11.723,20.7795),(-14.9382,-3.38675),(12.7374,-33.9195)]
triangle[(16.6641,-16.9897),(-15.8532,6.69743),(-59.2692,-52.9033)]
triangle[(11.9992,-2.58744),(-10.8422,12.2979),(-32.3475,-20.7018)]
triangle[(-5.43254,2.10452),(14.6437,3.614),(11.7728,41.7976)]
triangle[(-15.5381,-3.6002),(-8.56579,-20.8203),(21.8389,-8.50965)]
triangle[(9.79926,-12.5526),(-1.2495,10.7085),(-36.7871,-6.17151)]
triangle[(12.2882,-16.1842),(12.1848,-3.55461),(-4.37444,-3.69018)]
triangle[(-4.79803,-17.6913),(-1.64624,-20.3586),(2.01757,-16.0292)]
triangle[(-19.0135,2.11643),(-3.48306,-7.21644),(7.31672,10.755)]
triangle[(3.35236,13.8093),(1.94581,-18.1151),(39.0988,-19.7521)]
triangle[(-3.97985,3.29726),(-6.23561,-7.95599),(8.64306,-10.9385)]
triangle[(19.9133,0.240137),(2.80629,-17.7817),(32.2707,-45.7505)]
triangle[(18.3033,-0.578697),(11.4109,-0.395602),(11.2034,-8.20938)]
triangle[(1.19762,-3.3408),(3.20031,16.8109),(-31.4554,20.255)]
triangle[(-11.8565,-4.79244),(7.63019,-2.70418),(4.75983,24.0807)]
triangle[(2.87225,10.5157),(12.5165,20.7124),(-0.201315,32.7412)]
triangle[(9.00889,8.43283),(2.33987,1.68389),(14.2684,-10.1034)]
triangle[(0.622864,1.7399),(18.3516,-9.54935),(33.8974,14.8639)]
