triangle[(8.85443,-15.3521),(-0.994867,5.30334),(-41.2694,-13.9011)]
triangle[(8.22836,16.3349),(-18.857,2.97032),(-5.1329,-24.8436)]
triangle[(-20.8381,-8.17053),(4.57785,3.88453),(-9.19525,32.9226)]
triangle[(7.9459,-7.81966),(-14.3203,-15.4477),(-4.21756,-44.9376)]
triangle[(-8.9418,2.55587),(-9.98478,-0.566872),(-5.65398,-2.01335)]
triangle[(16.8711,5.82883),(-1.78632,13.0473),(-10.4148,-9.25448)]
triangle[(-14.1241,17.9311),(1.40224,-15.2941),(60.4363,12.293)]
triangle[(-3.78459,20.4339),(-7.5989,16.0685),(1.0035,8.55202)]
triangle[(20.6084,-7.05056),(9.99151,-16.9779),(24.6463,-32.6506)]
triangle[(9.43186,3.34404),(2.52251,-2.4834),(8.84139,-9.97544)]
triangle[(7.28176,-1.5157),(-5.10672,5.30794),(-15.1571,-12.9387)]
triangle[(-6.59972,-2.65542),(9.40693,-0.047552),(4.24146,31.6573)]
triangle[(-16.6647,9.28906),(0.012269,20.2677),(-11.9406,38.4245)]
triangle[(12.8187,-2.83572),(-2.12012,2.42131),(-11.7312,-24.8903)]
triangle[(13.433,9.98429),(3.05355,12.0992),(0.267051,-1.57598)]
triangle[(-10.4518,-3.17907),(-2.7093,-11.8628),(6.0607,-4.0434)]
triangle[(16.2577,-18.4522),(-8.27704,17.6137),(-55.6111,-14.5865)]
triangle[(17.519,-8.27574),(10.8196,17.1117),(-39.2296,3.90429)]
triangle[(1.96247,-17.2971),(12.8018,-18.5172),(14.2942,-5.25856)]
triangle[(8.18952,8.22005),(15.9804,-15.6026),(59.5384,-1.35747)]
triangle[(14.7662,10.9111),(-5.39378,-4.3903),(14.6852,-30.8448)]
triangle[(5.09155,1.80529),(-1.93504,11.3638),(-17.5039,-0.0811167)]
triangle[(-3.30705,-11.9025),(19.8801,-15.7297),(26.7794,26.0702)]
triangle[(-6.15652,13.8927),(-8.56807,2.86474),(5.46954,-0.204956)]
triangle[(2.21683,-16.8244),(13.6735,2.04718),(-6.54499,14.3216)]
triangle[(-17.1475,-12.3514),(-5.10834,18.1847),(-39.5786,31.775)]
triangle[(18.483,5.2473),(-8.77555,20.9211),(-26.9603,-10.7042)]
triangle[(-15.3134,3.68425),(7.55392,6.10454),(3.95752,40.084)]
triangle[(2.98691,-1.09107),(19.1682,17.3606),(-4.90826,38.4745)]
triangle[(-13.7805,14.5697),(-13.0648,-9.88463),(27.0145,-8.71168)]
triangle[(-19.8422,0.486849),(2.03418,-15.9338),(32.943,25.2444)]
triangle[(-2.55293,10.0987),(16.1095,20.9385),(0.979162,46.9878)]
triangle[(-12.0206,-17.2044),(-4.12568,13.7845),(-65.7436,29.4826)]
triangle[(11.5295,-3.0904),(-1.29759,-20.0898),(22.6625,-38.1692)]
triangle[(-7.43796,-4.47231),(3.1671,16.239),(-28.2759,32.3392)]
triangle[(-18.6424,3.22736),(6.31316,14.8312),(-5.47101,40.1745)]
triangle[(15.4282,3.57284),(-2.39654,12.5816),(-18.9368,-20.145)]
triangle[(-4.63592,-4.5135),(-6.89267,-3.54641),(-8.22432,-6.65384)]
triangle[(2.85957,6.9101),(-13.7064,13.2507),(-24.8651,-15.9033)]
triangle[(-2.15518,-0.0570236),(7.42748,16.3583),(-12.2016,27.817)]
triangle[(11.9878,-0.223341),(-1.96052,17.3196),(-27.4952,-2.98299)]
triangle[(-8.29,4.08595),(-5.95821,6.73),(-11.0532,11.2233)]
triangle[(13.1196,16.6439),(-12.9744,8.78932),(-3.55537,-22.5017)]
triangle[(-14.3782,9.15791),(9.00377,18.611),(-1.27262,44.0294)]
triangle[(-5.36185,7.39796),(-17.9049,2.45013),(-9.50654,-18.8401)]
triangle[(8.07456,-9.66854),(-17.5036,-4.08732),(-26.5082,-45.3545)]
triangle[(15.1988,-12.8844),(-3.92801,19.3128),(-58.3926,-13.042)]
triangle[(10.8401,1.62822),(12.9142,-7.54902),(28.0263,-4.1336)]
triangle[(-20.2034,13.1562),(20.1272,-16.47),(71.3088,53.2045)]
triangle[(-4.43823,-9.41424),(-17.6433,-4.04542),(-26.7011,-26.3238)]
triangle[(16.9304,20.5508),(-8.02735,-17.7397),(33.3256,-44.6936)]
triangle[(-10.3564,16.0688),(-9.29842,6.79666),(5.94624,8.53609)]
triangle[(-11.659,4.83879),(-17.2146,11.2448),(-29.6577,0.453534)]
triangle[(-14.9653,11.2639),(-3.71086,-17.8969),(48.0654,2.08581)]
triangle[(-6.06598,17.6851),(-1.79672,6.57803),(11.8344,11.8175)]
triangle[(12.7875,7.13071),(17.5087,9.77602),(12.6845,18.386)]
triangle[(1.71475,-12.7117),(-13.6932,-12.2613),(-14.5739,-42.3891)]
triangle[(5.9756,-5.7156),(-17.351,7.45674),(-32.783,-19.8714)]
triangle[(-20.2653,-3.93912),(3.4295,-0.365725),(-0.59326,26.3088)]
triangle[(-2.51597,3.14924),(-2.70142,-6.22709),(10.314,-6.48451)]
triangle[(14.8223,-20.9941),(9.06193,-16.3459),(0.785802,-26.6023)]
triangle[(11.9231,6.18991),(4.19251,7.94969),(2.12653,-1.126)]
triangle[(-10.0034,-2.13005),(-12.548,-3.73699),(-9.43204,-8.67111)]
triangle[(11.0257,-13.205),(-9.20985,-0.708574),(-22.9227,-22.914)]
triangle[(-14.8672,-18.7055),(-4.54211,6.4391),(-41.4638,21.6002)]
triangle[(-11.2728,18.6001),(18.8795,12.9203),(30.2301,73.1773)]
triangle[(-16.4035,8.84068),(-1.90518,-4.96646),(24.2987,22.5492)]
triangle[(15.608,0.173291),(-14.0891,14.4262),(-38.2557,-35.9269)]
triangle[(20.1715,-6.23966),(9.79317,7.72938),(-9.51754,-6.61752)]
triangle[(-13.9734,7.40547),(-14.294,2.94868),(-8.52991,2.53398)]
triangle[(-0.68779,3.98214),(7.50798,-15.3102),(28.7533,-6.28478)]
triangle[(5.99846,-0.228745),(2.68889,-2.00695),(5.73304,-7.67269)]
triangle[(-13.2515,-2.86414),(15.822,-17.9609),(40.5041,29.572)]
triangle[(0.46156,14.5342),(12.3185,10.466),(19.4568,31.2705)]
triangle[(-0.0227551,-16.3146),(-2.83563,8.16185),(-39.4894,3.94952)]
triangle[(-3.71826,9.17914),(-17.1065,8.97157),(-16.7275,-15.4735)]
triangle[(-0.262279,-11.9792),(5.99629,-12.7576),(7.04458,-4.32968)]
triangle[(-7.60362,19.6595),(2.4691,-19.5328),(48.0271,-7.82405)]
triangle[(13.0785,15.4065),(7.69216,-19.4067),(69.5589,-28.9787)]
triangle[(-12.0805,15.2313),(12.6758,-2.0067),(33.5373,27.9534)]
triangle[(-12.3047,-1.71328),(-19.649,-10.6041),(-8.73496,-19.6198)]
triangle[(-19.463,-5.46702),(2.23981,-9.73331),(8.04946,19.8206)]
triangle[(-18.0915,-17.6045),(2.47179,-9.72443),(-11.2093,25.9769)]
triangle[(-6.98391,5.68839),(-17.5213,6.02345),(-18.1792,-14.6665)]
triangle[(-8.57798,8.48292),(2.12189,17.5632),(-8.4787,30.0546)]
triangle[(-16.8497,-17.2638),(3.83411,-20.383),(9.09505,14.5032)]
triangle[(7.76976,-17.0641),(8.20911,-14.0775),(2.42494,-13.2266)]
triangle[(3.206,-10.9982),(-7.17229,-3.93323),(-17.9295,-19.7353)]
triangle[(-4.1962,15.6121),(-6.60685,10.0989),(-0.92645,7.61513)]
triangle[(13.6467,-1.37476),(-8.68046,-5.63733),(-3.25133,-34.0749)]
triangle[(14.0852,14.2974),(4.42962,-9.66365),(42.35,-24.9445)]
triangle[(4.40433,-14.2117),(-1.17559,16.5798),(-52.1301,7.34607)]
triangle[(-9.91044,20.0563),(-5.6181,5.58115),(15.057,11.712)]
triangle[(-17.2455,-11.8731),(-8.72811,17.0027),(-55.6938,30.8561)]
triangle[(-7.50182,-14.2117),(11.7864,-7.64505),(-0.206189,27.5808)]
triangle[(-10.0194,-15.4499),(-9.93379,-19.7477),(-2.77262,-19.6052)]
triangle[(16.7426,-2.47657),(-7.11836,6.1481),(-15.8576,-18.03)]
triangle[(7.1461,-4.12993),(4.67915,0.122881),(-3.11433,-4.39792)]
triangle[(-8.97773,-9.99877),(-14.098,-10.8886),(-12.7717,-18.5204)]
triangle[(-16.7526,-8.2964),(15.8253,18.3764),(-17.8871,59.5522)]
triangle[(-1.9814,4.83424),(-18.9602,-12.4196),(13.6483,-44.5082)]
triangle[(-20.0599,-12.9015),(-2.69694,14.3336),(-48.7215,43.6752)]
triangle[(8.1304,13.1635),(12.129,13.1973),(12.0656,20.6984)]
triangle[(20.7516,6.87349),(-8.48306,4.0319),(-3.06855,-51.6734)]
triangle[(-3.76229,-20.255),(17.7401,12.8194),(-24.9252,40.557)]
triangle[(6.33076,-5.07274),(1.72614,18.2097),(-29.1665,12.1)]
triangle[(16.7176,-19.3611),(10.7615,-1.92917),(-16.1901,-11.138)]
triangle[(14.9963,-13.1059),(-17.494,9.04634),(-49.3886,-37.733)]
triangle[(-4.83528,16.0085),(14.027,-4.09316),(42.6364,22.7522)]
triangle[(-10.9591,-16.8528),(-11.5156,18.6145),(-52.7448,17.9676)]
triangle[(19.5658,-6.94493),(-4.61106,-3.66814),(-9.56373,-40.2101)]
triangle[(-8.2381,-7.77759),(3.76493,-2.87926),(-3.83585,15.7459)]
triangle[(-1.32036,11.0656),(16.9092,-14.6349),(66.3281,20.4182)]
triangle[(-0.255811,15.3689),(3.35152,0.105541),(30.3726,6.49169)]
triangle[(-11.9811,-9.53448),(-16.4265,-5.70895),(-20.5419,-10.4912)]
triangle[(4.57024,3.82881),(17.5954,13.2528),(5.9035,29.4123)]
triangle[(-14.2379,18.8808),(-17.8114,11.0271),(-7.912,6.52281)]
triangle[(2.13608,2.50585),(15.1405,5.54343),(12.0109,18.9419)]
triangle[(-9.61687,17.1456),(6.04492,15.269),(9.15674,41.2397)]
triangle[(6.77873,15.7292),(14.9949,-10.0037),(55.0411,2.78256)]
triangle[(-7.01927,3.78265),(-15.4573,-8.02788),(2.71003,-21.0076)]
triangle[(-9.96884,-19.4237),(9.82423,20.9648),(-51.6436,51.0882)]
triangle[(-14.8249,5.02534),(-3.48604,6.39765),(-5.84541,25.8922)]
triangle[(-7.11148,14.8744),(0.856317,2.40417),(17.5934,13.0982)]
triangle[(17.9501,3.80002),(-1.42304,-5.08856),(15.0439,-40.979)]
triangle[(11.862,2.75495),(10.6495,-2.64918),(18.0642,-4.31278)]
triangle[(-11.3279,8.72156),(-4.71438,-6.78846),(23.1788,5.10525)]
triangle[(-11.1234,13.6862),(8.29483,19.142),(-0.51451,50.496)]
triangle[(-13.3325,8.49238),(-5.29393,-9.52994),(25.1135,4.03279)]
triangle[(-6.17641,4.10402),(0.164811,-0.597476),(5.12947,6.0987)]
triangle[(-13.6392,-8.23135),(18.8375,-5.58256),(14.9801,41.714)]
triangle[(9.45668,-18.2952),(-3.71265,-4.09136),(-29.7979,-28.2767)]
triangle[(-4.9165,14.0849),(17.9285,14.2967),(17.6154,48.064)]
triangle[(0.824298,-3.56659),(4.598,-14.9599),(24.9731,-8.21122)]
triangle[(0.587384,8.81924),(14.5011,15.679),(4.77093,35.4149)]
triangle[(-2.11393,20.8615),(13.4909,2.79859),(32.406,19.1396)]
triangle[(4.05439,9.24481),(16.3828,18.731),(3.60015,35.3435)]
triangle[(2.94034,16.56),(-17.5317,17.1277),(-18.2977,-10.489)]
triangle[(18.8958,16.4709),(10.6828,10.8244),(18.74,-0.894994)]
triangle[(-15.5163,12.2834),(9.41173,-8.66776),(34.9574,21.7269)]
triangle[(-18.4785,20.0051),(17.6669,1.14549),(49.1585,61.5008)]
triangle[(15.8024,-1.04996),(9.76505,-6.72038),(19.8516,-17.4597)]
triangle[(13.3857,4.36976),(-7.12769,-19.2931),(29.3041,-50.8759)]
triangle[(20.6401,-0.813355),(-14.2286,-9.77819),(-0.856874,-61.7872)]
triangle[(-15.5176,3.08824),(-3.15262,2.59242),(-2.58135,16.839)]
triangle[(12.0127,-4.88026),(0.706373,11.4037),(-29.0409,-9.2505)]
triangle[(-0.104999,14.7745),(18.6006,18.1664),(15.0131,37.9505)]
triangle[(-15.6626,8.58106),(14.0198,-8.93349),(40.2545,35.5271)]
triangle[(-10.4241,-14.3109),(-7.14249,-16.9277),(-3.16632,-11.9414)]
triangle[(-6.53942,-14.4574),(-8.07012,-17.7329),(-4.44274,-19.428)]
triangle[(6.38325,-12.126),(-20.463,-14.1748),(-18.2261,-43.4855)]
triangle[(11.3338,-0.0209273),(3.39929,-12.4062),(26.5377,-27.2295)]
triangle[(11.0475,-7.05677),(-11.8712,17.8741),(-43.1863,-10.9135)]
triangle[(-11.0564,-19.5495),(-0.0715096,12.3511),(-55.718,31.5128)]
triangle[(-4.97752,20.2605),(16.7701,-12.074),(54.9195,13.5846)]
triangle[(-11.1235,-2.48435),(-14.4409,-8.70922),(-3.98894,-14.2794)]
triangle[(-3.03721,9.70415),(14.7652,-4.37455),(41.277,29.1495)]
triangle[(20.3908,-18.2881),(-15.4238,-8.45949),(-28.7581,-57.0487)]
triangle[(-4.28162,-19.5228),(-11.6823,5.07851),(-52.5078,-7.20283)]
triangle[(13.0285,-11.5688),(9.48889,-17.4863),(17.5364,-22.3)]
triangle[(18.4063,-13.2625),(-20.0257,1.54761),(-39.4591,-48.8817)]
triangle[(13.2617,10.6418),(0.6676,5.50658),(6.84815,-9.65105)]
triangle[(-16.5106,-18.3582),(1.41837,12.1967),(-38.32,35.5144)]
triangle[(10.1305,-5.31421),(17.0225,-11.3611),(24.4325,-2.91556)]
triangle[(-17.5875,-9.1937),(-3.08871,-0.184816),(-13.1296,15.9749)]
triangle[(11.627,-15.262),(9.96933,-4.09582),(-10.1913,-7.08882)]
triangle[(18.5574,-0.563421),(9.67521,-20.8691),(46.7733,-37.0968)]
triangle[(-10.9901,4.7449),(-6.49849,10.7413),(-15.2636,17.3069)]
triangle[(9.74728,-13.4961),(11.4747,-10.4541),(6.73619,-7.76345)]
triangle[(16.6115,5.8948),(-7.01619,-12.5037),(11.84,-36.7192)]
triangle[(20.8463,-14.1633),(12.8416,-18.9886),(20.6713,-31.9772)]
triangle[(-7.41462,18.5464),(11.6493,11.0089),(22.9238,39.5245)]
triangle[(11.5376,-18.8474),(18.972,6.03565),(-11.8153,15.2342)]
triangle[(13.4127,-15.8778),(2.68987,13.7898),(-37.7325,-0.820245)]
triangle[(15.4401,18.52),(-3.05274,6.82293),(13.4079,-19.2011)]
triangle[(4.78039,-10.8412),(-0.200906,-12.0795),(1.17407,-17.6105)]
triangle[(-15.274,-9.4291),(-2.2357,12.0238),(-24.8522,25.7693)]
triangle[(-15.0179,2.66429),(-19.7136,3.8498),(-22.0272,-5.3141)]
triangle[(-9.8514,-7.07225),(-13.6947,-17.142),(1.24422,-22.8437)]
triangle[(-1.64606,9.46647),(-6.82738,-15.0962),(38.7885,-24.7186)]
triangle[(-12.5954,13.3682),(19.2301,-11.6235),(64.5209,46.0518)]
triangle[(0.824006,-10.9636),(12.8188,-12.0113),(14.2294,4.13771)]
triangle[(9.2589,-5.57738),(6.3703,-9.19685),(12.5237,-14.1077)]
triangle[(-5.60091,8.80917),(-1.82413,-9.49244),(22.8245,-4.40586)]
triangle[(-1.91962,-2.31306),(3.10308,4.18058),(-5.4584,10.8027)]
triangle[(-8.68825,18.0566),(3.10486,10.1966),(14.4498,27.2183)]
triangle[(1.97963,9.80293),(-17.11,-1.36818),(0.238178,-31.0135)]
triangle[(4.24014,-4.52409),(-0.201618,-18.7713),(15.7224,-23.7358)]
triangle[(-18.8447,-0.419111),(-12.0489,-6.06521),(-4.60586,2.89338)]
triangle[(-8.90011,-9.2327),(-5.39268,16.1271),(-48.2304,22.0518)]
triangle[(-7.74565,12.4368),(1.07445,-11.6159),(33.4992,0.274188)]
triangle[(11.7965,3.19238),(9.3148,-1.37781),(18.1102,-6.15388)]
triangle[(11.7515,0.690722),(6.50959,-0.528421),(8.6176,-9.5922)]
triangle[(-14.3237,-1.20854),(9.18157,-19.3224),(39.5399,20.0718)]
triangle[(0.979712,15.6759),(0.906964,-18.9185),(53.5194,-19.0291)]
triangle[(-5.93862,-12.5169),(-17.6725,14.5332),(-54.9405,-1.63303)]
triangle[(-3.8643,17.618),(2.02255,9.57555),(14.3775,18.619)]
triangle[(18.9216,-5.5),(-1.20259,-6.74915),(0.933434,-41.1614)]
triangle[(-13.9807,-9.27108),(18.0585,15.9725),(-24.6534,70.1826)]
triangle[(11.7896,-7.46006),(11.2989,3.0741),(-0.43904,2.5274)]
triangle[(-11.35,3.25626),(17.4777,2.1375),(18.8022,36.2686)]
triangle[(4.04431,10.5444),(12.9115,-4.03136),(36.8008,10.5018)]
triangle[(1.21932,-4.19792),(-12.6271,8.83892),(-30.7248,-10.3826)]
triangle[(9.2464,-17.7016),(5.7571,-18.4096),(7.01947,-24.6313)]
triangle[(10.4737,7.25287),(2.84251,17.4667),(-9.84318,7.98869)]
triangle[(1.27088,-9.48215),(-2.70055,-10.7906),(-0.943637,-16.1232)]
triangle[(1.88614,18.3252),(-1.01521,8.48827),(17.919,2.90374)]
triangle[(-0.791609,13.3834),(7.22684,-12.4255),(35.2436,-3.72108)]
triangle[(8.16285,15.4441),(-13.2253,14.5626),(-12.209,-10.0963)]
triangle[(-15.5926,-16.0035),(-6.88649,-17.9398),(-4.82185,-8.65673)]
triangle[(-11.1032,2.22016),(-12.3286,-13.012),(14.1947,-15.1458)]
triangle[(-17.579,-18.6716),(1.37885,4.41763),(-40.1228,38.4932)]
triangle[(-19.4862,20.6654),(-11.9417,1.99013),(18.7663,14.3957)]
triangle[(8.12778,-13.8689),(4.0325,20.0001),(-51.9985,13.2251)]
triangle[(-2.18212,-5.26583),(1.43163,1.77642),(-9.47438,7.37287)]
triangle[(-8.88332,-7.12435),(5.18444,-18.9346),(18.7772,-2.74371)]
triangle[(-6.63464,6.68017),(1.27425,-17.5832),(49.5199,-1.85701)]
triangle[(-20.3714,14.573),(6.78674,-2.70542),(37.7715,45.9962)]
triangle[(-17.8335,2.20377),(9.00702,-17.6517),(45.4709,31.6397)]
triangle[(-6.73447,18.0959),(9.01811,-5.45371),(46.094,19.3467)]
triangle[(11.7796,-19.3787),(-2.1904,-9.31344),(-14.3776,-26.2286)]
triangle[(3.44006,5.62019),(-9.25298,19.4374),(-25.3412,4.65809)]
triangle[(9.66431,-14.5396),(-10.1364,16.7123),(-41.5538,-3.19332)]
triangle[(-4.6059,-20.9185),(5.32532,-9.66326),(-12.4488,6.01995)]
triangle[(-16.0255,-16.5349),(17.4917,-17.3264),(18.7573,36.2635)]
triangle[(-6.18437,4.22012),(3.49591,20.7454),(-17.4187,32.9969)]
triangle[(2.81176,7.59226),(-10.8656,8.45158),(-12.287,-14.1716)]
triangle[(-20.6807,-20.688),(4.97833,6.44861),(-36.395,45.5692)]
triangle[(-8.28964,12.5695),(3.75738,17.8929),(-6.68466,41.5235)]
triangle[(-5.48198,-2.77855),(-4.88937,-18.5558),(19.2887,-17.6477)]
triangle[(-4.92353,-20.1756),(-1.33496,-7.10767),(-19.8093,-2.03445)]
triangle[(20.7813,-15.6581),(20.4062,5.11737),(-13.6153,4.5031)]
triangle[(-3.06646,-16.5853),(10.5755,-13.0073),(3.4649,14.1036)]
triangle[(-15.1486,-13.1841),(5.66264,12.7398),(-42.2789,51.2263)]
triangle[(-9.29566,14.2179),(-8.20426,-17.1744),(53.2784,-15.0369)]
triangle[(-19.2498,17.9686),(-13.3482,8.73659),(-4.0808,14.6608)]
triangle[(7.26201,-12.4735),(-10.8037,3.58652),(-40.1852,-29.4643)]
triangle[(-10.7472,17.4352),(-9.58656,-8.50189),(36.8888,-6.42219)]
triangle[(-7.92649,-18.3656),(9.2207,14.2229),(-23.4802,31.4292)]
triangle[(6.95424,-4.91224),(6.69661,-20.332),(37.0471,-20.8391)]
triangle[(-14.7644,-12.7846),(9.57927,-13.6191),(10.8305,22.88)]
triangle[(5.15151,-11.5985),(17.4608,-4.89638),(7.04913,14.2261)]
triangle[(-6.10432,-13.1321),(-0.0797127,5.73374),(-22.7609,12.9768)]
triangle[(16.466,-4.34834),(12.1194,-5.68033),(14.1579,-12.3322)]
triangle[(-20.0061,3.15882),(-4.92234,14.2946),(-25.4033,42.0369)]
triangle[(5.73909,-12.9),(-17.7179,-14.7982),(-14.4015,-55.7823)]
triangle[(-19.0024,-8.33172),(-4.05605,-9.78868),(-1.41588,17.2957)]
triangle[(4.73759,2.30242),(-7.8475,5.51281),(-14.0553,-18.8223)]
triangle[(-5.79109,-1.97523),(-16.4264,-19.4514),(13.9013,-37.9078)]
triangle[(-8.00901,16.9958),(-8.35451,-19.8484),(29.7735,-20.2059)]
triangle[(-5.27086,17.9727),(-17.5375,-5.00259),(5.88953,-17.5104)]
triangle[(-2.01444,-18.5821),(17.3483,4.70972),(-26.5588,41.21)]
triangle[(-20.8537,16.0837),(-16.3423,8.89529),(-2.82885,17.3764)]
triangle[(10.9466,-0.890578),(17.3531,4.72261),(9.99267,13.1233)]
triangle[(-3.44071,-6.58371),(-5.45739,-6.44766),(-5.72316,-10.3872)]
triangle[(16.3955,-11.8476),(-0.526205,9.42246),(-30.7691,-14.6377)]
triangle[(13.6387,2.11385),(14.9215,9.27568),(0.914942,11.7846)]
triangle[(16.81,3.99936),(-15.1724,-12.8515),(18.4626,-76.6894)]
triangle[(-9.463,20.2033),(13.4459,-1.75269),(42.6583,28.7275)]
triangle[(-9.3528,20.8839),(-4.67775,11.7721),(7.71033,18.1282)]
triangle[(-2.35512,10.4586),(-7.03196,4.09617),(2.12171,-2.63247)]
triangle[(9.00667,-15.6629),(12.1386,2.48126),(-20.3281,8.0855)]
triangle[(-0.706252,-9.93079),(-17.2334,16.3477),(-49.0577,-3.66741)]
triangle[(-4.45545,3.3626),(5.56764,18.8922),(-23.5997,37.7173)]
triangle[(-7.64126,6.50317),(1.26398,8.18863),(-1.62465,23.4508)]
triangle[(9.62318,-18.9368),(15.0648,-1.19901),(-6.52974,5.42587)]
triangle[(14.7197,-18.2477),(-4.82989,5.01734),(-31.8982,-17.7281)]
triangle[(-2.2633,8.29646),(-16.49,-3.73153),(6.53164,-30.9615)]
triangle[(11.2213,-10.4412),(-17.8752,0.287867),(-33.8406,-43.009)]
triangle[(5.27858,-1.80423),(-18.9196,0.121459),(-21.8747,-37.0123)]
triangle[(-15.2877,-17.2489),(4.10955,13.7079),(-51.2773,48.4129)]
triangle[(-5.64631,-14.166),(-5.67337,11.6285),(-55.6221,11.5761)]
triangle[(-4.28608,16.9939),(2.7077,19.7694),(-1.6615,30.779)]
triangle[(-10.3294,12.6433),(11.1408,6.77664),(22.5958,48.6981)]
triangle[(-19.3982,18.0918),(-4.62108,20.8676),(-9.76595,48.2571)]
triangle[(-0.41893,10.6605),(10.1413,9.2445),(12.5158,26.9534)]
triangle[(11.6435,-8.47152),(-5.67626,6.24491),(-27.0816,-18.9469)]
triangle[(-0.620267,20.6731),(-4.74271,8.26987),(15.673,1.48434)]
triangle[(-9.31172,-12.8576),(-17.3558,-15.2457),(-13.1311,-29.4765)]
triangle[(4.66628,-4.10822),(-10.555,-3.38796),(-11.8065,-29.8355)]
triangle[(-6.34095,-2.61034),(-1.92972,-5.50152),(3.17341,2.28462)]
triangle[(2.02383,13.3419),(-11.2153,-5.90592),(23.8405,-30.0181)]
triangle[(9.12169,18.3463),(-2.81355,-7.49247),(29.0737,-22.2216)]
triangle[(-5.05293,-18.9171),(10.224,-14.8285),(4.16133,7.82396)]
triangle[(6.92471,-12.9609),(0.066716,-3.12523),(-15.3452,-13.8713)]
triangle[(18.5179,19.0834),(12.8776,-6.12783),(43.8987,-13.0679)]
triangle[(11.6407,10.1392),(15.8868,-4.10191),(33.9233,1.27587)]
triangle[(14.946,-4.82125),(-19.5326,5.32674),(-35.8915,-50.2541)]
triangle[(-15.3756,-0.767155),(9.42382,4.57026),(-0.6186,51.2308)]
triangle[(-5.68182,-15.4425),(11.7195,12.6509),(-43.0306,46.5637)]
triangle[(-2.45768,-16.0747),(-20.2458,15.0932),(-82.1203,-20.2198)]
triangle[(15.5502,-9.49322),(-14.6069,4.48619),(-41.8195,-54.2181)]
triangle[(20.0338,8.91656),(-15.9642,-2.49073),(-3.52364,-41.7495)]
triangle[(-2.90104,-13.3689),(-8.18014,-19.5248),(3.07468,-29.1766)]
triangle[(-19.9754,-12.167),(-8.82761,8.03885),(-45.8584,28.4691)]
triangle[(16.6433,-9.37636),(3.98342,9.40611),(-15.1653,-3.50058)]
triangle[(-14.4405,7.55348),(7.18942,-7.68227),(27.4523,21.0846)]
triangle[(20.4021,4.83313),(6.16438,-18.2695),(49.9986,-45.2838)]
triangle[(7.10917,-12.7912),(17.059,-0.155351),(-4.90873,17.1427)]
triangle[(19.3234,9.22309),(12.5693,-8.77791),(33.3157,-16.5621)]
triangle[(15.2677,9.19172),(-9.28893,14.2466),(-16.9792,-23.1123)]
triangle[(9.69077,5.21937),(15.9409,-3.27627),(30.1666,7.18943)]
triangle[(-2.27161,16.2689),(15.2295,17.5854),(13.8598,35.793)]
triangle[(-18.4132,-16.6492),(-14.1389,-17.7555),(-12.744,-12.3663)]
triangle[(-4.26458,-10.2723),(18.1076,-19.9806),(32.6628,13.561)]
triangle[(-20.147,5.74598),(4.43048,19.1687),(-11.221,47.8271)]
triangle[(-14.0459,5.03651),(19.9793,16.7802),(-2.76329,82.6729)]
triangle[(-4.86126,-13.9728),(0.0866508,1.06528),(-20.827,7.94641)]
triangle[(-16.873,1.70964),(-2.05927,-16.2686),(33.1854,12.7725)]
triangle[(6.28415,-5.71004),(19.6476,-1.4223),(13.483,17.7907)]
triangle[(15.7136,-12.0566),(20.4299,-5.49722),(11.6633,0.806131)]
triangle[(-5.35955,-17.8636),(14.9248,-2.95476),(-13.7555,36.0663)]
triangle[(11.6282,-13.2825),(-18.0847,-13.0154),(-18.4969,-58.8583)]
triangle[(-11.183,-20.4817),(-14.8316,19.5116),(-75.6027,13.9676)]
triangle[(-3.62607,7.58227),(-10.2019,11.9168),(-17.2088,1.28689)]
triangle[(-10.6536,-3.5538),(10.5304,-16.3183),(25.6805,8.82475)]
triangle[(8.61015,3.12027),(19.6691,-5.72177),(32.7028,10.5798)]
triangle[(12.6398,15.0323),(1.86361,-2.4108),(20.2033,-13.7409)]
triangle[(-6.08299,-5.3078),(-3.88324,19.0579),(-45.3288,22.7997)]
triangle[(20.013,-1.28532),(13.9236,-17.9119),(47.1096,-30.0661)]
triangle[(-7.55915,-5.0404),(20.1876,10.3556),(-7.96897,61.0995)]
triangle[(-15.6937,18.0653),(19.1309,0.66118),(53.2274,68.8861)]
triangle[(-0.290081,11.6194),(16.2177,-9.73268),(39.0685,7.93383)]
triangle[(3.68857,18.2714),(-15.6147,-12.5874),(43.9113,-49.823)]
triangle[(-8.47882,-16.551),(2.98411,15.3308),(-52.4568,35.2643)]
triangle[(18.5593,-2.75084),(-4.96544,-6.72782),(2.9347,-53.4589)]
triangle[(15.3334,13.4671),(-16.8572,12.3308),(-14.6252,-50.8996)]
triangle[(-4.81006,-3.23405),(-15.4138,5.108),(-27.3438,-10.0565)]
triangle[(13.375,5.55191),(-4.79345,4.85333),(-3.50723,-28.598)]
triangle[(0.665006,0.470069),(0.808723,-16.2922),(32.2845,-16.0224)]
triangle[(-6.48495,2.44174),(18.1607,1.89673),(18.8951,35.1101)]
triangle[(-0.60263,-12.9733),(3.03431,-1.52787),(-16.4378,4.65963)]
triangle[(-16.1474,6.0984),(12.6493,-3.57193),(31.0331,51.1721)]
triangle[(-15.1708,12.3026),(9.00468,-1.35172),(22.8052,23.0827)]
triangle[(4.73793,-0.686239),(-4.91645,-18.6764),(25.0259,-34.7449)]
triangle[(3.25008,15.7571),(-0.643109,4.88861),(11.24,0.631996)]
triangle[(-8.99378,8.80805),(-15.846,0.707962),(-0.44429,-12.321)]
triangle[(2.66712,10.1555),(13.4976,-4.463),(32.7736,9.81813)]
triangle[(8.22829,19.7731),(-16.5917,-16.9184),(45.8737,-59.1733)]
triangle[(-14.3341,18.7193),(1.50194,-18.739),(41.4213,-1.86244)]
triangle[(1.53577,-17.1011),(18.6335,-3.29851),(-1.56025,21.7162)]
triangle[(9.88879,6.43074),(13.3733,-17.834),(39.8484,-14.032)]
triangle[(0.987217,13.2222),(-16.9587,13.73),(-17.7939,-15.7835)]
triangle[(-16.6173,-2.9852),(-1.16081,3.87339),(-12.3656,29.1243)]
triangle[(11.9726,13.254),(15.0097,17.4584),(8.79898,21.9446)]
triangle[(14.8276,-0.472194),(-1.96782,0.248881),(-3.26437,-29.9507)]
triangle[(1.48697,11.6381),(11.1383,13.219),(8.13517,31.5532)]
triangle[(-20.0871,6.90975),(-20.2416,-5.19018),(0.216989,-5.45148)]
triangle[(-4.36377,-9.08809),(20.9007,-19.1721),(39.4523,27.3071)]
triangle[(1.73866,-15.0452),(-4.664,-15.3805),(-4.03754,-27.3442)]
triangle[(-11.5125,4.89676),(12.8411,-8.71496),(33.2141,27.7355)]
triangle[(-12.8997,-14.9337),(2.22795,18.6978),(-61.8765,47.5323)]
triangle[(3.65597,5.96496),(4.50826,-14.0246),(43.5037,-12.362)]
triangle[(-10.0488,-18.3982),(14.7651,-5.67928),(-8.94383,40.5755)]
triangle[(-7.94114,16.124),(6.65921,-18.0995),(44.1423,-2.1085)]
triangle[(-1.94479,15.1191),(-17.0074,7.54024),(-6.76916,-12.8079)]
triangle[(12.996,2.47608),(13.8014,-14.5709),(42.2805,-13.2255)]
triangle[(-1.16768,20.5877),(-14.3278,-4.01793),(15.2514,-19.838)]
triangle[(1.19855,-20.0925),(2.30592,-3.68924),(-26.1138,-1.77066)]
triangle[(13.103,-1.07759),(14.6642,-16.343),(35.5568,-14.2063)]
triangle[(10.8946,8.60935),(3.50855,-9.77405),(31.2124,-20.9048)]
triangle[(-9.90563,12.4504),(20.6094,-16.4028),(62.6729,28.0833)]
triangle[(-7.67654,-12.6779),(12.4802,1.19292),(-15.2078,41.4284)]
triangle[(15.0861,-12.9913),(3.9166,18.9657),(-34.5764,5.51166)]
triangle[(-10.7972,13.6816),(-7.09739,17.1436),(-11.1085,21.4302)]
triangle[(-2.57349,-3.55044),(-15.3557,-13.0847),(1.26719,-35.3703)]
triangle[(12.1316,5.64483),(7.84015,3.98177),(9.65545,-0.702545)]
triangle[(19.1506,-10.2534),(12.2008,-20.0177),(22.3681,-27.2544)]
triangle[(-9.51058,-20.9054),(-17.9376,11.1778),(-79.8785,-5.09165)]
triangle[(-4.71705,1.12259),(-15.5784,-10.5601),(-0.688837,-24.4029)]
triangle[(15.6542,15.4987),(13.7943,20.3107),(5.96013,17.2826)]
triangle[(-20.9756,17.6172),(7.14713,5.46301),(28.3416,54.5034)]
triangle[(20.2347,0.805999),(20.0523,8.56149),(6.1062,8.23346)]
triangle[(18.943,7.10396),(-12.2381,-12.1533),(17.4338,-60.1977)]
triangle[(11.7552,20.1879),(-11.87,-4.85001),(19.3852,-34.3417)]
triangle[(-14.4346,-19.1926),(16.4909,11.0055),(-38.2717,67.0872)]
triangle[(0.728819,-0.831832),(-6.92603,-9.68504),(10.4308,-24.6925)]
triangle[(3.68342,-11.7913),(7.40617,-11.8787),(7.57738,-4.58654)]
triangle[(-18.024,-2.10377),(-19.0891,2.99944),(-28.6617,1.0014)]
triangle[(20.2578,-5.86767),(13.719,9.87144),(-2.16128,3.27397)]
triangle[(8.07569,18.3363),(-15.9869,7.39022),(4.712,-38.112)]
triangle[(-20.9361,11.5748),(-7.48204,-17.5219),(21.7752,-3.99359)]
triangle[(5.16801,-14.362),(16.3372,11.2665),(-9.79963,22.6572)]
triangle[(-1.1143,-13.7041),(-20.28,-0.137613),(-43.657,-33.1629)]
triangle[(15.8691,-4.71064),(-19.9802,-15.1425),(-2.39745,-75.5659)]
triangle[(2.53395,4.87218),(-0.52335,-6.40156),(13.578,-10.2257)]
triangle[(-18.9491,15.2867),(-1.89683,-17.4715),(54.5546,11.9141)]
triangle[(-1.04749,-5.83591),(5.66586,16.8427),(-22.7882,25.2657)]
triangle[(-9.08104,11.059),(-11.7291,4.35567),(-4.32001,1.42881)]
triangle[(-10.3666,-8.93952),(12.4782,0.250747),(-3.49125,39.947)]
triangle[(20.3174,1.10159),(12.4634,17.855),(-17.5161,3.80067)]
triangle[(-16.693,-12.7482),(14.6337,12.6927),(-25.5644,62.1909)]
triangle[(-12.1084,-9.65658),(13.9516,-12.948),(18.736,24.9325)]
triangle[(-9.80479,10.0731),(2.17933,1.53773),(12.4742,15.9922)]
triangle[(12.8991,14.597),(1.03737,18.6155),(-4.51773,2.21846)]
triangle[(-3.13718,-17.2515),(-6.97707,-16.251),(-8.11658,-20.6247)]
triangle[(15.8107,-13.1675),(0.664454,16.1303),(-35.6511,-2.64394)]
triangle[(8.59603,10.0031),(4.96503,-10.9288),(38.7909,-16.7965)]
triangle[(13.0914,18.9361),(15.1563,9.648),(24.8682,11.8071)]
triangle[(20.7876,-19.7484),(-0.287706,-13.7525),(-8.70182,-43.3277)]
triangle[(-17.6229,15.4948),(19.9386,3.05914),(44.1335,76.1393)]
triangle[(13.3762,16.0187),(-6.10208,-6.77808),(17.0086,-26.5246)]
triangle[(16.4634,14.7354),(-10.8875,-14.7579),(47.9348,-69.3074)]
triangle[(9.02209,12.4487),(4.70309,1.48913),(25.7253,-6.79536)]
triangle[(2.8039,1.24843),(20.4583,-3.2092),(28.6767,29.3396)]
triangle[(-17.3201,7.71811),(-3.50288,-2.42433),(9.23204,14.9247)]
triangle[(3.27278,-2.43634),(-3.57978,19.2869),(-37.4985,8.58728)]
triangle[(0.92297,5.36251),(-1.76382,-8.04852),(18.5831,-12.1249)]
triangle[(-11.6421,-5.86905),(-1.27797,-9.07957),(2.49971,3.11547)]
triangle[(11.3433,-20.5814),(-12.3063,7.45591),(-64.9924,-36.9851)]
triangle[(-1.53783,-7.8721),(-18.9955,7.71393),(-45.0591,-21.4795)]
triangle[(-20.1266,16.5874),(-15.364,-0.470567),(13.8743,7.69275)]
triangle[(-6.10268,-17.9959),(-17.9913,-18.7052),(-16.8113,-38.4842)]
triangle[(-10.6548,-15.7863),(-8.59824,-18.1819),(-5.53646,-15.5535)]
triangle[(5.90368,-3.73408),(-14.9506,8.725),(-34.0503,-23.2445)]
triangle[(11.0064,9.9441),(9.00204,-17.2325),(37.8461,-19.3598)]
triangle[(-10.6972,-8.4495),(-17.3379,13.6929),(-55.2479,2.32316)]
triangle[(14.4573,-11.1891),(-18.4158,-4.17119),(-30.5655,-61.0827)]
triangle[(2.22462,18.2669),(-20.018,0.0044683),(6.97524,-32.8719)]
triangle[(-13.0047,14.2356),(14.5251,0.60944),(38.2424,48.5269)]
triangle[(2.90177,-10.5327),(-9.33828,-12.0936),(-7.6871,-25.0422)]
triangle[(-18.0842,-17.9103),(3.2172,-18.4403),(4.12795,18.1648)]
triangle[(2.15548,-19.9574),(19.1641,-14.8086),(9.76769,16.2316)]
triangle[(2.97668,12.1496),(-2.46999,16.2292),(-7.38297,9.66982)]
triangle[(-20.8475,-7.67324),(-4.62034,-3.36253),(-11.431,22.2753)]
triangle[(-6.74302,5.22058),(-3.06902,8.10986),(-6.28207,12.1956)]
triangle[(-13.7504,-7.89322),(0.523527,-2.6426),(-8.86766,22.8876)]
triangle[(-1.13107,-17.5861),(-6.7056,20.3133),(-74.0386,10.4095)]
triangle[(14.5443,-2.26368),(-0.398647,10.6655),(-25.526,-18.3758)]
triangle[(17.0676,19.9013),(-13.6259,-20.6591),(39.2214,-60.6504)]
triangle[(-13.659,14.4116),(-17.0534,-10.0789),(24.4105,-15.826)]
triangle[(-15.4627,20.9166),(3.43895,-14.8459),(41.5538,5.29906)]
triangle[(11.9594,10.5308),(-6.34617,-12.1211),(25.6077,-37.9437)]
triangle[(-13.9073,-0.17601),(17.8262,-12.2101),(30.3774,20.8872)]
triangle[(-7.2161,-3.28742),(6.84352,-9.38224),(17.2446,14.611)]
triangle[(16.4888,-13.0849),(-18.9784,11.8918),(-68.5216,-58.4604)]
triangle[(18.2902,9.62756),(-1.49122,19.3883),(-20.3941,-18.9208)]
triangle[(16.3539,1.88819),(8.47976,5.61555),(1.1445,-9.88041)]
triangle[(17.2426,-0.312141),(-16.9598,9.47245),(-28.6555,-31.4102)]
triangle[(13.9594,2.53339),(3.68143,-15.1851),(28.5198,-29.5931)]
triangle[(16.7334,12.5779),(-13.1489,-1.06349),(0.970732,-31.9934)]
triangle[(4.87072,5.55718),(15.7586,5.79179),(15.4178,21.6083)]
triangle[(-4.44239,7.87631),(17.271,18.6889),(5.80685,41.7108)]
triangle[(-0.701248,20.8268),(-0.930991,17.2539),(5.5789,16.8353)]
triangle[(-13.4609,-5.23515),(-16.1921,17.7441),(-50.783,13.6329)]
triangle[(-8.16531,3.1051),(12.7621,2.09394),(14.7751,43.7556)]
triangle[(18.4509,-13.9603),(-5.09333,18.5391),(-52.2681,-15.6367)]
triangle[(20.8118,10.0266),(12.2037,17.7541),(2.65249,7.11447)]
triangle[(7.22037,-9.34821),(6.75603,0.578011),(-7.74773,-0.100469)]
triangle[(2.7969,-3.96619),(-19.169,11.3009),(-42.5347,-22.3173)]
triangle[(9.44867,10.663),(13.5368,3.80186),(24.3283,10.2318)]
triangle[(-20.2697,-8.94153),(12.6606,16.7101),(-24.3068,64.1671)]
triangle[(0.893784,-11.1337),(-0.731585,4.31396),(-21.908,2.08582)]
triangle[(11.6544,-9.07277),(3.17457,-4.89718),(-5.03264,-21.5645)]
triangle[(-8.63983,2.03481),(8.57327,5.69742),(1.4096,39.3644)]
triangle[(12.9003,4.14117),(-1.16006,16.1989),(-23.8403,-10.2483)]
triangle[(-10.1502,3.10641),(16.0035,-4.90758),(27.0548,31.1584)]
triangle[(13.8994,-18.4862),(-13.8026,15.2781),(-79.6616,-38.7561)]
triangle[(-1.46671,20.42),(13.5784,-7.4455),(45.046,9.54447)]
triangle[(16.9848,8.89403),(8.49627,6.8513),(12.2791,-8.86796)]
triangle[(9.29929,4.27946),(-9.23696,-2.12059),(-1.8772,-23.4364)]
triangle[(18.4557,19.3026),(16.0837,8.49937),(34.061,4.55234)]
triangle[(-10.7627,0.45411),(13.1924,-0.344612),(14.5671,40.8854)]
triangle[(-12.0811,4.53902),(-2.93883,-18.8461),(35.6042,-3.77808)]
triangle[(-18.2308,1.35002),(13.57,2.97979),(11.3388,46.5153)]
triangle[(10.2959,-1.40421),(17.9136,-11.6388),(34.0194,0.348834)]
triangle[(7.655,7.80424),(-20.9871,-0.531429),(-11.2763,-33.8986)]
triangle[(-16.8223,12.4612),(16.5579,12.3902),(16.649,55.2043)]
triangle[(-18.6417,10.3278),(-0.883276,-13.4949),(32.0753,11.0737)]
triangle[(11.8534,-6.69664),(-16.3182,-15.8307),(-5.15955,-50.2465)]
triangle[(20.4149,15.5242),(2.69357,9.14434),(11.892,-16.4061)]
triangle[(12.4424,8.34805),(-2.63193,11.5007),(-8.12597,-14.7691)]
triangle[(-8.57502,-15.1293),(-12.1026,4.29264),(-32.1965,0.64299)]
triangle[(19.4078,10.7695),(-7.3951,-5.23183),(24.2678,-58.2686)]
triangle[(12.4591,-17.0484),(4.14825,18.0586),(-65.5839,1.55095)]
triangle[(6.85975,18.3556),(5.82794,16.3371),(9.64446,14.3861)]
triangle[(17.9524,7.06659),(-15.5012,8.20756),(-17.7302,-57.1468)]
triangle[(-0.308029,20.8063),(8.61926,13.9241),(18.1651,26.3066)]
triangle[(-12.6487,-10.7534),(7.67272,-14.2977),(12.5927,13.9121)]
triangle[(17.3047,-6.62361),(-11.1451,-15.8741),(2.734,-58.5592)]
triangle[(-19.0486,7.46184),(9.22552,-4.15503),(25.5359,35.5426)]
triangle[(3.59859,-11.2964),(9.90307,10.8508),(-33.597,23.2337)]
triangle[(-2.56057,-11.0333),(-14.7154,12.4058),(-41.2052,-1.331)]
triangle[(4.25335,0.900212),(-5.66462,6.11059),(-12.2381,-6.40198)]
triangle[(12.6315,-0.524317),(-8.20091,-8.9277),(3.20116,-37.1941)]
triangle[(-16.5778,-15.4573),(-17.8289,-1.02739),(-42.8821,-3.19958)]
triangle[(1.65799,-20.3173),(18.5518,-0.348339),(-14.279,27.4265)]
triangle[(-19.0611,-20.0248),(-2.98699,-17.5034),(-7.61186,11.9805)]
triangle[(-3.49336,15.0527),(9.48618,20.0696),(3.03545,36.7588)]
triangle[(18.87,19.3587),(-20.4777,-3.23538),(5.68283,-48.794)]
triangle[(-19.4194,12.2515),(2.48331,-6.74117),(34.3734,30.0352)]
triangle[(12.7892,1.64555),(-18.3206,13.3791),(-37.0478,-36.2734)]
triangle[(-15.3197,-8.26705),(14.1476,-20.5447),(37.7671,36.1439)]
triangle[(-2.4614,10.3262),(0.359721,-10.686),(33.2124,-6.27512)]
triangle[(-4.22403,-13.5391),(8.76828,-2.27575),(-10.206,19.6112)]
triangle[(-18.8869,-12.4819),(3.9861,-6.4233),(-7.20463,35.8248)]
triangle[(-15.3938,0.503887),(5.82571,18.5872),(-25.7525,55.6421)]
triangle[(12.7368,-0.1037),(-19.3797,1.251),(-21.5611,-50.4644)]
triangle[(9.22566,8.85578),(-18.7604,-0.265471),(-2.33448,-50.6639)]
triangle[(16.6357,6.23647),(-14.3926,-14.4177),(16.6419,-61.0403)]
triangle[(-20.5776,-15.2595),(9.81755,-3.23549),(-2.27454,27.3318)]
triangle[(-12.079,-1.46088),(-20.6073,-12.8411),(-0.596437,-27.8373)]
triangle[(-18.0156,-20.3305),(8.33208,17.5242),(-46.347,55.582)]
triangle[(-17.9347,-16.3011),(-8.7191,16.576),(-51.1547,28.471)]
triangle[(9.78667,-1.61416),(20.226,-8.199),(29.4097,6.36041)]
triangle[(15.6867,14.2688),(-15.5543,7.28288),(-5.69495,-36.808)]
triangle[(-19.9793,19.9869),(8.66924,-2.45776),(46.6828,46.063)]
triangle[(-17.9609,0.310493),(18.8898,-6.75137),(32.9894,66.8243)]
triangle[(7.43701,0.76795),(16.5338,9.00445),(1.44386,25.6705)]
triangle[(6.40789,13.0826),(-12.5825,-15.2198),(34.0114,-46.4835)]
triangle[(-13.6853,-9.27555),(-15.325,-11.0774),(-13.405,-12.8245)]
triangle[(-15.7543,-5.25509),(18.815,15.9442),(-9.10592,61.4745)]
triangle[(-16.95,-7.31722),(-9.88373,3.62905),(-27.512,15.0089)]
triangle[(5.91598,-18.9387),(16.9684,6.5837),(-30.5697,27.1701)]
triangle[(16.7893,-10.6484),(15.9774,17.5269),(-14.0721,16.661)]
triangle[(7.38613,4.17657),(-19.5869,-0.481046),(-11.8506,-45.2834)]
triangle[(8.58129,2.37696),(-8.76283,-14.102),(20.878,-45.2989)]
triangle[(-9.65663,-3.61411),(11.6117,-1.39594),(8.134,31.9486)]
triangle[(-11.0758,2.70883),(10.5105,-12.036),(33.9797,22.3225)]
triangle[(-7.56711,-18.4986),(4.91367,7.0299),(-26.5913,22.4326)]
triangle[(11.0355,12.6767),(-1.20717,-12.7712),(38.0465,-31.6556)]
triangle[(12.8998,-6.77171),(3.00856,-5.61115),(1.30978,-20.0895)]
triangle[(9.31633,-17.0268),(-6.95407,-5.54034),(-24.9452,-31.0245)]
triangle[(17.1753,20.3172),(18.8668,15.2401),(27.652,18.1672)]
triangle[(-5.68143,9.9065),(-0.505819,11.28),(-2.64826,19.3533)]
triangle[(-7.90512,11.1406),(7.94706,11.1133),(7.99854,41.0196)]
triangle[(-0.387913,19.0505),(-0.761243,-1.41983),(21.45,-1.82491)]
triangle[(-19.9675,-0.429947),(15.123,13.8136),(-12.1628,81.0349)]
triangle[(12.0794,4.01004),(-1.72917,9.32947),(-11.7365,-16.6484)]
triangle[(-19.8351,17.5823),(-0.4418,15.0115),(2.33945,35.992)]
triangle[(13.6476,-16.3595),(-11.4609,-17.2674),(-10.4112,-46.2992)]
triangle[(19.333,0.469932),(17.3548,-15.1173),(34.4702,-17.2895)]
triangle[(12.1158,5.13091),(10.3305,-18.6322),(34.8179,-20.472)]
triangle[(-0.395909,-5.89439),(2.03452,-4.95398),(0.320287,-0.523681)]
triangle[(1.17329,-0.236434),(10.2532,-0.0480902),(9.9394,15.0807)]
triangle[(7.37692,-8.08572),(-16.519,-2.94043),(-22.6518,-31.4226)]
triangle[(-9.36566,-0.249407),(3.03836,15.0674),(-24.2695,37.1822)]
triangle[(-3.52007,-17.767),(10.9664,17.6125),(-36.4734,37.0371)]
triangle[(16.1842,-2.78452),(10.4869,-20.9446),(33.7029,-28.2281)]
triangle[(-9.47348,1.13847),(0.362369,2.86673),(-2.57753,19.5982)]
triangle[(6.55849,1.06183),(2.67268,20.8082),(-36.5789,13.084)]
triangle[(12.7296,-5.5497),(2.66019,-9.94064),(9.15377,-24.8319)]
triangle[(8.29638,10.6376),(-3.40191,12.1283),(-5.48481,-4.21649)]
triangle[(-0.15446,14.1245),(15,-11.6578),(51.5199,9.80804)]
triangle[(12.1431,3.88517),(2.37711,15.3116),(-10.6384,4.18753)]
triangle[(-8.06966,2.57243),(-11.1362,-1.799),(-4.38629,-6.53398)]
triangle[(3.60009,-5.27007),(9.91433,13.3845),(-23.3529,24.6449)]
triangle[(19.2904,9.8601),(10.9402,17.1393),(0.311405,4.94659)]
triangle[(-4.20484,14.3416),(13.756,-14.5281),(54.5114,10.8273)]
triangle[(-5.68566,-15.1525),(3.55613,4.71158),(-34.9531,22.6281)]
triangle[(-11.8441,-12.0654),(-11.6287,7.02579),(-43.1945,7.382)]
triangle[(0.510516,9.001),(-16.3162,15.4422),(-26.6525,-11.56)]
triangle[(20.2081,5.07396),(3.09911,14.3754),(-15.3306,-19.5241)]
triangle[(2.228,-11.3268),(-8.76184,7.36513),(-36.0289,-8.66645)]
triangle[(8.1699,-5.38107),(-20.3145,14.799),(-51.8402,-29.6998)]
triangle[(14.802,-10.8985),(4.89103,0.934919),(-10.1386,-11.653)]
triangle[(18.0224,12.7025),(-0.28363,1.74047),(12.6636,-19.8809)]
triangle[(20.6615,-12.1404),(1.5744,-5.3787),(-8.79837,-34.6591)]
triangle[(20.6714,-6.18393),(10.3967,15.9967),(-21.7402,1.10984)]
triangle[(-2.44998,18.8498),(12.0476,20.5149),(9.31135,44.3388)]
triangle[(18.845,-4.92655),(-11.4068,5.51077),(-30.6949,-50.3944)]
triangle[(16.9619,19.2728),(9.45382,-11.1923),(54.455,-22.2828)]
triangle[(14.7564,-20.9025),(-6.09529,-16.2521),(-14.1837,-52.5187)]
triangle[(-13.1644,-13.7168),(-6.53012,5.62743),(-30.1358,13.7233)]
triangle[(-10.5125,-11.2672),(-19.738,-12.1514),(-18.1926,-28.2773)]
triangle[(17.6841,-13.4484),(-1.36558,-0.31497),(-23.8004,-32.8562)]
triangle[(18.4296,-6.70057),(3.50955,18.9546),(-29.7357,-0.379654)]
triangle[(16.8995,-2.42911),(-9.61386,-6.94877),(-0.757185,-58.904)]
triangle[(4.23843,20.6289),(-19.1115,8.3887),(-0.205475,-27.6773)]
triangle[(-5.29694,10.9738),(-8.52934,-2.93641),(8.22215,-6.82906)]
triangle[(9.93419,-10.5945),(15.3458,-9.00804),(13.247,-1.84857)]
triangle[(4.72007,9.40467),(-7.41583,-17.675),(28.5459,-33.7915)]
triangle[(-8.47653,-6.54851),(12.3598,19.2764),(-36.775,58.9199)]
triangle[(14.2511,4.46785),(-6.27111,-2.9052),(4.48399,-32.841)]
triangle[(1.48206,20.9309),(-16.1154,8.67558),(-1.7386,-11.9682)]
triangle[(-18.8291,-10.4119),(-14.6117,14.0918),(-45.9144,19.4794)]
triangle[(-12.0353,0.179233),(17.8332,13.8035),(-6.73714,67.669)]
triangle[(-2.90744,10.5507),(17.7315,12.2781),(15.0905,43.8335)]
triangle[(7.39697,4.62759),(14.8508,20.4102),(-9.704,32.007)]
triangle[(-18.3759,-18.2091),(5.2949,5.06765),(-20.8923,31.6982)]
triangle[(-0.765243,16.1244),(12.376,-5.55946),(51.2623,18.007)]
triangle[(-12.2739,15.5461),(-5.63237,5.16035),(6.76023,13.0852)]
triangle[(-14.6252,8.99174),(9.70729,6.79804),(11.9627,31.8151)]
triangle[(12.3424,-14.1485),(13.833,7.30592),(-8.98466,8.89124)]
triangle[(5.18862,14.0505),(14.041,1.43946),(36.0862,16.9141)]
triangle[(12.5232,-6.28268),(-10.4711,-4.12137),(-13.8191,-39.741)]
triangle[(-5.37808,-18.8145),(7.95844,-6.09556),(-5.15387,7.65344)]
triangle[(7.66814,-14.0069),(1.46514,17.8752),(-46.9432,8.45681)]
triangle[(3.82369,-9.50465),(1.75582,19.9075),(-55.5157,15.8809)]
triangle[(15.6174,9.004),(0.312364,0.514945),(9.68533,-16.3837)]
triangle[(9.54,-9.65114),(17.3953,15.1576),(-8.78648,23.4477)]
triangle[(4.24527,-16.8188),(-9.48602,-7.89832),(-21.4831,-26.3654)]
triangle[(-8.91247,-7.06908),(7.44959,13.0446),(-31.3489,44.6063)]
triangle[(3.89644,-15.3705),(-0.0498195,5.08651),(-34.1225,-1.48629)]
triangle[(13.1067,4.36309),(5.16189,-1.09317),(13.6152,-13.4019)]
triangle[(0.914249,18.0394),(18.2899,-17.3571),(87.0679,16.4051)]
triangle[(-15.0286,15.2096),(-2.02659,14.2382),(-0.799785,30.6583)]
triangle[(-9.39269,19.3268),(-11.8689,-16.2833),(43.8586,-20.1584)]
triangle[(18.1473,-10.7878),(13.3314,2.91199),(-7.12189,-4.27809)]
triangle[(5.23528,-4.81306),(-15.1263,-17.1559),(-0.480796,-41.3162)]
triangle[(17.862,-7.40443),(6.93353,-13.9986),(17.5804,-31.6435)]
triangle[(-7.92891,-12.8731),(-4.89031,-17.1298),(-0.495667,-13.9927)]
triangle[(-15.7306,13.8553),(-11.6932,6.94895),(-3.53356,11.719)]
triangle[(-8.95081,2.17981),(-6.96228,10.7946),(-18.0374,13.3511)]
triangle[(-15.5613,10.6724),(14.2364,0.0448559),(26.3578,34.031)]
triangle[(4.20597,-16.879),(19.3995,12.5014),(-33.6652,39.9429)]
triangle[(-7.32306,12.8841),(-7.03856,-19.346),(41.0826,-18.9212)]
triangle[(9.15848,2.07909),(9.93664,20.3661),(-15.594,21.4525)]
triangle[(5.17622,0.122536),(-16.3889,10.5282),(-31.8461,-21.5059)]
triangle[(10.5417,19.8372),(-14.0584,-1.71681),(27.5531,-49.2088)]
triangle[(-6.29061,-13.4424),(5.47342,-16.03),(8.14888,-3.86628)]
triangle[(12.8199,10.243),(-4.47559,-3.79598),(18.3976,-31.975)]
triangle[(13.8256,-18.7329),(16.4685,15.2925),(-23.6286,18.4069)]
triangle[(0.831084,12.2398),(-3.85554,-10.1152),(25.3042,-16.2284)]
triangle[(-18.5179,-5.83753),(11.7555,14.0907),(-19.2967,61.2626)]
triangle[(2.93031,-1.9843),(-1.36656,16.576),(-34.9694,8.79663)]
triangle[(13.1277,-0.734215),(-9.68411,5.98335),(-22.6299,-37.9785)]
triangle[(15.8757,-15.1097),(10.5113,7.28812),(-27.175,-1.73799)]
triangle[(-8.87594,8.11364),(10.6899,17.8772),(-7.8433,55.0173)]
triangle[(17.7505,6.72201),(9.70671,12.8398),(-2.47608,-3.17824)]
triangle[(9.88684,11.3928),(-19.3993,-7.01599),(16.6951,-64.4376)]
triangle[(10.9408,-15.5769),(-20.2325,-12.442),(-24.6534,-56.4044)]
triangle[(-9.61305,-17.9776),(3.33136,-10.0669),(-7.9479,8.38955)]
triangle[(15.1757,14.8222),(14.4026,11.2734),(20.0182,10.05)]
triangle[(-10.1775,-4.09834),(-13.0858,20.6889),(-45.5828,16.8761)]
triangle[(13.8022,12.7294),(-11.0797,-16.6611),(41.7515,-61.3877)]
triangle[(-7.62266,-15.5061),(-0.161206,-19.6062),(5.99611,-8.40106)]
triangle[(0.257433,-7.34417),(17.1064,-5.00001),(13.0351,24.2633)]
triangle[(-0.181619,14.0486),(7.65437,12.4599),(10.0318,24.1863)]
triangle[(-20.0916,16.4682),(9.18696,-1.9536),(45.8685,56.3458)]
triangle[(-8.40012,-15.118),(-14.5758,3.97914),(-47.9145,-6.80201)]
triangle[(6.60308,19.7034),(10.8939,9.85698),(23.7999,15.4811)]
triangle[(-0.357699,-3.38475),(-14.5579,-17.8402),(11.8724,-43.8039)]
triangle[(-12.1743,12.7738),(-10.7318,4.12353),(5.08205,6.76057)]
triangle[(-11.4801,-4.81919),(18.4238,18.3442),(-27.4002,77.503)]
triangle[(19.9379,-14.8789),(-7.48529,-10.2104),(-12.755,-41.1648)]
triangle[(12.8801,-17.5325),(-14.7052,-5.70916),(-31.6099,-45.15)]
triangle[(-18.1407,-5.9018),(18.5212,11.8008),(-8.0296,66.7872)]
triangle[(-0.127181,-19.6052),(-16.8547,6.26026),(-45.2631,-12.1118)]
triangle[(-8.84641,12.4258),(-1.29701,20.6559),(-11.2753,29.8088)]
triangle[(19.405,15.3749),(-12.1061,-16.3225),(28.8374,-57.0255)]
triangle[(5.15492,6.31011),(-8.57668,3.68849),(-5.69075,-11.4276)]
triangle[(7.79059,-11.2267),(-1.60003,-6.08418),(-11.3542,-23.8961)]
triangle[(-7.78726,-11.2291),(9.68769,8.45688),(-12.2429,27.9243)]
triangle[(3.51012,15.5693),(-20.9627,-1.28664),(7.4723,-42.5708)]
triangle[(17.2862,6.97732),(-15.0018,12.655),(-24.7131,-42.5719)]
triangle[(4.85947,14.4011),(13.8513,19.0391),(7.68907,30.9859)]
triangle[(-18.4331,17.8312),(-17.5706,2.63433),(2.07857,3.74953)]
triangle[(-1.90813,-5.29191),(-3.96176,-9.0585),(0.684573,-11.5918)]
triangle[(-17.8189,10.8099),(4.59275,-16.727),(38.1706,10.6012)]
triangle[(-1.07973,6.83486),(10.1541,18.7597),(-11.0825,38.7657)]
triangle[(-6.94252,12.6517),(-8.56001,18.0297),(-14.055,16.377)]
triangle[(-3.76296,14.374),(15.5478,9.86531),(21.6835,36.1446)]
triangle[(-0.3206,-7.56984),(8.4535,-11.9124),(16.4182,4.18029)]
triangle[(8.87978,-1.55083),(9.77037,-11.0624),(21.3491,-9.97826)]
triangle[(6.72694,10.8863),(5.81647,3.55935),(15.7448,2.32562)]
triangle[(-18.191,16.0228),(17.082,19.2909),(11.5931,78.5342)]
triangle[(-0.715696,-4.15721),(15.8926,14.4233),(-4.78716,32.908)]
triangle[(-20.7906,12.4177),(8.45004,4.5313),(22.9283,58.213)]
triangle[(-10.8148,10.8237),(12.0973,-19.575),(44.1646,4.59473)]
triangle[(19.0571,20.1636),(13.631,19.2599),(15.3519,8.92797)]
triangle[(19.8702,-11.6224),(18.5028,-17.2564),(25.4132,-18.9335)]
triangle[(-0.384521,-17.71),(-20.6281,-2.78392),(-40.1567,-29.2696)]
triangle[(2.1965,18.8511),(14.2585,14.7935),(18.4901,27.3728)]
triangle[(0.17755,-6.96895),(11.838,-17.3148),(29.0389,2.07162)]
triangle[(-7.67375,19.8845),(-2.10204,13.952),(6.07336,21.6302)]
triangle[(19.8223,9.94677),(10.2062,-8.72359),(37.3229,-22.69)]
triangle[(1.51359,-2.43093),(-16.5417,-14.7058),(-1.58541,-36.7051)]
triangle[(8.48636,-19.0726),(17.0134,-3.83206),(-1.26563,6.39502)]
triangle[(-17.3173,7.09621),(2.63229,-17.6714),(29.5913,4.04331)]
triangle[(-13.3015,-16.2573),(-8.3651,9.74374),(-54.4056,18.4848)]
triangle[(-8.02436,17.9734),(-11.8455,-4.3728),(27.2193,-11.0528)]
triangle[(13.7242,-9.4521),(6.69251,-10.9532),(8.83565,-20.9923)]
triangle[(13.3205,-1.48706),(17.8688,-11.8649),(35.3773,-4.19147)]
triangle[(-3.9029,-6.11005),(-8.92436,14.8087),(-50.1117,4.9218)]
triangle[(-3.09029,7.27644),(-16.4696,-7.37628),(11.9561,-33.3318)]
triangle[(-11.5467,16.7869),(-17.57,-19.3966),(41.249,-29.188)]
triangle[(14.0882,18.5853),(-10.355,18.0682),(-9.82741,-6.87049)]
triangle[(15.099,-11.4824),(18.3771,5.47649),(-9.9932,10.9603)]
triangle[(9.54788,-5.21232),(4.23411,-2.87461),(-0.382062,-13.3675)]
triangle[(2.21062,13.4424),(3.13075,-10.3816),(29.2733,-9.37196)]
triangle[(7.25124,0.525006),(-12.8905,-1.97777),(-8.01568,-41.2095)]
triangle[(-14.603,16.0625),(9.67219,-17.4279),(51.3749,12.7999)]
triangle[(3.16033,-19.586),(13.4264,5.07214),(-29.321,22.8694)]
triangle[(7.2177,0.299714),(17.5867,14.6021),(-5.85359,31.596)]
triangle[(9.66497,8.73384),(2.75615,6.98751),(5.5083,-3.90055)]
triangle[(10.2843,-10.6623),(16.4949,5.1016),(-1.83524,12.3232)]
triangle[(9.58358,-5.76972),(-12.9437,5.31666),(-32.4086,-34.2357)]
triangle[(6.48375,-20.8269),(-10.205,9.34468),(-63.3238,-20.0368)]
triangle[(-9.20007,-20.6658),(-6.87504,-16.0286),(-16.1047,-11.401)]
triangle[(1.41468,-11.4377),(-11.9668,17.7354),(-46.6808,1.8124)]
triangle[(-3.98516,16.769),(14.8898,-19.454),(60.8938,4.51762)]
triangle[(11.5783,6.11329),(-16.6321,2.0735),(-9.05624,-50.8297)]
triangle[(12.8806,5.77893),(7.56674,-5.23046),(25.2904,-13.7851)]
triangle[(-14.1026,-15.9108),(-8.37136,-16.8986),(-6.62029,-6.73876)]
triangle[(1.4585,-16.4625),(-14.9279,8.63727),(-61.5358,-21.7907)]
triangle[(8.03667,16.4777),(-16.8601,14.4569),(-13.8531,-22.5917)]
triangle[(-10.8575,6.18755),(-15.4718,-0.659256),(-2.19402,-9.60776)]
triangle[(10.7094,-16.1975),(10.5639,-12.1516),(2.4883,-12.4419)]
triangle[(-3.82293,12.255),(-13.7278,-6.80515),(17.7182,-23.1464)]
triangle[(-1.61243,20.3968),(-18.7762,-18.5422),(48.6273,-48.2528)]
triangle[(-7.04825,-9.27118),(10.2215,-0.563634),(-2.10302,23.8798)]
triangle[(10.9969,3.377),(-17.622,10.1653),(-27.264,-30.485)]
triangle[(-8.3986,2.36606),(17.0742,-6.99136),(31.1584,31.3488)]
triangle[(9.58024,13.8692),(-5.37891,-5.20928),(28.1706,-31.5148)]
triangle[(-5.82943,16.0604),(-2.41255,20.5797),(-10.6181,26.7837)]
triangle[(10.7605,-14.8657),(10.3966,15.027),(-42.1002,14.3879)]
triangle[(-8.33563,-4.24691),(-12.7932,2.7842),(-21.244,-2.57341)]
triangle[(8.1484,-7.34323),(13.8121,-18.1324),(31.5084,-8.84287)]
triangle[(-9.6515,-20.4993),(0.131204,-13.287),(-9.416,-0.33721)]
triangle[(-17.9476,-8.02336),(4.30784,3.3198),(-17.8884,46.8692)]
triangle[(-13.6479,-11.8799),(17.9331,-19.1718),(27.3728,21.7113)]
triangle[(19.9883,-8.18986),(-11.7558,4.76361),(-36.0041,-54.6599)]
triangle[(-6.24845,20.2523),(4.79631,-16.4153),(48.1959,-3.34282)]
triangle[(14.8056,-10.164),(-17.9737,-19.4301),(-8.05512,-54.5174)]
triangle[(19.3891,17.4688),(8.95598,-6.51276),(45.1956,-22.2787)]
triangle[(-20.9626,10.5719),(-6.80882,12.7695),(-9.97381,33.1541)]
triangle[(-18.5693,-11.1517),(-11.8247,8.62483),(-47.1411,20.6691)]
triangle[(-17.2984,-5.15123),(16.7843,13.0661),(-12.9365,68.6705)]
triangle[(-17.0538,-13.8551),(-10.5679,4.36424),(-37.4841,13.9461)]
triangle[(4.07369,-0.890989),(-19.2054,-19.859),(3.9432,-48.2689)]
triangle[(-7.7369,-18.573),(6.52807,4.34942),(-33.9167,29.5188)]
triangle[(14.429,-13.0697),(17.7188,-19.4825),(27.7938,-14.3141)]
triangle[(13.8841,-0.490702),(3.63461,3.89911),(-3.49998,-12.759)]
triangle[(-1.70067,-11.9194),(-1.88042,-18.7452),(11.4859,-19.0972)]
triangle[(-13.0354,0.879596),(2.79243,7.1098),(-5.64283,28.5395)]
triangle[(4.72426,-16.0381),(-13.369,-15.2511),(-14.2742,-36.0647)]
triangle[(0.692514,-7.09884),(-15.105,10.0957),(-46.9855,-19.1945)]
triangle[(-2.24333,-7.50267),(14.6101,3.14948),(-5.63362,35.1782)]
triangle[(2.54592,13.3751),(-20.3643,-0.932464),(-1.77588,-30.6975)]
triangle[(3.98821,0.982966),(19.8221,-14.6309),(43.9363,9.8232)]
triangle[(1.5345,6.22992),(19.7313,7.18136),(18.0377,39.5717)]
triangle[(-7.99109,2.32102),(11.6834,4.12691),(8.94747,33.9339)]
triangle[(9.57721,15.0481),(2.08585,-9.17025),(39.5062,-20.7454)]
triangle[(15.8085,-7.14407),(10.5665,13.4724),(-17.7832,6.26416)]
triangle[(6.29767,-20.1543),(-20.0892,4.94791),(-54.5369,-31.2628)]
triangle[(9.84569,11.3601),(-14.2767,-17.4994),(23.4547,-49.0374)]
triangle[(3.91776,20.9964),(8.38463,1.96806),(35.074,8.23335)]
triangle[(-7.83883,18.6641),(-2.25301,-19.7088),(72.8785,-8.77218)]
triangle[(3.87516,12.813),(-12.8815,-8.33764),(14.9821,-30.4127)]
triangle[(-16.614,17.6836),(-7.75733,-11.4388),(46.0163,4.91474)]
triangle[(-13.0865,5.50986),(7.62678,12.9434),(-4.13575,45.7194)]
triangle[(17.5683,15.0663),(10.7762,-4.65856),(38.8532,-14.3267)]
triangle[(6.01673,-14.4986),(-1.19091,3.94633),(-26.5324,-5.95625)]
triangle[(8.0682,-3.75335),(-14.1127,9.07809),(-29.1504,-16.9167)]
triangle[(16.9679,-20.2159),(3.52033,9.88959),(-47.2037,-12.7679)]
triangle[(11.8164,11.076),(18.7446,14.3914),(14.5991,23.0543)]
triangle[(-13.0665,8.76502),(5.48114,-4.25493),(29.2757,29.6416)]
triangle[(-13.2018,-2.67645),(-19.8914,-10.6748),(-7.19791,-21.2913)]
triangle[(12.2847,4.41239),(-12.9495,17.6989),(-36.4305,-26.8971)]
triangle[(3.25873,-14.9086),(-6.39514,-2.20894),(-19.3818,-12.081)]
triangle[(-4.59928,-14.9553),(4.47779,-10.1235),(-3.44553,4.76131)]
triangle[(-3.58562,-12.4541),(-3.63772,-4.21548),(-14.2606,-4.28266)]
triangle[(15.5249,-4.39387),(4.83639,15.7183),(-23.7099,0.547454)]
triangle[(-3.55647,-7.51027),(-10.5947,-3.32756),(-17.1411,-14.3432)]
triangle[(8.40985,-6.61949),(-12.9708,16.5081),(-38.1832,-6.79992)]
triangle[(-20.7855,-19.7419),(-18.0783,-16.9822),(-21.5401,-13.5864)]
triangle[(-16.0863,-2.69824),(-2.2333,20.8939),(-42.074,44.2879)]
triangle[(5.49696,11.6136),(-16.5454,12.4321),(-17.6926,-18.4609)]
triangle[(9.51608,-11.6598),(1.00182,18.821),(-33.1301,9.28684)]
triangle[(10.6187,-19.0402),(15.6822,14.7988),(-43.4162,23.6421)]
triangle[(-7.32924,-14.5254),(-6.00681,-3.75979),(-19.0777,-2.15418)]
triangle[(-15.5289,19.3762),(13.1864,19.5854),(12.7761,75.9168)]
triangle[(-14.8158,-0.204564),(-2.58864,-2.93269),(1.34353,14.6908)]
triangle[(-18.7777,-2.23753),(2.75344,6.27993),(-6.84798,30.5512)]
triangle[(-1.52288,14.8368),(-20.1449,-12.7483),(26.7227,-44.3874)]
triangle[(8.87611,-2.12383),(8.59209,-8.52733),(19.3764,-9.00566)]
triangle[(-20.337,-2.84295),(-1.74201,3.40488),(-13.3129,37.8426)]
triangle[(6.54139,-0.999456),(18.5628,20.5642),(-3.38116,32.7976)]
triangle[(7.45235,-19.4688),(-16.1239,14.869),(-67.699,-20.5423)]
triangle[(19.5115,-3.6887),(12.9947,15.5908),(-15.658,5.90569)]
triangle[(-0.0458242,-8.7357),(-13.7266,-20.4285),(6.93589,-44.604)]
triangle[(5.13987,-5.46526),(19.933,-12.3076),(30.3517,10.2177)]
triangle[(1.45308,8.53396),(-2.49268,7.55121),(-1.42966,3.2832)]
triangle[(-5.562,-3.49653),(-5.82882,-8.72287),(0.707465,-9.05658)]
triangle[(19.5889,-1.37254),(14.627,-9.36876),(23.4235,-14.8272)]
triangle[(-5.21761,-17.1352),(9.96266,16.0464),(-40.1175,38.9577)]
triangle[(-9.18773,1.38545),(2.30217,20.0117),(-22.4746,35.2956)]
triangle[(-12.6035,-16.4287),(-14.4712,11.2889),(-53.2696,8.67451)]
triangle[(1.62034,14.9705),(-5.46861,16.1453),(-7.48726,3.96406)]
triangle[(5.96265,-4.39196),(-10.6415,-10.6694),(-3.19119,-30.3759)]
triangle[(2.59122,-4.8313),(-10.6142,-6.47195),(-8.96024,-19.7844)]
triangle[(14.9587,-1.17228),(16.1278,-8.6425),(25.0198,-7.25093)]
triangle[(11.4818,18.4408),(-18.9736,20.2394),(-20.8188,-11.004)]
triangle[(5.31214,-10.928),(3.31558,5.78138),(-25.7412,2.30944)]
triangle[(11.6709,14.9261),(18.7058,16.4717),(16.2787,27.5187)]
triangle[(-6.2816,-11.4609),(-17.3921,-0.691409),(-36.1083,-20.0003)]
triangle[(9.23783,-3.17998),(-16.2883,-16.2007),(1.65954,-51.386)]
triangle[(12.0765,-10.364),(-16.1123,5.35008),(-32.1524,-23.4236)]
triangle[(-20.1287,10.1008),(-20.6875,20.3424),(-36.3125,19.4899)]
triangle[(-12.5895,-19.478),(-1.85889,-4.77085),(-20.7692,9.02653)]
triangle[(-3.56638,9.89414),(-15.3246,15.2202),(-23.7879,-3.46408)]
triangle[(18.1634,2.3994),(-14.9482,8.46538),(-22.3849,-32.1286)]
triangle[(7.67798,14.5669),(7.56118,4.62416),(19.0822,4.48881)]
triangle[(-14.3537,2.03076),(13.4707,14.2291),(-1.80008,49.0618)]
triangle[(16.755,-10.4498),(18.2415,3.89761),(1.45678,5.63659)]
triangle[(-3.2104,-0.477386),(4.92706,18.5242),(-24.3859,31.0775)]
triangle[(-3.33533,-17.0164),(-2.85625,-8.4132),(-14.2558,-7.77841)]
triangle[(-11.0049,12.0003),(-3.46815,9.31877),(1.61754,23.6128)]
triangle[(-16.6018,16.5433),(12.6956,9.96417),(21.0067,46.9741)]
triangle[(15.8715,10.224),(-16.9673,-2.24597),(2.56297,-53.6777)]
triangle[(-11.9685,-13.0656),(-9.35836,2.11577),(-34.6594,6.46581)]
triangle[(-7.43386,20.2305),(-9.48177,-12.2359),(40.1907,-15.3691)]
triangle[(-20.9362,-17.9007),(-17.1107,7.8635),(-60.7338,14.3409)]
triangle[(0.587625,-11.4645),(9.38058,-18.6765),(16.6762,-9.78161)]
triangle[(-3.99546,9.88988),(3.44133,1.97926),(13.7001,11.6236)]
triangle[(5.6926,-14.3268),(-13.4058,5.7011),(-39.1782,-18.8751)]
triangle[(-4.1482,2.96644),(-5.83773,-14.7049),(19.1838,-17.0972)]
triangle[(-9.01849,20.448),(-19.9038,-16.7935),(51.1617,-37.5653)]
triangle[(14.6533,11.2388),(-14.8502,-0.536952),(7.76543,-57.1993)]
triangle[(-3.25663,-2.60032),(-7.76067,0.0334722),(-11.2054,-5.85736)]
triangle[(-5.31065,-1.43647),(-4.38015,17.9837),(-32.8876,19.3496)]
triangle[(2.50171,10.493),(3.68486,-4.98334),(20.125,-3.72652)]
triangle[(-8.59195,4.22732),(16.6632,4.07523),(16.8917,42.0265)]
triangle[(12.9407,-16.1645),(15.692,6.16135),(-9.45294,9.26006)]
triangle[(-0.817797,-20.6315),(4.69036,-7.23906),(-11.3977,-0.622224)]
triangle[(-9.49153,-7.1011),(20.7236,1.27497),(8.37693,45.8133)]
triangle[(-19.1618,5.31016),(-15.5187,4.74155),(-14.4248,11.7499)]
triangle[(2.49654,-2.82773),(-3.81279,11.2249),(-18.0178,4.84709)]
triangle[(9.86237,12.0101),(16.9546,-19.9475),(51.1478,-12.359)]
triangle[(-17.8853,-16.7166),(13.8255,2.88572),(-12.011,44.6814)]
triangle[(3.0677,5.32551),(-1.52799,1.86551),(3.92643,-5.37924)]
triangle[(-9.23738,5.96298),(13.6378,-12.8591),(38.9828,17.9437)]
triangle[(6.53108,-11.4837),(-13.1659,-14.6495),(-8.03638,-46.5646)]
triangle[(-5.78528,-4.81914),(15.7449,17.72),(-13.1042,45.2778)]
triangle[(-20.5978,-13.0834),(-7.38287,18.2803),(-58.8976,39.9857)]
triangle[(6.63591,-4.19083),(-0.195595,-17.2387),(24.2936,-30.0606)]
triangle[(-0.139183,-9.84092),(-4.51545,7.59326),(-22.0289,3.19711)]
triangle[(-9.25992,10.9015),(16.8536,10.289),(17.5932,41.8266)]
triangle[(17.3576,-16.7824),(-19.2462,3.32627),(-58.5261,-68.1748)]
triangle[(19.3796,12.0841),(-5.76906,-11.3745),(30.0457,-49.7695)]
triangle[(9.47843,9.59392),(0.415722,20.8581),(-21.7488,3.02535)]
triangle[(-11.6902,-17.6999),(-16.3675,-10.0232),(-28.1316,-17.1909)]
triangle[(-9.15587,20.217),(14.8292,12.1285),(27.6438,50.128)]
triangle[(11.262,-3.66106),(14.8971,-11.3383),(25.2865,-6.41898)]
triangle[(13.6094,15.1167),(17.816,-0.400114),(39.0356,5.35244)]
triangle[(0.603749,-11.9397),(7.9446,9.69511),(-27.2094,21.6231)]
triangle[(-16.0414,-3.24725),(-3.46159,-4.56061),(-1.08125,18.2392)]
triangle[(0.523587,-10.1602),(14.4686,7.46641),(-6.61224,24.1441)]
triangle[(14.5964,3.86034),(17.3462,-19.9128),(43.01,-16.9443)]
triangle[(8.23946,-14.861),(-4.89262,3.26413),(-32.1719,-16.5004)]
triangle[(13.8894,19.1562),(-20.2026,14.8621),(-15.8084,-20.025)]
triangle[(7.71477,7.95496),(-0.189995,-9.34498),(17.9559,-17.6363)]
triangle[(-5.6744,11.8878),(-19.7494,19.3978),(-31.4313,-2.49628)]
triangle[(-9.18178,-16.939),(14.3547,7.44649),(-11.1476,32.0608)]
triangle[(-6.96808,1.07848),(-1.57399,-13.5714),(15.7064,-7.2088)]
triangle[(-12.9822,-14.7707),(-9.89896,3.81713),(-32.2655,7.52718)]
triangle[(19.5229,-12.9713),(9.82167,-16.8474),(14.3446,-28.1676)]
triangle[(9.49051,-1.34619),(-4.0879,15.5252),(-21.2965,1.67548)]
triangle[(-19.4937,16.47),(1.3448,19.8303),(-4.16517,53.9995)]
triangle[(0.331364,8.86822),(-17.8234,20.0977),(-30.0241,0.372831)]
triangle[(-2.77072,19.2619),(-15.3422,-11.9616),(38.5431,-33.6575)]
triangle[(-16.6234,3.3506),(15.1349,1.2482),(19.069,60.6763)]
triangle[(4.82461,-12.6008),(8.70528,-10.4774),(6.50434,-6.45498)]
triangle[(-6.49691,3.80555),(-19.3708,5.07971),(-20.6455,-7.79988)]
triangle[(-15.1682,14.7549),(11.407,11.3535),(15.3565,42.2103)]
triangle[(17.1291,-0.672043),(10.3202,-16.0387),(40.502,-29.4122)]
triangle[(-15.5574,15.4905),(9.13975,5.96157),(23.4196,42.9721)]
triangle[(10.9319,18.565),(-2.83577,-15.0297),(56.492,-39.3432)]
triangle[(-18.3556,12.4104),(-16.1304,18.6767),(-24.2761,21.5693)]
triangle[(-9.00508,20.5278),(12.854,2.90898),(36.6739,32.4615)]
triangle[(5.57139,11.0424),(-5.36588,-16.2984),(44.4596,-36.2304)]
triangle[(9.63914,8.87704),(-11.0229,19.0562),(-22.613,-4.46966)]
triangle[(-12.0536,20.3967),(9.23423,-7.99391),(59.3841,29.6093)]
triangle[(-7.12691,-5.53035),(-3.4842,-4.69348),(-5.12408,2.44451)]
triangle[(-1.47729,-10.6125),(-18.2766,-5.41952),(-25.7114,-29.471)]
triangle[(0.540041,-8.8509),(-11.003,-12.8201),(-6.01361,-27.3299)]
triangle[(13.855,13.9995),(20.1664,17.3224),(15.3033,26.5593)]
triangle[(-12.5306,-16.7567),(0.455666,17.1455),(-34.365,30.4836)]
triangle[(-5.78222,-10.1509),(-8.51215,-19.2671),(3.62904,-22.9029)]
triangle[(-5.96552,-1.17423),(19.5645,19.5682),(-14.7636,61.8198)]
triangle[(4.49909,-8.12996),(-15.9651,-9.96174),(-12.944,-43.7121)]
triangle[(-16.4745,14.3084),(-2.06927,-1.16207),(18.3666,17.8667)]
triangle[(-12.7329,-3.71254),(-13.2735,-9.93615),(-4.50408,-10.698)]
triangle[(10.8899,-9.05972),(16.2635,-11.897),(21.2727,-2.41002)]
triangle[(-11.4665,-4.71947),(-15.6146,13.2686),(-38.408,8.01236)]
triangle[(-13.3675,5.48068),(8.98139,15.9505),(-9.56642,55.5426)]
triangle[(-4.38885,18.969),(9.38223,-9.75446),(42.4206,6.08534)]
triangle[(4.71394,19.9223),(17.9638,-7.63941),(58.0484,11.6306)]
triangle[(14.5675,0.0374412),(-7.4109,17.3892),(-35.2631,-17.8896)]
triangle[(14.4321,5.67418),(12.0812,2.29029),(15.6264,-0.172718)]
triangle[(14.3744,-12.1234),(-6.59506,-11.8945),(-6.93222,-42.7808)]
triangle[(16.9308,13.1832),(-2.1634,-14.2131),(33.7945,-39.2744)]
triangle[(-8.19772,10.3261),(17.4825,-20.7073),(71.3716,23.8861)]
triangle[(-8.10877,11.9902),(-15.5314,-7.62851),(23.1011,-22.2449)]
triangle[(2.72577,-6.97787),(-6.66736,18.9328),(-39.4943,7.03237)]
triangle[(-9.12539,-16.6858),(19.4445,14.4263),(-16.0076,46.9816)]
triangle[(-6.18635,1.57785),(-3.80343,-0.97727),(-1.07433,1.5679)]
triangle[(2.68055,-17.0959),(-3.7919,13.1353),(-61.468,0.786967)]
triangle[(-7.75628,17.6905),(1.38423,-19.2939),(42.4665,-9.14065)]
triangle[(-7.29013,-16.6818),(3.79743,11.0483),(-37.156,27.4231)]
triangle[(-12.9516,14.3431),(9.07599,0.0743257),(31.8363,35.211)]
triangle[(-12.3721,20.5661),(-16.5515,-4.19228),(22.8076,-10.8363)]
triangle[(17.9552,-6.08645),(-19.472,3.83445),(-34.1923,-51.6986)]
triangle[(9.77255,-16.764),(-5.53693,20.3499),(-43.5522,4.66863)]
triangle[(5.34001,-16.0779),(20.7532,8.95054),(-6.33332,25.6311)]
triangle[(14.9816,12.0792),(8.97479,1.22945),(29.93,-10.372)]
triangle[(9.50296,16.5732),(-16.8226,-18.7855),(24.7946,-49.7708)]
triangle[(13.915,10.6083),(5.32446,-10.3471),(44.2875,-26.3197)]
triangle[(-17.2647,7.03383),(18.4634,11.6424),(9.33814,82.3862)]
triangle[(14.7914,-16.4246),(-1.61365,10.7695),(-31.6008,-7.32044)]
triangle[(-20.7323,14.0952),(-3.08595,4.03988),(8.25876,23.949)]
triangle[(1.56788,5.80738),(-12.8059,9.35936),(-18.7014,-14.4981)]
triangle[(19.1881,-12.9759),(-5.06072,10.2869),(-30.5124,-16.2436)]
triangle[(-16.3772,-4.15916),(10.5007,-3.25149),(9.38318,29.8404)]
triangle[(3.23515,-16.4467),(19.288,11.9735),(-22.5463,35.6032)]
triangle[(-13.5241,-4.12984),(8.91101,-3.62121),(8.01562,35.874)]
triangle[(16.0008,13.8122),(7.91276,10.6627),(11.5847,1.23296)]
triangle[(-4.31285,11.5133),(9.64647,20.5322),(-1.46817,37.7352)]
triangle[(7.19317,3.10701),(9.51635,13.8218),(-10.2402,18.1054)]
triangle[(-14.0926,-9.63372),(-2.98832,20.0667),(-61.0429,41.7719)]
triangle[(-17.8178,10.9079),(-13.065,-9.99248),(14.3445,-3.7594)]
triangle[(10.4227,-6.25396),(1.49078,-5.79462),(0.669233,-21.7698)]
triangle[(-3.32872,-14.3956),(-12.0064,6.6442),(-49.3328,-8.75082)]
triangle[(-8.99649,11.2168),(-6.66348,0.0470513),(13.2571,4.20783)]
triangle[(17.3061,-15.0099),(-10.8435,13.1877),(-49.5182,-25.4212)]
triangle[(-13.2999,11.4353),(-0.64637,-6.38772),(25.68,12.3028)]
triangle[(18.3262,-3.67494),(10.7428,-2.77638),(9.6871,-11.6858)]
triangle[(8.60013,-16.475),(-12.076,-0.931747),(-38.2708,-35.7769)]
triangle[(19.1895,-10.3564),(-17.6699,-4.82775),(-24.4818,-50.2427)]
triangle[(10.1923,-9.27285),(-15.1574,8.66707),(-46.4984,-35.6188)]
triangle[(1.21858,4.31239),(1.00045,-19.391),(27.5946,-19.6358)]
triangle[(-0.322803,19.1357),(-20.1762,-3.97751),(24.7402,-42.5589)]
triangle[(-4.99096,2.44678),(12.8804,-19.1338),(37.8106,1.51148)]
triangle[(-17.4187,-13.6475),(9.03895,1.79211),(-8.78581,32.337)]
triangle[(2.84955,20.6594),(16.1115,-9.15812),(65.4209,12.7733)]
triangle[(6.62754,12.4816),(-0.925128,5.22124),(10.2928,-6.4483)]
triangle[(19.0668,-11.3894),(8.30542,10.7798),(-33.3355,-9.43355)]
triangle[(-15.685,-3.64664),(17.8196,-13.6196),(31.3889,31.9672)]
triangle[(1.17971,-6.02808),(15.4398,0.753068),(3.46908,25.9264)]
triangle[(-9.23756,10.5481),(15.7758,-0.460647),(30.4871,32.9656)]
triangle[(-3.21026,3.61525),(-2.21702,-0.703317),(6.3446,1.26579)]
triangle[(8.70974,14.2507),(-14.8534,-7.38434),(26.8812,-52.8382)]
triangle[(-19.3427,-6.50905),(19.3295,9.59431),(0.758525,54.1925)]
triangle[(12.7841,-10.4862),(5.81531,3.06841),(-18.8024,-9.58816)]
triangle[(9.20264,8.57413),(3.5789,-1.8204),(22.3491,-11.9756)]
triangle[(-3.58602,14.509),(18.0302,-11.2609),(55.0859,19.822)]
triangle[(11.7239,-14.677),(6.26546,-12.5049),(2.15223,-22.8414)]
triangle[(8.02571,9.76621),(4.03145,-5.06437),(25.5326,-10.8552)]
triangle[(8.46016,10.128),(-2.68852,-10.608),(31.7842,-29.1422)]
triangle[(2.6027,-8.48151),(19.2313,-17.9788),(33.7448,7.43275)]
triangle[(-19.7045,17.8936),(-10.8435,8.33445),(-0.958526,17.4975)]
triangle[(17.7716,-0.485221),(-14.371,-12.5158),(-0.895144,-48.5196)]
triangle[(-5.82177,-6.84399),(-1.41372,-15.6629),(14.319,-7.79904)]
triangle[(-2.6477,3.67408),(0.425286,-19.8523),(36.9245,-15.0848)]
triangle[(-20.3511,-6.04627),(-3.61386,-20.0497),(18.3866,6.24566)]
triangle[(17.3941,-1.848),(-10.8376,-15.1494),(8.76478,-56.7547)]
triangle[(-14.4558,-20.2966),(6.92589,-13.9007),(-5.09969,26.301)]
triangle[(20.4324,5.83108),(-1.81088,-2.48495),(9.81228,-33.5739)]
triangle[(-0.309795,-17.6714),(-5.97191,-4.79735),(-22.3096,-11.9828)]
triangle[(-1.21281,1.17849),(15.0472,-15.8287),(40.0972,8.12084)]
triangle[(-18.3441,-5.47889),(9.75496,-10.0258),(15.3732,24.6943)]
triangle[(3.00305,-18.4539),(-16.8839,8.29408),(-49.7695,-16.1561)]
triangle[(-1.51728,-3.4985),(-8.20833,-4.04466),(-7.41551,-13.7577)]
triangle[(3.42073,-4.58319),(-8.0153,-13.0034),(6.27519,-32.4123)]
triangle[(-1.70425,-10.9315),(-10.0158,-5.45425),(-19.8923,-20.4414)]
triangle[(-1.18728,19.9842),(-20.8214,11.0383),(-9.40974,-14.0076)]
triangle[(10.1159,-4.22046),(-11.9506,3.83061),(-26.403,-35.7808)]
triangle[(-15.7185,-6.52846),(9.4335,9.92355),(-14.8935,47.1149)]
triangle[(-5.28292,-15.8607),(12.056,12.7461),(-18.6058,31.3306)]
triangle[(4.8921,-0.806381),(14.8436,-18.3949),(36.0652,-6.38785)]
triangle[(-9.22507,16.3305),(10.9015,-20.6506),(63.0264,7.7178)]
triangle[(10.2341,-1.92697),(-2.67077,-5.32081),(3.69224,-29.5158)]
triangle[(7.96844,11.9455),(-3.2643,-2.13714),(13.524,-15.5281)]
triangle[(17.9289,-10.718),(10.6874,16.1318),(-22.8355,7.09046)]
triangle[(-19.2336,-10.626),(-16.7642,-13.4896),(-12.9702,-10.2178)]
triangle[(-2.44824,8.36553),(-19.0899,-8.74927),(4.2193,-31.414)]
triangle[(-1.60544,-18.2056),(-6.43478,15.7679),(-56.3247,8.67608)]
triangle[(-7.72413,15.7562),(-5.72696,-17.2927),(41.3285,-14.4491)]
triangle[(-5.45388,-8.25936),(-20.7769,19.1575),(-64.45,-5.25102)]
triangle[(-5.52372,-15.8172),(9.66916,-1.67494),(-16.4032,26.3343)]
triangle[(-3.15865,-19.5132),(-16.5308,-10.1754),(-34.5391,-35.9643)]
triangle[(-1.3312,-14.6803),(4.25022,7.145),(-27.8534,15.3549)]
triangle[(16.933,-2.57565),(9.2957,-5.12493),(14.0935,-19.4985)]
triangle[(-15.8108,7.08186),(-13.9091,20.8909),(-29.2947,23.0098)]
triangle[(-2.082,6.0923),(14.212,-2.30967),(26.1524,20.8464)]
triangle[(6.69183,2.89125),(19.606,-1.59595),(28.0547,22.7193)]
triangle[(6.79177,-7.39453),(-2.76405,20.9552),(-58.9066,2.0313)]
triangle[(-19.5959,3.45614),(-17.1425,5.68585),(-21.0454,9.98024)]
triangle[(-12.5428,3.20522),(-11.2524,-7.41356),(9.10731,-4.93936)]
triangle[(6.08693,-5.4559),(-15.3529,15.1277),(-41.7532,-12.3708)]
triangle[(-17.6808,-10.6931),(-11.8439,-17.4099),(-4.23278,-10.7958)]
triangle[(1.84642,19.0359),(1.95246,8.90982),(14.5667,9.04191)]
triangle[(2.54319,-1.34431),(-1.21841,-19.2241),(30.826,-25.9657)]
triangle[(8.55258,11.134),(-13.9185,1.26058),(-2.07632,-25.6915)]
triangle[(12.12,-1.62815),(-12.6011,1.81273),(-16.5187,-26.3329)]
triangle[(-10.7855,2.08949),(-4.83846,1.89969),(-4.5132,12.0911)]
triangle[(12.8421,5.9795),(14.4281,-0.5511),(24.6409,1.92913)]
triangle[(8.67203,13.8593),(13.7334,-16.085),(69.6824,-6.62813)]
triangle[(7.00541,5.79761),(-1.09543,11.998),(-9.03441,1.62566)]
triangle[(-8.97863,11.9123),(-19.6151,-12.7263),(21.4077,-30.4357)]
triangle[(-15.3736,6.8808),(-10.2341,-19.0993),(35.1742,-10.1163)]
triangle[(17.7909,5.82136),(1.84199,3.40078),(5.77142,-22.4897)]
triangle[(18.812,1.44657),(11.3563,7.10402),(1.13014,-6.37261)]
triangle[(4.66804,-15.1547),(-13.3504,18.1904),(-58.5386,-6.22767)]
triangle[(-16.4004,-9.84724),(-19.9037,-10.4017),(-18.9426,-16.4747)]
triangle[(-13.6344,-7.67063),(-8.7503,-3.86837),(-15.0392,4.2098)]
triangle[(18.7194,12.747),(-11.9058,6.40042),(-3.21003,-35.5612)]
triangle[(2.72337,-20.5698),(0.499122,2.5717),(-26.7225,-0.0447123)]
triangle[(14.4421,-9.37323),(1.19789,2.1078),(-17.0364,-18.9268)]
