triangle[(-2.87006,-12.3494),(-15.9235,-4.27796),(-26.0495,-20.6541)]
triangle[(-5.21282,-19.1141),(-14.8494,4.62828),(-59.8809,-13.6491)]
triangle[(13.6364,-18.7263),(14.1481,-4.58274),(-5.75738,-3.8625)]
triangle[(-5.47451,17.7568),(19.928,16.741),(21.4399,54.5493)]
triangle[(-19.8141,-0.366729),(20.0455,17.372),(-13.479,92.7028)]
triangle[(9.4188,8.40539),(13.1776,4.4947),(17.337,8.49258)]
triangle[(-12.6693,16.3939),(11.4281,13.3416),(14.7876,39.8643)]
triangle[(2.15782,17.5945),(19.4508,5.46163),(36.8155,30.2116)]
triangle[(-6.58177,-19.2864),(-1.24105,14.55),(-59.7882,23.791)]
triangle[(12.5104,1.59305),(-12.8217,20.2598),(-36.112,-11.3466)]
triangle[(4.50088,20.1302),(-17.1745,19.2003),(-15.8645,-11.3346)]
triangle[(-9.45681,9.56091),(1.81208,20.8701),(-14.1666,36.7919)]
triangle[(-10.9316,13.127),(15.7746,-3.5635),(46.1914,45.106)]
triangle[(18.7693,11.7721),(-0.314423,-20.832),(48.9452,-49.6645)]
triangle[(4.18055,1.65791),(9.40105,-19.0458),(34.1513,-12.805)]
triangle[(17.8027,6.66332),(0.567694,-13.7211),(26.7332,-35.844)]
triangle[(18.1201,-19.1684),(-7.92234,-17.4914),(-10.2425,-53.5214)]
triangle[(-3.07889,17.0481),(-10.8883,20.1062),(-16.6358,5.42879)]
triangle[(17.8949,-17.3827),(5.89015,11.7612),(-29.9821,-3.01504)]
triangle[(-2.98699,14.6443),(4.55644,-5.28909),(34.8719,6.18326)]
triangle[(-7.65441,-3.78221),(-4.85784,13.2625),(-31.0645,17.5623)]
triangle[(-6.88323,6.31966),(20.3214,-18.6249),(65.8741,31.0551)]
triangle[(20.733,-3.41864),(-18.1219,10.5681),(-45.2087,-64.6784)]
triangle[(19.747,11.6879),(-14.2184,-15.2241),(30.0323,-71.0725)]
triangle[(14.0372,9.89494),(12.7641,-9.09303),(38.8681,-10.8433)]
triangle[(-13.5439,-0.133851),(-20.2988,-11.3102),(-7.02874,-19.3305)]
triangle[(6.40792,-7.64411),(-3.16474,0.24327),(-14.5872,-13.6198)]
triangle[(-11.1864,-2.01732),(20.2454,0.360896),(16.4062,51.1025)]
triangle[(11.2239,-17.0162),(0.680712,-9.4806),(-8.47086,-22.2847)]
triangle[(-12.9413,12.3619),(12.6931,-9.29695),(53.691,39.2263)]
triangle[(5.75052,-6.82149),(13.0318,3.52417),(-7.11285,17.7018)]
triangle[(20.3204,-18.7163),(9.09102,19.7391),(-65.5735,-2.06365)]
triangle[(-9.69878,2.50894),(1.32813,16.2755),(-17.2691,31.1718)]
triangle[(0.112928,6.16454),(4.62248,3.73334),(9.35483,12.5112)]
triangle[(13.8635,-18.6055),(-1.77247,-1.54649),(-23.8285,-21.7626)]
triangle[(-15.8177,8.01858),(-16.2974,-15.0791),(21.8233,-15.8708)]
triangle[(-3.59713,3.95326),(-1.10245,11.7535),(-12.0908,15.2678)]
triangle[(-17.3141,12.4695),(-13.8925,-13.2031),(37.072,-6.41065)]
triangle[(-5.91698,4.78417),(9.56658,6.25315),(7.05937,32.6799)]
triangle[(3.83887,9.15127),(0.158051,11.1166),(-2.24823,6.60987)]
triangle[(-15.872,0.137638),(8.23032,-8.72591),(25.5323,38.3228)]
triangle[(-14.6859,-9.94069),(-18.4536,-9.14397),(-19.861,-15.7994)]
triangle[(9.25074,-9.02055),(-3.7882,8.81833),(-36.6758,-15.2201)]
triangle[(5.95167,8.17812),(18.9557,-1.55882),(37.2371,22.8567)]
triangle[(-5.65308,1.59856),(4.49466,6.9742),(-4.20403,23.395)]
triangle[(16.8385,-17.7317),(-5.58435,-9.52166),(-17.9108,-43.1872)]
triangle[(-0.204299,12.6978),(-10.0922,-18.7348),(36.6435,-33.4367)]
triangle[(0.633026,15.3785),(3.4876,5.01401),(20.679,9.74887)]
triangle[(2.64351,-0.46106),(6.48588,7.56103),(-5.58328,13.3418)]
triangle[(-18.3066,-18.6883),(9.62477,-6.95619),(-2.47938,21.861)]
triangle[(-8.7688,-9.3808),(-10.4036,6.52735),(-28.9642,4.61997)]
triangle[(-8.20769,-19.2608),(14.8557,8.08899),(-24.9457,41.6525)]
triangle[(11.5344,14.0061),(19.5251,-0.990297),(35.0357,7.27436)]
triangle[(4.44809,-13.7184),(-4.60791,10.9373),(-38.7716,-1.61094)]
triangle[(-20.557,20.7285),(-10.2434,5.76538),(5.82357,16.8398)]
triangle[(-12.819,-19.2957),(-5.60606,16.0903),(-54.4778,26.0521)]
triangle[(-18.0889,8.49379),(-6.49893,-2.95951),(13.5459,17.3246)]
triangle[(-6.50326,0.0944393),(-3.18684,-10.2145),(12.876,-5.04699)]
triangle[(12.613,-4.24866),(9.92263,0.347326),(2.71376,-3.8726)]
triangle[(20.5652,-6.23612),(16.9286,-5.38798),(15.9613,-9.53533)]
triangle[(-4.21942,-20.4423),(-12.2697,20.4709),(-57.4198,11.5868)]
triangle[(-14.5629,3.28349),(-0.735977,2.42791),(0.340319,19.8217)]
triangle[(-2.12348,15.7185),(15.8631,15.5044),(16.2691,49.6184)]
triangle[(20.2594,-0.111971),(4.34144,-18.8751),(28.1142,-39.043)]
triangle[(19.7005,-15.537),(2.4744,-4.4107),(-9.9189,-23.5985)]
triangle[(-12.1814,20.8641),(20.5337,7.39695),(46.0093,69.2834)]
triangle[(-11.8357,-3.55996),(20.4792,17.6688),(-11.3573,66.131)]
triangle[(-16.1562,16.6298),(11.4452,19.234),(6.92566,67.1368)]
triangle[(-9.61511,6.29614),(-8.76733,-3.52927),(9.75625,-1.93096)]
triangle[(15.4097,-0.473336),(-0.510353,10.8916),(-19.2287,-15.3293)]
triangle[(-6.71811,12.5024),(-15.9223,-8.92532),(23.1654,-25.7152)]
triangle[(2.32833,-20.4272),(-16.5281,17.2722),(-70.3326,-9.63965)]
triangle[(7.70985,2.92193),(-8.27861,11.7778),(-22.06,-13.1031)]
triangle[(10.8681,-0.917615),(-12.2665,8.40072),(-21.87,-15.4418)]
triangle[(9.05037,-8.38911),(19.2742,3.43236),(-2.09094,21.9101)]
triangle[(5.58253,-19.5045),(-0.86882,16.2911),(-57.5459,6.07628)]
triangle[(-18.6376,9.59773),(-17.4768,-20.1217),(36.519,-18.0126)]
triangle[(-18.5947,16.7698),(-9.71334,-12.0303),(28.9385,-0.110967)]
triangle[(-3.94867,8.67878),(10.5891,-18.0314),(53.7495,5.4599)]
triangle[(-20.433,5.45807),(-9.59348,14.2047),(-24.5775,32.774)]
triangle[(18.1829,-8.4536),(-20.4167,2.28843),(-34.8734,-49.6593)]
triangle[(11.0146,15.2911),(-18.6788,-0.929717),(8.49712,-50.6773)]
triangle[(-16.9559,-14.3545),(-1.82852,-7.05078),(-9.13975,8.0921)]
triangle[(18.9019,8.14336),(-6.32493,-15.3815),(19.9394,-43.546)]
triangle[(3.57098,-8.63068),(-17.5288,-10.7754),(-13.2435,-52.9335)]
triangle[(-14.1457,3.213),(-19.1753,-15.3126),(5.81449,-22.0972)]
triangle[(-9.35575,6.77261),(-7.08332,-4.04269),(7.10201,-1.06218)]
triangle[(-5.72814,5.02288),(4.01396,-12.1789),(33.4697,4.5032)]
triangle[(18.0487,6.86162),(3.83408,11.0645),(-2.56784,-10.5877)]
triangle[(-6.00641,5.62114),(-16.9262,9.23791),(-23.1748,-9.62777)]
triangle[(-20.7299,-13.9699),(0.865313,1.96303),(-24.5985,36.4762)]
triangle[(-13.6178,1.12488),(15.7854,4.7848),(9.9076,52.0056)]
triangle[(-14.5465,-3.54372),(-2.42396,9.53102),(-15.652,21.7957)]
triangle[(15.2837,5.02472),(-7.87991,-13.1668),(19.9287,-48.5761)]
triangle[(0.906135,5.73592),(0.300059,12.7201),(-9.55579,11.8648)]
triangle[(8.76099,8.75078),(9.56281,-8.48415),(36.4936,-7.23126)]
triangle[(14.2102,7.7961),(4.68126,-7.05945),(21.4466,-17.8134)]
triangle[(-12.7132,9.05569),(-0.0252555,-20.7756),(30.1973,-7.92122)]
triangle[(11.019,6.02547),(17.8384,-6.91395),(31.4037,0.235291)]
triangle[(1.84341,4.73538),(8.97492,-7.41272),(25.2159,2.12151)]
triangle[(-6.21462,12.9063),(-16.7386,18.8458),(-23.989,5.99908)]
triangle[(-8.85684,-17.5647),(-9.98172,13.1346),(-44.968,11.8526)]
triangle[(-14.7924,19.7701),(-20.4054,14.9728),(-10.9916,3.95851)]
triangle[(0.279228,14.8667),(-18.5743,-12.3012),(26.8134,-43.7986)]
triangle[(-7.20946,-19.8679),(-11.8722,12.4408),(-76.2754,3.14627)]
triangle[(15.5205,-15.7736),(-3.44625,-16.0618),(-2.99988,-45.4336)]
triangle[(-15.0155,13.1109),(-5.19956,-4.64805),(13.2697,5.56046)]
triangle[(16.8401,13.7853),(-17.0452,-1.41071),(3.52373,-47.2771)]
triangle[(14.7254,-10.7126),(-3.54497,15.6886),(-51.1806,-17.2765)]
triangle[(-10.4903,-3.97047),(2.50167,20.9588),(-29.9499,37.871)]
triangle[(9.6547,-6.70606),(-14.8434,1.47577),(-24.7909,-28.309)]
triangle[(9.32402,-3.0183),(2.18517,14.8367),(-18.6243,6.51654)]
triangle[(17.5841,9.82837),(-10.9288,-1.95212),(4.80266,-40.0279)]
triangle[(-8.22663,-0.721535),(19.0193,-19.5556),(38.7983,9.05744)]
triangle[(-7.85114,-12.8676),(-17.5027,-20.2701),(-7.23434,-33.6581)]
triangle[(-8.40321,17.7276),(-11.434,-4.16252),(27.8403,-9.60015)]
triangle[(-15.6672,11.1421),(-18.623,16.1373),(-28.5318,10.274)]
triangle[(10.94,-19.2535),(14.0834,-10.8609),(2.71801,-6.604)]
triangle[(9.23457,-12.391),(-20.053,-14.3927),(-17.8395,-46.7797)]
triangle[(18.2618,12.6526),(-8.65783,-9.93462),(14.6823,-37.7516)]
triangle[(-19.8829,0.566136),(1.29326,0.308394),(1.74108,37.1008)]
triangle[(-17.8673,-6.35264),(19.8417,1.76599),(10.442,45.4252)]
triangle[(8.68914,17.7376),(-16.8708,19.3388),(-19.1353,-16.8103)]
triangle[(-13.8102,-8.25547),(16.5975,-2.30882),(5.11093,56.4267)]
triangle[(19.7995,2.38014),(-7.09712,19.3957),(-33.0245,-21.5878)]
triangle[(-18.3279,-19.5796),(-17.1346,13.9925),(-57.5912,15.4306)]
triangle[(14.2364,9.75792),(-9.01448,-10.1963),(16.5429,-39.9761)]
triangle[(-17.2258,3.60953),(17.1705,12.947),(2.80965,65.8478)]
triangle[(-6.78044,0.768412),(-14.3418,9.96479),(-28.6262,-1.77999)]
triangle[(-19.2,3.53757),(-11.8422,2.4366),(-10.1727,13.5936)]
triangle[(19.6068,10.8609),(-9.54566,-0.248829),(6.99241,-43.6455)]
triangle[(-3.30992,20.6122),(-10.3033,10.6728),(5.28491,-0.295036)]
triangle[(9.66226,12.5366),(-13.0334,-17.4531),(19.5824,-42.1361)]
triangle[(20.9873,16.9858),(1.66491,3.43512),(27.8197,-33.8599)]
triangle[(-18.776,-1.13137),(-13.0799,15.9689),(-35.7538,23.5216)]
triangle[(-7.00674,-13.2782),(2.11979,-8.92756),(-4.62,5.21092)]
triangle[(-2.62115,18.3526),(12.3776,-19.4807),(67.8606,2.5153)]
triangle[(15.7258,-19.0354),(2.7934,-3.13984),(-19.8157,-21.5342)]
triangle[(0.421771,-16.4496),(4.99412,-3.26944),(-11.0863,2.30902)]
triangle[(16.1381,7.03785),(2.01362,-2.81396),(21.7129,-31.0567)]
triangle[(16.3705,14.3479),(15.5554,9.71612),(24.5049,8.14135)]
triangle[(-8.36668,-19.5332),(18.3751,-5.99595),(-3.2518,36.7262)]
triangle[(8.975,-5.72047),(-7.81773,19.6236),(-48.1594,-7.10648)]
triangle[(20.6337,-10.2974),(-12.1397,-15.5769),(-1.99517,-78.5507)]
triangle[(9.31704,-8.20399),(-3.15058,1.05944),(-17.7826,-18.6337)]
triangle[(-15.1848,-8.08138),(-9.429,-17.4969),(3.44896,-9.6244)]
triangle[(-16.8631,-19.5259),(2.11562,19.2006),(-43.4127,41.5128)]
triangle[(-11.9741,8.18111),(-20.6614,1.81925),(-9.01381,-14.0858)]
triangle[(17.3042,13.6192),(-18.1087,-11.3376),(8.92995,-49.7046)]
triangle[(-4.10021,-12.5472),(3.73524,14.6533),(-50.0015,30.1328)]
triangle[(6.72699,20.0594),(12.7974,5.97161),(34.6189,15.3744)]
triangle[(2.11141,13.4666),(8.58179,-11.3415),(55.5551,0.909973)]
triangle[(5.53113,-8.17924),(15.3353,-17.0448),(24.65,-6.74398)]
triangle[(15.1351,-1.11126),(-8.14697,-4.29081),(-3.79607,-36.15)]
triangle[(20.9657,2.093),(7.66122,9.76526),(-0.0501506,-3.60703)]
triangle[(3.49916,-5.53366),(-4.90039,18.3171),(-44.9536,4.21158)]
triangle[(-10.3418,4.4225),(12.8116,19.8287),(-12.0629,57.2115)]
triangle[(3.33671,-16.5111),(3.48232,19.2005),(-50.355,19.42)]
triangle[(9.9823,17.7589),(-2.62331,-2.16035),(20.5682,-16.8368)]
triangle[(-12.0084,12.614),(17.2119,17.9106),(7.69888,70.3912)]
triangle[(17.2789,10.7135),(-10.8932,0.366391),(6.23267,-46.2621)]
triangle[(-11.0816,14.216),(-1.81267,-20.8929),(37.2666,-10.5757)]
triangle[(16.0943,-15.626),(10.6637,15.7617),(-43.7975,6.33907)]
triangle[(-2.16702,20.5503),(11.2223,-4.03035),(59.6011,22.3221)]
triangle[(-19.2876,8.25953),(4.79976,13.0601),(-0.543025,39.8682)]
triangle[(16.9964,-19.3375),(12.9709,19.4774),(-32.3332,14.7788)]
triangle[(12.7135,-20.6485),(-12.6321,-8.92769),(-27.1627,-40.3493)]
triangle[(-12.7458,-12.927),(3.71867,7.01788),(-22.7704,28.8846)]
triangle[(-0.15776,2.93619),(-14.331,10.1754),(-24.7165,-10.1579)]
triangle[(-20.5013,11.7057),(10.8168,-19.902),(53.4011,22.2922)]
triangle[(-17.3626,-4.62608),(3.02742,-12.7938),(13.3211,12.9034)]
triangle[(17.4621,16.5671),(12.9398,-16.403),(70.4593,-24.2927)]
triangle[(-12.1463,10.3226),(-17.4662,11.8449),(-20.483,1.30252)]
triangle[(7.81165,12.7875),(-12.8156,-18.5521),(25.7001,-43.9025)]
triangle[(-7.78389,-18.3303),(-10.0366,13.8495),(-43.15,11.5315)]
triangle[(9.09393,-18.7166),(-3.05675,-14.5165),(-10.5506,-36.1956)]
triangle[(-11.6653,13.4539),(-18.319,-17.6625),(26.6382,-27.2758)]
triangle[(-3.83497,14.2547),(-16.1957,17.1922),(-20.1771,0.438994)]
triangle[(6.96677,-20.185),(17.268,0.235399),(-20.0532,19.0625)]
triangle[(-15.9719,17.8741),(-15.4186,20.2092),(-18.6952,20.9855)]
triangle[(18.7895,-5.21854),(1.7988,-20.1823),(31.1066,-53.4599)]
triangle[(2.67697,-5.3216),(14.6218,14.6543),(-11.3066,30.1585)]
triangle[(1.68547,-5.61976),(-8.61719,8.73547),(-26.1022,-3.81341)]
triangle[(10.4371,-14.8182),(17.2791,-5.69459),(0.627301,6.79296)]
triangle[(11.9381,-11.1896),(4.61499,-19.0789),(18.0811,-31.5786)]
triangle[(-4.40119,-16.6566),(-18.4,13.5366),(-48.7752,-0.546538)]
triangle[(-12.9896,3.70111),(-12.1667,13.3406),(-27.8809,14.6821)]
triangle[(10.2893,-14.1624),(-8.95256,17.3714),(-67.6763,-18.4617)]
triangle[(-12.9513,-17.6034),(-13.0777,18.484),(-81.2838,18.2452)]
triangle[(14.6241,-7.43305),(-5.04402,-7.14777),(-5.42115,-33.1483)]
triangle[(11.1397,-1.90325),(-6.36683,18.3252),(-36.1643,-7.46267)]
triangle[(19.6453,9.6159),(-2.58271,6.15424),(3.99251,-36.0666)]
triangle[(6.15877,3.51052),(-15.2472,-15.7425),(18.1264,-52.8481)]
triangle[(6.94383,8.04584),(-2.12289,15.1501),(-10.7193,4.17887)]
triangle[(5.47149,-15.6294),(-20.2502,14.5866),(-76.7396,-33.5005)]
triangle[(13.1362,-15.5318),(2.91451,4.12864),(-22.4315,-9.04902)]
triangle[(19.5013,0.75736),(7.51953,13.0625),(-16.0247,-9.86299)]
triangle[(-16.6457,16.205),(14.3504,-7.96388),(42.9787,28.7513)]
triangle[(-19.1048,-20.2631),(15.0117,17.188),(-28.709,57.0158)]
triangle[(-9.23187,5.70574),(-14.4994,2.13896),(-10.2444,-4.14511)]
triangle[(18.2147,-10.0848),(-8.81771,-6.59212),(-13.5255,-43.0296)]
triangle[(-14.3203,-14.7685),(-4.87323,-9.55834),(-13.7539,6.5442)]
triangle[(-13.1466,-16.1588),(-0.389974,11.1109),(-50.7918,34.6887)]
triangle[(20.3724,7.5143),(19.177,-2.88509),(37.0661,-4.94152)]
triangle[(-17.5592,8.23981),(-17.3754,15.1449),(-30.6463,15.4983)]
triangle[(-20.101,-12.2274),(19.5415,-20.4288),(34.0905,49.8951)]
triangle[(-12.9723,-18.5785),(-14.0071,17.91),(-53.9963,16.776)]
triangle[(4.02775,-0.484613),(12.5666,-17.0832),(42.1154,-1.88239)]
triangle[(18.6605,15.7028),(5.91209,-20.6404),(67.4298,-42.2196)]
triangle[(11.8132,11.7384),(19.3421,-11.4079),(49.2943,-1.66525)]
triangle[(-20.5839,-17.9419),(17.3547,10.1565),(-30.4516,74.7051)]
triangle[(-1.1523,-12.5743),(8.94224,9.47375),(-20.8336,23.1064)]
triangle[(3.57623,-0.682046),(13.5747,-8.50063),(27.3007,9.05231)]
triangle[(-20.2402,6.06241),(3.28458,-0.251658),(13.5563,38.0183)]
triangle[(-1.29954,-20.5065),(9.29611,16.1224),(-40.3063,30.4709)]
triangle[(5.55497,19.2201),(3.91269,16.2497),(8.6872,13.61)]
triangle[(14.6026,19.6663),(3.54108,-1.93335),(39.1442,-20.1662)]
triangle[(20.1093,-17.0262),(-16.0899,-17.4669),(-15.4072,-73.5461)]
triangle[(-15.1976,6.80751),(-1.20234,-7.44527),(17.4009,10.8219)]
triangle[(-10.9707,0.204767),(1.229,20.2543),(-32.8177,40.9709)]
triangle[(1.10266,15.1811),(-3.43834,-16.5787),(46.4768,-23.7155)]
triangle[(-3.34583,11.283),(5.04317,18.6075),(-4.04587,29.0175)]
triangle[(-20.7591,12.8254),(5.22834,-10.8238),(38.3948,25.622)]
triangle[(-10.2552,7.85717),(-1.43655,20.6821),(-19.5123,33.1113)]
triangle[(18.9053,-14.072),(-0.816721,9.18367),(-43.3183,-26.8599)]
triangle[(-8.32235,-2.53802),(-7.6448,10.5339),(-27.1751,11.5462)]
triangle[(2.96898,16.0431),(-2.78573,13.1202),(0.33646,6.97324)]
triangle[(-11.6512,-15.9359),(10.2197,-17.3437),(11.6345,4.63518)]
triangle[(20.0731,-6.55257),(9.53597,-19.5617),(25.5107,-32.5008)]
triangle[(13.495,14.5629),(-15.2089,13.7253),(-13.5502,-43.1171)]
triangle[(5.51198,-7.91927),(7.20804,16.4023),(-31.5707,19.1065)]
triangle[(10.7548,20.0078),(2.22382,14.4589),(11.6449,-0.025397)]
triangle[(-13.4967,-20.3385),(7.38268,-2.2007),(-27.3792,37.8156)]
triangle[(7.08669,-20.7635),(9.3483,-4.52379),(-14.0657,-1.26306)]
triangle[(10.6551,-12.3212),(-15.5892,-16.3097),(-9.50175,-56.3653)]
triangle[(0.902848,5.54554),(2.64707,-10.7389),(34.362,-7.34197)]
triangle[(-16.3681,-3.2365),(-15.6863,16.3131),(-53.5396,17.6333)]
triangle[(-1.33479,-6.77383),(-9.59385,5.85253),(-30.1038,-7.5633)]
triangle[(-19.8978,7.15801),(-3.35489,1.73385),(4.92144,26.9754)]
triangle[(-14.4433,18.7201),(10.5061,20.2253),(8.68738,50.3732)]
triangle[(6.80614,-15.3821),(1.82798,19.0691),(-49.2134,11.6937)]
triangle[(18.511,-9.80735),(14.6551,5.23469),(-3.28793,0.635076)]
triangle[(-9.52237,7.67811),(5.79335,18.6046),(-14.7131,47.3486)]
triangle[(6.93632,-12.73),(17.6391,-0.339306),(-1.61367,16.2909)]
triangle[(-14.0217,4.80927),(-20.7896,17.968),(-43.1364,6.47435)]
triangle[(-13.8196,12.1212),(-0.210932,-12.3131),(37.4502,8.66234)]
triangle[(11.5454,11.865),(-11.7866,-10.2913),(13.5998,-37.0248)]
triangle[(10.6731,-12.7659),(-8.67905,-13.6295),(-7.20356,-46.6951)]
triangle[(4.39388,18.0792),(-1.46586,11.7626),(7.87961,3.093)]
triangle[(3.47076,-0.334233),(1.48244,12.5924),(-12.6687,10.4157)]
triangle[(10.9415,9.33096),(7.10862,18.2459),(-4.57756,13.2216)]
triangle[(-6.27507,4.8446),(3.17107,-0.480181),(10.7264,12.923)]
triangle[(-11.7284,-13.153),(20.2396,9.10246),(-21.0814,68.4563)]
triangle[(15.8986,-1.28924),(-5.24921,14.0582),(-22.7406,-10.0438)]
triangle[(-1.3203,-20.9441),(10.1144,7.98371),(-26.9639,22.6401)]
triangle[(-6.72944,-1.90438),(-10.8136,8.8841),(-23.6408,4.02811)]
triangle[(-10.9909,9.07335),(-1.9549,11.8505),(-5.58387,23.658)]
triangle[(11.986,-9.09956),(-0.992269,19.9294),(-46.7042,-0.507529)]
triangle[(-20.3588,4.16012),(9.26637,-7.46882),(27.3086,38.4944)]
triangle[(14.6092,17.8425),(15.3294,12.2987),(23.0688,13.3042)]
triangle[(-4.9949,-10.2963),(4.88947,10.8189),(-26.0012,25.2793)]
triangle[(3.92552,-5.31732),(-0.590202,-0.673115),(-7.19716,-7.0973)]
triangle[(-3.28874,-10.5406),(17.3117,-11.7356),(19.1581,20.094)]
triangle[(13.1758,7.99593),(14.1999,-1.98783),(32.1074,-0.150788)]
triangle[(11.7074,14.8488),(-17.956,18.5382),(-23.7327,-27.9083)]
triangle[(0.403895,-2.58543),(18.4665,0.289509),(15.0455,21.7833)]
triangle[(5.99162,3.53142),(4.38267,17.9169),(-22.2256,14.9409)]
triangle[(-20.2508,16.6213),(20.3175,-8.32886),(53.9188,46.3058)]
triangle[(-4.35622,-9.89295),(-7.37066,18.7455),(-54.825,13.7506)]
triangle[(12.739,-3.37477),(-7.25204,20.8961),(-41.0259,-6.9221)]
triangle[(1.26432,18.6429),(-17.4713,-4.97971),(10.3543,-27.0489)]
triangle[(15.3674,15.7226),(20.9047,-6.6707),(57.2466,2.31568)]
triangle[(-3.78155,-20.9936),(-11.7721,-15.3318),(-20.5849,-27.7695)]
triangle[(-5.35254,19.1703),(9.09835,6.03376),(33.8429,33.2541)]
triangle[(-7.43183,-11.1366),(-7.10052,2.15852),(-23.9171,2.57758)]
triangle[(13.3549,16.0248),(-5.49703,-14.2255),(52.549,-50.3998)]
triangle[(-17.8462,19.7413),(5.88965,12.6424),(19.2233,57.2246)]
triangle[(-20.4798,-15.29),(-6.39452,13.6282),(-59.4157,39.4535)]
triangle[(-16.954,1.24317),(3.51134,16.1325),(-20.0274,48.4865)]
triangle[(5.60145,7.66384),(-13.055,17.9521),(-24.2857,-2.41345)]
triangle[(-17.9021,2.25913),(-19.9059,10.9028),(-35.4418,7.30118)]
triangle[(-0.929226,-3.97333),(7.27652,-10.384),(17.7882,3.07114)]
triangle[(-18.5428,15.5981),(10.2729,8.33459),(21.7606,53.9088)]
triangle[(18.5126,12.5287),(-1.19794,9.81766),(1.79106,-11.9137)]
triangle[(13.7993,18.1033),(2.93819,3.52002),(27.7744,-14.977)]
triangle[(0.0583268,-6.56594),(-9.99356,-14.7168),(1.1322,-28.4374)]
triangle[(11.1904,14.9785),(12.609,-16.0931),(64.375,-13.7298)]
triangle[(-2.72108,10.1451),(19.9747,19.8299),(9.53753,44.2888)]
triangle[(18.437,15.7621),(-17.2787,7.91653),(-7.43199,-36.9092)]
triangle[(5.21969,1.00575),(17.7637,-6.85798),(26.313,6.77958)]
triangle[(4.11069,3.46364),(15.0766,0.41677),(20.0564,18.3395)]
triangle[(-2.76488,12.5935),(-5.99124,0.967363),(7.08319,-2.66092)]
triangle[(-17.7913,17.0334),(-9.85244,6.54989),(6.79704,19.1581)]
triangle[(-19.2694,19.5618),(8.26462,13.3631),(17.6137,54.8914)]
triangle[(-5.76384,9.92244),(-13.4439,-20.9144),(46.7989,-35.9182)]
triangle[(-17.1098,-9.26007),(3.80941,-15.1873),(10.5264,8.51922)]
triangle[(1.49607,3.2629),(-8.28378,-20.9703),(30.9635,-36.8094)]
triangle[(18.5058,17.9679),(2.05837,2.09838),(30.5386,-27.4189)]
triangle[(4.32127,8.74165),(16.3693,20.4838),(3.52404,33.6636)]
triangle[(20.6491,0.985581),(-7.93149,10.7933),(-27.0537,-44.9304)]
triangle[(-4.55904,-11.7964),(16.796,16.5068),(-29.5206,51.4532)]
triangle[(1.75711,-11.3932),(17.4835,-16.9373),(27.6775,11.979)]
triangle[(-4.81109,5.81209),(16.9333,-12.927),(50.7516,26.3149)]
triangle[(-2.2872,-5.06093),(10.9095,20.5463),(-23.2065,38.128)]
triangle[(-11.6079,-6.20557),(12.7345,-16.2732),(23.3255,9.33456)]
triangle[(3.55407,-16.8024),(15.2065,-14.7204),(13.1199,-3.04184)]
triangle[(-4.20589,-16.6416),(9.93469,-16.3289),(9.34669,10.2627)]
triangle[(-2.44374,10.5788),(1.94644,-15.6408),(45.3087,-8.38021)]
triangle[(9.47663,-15.4185),(12.9978,19.6949),(-34.757,24.4838)]
triangle[(-4.45612,-6.28526),(18.1287,-9.02971),(23.4841,35.0415)]
triangle[(-3.8107,-3.102),(17.3221,5.37427),(3.80688,39.0701)]
triangle[(-5.4464,9.35671),(5.99576,2.93154),(18.0967,24.4813)]
triangle[(-11.0026,2.34159),(-3.61866,-11.758),(17.1926,-0.85908)]
triangle[(2.50221,-13.2236),(-3.64296,-9.08453),(-9.69153,-18.0648)]
triangle[(9.56796,-2.65083),(-17.5582,15.6873),(-48.9632,-30.7678)]
triangle[(-16.6287,-20.2811),(17.8713,-20.7522),(18.4338,20.4355)]
triangle[(-16.0925,10.1186),(-19.0501,-20.1307),(39.1803,-25.824)]
triangle[(-19.4042,-16.399),(6.48579,-10.5079),(-4.50396,37.7893)]
triangle[(13.8898,14.4228),(-0.828456,-10.2251),(48.3816,-39.6104)]
triangle[(-0.995537,1.52299),(19.8349,13.0648),(8.0585,34.3185)]
triangle[(-9.38751,17.8107),(7.98455,-18.298),(65.3504,9.30093)]
triangle[(12.3676,13.4266),(-13.4603,7.98228),(-7.95105,-18.1536)]
triangle[(-1.14044,0.586012),(-7.03166,19.623),(-30.0063,12.5133)]
triangle[(14.9278,-10.0234),(7.39298,16.8588),(-25.5828,7.61597)]
triangle[(-7.8983,-14.5498),(8.89163,-15.685),(11.0661,16.4765)]
triangle[(11.8112,8.19212),(6.9437,-10.4751),(39.6065,-18.9919)]
triangle[(16.6742,-7.3492),(-7.28708,-1.25788),(-17.0642,-39.7181)]
triangle[(14.3109,-1.92814),(-18.356,-1.86054),(-18.4331,-39.1265)]
triangle[(10.1529,11.5039),(15.4188,16.089),(7.01019,25.7463)]
triangle[(-12.3872,-13.3943),(0.0301894,-14.1116),(0.829461,-0.274735)]
triangle[(-8.79747,-11.0239),(20.4468,-6.20693),(13.2573,37.4408)]
triangle[(-1.94955,-3.51177),(6.06533,0.647359),(-1.45456,15.1386)]
triangle[(-0.10006,20.2963),(18.9416,0.544298),(52.5126,32.9079)]
triangle[(7.86816,-6.38781),(-17.2426,-15.518),(-1.81076,-57.9602)]
triangle[(-4.51178,20.2152),(17.9574,-20.429),(61.0907,3.41618)]
triangle[(-2.88507,12.394),(2.76025,-8.90125),(25.9393,-2.75653)]
triangle[(6.88595,-10.4508),(1.49618,-15.6402),(10.0406,-24.5146)]
triangle[(-6.58679,4.71312),(14.8372,18.1059),(-8.71652,55.7842)]
triangle[(-3.98636,4.11999),(5.23781,9.46346),(-0.266733,18.9657)]
triangle[(8.9542,16.8967),(17.678,0.674402),(42.8976,14.2366)]
triangle[(-17.6325,-10.1333),(6.82563,6.79555),(-17.3972,41.7918)]
triangle[(17.844,5.54131),(-1.83889,5.35947),(-1.49811,-31.5279)]
triangle[(-13.9172,-12.6714),(15.5331,19.3885),(-38.1636,68.7146)]
triangle[(-15.2661,15.546),(6.93675,-17.3543),(45.669,8.78435)]
triangle[(-18.3163,13.4849),(13.1915,20.1068),(2.50986,70.9307)]
triangle[(-18.6802,18.8921),(-17.854,16.506),(-15.1936,17.4272)]
triangle[(11.0121,3.9549),(20.8539,-4.92003),(35.0873,10.864)]
triangle[(-15.0269,-10.3586),(4.03656,13.2344),(-34.6202,44.4696)]
triangle[(12.5221,15.4404),(13.1165,-11.0917),(66.0816,-9.90513)]
triangle[(-16.0038,5.91769),(-1.09181,-7.06006),(16.6436,13.3186)]
triangle[(14.5517,3.92476),(6.7035,17.0315),(-8.42858,7.97061)]
triangle[(6.30486,-8.19836),(1.05004,-8.54709),(1.47885,-15.0087)]
triangle[(17.4841,-13.4341),(-15.8395,-4.66847),(-27.5048,-49.0152)]
triangle[(19.3121,-19.3859),(3.42062,6.66428),(-33.2799,-15.7242)]
triangle[(2.38767,12.5107),(4.88048,13.6025),(3.32251,17.1597)]
triangle[(5.0023,5.79293),(-8.05039,7.57306),(-10.0679,-7.22006)]
triangle[(-9.58947,9.78944),(14.9367,3.51179),(25.8671,46.2159)]
triangle[(14.322,18.2605),(7.71827,9.32531),(23.6759,-2.46847)]
triangle[(-8.89561,16.8815),(18.837,-9.65583),(69.4865,43.275)]
triangle[(17.0408,0.940927),(-9.00611,-2.31097),(-5.4708,-30.6279)]
triangle[(16.8342,15.8199),(3.97031,-15.6728),(47.8278,-33.5874)]
triangle[(-16.6041,2.80433),(19.0509,18.2894),(-0.602036,63.5412)]
triangle[(14.3674,16.0722),(-2.66501,3.95779),(10.0002,-13.8491)]
triangle[(-17.8373,-18.9332),(12.8801,19.8915),(-45.583,66.1464)]
triangle[(20.3832,-7.4694),(-1.71365,-20.4113),(13.0925,-45.6912)]
triangle[(18.1613,-16.3043),(-11.5516,8.00168),(-45.2617,-33.2072)]
triangle[(11.7656,12.8201),(-1.79279,-2.59465),(27.3187,-28.2004)]
triangle[(-17.1833,16.4792),(-7.40468,-0.354386),(12.0959,10.9734)]
triangle[(14.8713,-14.1433),(-10.278,2.44262),(-27.3586,-23.4567)]
triangle[(-19.5724,7.8635),(10.0471,16.7165),(-1.11218,54.052)]
triangle[(-6.64852,4.45974),(-16.035,18.3291),(-36.6658,4.3667)]
triangle[(13.1731,-10.8409),(-13.4203,0.225842),(-29.6606,-38.7998)]
triangle[(12.9297,13.7019),(-10.9826,20.8133),(-18.7206,-5.20576)]
triangle[(-4.75927,4.37097),(5.20732,13.5327),(-9.60355,29.6447)]
triangle[(3.32807,17.8911),(-6.49665,14.0272),(-1.05339,0.186733)]
triangle[(11.4,-13.5447),(6.05623,-1.35526),(-11.9153,-9.23396)]
triangle[(13.9644,-8.37274),(11.367,3.54256),(-9.80801,-1.07329)]
triangle[(-3.81578,-14.2418),(1.10851,8.92134),(-33.0983,16.1934)]
triangle[(6.45349,2.22193),(-17.9018,-3.39268),(-6.91007,-51.073)]
triangle[(1.61469,-18.473),(-5.48134,-6.69718),(-24.0859,-17.9082)]
triangle[(-14.1868,-4.05225),(14.8298,20.9381),(-28.5312,71.2852)]
triangle[(6.38054,-12.7679),(-15.314,2.5592),(-44.467,-38.7051)]
triangle[(-5.07581,-6.85934),(12.744,-18.5152),(32.1218,11.11)]
triangle[(9.90311,17.01),(12.1439,-9.92496),(61.5788,-5.81226)]
triangle[(12.3063,18.0426),(12.015,8.23075),(26.4288,7.80274)]
triangle[(-16.6202,0.703071),(-8.44007,3.95698),(-12.8971,15.1617)]
triangle[(2.2068,-11.8107),(-20.0857,1.04197),(-33.98,-23.0572)]
triangle[(-17.593,-4.46954),(18.667,-6.38541),(20.7394,32.8377)]
triangle[(-10.4072,18.119),(-8.42089,-1.45575),(14.7904,0.899537)]
triangle[(-3.16186,-16.683),(19.8815,-18.1171),(22.2848,20.5001)]
triangle[(-13.2541,-14.0086),(1.27987,11.3066),(-41.5348,35.8874)]
triangle[(-5.46448,20.5813),(5.90003,-17.2613),(67.6259,1.27567)]
triangle[(5.17449,10.5411),(-9.24582,11.2512),(-10.3563,-11.2977)]
triangle[(10.762,-19.8952),(-5.85334,-6.57248),(-27.2042,-33.2001)]
triangle[(-0.92434,-5.83653),(-6.36914,-8.95129),(-0.338291,-19.4936)]
triangle[(18.1304,-3.93214),(1.95942,-19.3437),(25.3728,-43.9108)]
triangle[(1.26543,-2.48236),(-15.3749,12.6015),(-33.0838,-6.93474)]
triangle[(17.9899,-15.0544),(11.6886,1.65435),(-8.94246,-6.12614)]
triangle[(13.1581,2.61289),(11.3162,-2.9825),(18.2732,-5.27254)]
triangle[(-3.86956,18.9816),(-18.7001,-16.089),(20.8418,-32.8103)]
triangle[(15.0845,-20.162),(1.38575,16.8949),(-48.2049,-1.43712)]
triangle[(12.3574,-15.6834),(-1.62744,-17.8269),(2.19537,-42.7681)]
triangle[(12.1051,6.99228),(15.1656,4.89777),(18.2564,9.41407)]
triangle[(18.4672,-20.2029),(-20.5664,-17.2282),(-24.7861,-72.599)]
triangle[(-9.63528,-6.41594),(-20.4605,10.4952),(-48.4474,-7.4199)]
triangle[(17.8001,7.35508),(-1.19173,3.05757),(3.11352,-15.9685)]
triangle[(4.08983,4.77861),(-3.13699,-5.70815),(8.06383,-13.4271)]
triangle[(16.0078,-15.646),(-7.05648,-8.32757),(-17.083,-39.9264)]
triangle[(-9.14853,12.839),(0.737595,-5.05824),(31.8714,12.1396)]
triangle[(-17.9167,-0.252229),(14.8408,11.4476),(-7.89096,75.0928)]
triangle[(-6.41225,-8.21824),(6.44121,-1.05227),(-3.37822,16.5606)]
triangle[(-16.5333,8.41714),(5.38645,-4.65959),(21.0545,21.6038)]
triangle[(6.44498,-19.5282),(-12.9661,15.3765),(-63.7994,-12.8927)]
triangle[(-2.9095,-2.38796),(-4.18794,1.2032),(-8.02707,-0.163509)]
triangle[(1.12546,-15.5513),(-13.8922,7.5778),(-59.8822,-22.2833)]
triangle[(19.9202,15.3673),(-8.14814,-12.3204),(19.743,-40.5949)]
triangle[(2.35986,0.356438),(4.30346,3.77629),(0.664935,5.84416)]
triangle[(-15.9169,-20.6536),(-1.63013,19.3493),(-69.2253,43.4904)]
triangle[(16.1783,3.69466),(10.5639,7.61865),(6.56616,1.89873)]
triangle[(-13.6903,7.14194),(-1.21644,9.90996),(-4.36925,24.1179)]
triangle[(4.20096,1.67611),(15.3547,0.258495),(17.7964,19.47)]
triangle[(-9.61563,-5.82024),(13.9789,-4.42282),(12.5229,20.1618)]
triangle[(-4.83787,-0.602678),(6.80479,1.40351),(4.28652,16.0179)]
triangle[(-7.21771,9.6695),(-1.61815,9.76761),(-1.78511,19.2959)]
triangle[(9.61235,17.9561),(-3.56328,10.6047),(8.55352,-11.1118)]
triangle[(4.64277,-12.7553),(10.5883,-12.5048),(10.1164,-1.30296)]
triangle[(-7.35183,5.40367),(5.39897,-13.7508),(36.4573,6.92412)]
triangle[(-14.3799,4.39664),(17.3849,9.96539),(7.59327,65.8184)]
triangle[(-0.848845,-2.96735),(-4.54472,-4.46492),(-2.95623,-8.38518)]
triangle[(-1.81274,8.38018),(5.33722,20.7199),(-11.3138,30.368)]
triangle[(12.0083,-9.15346),(-0.389636,12.1727),(-42.8661,-12.521)]
triangle[(-6.23822,16.4698),(17.9499,-16.735),(64.5314,17.1975)]
triangle[(1.63234,11.862),(6.50591,12.0643),(6.24133,18.439)]
triangle[(2.77673,-14.2845),(-14.7727,16.519),(-56.0638,-7.00535)]
triangle[(8.58631,16.0497),(-15.0596,-10.2574),(14.1838,-36.5426)]
triangle[(-13.0434,-8.17738),(-0.857376,-15.9596),(9.80151,0.730938)]
triangle[(0.872736,2.34181),(7.42806,-12.5846),(24.3572,-5.14971)]
triangle[(6.30827,-5.4696),(18.2506,-9.3308),(23.5404,7.02991)]
triangle[(-6.32822,17.8384),(-12.2047,-18.5458),(50.2539,-28.6336)]
triangle[(-20.1947,-15.8239),(-6.32772,-3.46998),(-28.8892,21.8548)]
triangle[(17.4031,0.827217),(-14.0565,6.42897),(-23.4949,-46.5774)]
triangle[(12.0313,-17.7388),(-8.2949,20.049),(-72.3969,-14.4318)]
triangle[(6.29495,-18.4826),(2.00924,19.4781),(-60.8584,12.3805)]
triangle[(20.7221,1.49585),(-11.9,7.4533),(-22.1507,-48.6781)]
triangle[(14.419,0.789856),(16.6451,2.5939),(13.2309,6.80698)]
triangle[(9.97045,-18.3538),(2.3703,-0.129593),(-33.1969,-14.9624)]
triangle[(18.6198,1.54422),(20.8877,15.7812),(5.26943,18.2691)]
triangle[(-5.44973,11.1081),(-20.1171,-18.006),(31.901,-44.2122)]
triangle[(0.310132,5.55303),(11.3594,-1.23502),(20.5822,13.7774)]
triangle[(5.64491,-12.1718),(-14.0734,17.1447),(-50.5379,-7.38141)]
triangle[(-8.52859,3.86446),(20.7021,20.615),(-1.53049,59.4123)]
triangle[(19.0826,-11.1895),(-13.011,-18.4556),(-3.65721,-59.7703)]
triangle[(19.942,10.5097),(2.10133,8.43879),(6.03461,-25.4452)]
triangle[(-14.6501,8.59959),(-17.4398,-4.46294),(7.34261,-9.75549)]
triangle[(7.12255,9.86917),(15.3878,12.0923),(12.2044,23.9275)]
triangle[(19.4177,5.66234),(-12.2452,-9.1054),(5.0662,-46.2221)]
triangle[(3.59233,16.7816),(10.6651,9.96741),(19.5764,19.2168)]
triangle[(15.087,6.03992),(-16.2112,20.4045),(-32.9425,-16.0504)]
triangle[(-19.7838,11.4689),(3.46787,1.06934),(21.9259,42.3385)]
triangle[(-13.4075,-17.4509),(-1.64808,8.43753),(-43.8348,27.6002)]
triangle[(-9.00315,-20.5444),(6.56463,-9.17861),(-12.2205,16.5514)]
triangle[(5.7935,-19.4197),(19.8372,-20.5171),(21.5866,1.87017)]
triangle[(-19.5449,-1.52242),(8.84742,7.92466),(-6.84535,55.0879)]
triangle[(-18.314,-19.5124),(-18.4944,9.07902),(-57.5495,8.83257)]
triangle[(18.3285,-2.634),(18.2666,7.23674),(7.23448,7.16756)]
triangle[(-6.08897,15.907),(-10.1826,-14.5667),(48.4361,-22.4411)]
triangle[(-19.4963,3.71216),(9.23456,-20.7179),(42.0884,17.9195)]
triangle[(17.1141,12.7739),(-4.35448,-20.3627),(61.6329,-63.1147)]
triangle[(-3.66224,10.0496),(-16.4803,14.9189),(-22.6191,-1.2411)]
triangle[(-0.732187,15.523),(-15.9688,-12.0233),(34.3857,-39.8757)]
triangle[(9.58641,10.3937),(14.1103,-15.8618),(56.0738,-8.63129)]
triangle[(-8.3977,11.4058),(-15.9354,18.4538),(-29.8406,3.58239)]
triangle[(13.6871,-2.93893),(17.7763,-12.2284),(29.4737,-7.07918)]
triangle[(10.7835,-0.615585),(-17.3714,2.49731),(-22.895,-47.4617)]
triangle[(-3.0114,-9.23843),(-7.64367,-5.31512),(-12.0601,-10.5296)]
triangle[(6.43828,-16.4629),(-8.59561,-8.31451),(-24.5115,-37.6796)]
triangle[(8.6418,11.248),(2.14055,-17.6854),(31.5622,-24.2963)]
triangle[(-4.86682,8.53645),(-0.177153,3.90675),(8.05572,12.2463)]
triangle[(5.46881,-16.111),(-16.8209,18.1156),(-78.885,-22.3029)]
triangle[(19.6491,20.7981),(12.3652,7.44569),(28.5685,-1.39343)]
triangle[(-12.0975,4.34646),(10.4373,-17.3603),(33.0235,6.08755)]
triangle[(-9.57707,10.4059),(-3.26078,-0.0809665),(7.35186,6.31109)]
triangle[(-18.4976,14.9743),(9.96236,-0.151819),(34.4662,45.9526)]
triangle[(-13.3766,-20.8459),(-18.4847,-10.0532),(-31.6011,-16.2611)]
triangle[(-3.51085,-8.964),(10.7529,-14.6364),(17.3086,1.84874)]
triangle[(16.4706,4.52732),(-6.79592,-9.57917),(20.4746,-54.5577)]
triangle[(7.402,15.3811),(10.5093,14.732),(11.2903,18.4709)]
triangle[(-12.351,17.5775),(0.1576,-2.05869),(21.4263,11.4899)]
triangle[(-13.7934,-2.01649),(-12.5901,-4.39448),(-9.15959,-2.65853)]
triangle[(-19.8965,7.62541),(-14.9565,12.993),(-22.7792,20.1925)]
triangle[(1.143,7.66932),(-6.50277,-7.32561),(22.4703,-22.0987)]
triangle[(18.2523,13.3403),(-7.60744,20.7011),(-18.3919,-17.1869)]
triangle[(6.19311,-16.2112),(-1.31418,-6.31272),(-11.8776,-14.3243)]
triangle[(17.3383,18.5892),(-9.69648,18.4446),(-9.54479,-9.9286)]
triangle[(-2.47941,11.5882),(-20.3262,6.84023),(-12.9854,-20.7528)]
triangle[(7.50885,1.21035),(0.191248,8.01767),(-9.14706,-2.02064)]
triangle[(-10.2742,7.77177),(-18.0348,-2.18296),(-5.02663,-12.3239)]
triangle[(19.383,-17.3204),(-3.94089,-3.50616),(-22.842,-35.4188)]
triangle[(-5.96221,12.2909),(-7.85782,-19.2972),(43.7735,-22.3956)]
triangle[(-15.3385,-8.84242),(-14.3796,-0.285504),(-27.5425,1.18963)]
triangle[(6.56297,2.98341),(19.4399,12.0395),(3.68386,34.4431)]
triangle[(2.42886,16.0461),(6.34096,-4.63665),(44.0951,2.50447)]
triangle[(3.37927,17.2523),(-12.4957,-17.0283),(24.3458,-34.0891)]
triangle[(-12.0168,17.6093),(-17.6966,2.27934),(9.93382,-7.95775)]
triangle[(-9.86845,2.5647),(-10.7453,-8.69777),(2.2509,-9.70961)]
triangle[(8.58664,12.5723),(-4.3809,4.05274),(10.0435,-17.9025)]
triangle[(-2.07545,-4.67072),(-3.29457,-16.0381),(8.75737,-17.3306)]
triangle[(17.7435,-6.92202),(11.9171,15.4871),(-26.1217,5.59706)]
triangle[(-1.9587,-19.5552),(-4.24982,-5.48536),(-22.3164,-8.42732)]
triangle[(9.06724,-11.85),(-18.526,-14.7697),(-14.5384,-52.4541)]
triangle[(0.362928,-5.66343),(19.6136,17.5665),(-25.6013,55.036)]
triangle[(-5.53463,5.41494),(-2.56202,-1.62483),(7.76325,2.7351)]
triangle[(6.28953,11.8414),(3.72456,-16.0351),(58.0927,-21.0376)]
triangle[(-14.3099,12.3027),(-1.88541,-19.2746),(41.3282,-2.27163)]
triangle[(-10.2867,-7.65803),(4.75219,18.9504),(-28.6152,37.8094)]
triangle[(20.7941,8.12512),(-20.9774,17.4398),(-34.5035,-43.2181)]
triangle[(13.8408,-9.60748),(-20.3737,15.6709),(-58.7645,-36.2913)]
triangle[(-8.57368,13.727),(9.98795,18.0548),(2.69148,49.3487)]
triangle[(7.50443,-11.3597),(-17.4016,7.38132),(-37.9401,-19.9135)]
triangle[(20.8187,-12.5342),(-3.35466,13.5833),(-49.5805,-29.2016)]
triangle[(-15.4508,14.1819),(0.252871,-4.17085),(23.2418,15.4999)]
triangle[(-9.73516,-16.6966),(9.60764,-9.79791),(-0.691162,19.0784)]
triangle[(-14.3908,4.93097),(6.86311,-2.80874),(21.6508,37.7995)]
triangle[(-6.43954,14.7908),(-6.25877,-20.6572),(41.4689,-20.4138)]
triangle[(-14.9073,11.3029),(-10.0768,10.2085),(-8.5554,16.9232)]
triangle[(-15.2964,0.988152),(13.4528,-8.95105),(25.74,26.5897)]
triangle[(-9.38791,-13.2745),(-4.18237,7.39683),(-31.5877,14.2982)]
triangle[(10.6363,-16.2112),(4.19595,-4.19521),(-9.29671,-11.4271)]
triangle[(-11.4221,-17.3849),(-19.4537,-14.3334),(-23.5377,-25.0828)]
triangle[(3.82659,6.94258),(-6.33218,-0.509418),(5.44924,-16.5702)]
triangle[(8.8131,11.7072),(-7.56888,12.1066),(-8.20166,-13.8464)]
triangle[(9.10437,0.910546),(-18.3153,14.0216),(-38.1737,-27.5088)]
triangle[(4.03237,-14.7662),(-2.7234,-11.5412),(-7.45999,-21.4634)]
triangle[(14.0524,5.75884),(-1.53361,-18.9089),(33.7215,-41.1845)]
triangle[(19.8691,13.757),(-14.7808,12.105),(-11.5801,-55.026)]
triangle[(-16.6592,-6.62889),(20.272,-18.4878),(33.6427,23.1514)]
triangle[(2.02738,-17.5747),(7.06531,-19.8588),(11.307,-10.5033)]
triangle[(-2.99225,-12.0892),(-3.58922,10.4206),(-47.0822,9.26718)]
triangle[(-4.61913,15.8253),(6.4799,-4.63441),(33.4341,9.98774)]
triangle[(-11.2735,-4.54065),(-10.3477,-8.89752),(-1.77514,-7.07584)]
triangle[(2.54674,10.4762),(4.14627,-6.36807),(28.1683,-4.08695)]
triangle[(0.201284,7.39733),(0.587887,11.8716),(-6.29002,12.4659)]
triangle[(-19.4756,2.98301),(-8.6603,-20.0884),(20.3612,-6.48378)]
triangle[(-14.1327,-16.8666),(-10.6353,-7.48921),(-22.1674,-3.18826)]
triangle[(-10.8093,9.26712),(-16.7819,19.4566),(-29.0308,12.2768)]
triangle[(-4.63096,0.905829),(-20.2489,19.4619),(-45.1126,-1.46491)]
triangle[(10.3923,-8.93632),(7.84552,-4.30167),(2.04123,-7.49117)]
triangle[(-19.9765,-11.6515),(-12.6634,14.1466),(-56.033,26.4408)]
triangle[(-18.2512,19.1091),(-11.8143,-8.39819),(29.827,1.34609)]
triangle[(-15.2154,-8.84304),(15.5854,15.9205),(-14.6218,53.4922)]
triangle[(-8.22564,-12.0078),(-14.542,14.0609),(-41.5437,7.51847)]
triangle[(20.4879,7.7141),(-10.0054,1.05179),(0.161985,-45.4841)]
triangle[(-13.2704,8.771),(0.840061,17.8343),(-10.8064,35.9664)]
triangle[(20.986,-13.3958),(-1.44241,-1.62962),(-16.067,-29.5065)]
triangle[(-1.397,-11.8388),(13.7695,-8.52407),(10.1915,7.84753)]
triangle[(-5.17449,19.4099),(13.6576,-2.61722),(50.3951,28.7915)]
triangle[(-5.95938,-10.4805),(-1.62446,-9.01423),(-4.42866,-0.724042)]
triangle[(-7.94022,-5.36407),(-19.5658,0.697749),(-30.8826,-21.006)]
triangle[(16.5193,3.15613),(-1.55052,-9.16407),(20.9576,-42.1764)]
triangle[(-1.95156,6.65431),(-4.00469,5.07165),(-2.28052,2.83493)]
triangle[(3.26554,10.9761),(16.9079,19.7676),(6.24465,36.3145)]
triangle[(-5.4113,6.41953),(-15.4774,-2.07981),(-6.63394,-12.5535)]
triangle[(18.7295,14.5782),(-5.26089,5.16533),(10.9031,-36.0313)]
triangle[(4.95426,-17.5547),(-17.0385,-2.66681),(-46.231,-45.7905)]
triangle[(-11.5194,3.15588),(-12.4948,5.35973),(-15.1425,4.18798)]
triangle[(-19.2393,14.8984),(16.9793,-5.4964),(46.3872,46.7284)]
triangle[(6.55444,14.2205),(15.675,15.1914),(14.5312,25.9365)]
triangle[(0.524742,-6.1443),(16.2406,1.32214),(7.05175,20.6634)]
triangle[(-18.0098,-10.7024),(4.34964,-20.9788),(21.8568,17.1131)]
triangle[(-15.483,-12.7904),(-10.872,16.1115),(-49.6957,22.3054)]
triangle[(-6.6173,-7.4117),(-17.5011,-18.7186),(0.601098,-36.1433)]
triangle[(-15.7826,-13.4775),(7.46202,13.2302),(-27.6074,43.7523)]
triangle[(-17.7716,8.82664),(17.9818,-12.1347),(50.371,43.1112)]
triangle[(19.6692,-12.568),(6.34833,19.505),(-37.5159,1.28696)]
triangle[(6.69813,-3.17639),(15.3459,-0.440626),(10.0404,16.3299)]
triangle[(-4.59427,9.48939),(7.58426,17.0928),(-1.04006,30.9065)]
triangle[(-0.609862,-7.00494),(5.27557,-4.79282),(2.1361,3.55988)]
triangle[(-9.64396,12.4346),(9.3892,0.678596),(21.6449,20.5207)]
triangle[(-9.33346,-18.3568),(17.8382,-1.53275),(-14.0127,49.908)]
triangle[(-20.1488,12.1297),(3.30086,-17.4555),(40.5479,12.0671)]
triangle[(-18.9462,18.3277),(9.10175,9.35374),(21.978,49.598)]
triangle[(-3.3453,-12.4559),(-16.8416,6.53427),(-45.8539,-14.0848)]
triangle[(-7.13594,5.65383),(2.87423,-5.46667),(19.3045,9.32314)]
triangle[(5.21457,10.3812),(-12.9966,14.7463),(-18.2108,-7.00731)]
triangle[(3.59017,8.46354),(2.90985,-11.2557),(26.178,-12.0585)]
triangle[(1.46189,0.957357),(8.78233,13.7215),(-7.23629,22.9084)]
triangle[(-18.1416,4.15739),(5.39905,20.2205),(-18.9405,55.8903)]
triangle[(-17.2552,-1.76934),(-5.92303,20.9933),(-33.6851,34.8144)]
triangle[(18.0207,-10.0554),(-17.0119,17.573),(-57.3185,-33.5352)]
triangle[(12.8769,6.08883),(16.6071,4.05214),(19.5497,9.44137)]
triangle[(-5.71249,8.65438),(7.22817,16.9563),(-2.5837,32.2506)]
triangle[(-1.74585,-14.9441),(10.7125,-3.4748),(-5.39908,14.026)]
triangle[(-4.19147,16.626),(-11.9686,-4.13957),(9.52251,-12.1884)]
triangle[(18.5949,1.89574),(0.559291,-4.93024),(8.60934,-26.2001)]
triangle[(13.0185,-1.32339),(13.0472,-6.54758),(20.231,-6.50817)]
triangle[(0.454934,3.37488),(-12.1253,18.4356),(-27.6503,5.46758)]
triangle[(7.43096,12.8465),(-7.04365,-12.204),(26.4396,-31.5513)]
triangle[(-15.636,10.5024),(-6.40857,-13.024),(35.3176,3.34167)]
triangle[(9.155,20.7707),(2.96502,11.9266),(20.3098,-0.212995)]
triangle[(14.559,19.5726),(-17.0023,17.3216),(-13.3605,-33.7396)]
triangle[(10.6821,-4.6463),(8.2252,-18.2523),(22.2654,-20.7876)]
triangle[(16.6769,-0.131673),(12.7374,-14.1374),(36.8826,-20.9288)]
triangle[(15.6598,-7.09071),(14.9179,-17.9283),(33.0569,-19.17)]
triangle[(-12.7787,-7.14634),(0.855724,8.36581),(-19.7112,26.4431)]
triangle[(-19.903,5.5367),(-4.11662,-19.9946),(27.7592,-0.285339)]
triangle[(12.9012,-8.60347),(-8.3967,14.7082),(-38.3611,-12.6678)]
triangle[(-11.1523,6.52094),(17.2351,-12.0384),(45.6069,31.3575)]
triangle[(-17.5712,-17.8367),(-12.386,9.11356),(-50.8213,16.5085)]
triangle[(6.50726,-8.11484),(-11.1073,-19.1036),(4.93768,-44.8232)]
triangle[(14.7737,13.3106),(-9.08583,-2.81325),(18.6439,-43.8468)]
triangle[(8.13748,17.4651),(-12.4305,-17.1481),(55.418,-57.4653)]
triangle[(-17.3136,-3.37997),(7.28397,3.40096),(-1.28682,34.4911)]
triangle[(19.2482,-4.15896),(-3.71068,7.40339),(-18.2605,-21.4877)]
triangle[(3.62845,19.3068),(-7.48292,-7.90809),(22.5147,-20.1556)]
triangle[(-11.3439,-16.1651),(16.8293,-16.4052),(17.1393,19.9747)]
triangle[(19.5439,-12.5874),(4.80159,20.8563),(-33.0806,4.15758)]
triangle[(6.01567,18.6021),(12.8953,-9.92572),(46.9727,-1.70783)]
triangle[(9.10739,-6.33283),(-2.1443,-16.3991),(8.52959,-28.33)]
triangle[(0.0651347,-7.0416),(12.0321,6.41632),(-6.59738,22.982)]
triangle[(-20.3034,0.0665651),(-7.23839,2.08615),(-10.1769,21.0956)]
triangle[(4.83159,4.63393),(9.62928,-5.33413),(23.4941,1.33909)]
triangle[(-20.5305,10.091),(-13.3928,-5.78881),(9.68179,4.58287)]
triangle[(2.33289,2.75984),(12.2456,-19.1492),(39.2495,-6.93133)]
triangle[(-13.3976,-20.9447),(13.07,-9.62029),(-0.228081,21.46)]
triangle[(1.4213,15.4269),(-6.80593,-4.53651),(32.0402,-20.5456)]
triangle[(20.1095,4.3326),(-7.47399,1.7592),(-3.87291,-36.8397)]
triangle[(-16.6921,3.63318),(-13.8267,-1.48611),(-7.15912,2.24598)]
triangle[(5.16265,9.37851),(-4.53227,12.7831),(-10.1033,-3.08088)]
triangle[(7.60879,-1.61691),(13.2134,-0.829148),(11.8218,9.0716)]
triangle[(-16.2685,2.91594),(-8.6366,-5.61962),(2.59762,4.4252)]
triangle[(16.4233,6.38577),(-6.43917,18.4868),(-28.4163,-23.0345)]
triangle[(8.11832,-8.38703),(14.9967,-3.23618),(5.8186,9.02018)]
triangle[(-4.68616,-6.07455),(1.32158,-3.32109),(-3.70813,7.65313)]
triangle[(-4.89587,-12.8654),(2.15626,-11.7192),(0.58011,-2.02203)]
triangle[(-7.33838,5.2497),(18.4708,-10.5002),(49.6539,40.5993)]
triangle[(4.07991,-18.7002),(-19.9622,-5.96102),(-39.6497,-43.1161)]
triangle[(-8.32628,12.5678),(18.9556,17.8041),(10.9293,59.6226)]
triangle[(11.7514,19.6306),(-18.2259,-0.0835001),(5.67361,-36.4251)]
triangle[(-14.8873,-11.4804),(2.73763,3.13179),(-24.5125,36.0003)]
triangle[(4.477,-18.836),(13.1776,-7.70012),(-4.83834,6.37589)]
triangle[(16.026,-6.21866),(-15.4607,13.3703),(-49.449,-41.2617)]
triangle[(-12.7404,-14.2196),(6.49366,-12.4109),(3.92263,14.9296)]
triangle[(8.45488,17.593),(-15.3441,12.9376),(-8.83951,-20.3151)]
triangle[(18.8628,-17.7975),(-3.55222,11.1846),(-52.062,-26.3332)]
triangle[(7.86611,-11.328),(-4.66893,9.19461),(-35.7876,-9.81242)]
triangle[(-5.3177,19.9943),(-16.1956,-12.5262),(24.4726,-26.1294)]
triangle[(19.4095,10.064),(-8.45639,-20.3571),(24.4964,-50.5421)]
triangle[(17.6135,13.7922),(0.256361,1.18429),(13.4375,-16.962)]
triangle[(1.7516,-11.1359),(3.62068,10.0647),(-38.6174,13.7885)]
triangle[(-16.4947,4.41316),(12.5851,-20.9843),(39.9402,10.3369)]
triangle[(6.24787,4.8884),(-10.4723,5.82458),(-12.2583,-26.0733)]
triangle[(-19.0591,-3.13023),(5.74164,-9.1038),(16.77,36.6832)]
triangle[(-10.1824,13.4925),(-4.16606,12.926),(-3.50952,19.8984)]
triangle[(13.2142,7.27768),(-19.2054,18.1194),(-40.4896,-45.5258)]
triangle[(8.39729,-8.29236),(-0.741485,15.077),(-26.1574,5.13798)]
triangle[(-2.19345,-13.6225),(7.75869,5.11123),(-15.0487,17.2275)]
triangle[(10.8957,6.28345),(-0.207007,-3.32099),(16.1004,-22.1723)]
triangle[(-12.9928,-9.21085),(11.8258,4.87275),(-14.5035,51.2709)]
triangle[(13.0502,-20.0815),(12.2862,4.31627),(-15.0825,3.45924)]
triangle[(0.425441,-1.49955),(-6.14413,-9.78595),(5.11645,-18.7135)]
triangle[(14.9166,-4.31031),(2.31195,12.1035),(-21.7199,-6.35125)]
triangle[(19.6012,13.1479),(-13.317,-18.2122),(28.2202,-61.8131)]
triangle[(4.21525,3.71686),(-19.4687,-10.8054),(-2.15902,-39.0352)]
triangle[(11.1657,-14.6222),(10.1922,1.18634),(-11.6749,-0.160155)]
triangle[(17.5645,-3.77937),(17.0417,-19.2912),(39.5978,-20.0514)]
triangle[(13.8836,-1.38315),(12.9766,13.7955),(-8.69462,12.5006)]
triangle[(-12.8654,3.68821),(-10.9678,-8.20412),(12.5337,-4.45424)]
triangle[(19.6995,-11.8407),(-11.0157,4.00936),(-31.7283,-36.1289)]
triangle[(-10.947,-20.8232),(-14.8793,20.383),(-71.0308,15.0245)]
triangle[(-7.9175,-2.70728),(18.6573,13.5995),(-0.759659,45.2429)]
triangle[(9.09186,3.7546),(16.7045,5.69775),(14.7,13.5507)]
triangle[(5.89272,15.7033),(2.0893,-18.4326),(59.8692,-24.8704)]
triangle[(9.08417,-14.4358),(-1.51871,14.6599),(-46.4312,-1.7068)]
triangle[(17.2918,-6.24856),(3.35131,14.7111),(-37.4028,-12.3949)]
triangle[(-9.87627,-0.736308),(-14.7991,3.13082),(-21.2444,-5.07403)]
triangle[(-12.3097,11.9308),(19.5493,-19.2009),(63.305,25.577)]
triangle[(-0.404658,11.4097),(13.9871,-18.6701),(49.9586,-1.45953)]
triangle[(10.3587,14.7905),(-4.43145,1.39311),(22.2342,-28.0447)]
triangle[(9.93209,-14.7241),(-5.59086,-11.8297),(-10.5084,-38.2033)]
triangle[(-0.787433,15.6148),(20.4388,15.6646),(20.3819,39.8992)]
triangle[(-9.38359,19.41),(3.16284,17.1029),(7.76042,42.1056)]
triangle[(-6.18326,13.3086),(-20.0183,-6.87485),(6.33742,-24.9407)]
triangle[(7.15735,-9.51455),(3.73213,-20.4161),(21.2924,-25.9335)]
triangle[(-19.3265,17.3609),(-15.7748,6.63108),(1.59508,12.3807)]
triangle[(3.44228,17.7326),(9.3544,13.8151),(15.5327,23.1393)]
triangle[(-5.97384,19.7669),(4.79371,11.8271),(15.8601,26.8347)]
triangle[(1.28391,2.19841),(-1.87414,-2.26916),(3.85417,-6.31841)]
triangle[(7.8367,-6.24891),(4.81464,-11.2367),(13.4308,-16.4571)]
triangle[(-0.073622,-4.30178),(18.6321,4.19044),(3.30937,37.9416)]
triangle[(9.22311,-18.8926),(-19.0606,-7.67458),(-41.0452,-63.1038)]
triangle[(1.09594,19.823),(-11.2025,14.7176),(-1.27795,-9.18981)]
triangle[(-10.2712,-4.80574),(-13.9448,16.9236),(-36.5904,13.0951)]
triangle[(-4.49612,4.02525),(13.365,-3.11113),(26.3031,29.2707)]
triangle[(19.81,-5.56564),(-5.50025,-13.7379),(7.29583,-53.3686)]
triangle[(4.70315,0.693),(-15.7815,-4.80547),(-8.39459,-32.3253)]
triangle[(16.391,-20.0675),(-13.3436,9.35761),(-69.7484,-47.6403)]
triangle[(-14.8482,-15.8624),(-7.85617,14.6569),(-67.9615,28.4272)]
triangle[(4.53521,-9.5384),(12.9908,-15.4195),(21.6625,-2.95153)]
triangle[(-18.8953,6.09556),(-14.9061,3.72966),(-11.5788,9.33988)]
triangle[(2.48616,-17.712),(14.511,-8.86999),(4.46088,4.79794)]
triangle[(20.5856,-7.24004),(9.26357,-9.02915),(11.3111,-21.9866)]
triangle[(5.14232,-19.964),(3.07803,9.16841),(-27.4643,7.0042)]
triangle[(4.6835,14.343),(-1.16921,-7.6972),(28.9143,-15.6858)]
triangle[(11.8682,1.42485),(9.39661,-3.41616),(18.1261,-7.87303)]
triangle[(19.1617,-10.848),(-1.21381,16.5809),(-33.2322,-7.20389)]
triangle[(2.39535,-18.6917),(11.7059,-19.4205),(13.0329,-2.46764)]
triangle[(-6.55996,12.4628),(-4.26611,-0.804841),(13.6403,2.29101)]
triangle[(-3.29645,10.0437),(-20.3711,20.9702),(-36.6319,-4.44029)]
triangle[(-20.6275,13.63),(14.8118,-12.1444),(61.1837,51.6161)]
triangle[(-5.86783,-17.4199),(-6.4973,-7.36347),(-19.7992,-8.19609)]
triangle[(0.845794,-4.80093),(-14.6967,13.4278),(-48.7606,-15.6163)]
triangle[(4.30085,-16.8486),(3.07098,6.82969),(-40.3465,4.57454)]
triangle[(8.14731,-16.68),(0.494506,-13.8203),(-2.79721,-22.6293)]
triangle[(-19.6865,-15.8656),(-11.5281,5.30128),(-41.0491,16.6796)]
triangle[(-5.12802,-14.8648),(5.39556,-14.2829),(4.30083,5.5133)]
triangle[(17.9741,16.6017),(19.2541,-14.7832),(80.4034,-12.2892)]
triangle[(-18.9923,-16.5866),(15.4211,12.7287),(-35.4792,72.481)]
triangle[(17.3696,0.565158),(15.9218,-5.49806),(23.0763,-7.2064)]
triangle[(3.46861,-17.8332),(-10.6649,-12.1587),(-16.478,-26.6374)]
triangle[(5.7083,-3.91603),(-19.3003,4.05489),(-34.524,-43.7091)]
triangle[(-0.387571,-18.9539),(20.4555,-11.6513),(10.7622,16.0152)]
triangle[(2.62491,18.9429),(-13.3075,-6.31758),(29.716,-33.4536)]
triangle[(-15.6096,-8.44629),(-1.20055,9.16007),(-24.9408,28.5892)]
triangle[(-13.6982,-10.7477),(1.91736,17.2402),(-28.1148,33.9963)]
triangle[(1.66855,3.5049),(9.84629,10.3319),(-0.348894,22.5442)]
triangle[(-17.3203,-16.1002),(-10.2028,0.614716),(-29.6249,8.88499)]
triangle[(-12.2101,-7.8318),(8.13666,-17.0455),(23.5488,16.9893)]
triangle[(11.0515,-8.20987),(3.27737,-5.71212),(-1.077,-19.265)]
triangle[(-19.3475,0.702744),(17.1357,-13.6685),(44.511,55.8271)]
triangle[(7.83425,8.24979),(-20.3304,9.28728),(-21.5772,-24.5585)]
triangle[(-3.30405,-10.1108),(17.3086,19.4389),(-27.6381,50.7919)]
triangle[(-8.20708,18.186),(7.71395,-12.9813),(51.5712,9.42206)]
triangle[(1.52317,-12.7016),(4.63828,-11.2321),(1.88046,-5.38598)]
triangle[(-17.8842,-3.24916),(-12.6216,-10.4503),(0.746715,-0.680828)]
triangle[(14.2958,11.6938),(2.07216,-17.1582),(53.9707,-39.1459)]
triangle[(-12.4181,-13.3273),(-16.2901,-15.2469),(-13.8317,-20.2054)]
triangle[(8.50994,4.10404),(-15.5773,-13.0173),(2.288,-38.1511)]
triangle[(7.025,6.45239),(12.2468,18.6265),(-0.492187,24.0906)]
triangle[(11.103,17.479),(-10.7657,6.23784),(5.56049,-25.5234)]
triangle[(-16.6852,-6.60801),(17.592,16.9894),(-9.9223,56.9563)]
triangle[(-12.085,-7.94913),(3.63664,-1.84465),(-2.58927,14.1897)]
triangle[(-13.2717,1.00538),(17.3299,-17.2319),(39.0281,19.1772)]
triangle[(7.9289,14.5298),(-8.10416,-18.4854),(38.4388,-41.0879)]
triangle[(8.71519,-0.995889),(10.4961,-5.87214),(17.1415,-3.44512)]
triangle[(-4.60149,-5.56061),(14.9741,-14.5864),(25.0311,7.22588)]
triangle[(-12.9903,-16.6018),(-20.1659,12.273),(-65.3402,1.04679)]
triangle[(14.9865,-1.32973),(9.139,-20.3468),(46.6463,-31.8799)]
triangle[(-1.71695,12.4657),(19.8367,14.4825),(17.5081,39.3683)]
triangle[(19.4007,0.323166),(-0.339988,-2.66572),(4.62185,-35.4371)]
triangle[(14.7337,19.141),(-4.93715,-17.1734),(50.9053,-47.4222)]
triangle[(2.25779,-19.4825),(-11.8658,9.0941),(-59.389,-14.3935)]
triangle[(-12.7999,-16.6575),(5.68551,-20.431),(11.4368,7.74329)]
triangle[(7.72301,20.6001),(9.24101,-11.2352),(67.3908,-8.46242)]
triangle[(-14.4623,-10.892),(19.4307,1.06082),(-3.92291,67.2816)]
triangle[(15.7045,4.82816),(-2.8456,-8.04771),(12.1427,-29.6411)]
triangle[(6.12319,5.55526),(15.568,-0.834754),(24.3783,12.1874)]
triangle[(8.047,11.4168),(-9.56807,8.76785),(-4.30492,-26.2306)]
triangle[(-6.24568,17.9815),(-20.6628,5.06849),(-3.58011,-14.0041)]
triangle[(18.5523,15.8764),(-3.65926,8.09034),(4.22566,-14.4033)]
triangle[(13.5019,11.9695),(0.17388,1.31053),(10.8531,-12.0428)]
triangle[(14.0425,-18.6397),(-18.2803,1.26233),(-39.4273,-33.0825)]
triangle[(6.31308,13.8103),(-14.2895,-12.1422),(16.7406,-36.7755)]
triangle[(-14.2364,15.4122),(0.9816,0.18353),(23.5974,22.7835)]
triangle[(6.45943,-8.24988),(5.50922,-2.10907),(-1.79441,-3.23921)]
triangle[(-18.9757,7.39659),(-5.87007,-10.1339),(26.4544,14.0317)]
triangle[(-6.88342,7.62807),(-3.84881,-4.16768),(12.7536,0.103484)]
triangle[(20.7904,17.8275),(-2.41591,-3.2699),(22.956,-31.1781)]
triangle[(-18.2395,3.72926),(-0.672991,8.94388),(-7.96818,33.5193)]
triangle[(7.38902,-7.68497),(-20.2269,11.9965),(-42.6986,-19.5344)]
triangle[(-1.27212,16.7426),(-2.59349,4.03865),(15.834,2.12198)]
triangle[(19.767,-0.0830479),(5.41982,-18.7366),(24.0913,-33.0976)]
triangle[(-9.44306,1.83567),(13.0301,20.2833),(-19.7954,60.272)]
triangle[(13.071,14.4009),(-13.5878,-2.76348),(20.7261,-56.0579)]
triangle[(-19.0624,10.3851),(-9.31757,7.18801),(-4.22393,22.7136)]
triangle[(-5.12959,2.74038),(18.8655,12.3868),(3.79912,49.8639)]
triangle[(-7.01859,0.527544),(0.466325,-6.50682),(7.89277,1.39528)]
triangle[(-19.9886,-15.3434),(-10.4096,-5.58794),(-29.5224,13.1792)]
triangle[(-7.77712,18.6915),(6.34447,6.73183),(28.9772,33.4558)]
triangle[(-14.437,15.5941),(18.8477,-3.12454),(38.3624,31.5757)]
triangle[(-9.45481,3.44532),(14.9772,14.0243),(-2.09743,53.4581)]
triangle[(17.4346,-9.13505),(-11.3039,14.0647),(-35.3713,-15.7484)]
triangle[(14.9148,4.07184),(-20.371,10.0512),(-27.8152,-33.8796)]
triangle[(-19.3128,10.0599),(-16.6222,18.3789),(-25.4821,21.2445)]
triangle[(-1.33193,12.0895),(12.9648,-15.3986),(51.7426,4.77)]
triangle[(16.5819,7.71293),(12.9815,13.3552),(5.50697,8.58557)]
triangle[(20.5003,-10.8708),(4.23159,4.22464),(-20.4452,-22.3701)]
triangle[(-7.06688,3.57947),(-20.1884,-10.3247),(4.80022,-33.9068)]
triangle[(-8.70869,-16.0866),(-18.9333,12.7132),(-63.4197,-3.08051)]
triangle[(7.70888,-11.0578),(-8.31744,18.266),(-55.9025,-7.74059)]
triangle[(3.6499,-11.6737),(-3.79498,14.5847),(-38.17,4.8386)]
triangle[(19.563,-9.70214),(-8.75169,12.2681),(-43.709,-32.7839)]
triangle[(2.1369,11.313),(-17.8784,9.91178),(-15.7117,-21.0391)]
triangle[(15.4118,9.30562),(-16.0562,-9.74879),(17.1195,-64.5378)]
triangle[(16.5813,-12.7213),(-1.00649,-2.79468),(-19.3982,-35.3806)]
triangle[(-15.2628,-20.0611),(6.67733,19.3094),(-45.6787,48.486)]
triangle[(7.52794,-0.172977),(0.679269,-12.3695),(22.1404,-24.4205)]
triangle[(8.2682,-11.3943),(11.2775,14.9189),(-24.7718,19.0416)]
triangle[(1.46387,-3.71306),(3.82406,4.78074),(-12.5281,9.32456)]
triangle[(-6.71239,14.1477),(-17.5754,3.01558),(-3.16434,-11.0471)]
triangle[(-16.0743,-15.4331),(-19.4658,-11.6467),(-24.303,-15.9795)]
triangle[(-13.6769,-9.95101),(12.3908,-3.96238),(0.597509,47.372)]
triangle[(17.9709,-5.79068),(-4.82589,12.228),(-40.0834,-32.3791)]
triangle[(-0.527956,19.4179),(-6.39695,-2.59789),(30.6435,-12.4722)]
triangle[(-4.7013,8.32906),(-4.05221,-17.8657),(30.1929,-17.0171)]
triangle[(-14.6308,-10.411),(5.99487,4.15271),(-19.2159,39.8571)]
triangle[(17.4512,-20.6643),(-3.97294,0.543519),(-41.2718,-37.1358)]
triangle[(-7.16575,-12.1711),(5.52135,-11.6486),(4.4986,13.1855)]
triangle[(-0.347683,19.8669),(2.31598,13.7015),(13.912,18.7114)]
triangle[(17.627,-17.4886),(16.7521,-8.19891),(6.24658,-9.18836)]
triangle[(7.19186,-13.2116),(17.2663,-5.0737),(8.23133,6.11144)]
triangle[(-8.91866,15.0968),(-9.28348,5.45877),(9.89532,4.7328)]
triangle[(6.83156,18.6704),(8.39234,-4.77906),(32.4979,-3.17462)]
triangle[(14.2885,4.96415),(18.1925,-2.0848),(28.5221,3.63614)]
triangle[(19.8922,-10.7608),(-3.35449,-18.4276),(5.383,-44.9206)]
triangle[(11.7928,-18.3544),(0.399117,-11.3128),(-12.8239,-32.7084)]
triangle[(16.8771,13.6152),(-2.96488,-17.3578),(43.4778,-47.11)]
triangle[(-18.8765,-14.6168),(-12.9426,3.15107),(-41.8392,12.8017)]
triangle[(-0.268198,-7.20008),(9.6304,-11.1482),(15.7656,4.23372)]
triangle[(-20.4985,2.08547),(-16.6028,-1.90995),(-10.6759,3.86898)]
triangle[(1.9143,16.8503),(-0.92162,-14.164),(37.6386,-17.6899)]
triangle[(-20.7335,-14.4272),(10.8534,17.349),(-51.8752,79.7038)]
triangle[(15.1673,-12.0229),(-11.9325,1.54653),(-38.5742,-51.6603)]
triangle[(-14.1902,14.2374),(-7.51933,8.13601),(0.612101,17.0265)]
triangle[(7.07685,13.8927),(3.23262,3.62122),(18.767,-2.19273)]
triangle[(15.638,14.6836),(-10.4239,12.4634),(-7.76478,-18.7519)]
triangle[(4.38445,10.687),(-4.70032,-17.5458),(49.2407,-34.903)]
triangle[(-14.4684,13.9515),(-16.3548,-14.5698),(36.3055,-18.0528)]
triangle[(-18.536,6.8979),(17.5307,20.3441),(-9.06847,91.6911)]
triangle[(-19.5994,7.47899),(-16.0668,-0.649512),(-6.557,3.48342)]
triangle[(3.74266,-17.4586),(-20.3573,-14.0062),(-25.6851,-51.1977)]
triangle[(12.0791,16.939),(1.37298,-12.1724),(53.875,-31.4807)]
triangle[(13.0312,-6.99335),(18.592,-2.86771),(10.3839,8.19586)]
triangle[(17.3185,13.5435),(2.10162,-18.5743),(56.3416,-44.2724)]
triangle[(8.08554,14.7111),(-7.25765,16.2501),(-8.84199,0.455347)]
triangle[(-8.97196,-16.4767),(5.50158,-2.0768),(-21.6231,25.1866)]
triangle[(-19.1556,17.5688),(18.9792,-6.50053),(55.6348,51.5754)]
triangle[(13.9389,-11.6123),(-17.4473,-11.8247),(-17.0541,-69.9412)]
triangle[(-12.4932,10.4808),(4.69375,10.5749),(4.58147,31.0889)]
triangle[(-1.16051,18.8091),(-10.0739,13.0235),(-3.58496,3.02646)]
triangle[(-3.80724,16.7327),(10.0023,14.2492),(12.5145,28.2184)]
triangle[(18.2791,5.01944),(8.89741,-15.4415),(40.2511,-29.8178)]
triangle[(4.41607,12.0644),(-20.8286,14.9848),(-23.8281,-10.9436)]
triangle[(10.932,-13.2844),(-11.3502,-5.61607),(-21.0002,-33.6565)]
triangle[(-1.90671,-3.69454),(11.8104,-5.11869),(14.4431,20.2388)]
triangle[(3.53071,18.658),(6.22825,17.8447),(7.14794,20.8951)]
triangle[(-3.30696,-3.27725),(-11.6512,2.38138),(-18.777,-8.12632)]
triangle[(15.7681,6.95122),(-5.78428,9.1895),(-9.57205,-27.2829)]
triangle[(-17.0555,18.5081),(11.0827,18.818),(10.5394,68.1307)]
triangle[(-9.67465,-17.6778),(11.0292,-15.177),(7.59438,13.2594)]
triangle[(15.2584,-6.77029),(-0.787284,-3.1135),(-6.99541,-30.3543)]
triangle[(-18.3005,5.52599),(1.10155,10.289),(-6.53118,41.3811)]
triangle[(-11.4413,11.9222),(13.7318,8.4032),(19.9494,52.8811)]
triangle[(-0.361724,-9.03328),(6.84528,-13.4445),(11.5889,-5.69446)]
triangle[(10.0249,-7.65724),(-15.4865,6.29538),(-36.4562,-32.0462)]
triangle[(10.9188,-15.658),(-1.85372,-5.89283),(-13.4378,-21.0444)]
triangle[(-2.3343,20.0837),(16.2765,-20.4965),(59.6449,-0.607066)]
triangle[(-9.17533,-7.52195),(10.5948,-10.671),(14.6231,14.6185)]
triangle[(-3.41302,11.4905),(10.0259,11.1968),(10.4218,29.3093)]
triangle[(-18.6673,8.35196),(1.0182,11.6508),(-4.96889,47.3777)]
triangle[(-5.84023,-3.31472),(-17.2924,1.47501),(-26.5598,-20.6832)]
triangle[(-19.1074,-4.56631),(-3.41195,7.68392),(-25.4062,35.8638)]
triangle[(0.291442,9.54459),(-7.20526,-3.55899),(8.50122,-12.5448)]
triangle[(-8.44356,-5.59449),(19.0001,13.2029),(-15.474,63.5341)]
triangle[(6.47803,1.16597),(-17.3361,-9.65217),(-2.13498,-43.1145)]
triangle[(-16.0136,0.01118),(19.2579,-2.12571),(21.7318,38.7085)]
triangle[(-10.708,10.4611),(-1.92975,14.831),(-6.79375,24.6018)]
triangle[(-16.6861,12.4706),(-9.09498,4.76704),(5.20904,18.8622)]
triangle[(-11.9075,-14.9858),(-19.7105,-13.1959),(-22.9421,-27.2831)]
triangle[(-15.7582,-10.6789),(0.816349,-1.69915),(-15.0522,27.5907)]
triangle[(13.0217,-5.43717),(12.7153,-14.3408),(25.4102,-14.7777)]
triangle[(3.61745,3.48792),(-11.5779,-1.30052),(-6.43909,-17.6077)]
triangle[(7.9014,1.34308),(-17.0643,-1.12305),(-13.3452,-38.7723)]
triangle[(-17.4898,-4.93863),(-18.8431,-15.9156),(-0.79995,-18.14)]
triangle[(4.3222,10.629),(11.3825,2.06053),(21.3904,10.3069)]
triangle[(16.9765,12.6479),(-0.570985,0.679013),(18.7413,-27.6347)]
triangle[(-4.29519,17.7647),(5.60302,-20.582),(74.1346,-2.8923)]
triangle[(-17.007,5.69601),(-0.811671,-11.6561),(22.3846,9.99366)]
triangle[(19.837,11.6331),(-8.17595,11.4095),(-7.86441,-27.621)]
triangle[(20.4671,5.81026),(14.0559,-17.5889),(37.593,-24.0379)]
triangle[(-19.7745,-13.0306),(15.4522,-20.7867),(29.9134,44.8929)]
triangle[(6.95912,14.7829),(-12.9967,-7.29963),(30.98,-47.0411)]
triangle[(-16.1351,19.2827),(-5.73943,-3.21021),(38.1318,17.066)]
triangle[(5.1225,-19.3682),(-19.0176,-10.4283),(-31.6155,-44.4462)]
triangle[(19.7347,-12.2684),(-5.23288,3.04256),(-26.8725,-32.2453)]
triangle[(-12.6186,-10.4467),(19.404,-14.0027),(25.2655,38.7809)]
triangle[(8.57674,-5.74719),(14.3824,-18.538),(31.7485,-10.6556)]
triangle[(-0.0709996,0.435211),(3.69222,0.979106),(2.76704,7.38042)]
triangle[(-17.562,-1.04964),(4.74784,5.7958),(-3.21585,31.7501)]
triangle[(-20.9719,-12.4177),(15.9698,2.88255),(0.454145,40.3441)]
triangle[(8.19474,18.7963),(-1.14051,-5.68224),(40.7565,-21.6603)]
triangle[(19.8772,-7.78065),(-6.01744,4.61028),(-29.422,-44.3007)]
triangle[(-12.0607,20.9562),(3.37856,-7.6043),(52.3475,18.8673)]
triangle[(15.9685,-20.4281),(13.6442,16.2258),(-57.9676,11.6848)]
triangle[(19.1766,6.68705),(-13.0976,11.6001),(-21.1706,-41.4317)]
triangle[(13.8284,-3.86768),(20.4572,13.5227),(-4.85183,23.1699)]
triangle[(-14.0419,13.6845),(-4.23895,15.3048),(-7.35311,34.1449)]
triangle[(16.9892,8.69246),(18.5626,-3.83088),(32.6475,-2.06129)]
triangle[(12.4775,-0.916463),(-12.4469,-16.057),(9.04685,-51.44)]
triangle[(-0.0927717,-20.4185),(-17.3019,11.6721),(-78.9451,-21.385)]
triangle[(-10.238,11.8144),(-4.68291,16.1708),(-9.41173,22.2008)]
triangle[(-5.64599,17.4236),(-6.43172,-8.33426),(41.1119,-9.78456)]
triangle[(-19.8704,-1.70117),(-2.92281,6.64618),(-16.9892,35.205)]
triangle[(3.11248,-11.2916),(-11.7949,-8.07064),(-16.4444,-29.5897)]
triangle[(12.0825,-13.7215),(11.8965,-1.70142),(-0.56498,-1.89424)]
triangle[(19.9123,-14.235),(-9.21944,-20.5348),(2.98455,-76.9686)]
triangle[(-6.91363,-4.41244),(-14.6656,9.3958),(-30.7451,0.368748)]
triangle[(11.6207,-0.0712922),(-7.9616,12.8514),(-23.9471,-11.372)]
triangle[(14.627,-9.57368),(-2.191,-7.95674),(-4.99479,-37.1192)]
triangle[(19.9666,14.2913),(-19.9817,10.8764),(-16.1115,-34.3984)]
triangle[(-3.16507,11.7704),(-13.513,-10.0243),(29.9889,-30.6785)]
triangle[(1.74211,-3.74902),(-3.57782,16.5215),(-24.0693,11.1436)]
triangle[(-20.3247,-13.0629),(8.33943,-14.7256),(11.4515,38.9253)]
triangle[(-17.4908,6.55912),(14.1768,-15.3315),(47.3015,32.5876)]
triangle[(-7.66828,-2.13476),(10.0907,9.98629),(-5.34323,32.5991)]
triangle[(-11.0662,-10.1382),(2.76349,5.47697),(-27.9017,32.6357)]
triangle[(-16.1442,-1.69526),(-7.04499,-9.04403),(3.55427,4.07986)]
triangle[(-4.27619,-6.09538),(-10.1061,5.23037),(-29.7886,-4.90118)]
triangle[(1.73742,-19.3594),(11.5602,-16.8541),(7.35393,-0.361885)]
triangle[(-20.2146,17.4162),(-6.24161,-20.246),(59.5672,4.16952)]
triangle[(-15.3074,17.3104),(-19.8586,-9.87984),(14.253,-15.5895)]
triangle[(14.7913,1.52991),(-8.26495,3.09738),(-10.677,-32.3818)]
triangle[(11.252,6.65127),(20.1264,-18.4833),(62.9836,-3.35141)]
triangle[(9.26833,-9.36579),(14.1144,-6.74735),(10.2114,0.476166)]
triangle[(-14.3444,12.3434),(-0.548442,13.0513),(-1.68492,35.1995)]
triangle[(-15.0455,8.25711),(-9.68951,-7.13789),(11.8558,0.35786)]
triangle[(-17.5425,19.5448),(-7.58374,-14.1573),(53.8659,4.00072)]
triangle[(-0.770619,11.6218),(-19.0511,15.3927),(-24.5565,-11.2959)]
triangle[(13.6302,8.30728),(-13.2655,5.6163),(-10.2629,-24.394)]
triangle[(2.41634,5.49845),(-6.40689,-0.862043),(4.93881,-16.6007)]
triangle[(0.977197,-14.0287),(11.9209,6.29462),(-27.6927,27.6256)]
triangle[(-7.15136,-3.70179),(-4.93968,5.82826),(-18.7828,9.04091)]
triangle[(-19.6986,-2.40039),(15.0539,16.9101),(-19.4929,79.0829)]
triangle[(-2.11705,12.5466),(17.414,-19.1646),(60.9467,7.64734)]
triangle[(1.54478,-13.7401),(-4.34985,-18.596),(2.60832,-27.0425)]
triangle[(11.1396,14.2487),(18.8418,-17.6704),(73.0108,-4.59917)]
triangle[(-15.0464,19.7169),(13.9509,-16.7573),(74.4816,31.3652)]
triangle[(-18.681,-14.9538),(-12.8134,-4.76729),(-25.438,2.50466)]
triangle[(-4.78988,-3.54184),(-6.07887,-1.54321),(-8.49421,-3.10094)]
triangle[(-2.43373,1.74842),(10.2965,4.23777),(7.19244,20.1116)]
triangle[(-7.35136,-10.8176),(-18.8339,7.57843),(-51.8295,-13.0169)]
triangle[(19.9412,13.6781),(9.3029,7.77959),(16.3807,-4.9857)]
triangle[(5.98286,-16.9169),(7.41359,3.40266),(-19.2984,5.2835)]
triangle[(-2.6431,-8.89954),(20.9894,13.7594),(-13.4881,49.7182)]
triangle[(-2.97562,18.308),(-17.6639,9.24255),(-2.23648,-15.7535)]
triangle[(-18.2355,19.8502),(-14.3533,-17.0731),(24.2368,-13.0156)]
triangle[(-1.13603,-11.1535),(14.2557,-12.9524),(17.8044,17.4112)]
triangle[(-16.4814,10.924),(-16.9415,18.0091),(-29.7906,17.1746)]
triangle[(-14.206,12.9641),(-6.67011,-7.25887),(24.9029,4.50646)]
triangle[(-20.7691,-8.74063),(9.65158,19.7321),(-33.611,65.9545)]
triangle[(19.3903,-11.8756),(-3.65742,12.3104),(-36.6971,-19.1743)]
triangle[(1.58695,20.6404),(17.2085,-13.8573),(63.4775,7.09461)]
triangle[(-12.1111,-0.898166),(-15.9671,16.9095),(-50.3005,9.47517)]
triangle[(-11.3791,2.72694),(-8.4721,-7.01285),(8.5606,-1.92912)]
triangle[(20.4297,-5.75753),(20.5087,-2.77396),(15.9462,-2.65306)]
triangle[(4.76444,16.7368),(-10.3455,-2.43321),(23.1588,-28.8417)]
triangle[(15.7617,13.677),(6.09637,-5.17937),(40.0523,-22.5843)]
triangle[(-19.988,17.6076),(-3.46138,-7.16836),(30.4874,15.4769)]
triangle[(10.1,20.0585),(-20.9605,7.56359),(2.92755,-51.8183)]
triangle[(20.5791,-19.5686),(12.3899,0.681295),(-27.9922,-15.6496)]
triangle[(-17.6954,20.6946),(16.7125,-12.0221),(59.6922,33.1794)]
triangle[(16.8998,-6.04452),(17.3415,-13.4615),(28.6134,-12.7902)]
triangle[(-3.17941,-18.7394),(-11.522,5.13913),(-41.1294,-5.20496)]
triangle[(-3.01087,15.5471),(-11.2035,6.78134),(1.96387,-5.52527)]
triangle[(18.0017,-15.0742),(-4.92395,-9.61807),(-13.1386,-44.1346)]
triangle[(-11.8312,-3.87184),(19.4371,4.50132),(8.17566,46.5555)]
triangle[(-0.28162,-0.164342),(1.14701,-1.81073),(2.83968,-0.341942)]
triangle[(0.594955,-16.0547),(-12.6551,0.577265),(-36.3735,-18.3184)]
triangle[(0.953822,-7.07416),(-19.5926,-13.8692),(-10.6551,-40.8936)]
triangle[(14.008,-11.7094),(-14.9437,5.29206),(-46.9174,-49.1558)]
triangle[(12.4131,-0.790845),(-2.22808,-13.5293),(14.9449,-33.2674)]
triangle[(12.497,-3.04837),(-13.484,-8.49392),(-7.71179,-36.0333)]
triangle[(-20.759,-4.61021),(16.1002,9.43683),(-11.6627,82.286)]
triangle[(15.676,-1.45911),(-20.3931,-13.9809),(3.54835,-82.9445)]
triangle[(-20.182,16.0458),(-16.6667,-2.8469),(6.80131,1.51962)]
triangle[(-19.4572,-2.93218),(-11.4601,14.6957),(-43.4598,29.2128)]
triangle[(18.8854,4.53615),(-2.98044,9.34019),(-8.16409,-14.2534)]
triangle[(3.63768,5.69743),(-19.5758,-2.79146),(-6.42156,-38.7626)]
triangle[(15.9945,6.40013),(9.85389,-14.9073),(36.179,-22.494)]
triangle[(20.0439,5.57399),(-20.0536,11.7557),(-31.7166,-63.8964)]
triangle[(-18.2398,-18.8186),(1.07749,16.2366),(-43.6967,40.9096)]
triangle[(2.81551,-13.5691),(3.25756,5.29041),(-31.2519,6.09927)]
triangle[(-5.10673,2.83403),(-16.3692,8.80908),(-27.3015,-11.7973)]
triangle[(1.19844,1.80997),(-14.9474,-15.1524),(18.505,-46.9945)]
triangle[(18.8211,1.01866),(19.5787,-12.9826),(47.2164,-11.4871)]
triangle[(19.7275,-5.57739),(8.94668,19.7301),(-25.6187,5.00558)]
triangle[(6.41638,-8.98432),(-2.8041,14.8312),(-40.2406,0.337192)]
triangle[(16.9318,2.61169),(-15.5272,12.5194),(-34.3722,-49.2193)]
triangle[(12.9402,-11.8976),(18.6225,-6.28007),(12.3531,0.0616269)]
triangle[(14.356,13.8682),(18.5777,-5.81244),(51.9808,1.35276)]
triangle[(9.03795,-20.7406),(18.7096,-16.4916),(12.6757,-2.75706)]
triangle[(-14.8757,18.8907),(15.2938,15.0594),(22.7422,73.712)]
triangle[(-17.8752,0.827849),(-1.40134,-11.536),(16.4743,12.2821)]
triangle[(8.1526,-6.21409),(14.2652,-6.38529),(14.5403,3.43533)]
triangle[(-1.87916,-4.15568),(-19.2401,7.19352),(-41.8728,-27.4279)]
triangle[(6.47825,-20.3436),(-1.793,9.68279),(-39.3514,-0.663272)]
triangle[(-19.731,-9.88495),(17.7056,-20.0615),(28.9025,21.1287)]
triangle[(-1.18493,15.9447),(14.5774,-0.588292),(38.7877,22.4935)]
triangle[(-12.8306,19.985),(-13.5541,-20.1431),(43.5674,-21.173)]
triangle[(15.0111,-6.94724),(-0.199726,6.34241),(-22.47,-19.1473)]
triangle[(-11.687,6.01298),(3.33488,-6.47097),(18.3398,11.5845)]
