triangle[(14.2771,2.59317),(-20.5798,-4.39066),(-11.0216,-52.0965)]
triangle[(3.9194,7.4115),(-13.9584,5.78913),(-11.7786,-18.2304)]
triangle[(-10.9567,-7.858),(1.3873,6.471),(-15.3314,20.8737)]
triangle[(1.26881,2.80832),(13.6069,-9.07781),(28.3082,6.18246)]
triangle[(-14.8471,-16.3345),(5.41698,-12.8818),(1.23266,11.6761)]
triangle[(13.123,14.6942),(5.47874,-9.27159),(42.6943,-21.1421)]
triangle[(4.23851,-16.9566),(-10.0182,0.126269),(-33.6797,-19.6207)]
triangle[(3.97332,-7.55374),(-18.7394,-0.889232),(-30.5042,-40.9838)]
triangle[(-3.74974,-1.89144),(10.1437,8.06521),(-3.51475,27.1241)]
triangle[(-13.2609,2.70451),(3.66094,-0.0590263),(9.034,32.8414)]
triangle[(-12.6557,-6.83835),(7.58889,-17.9444),(20.6717,5.90351)]
triangle[(6.68256,-16.9531),(20.7041,13.3761),(-23.5415,33.8313)]
triangle[(-16.7032,-5.61664),(-12.4827,3.23533),(-26.5345,9.93509)]
triangle[(-10.5783,-5.9663),(-12.1347,-8.08559),(-8.74386,-10.5758)]
triangle[(12.554,17.107),(3.90418,-9.43402),(40.6766,-21.4183)]
triangle[(2.01918,-19.8643),(16.5142,-5.81586),(-10.5962,22.1564)]
triangle[(12.2406,-3.65922),(5.54289,-15.102),(22.5037,-25.0295)]
triangle[(-11.5023,0.429623),(-18.5641,-18.7836),(2.39477,-26.487)]
triangle[(-7.45645,-8.29911),(7.59346,-17.8555),(17.6355,-2.04081)]
triangle[(2.50258,11.571),(9.88498,-0.49728),(30.642,12.2002)]
triangle[(-14.1828,-0.672728),(5.59123,-7.30961),(13.8148,17.1918)]
triangle[(7.96895,11.2758),(16.6742,-18.1645),(71.9605,-1.81694)]
triangle[(-3.19861,-7.02826),(-7.74504,19.3414),(-36.9849,14.3001)]
triangle[(-4.19044,-10.9134),(-17.0886,-8.2428),(-20.7447,-25.9009)]
triangle[(10.5807,16.1568),(-7.59427,17.1638),(-8.89433,-6.29946)]
triangle[(-4.85752,-19.4433),(19.7811,18.7455),(-27.3807,49.1733)]
triangle[(-2.98176,10.3837),(-0.20867,18.8247),(-11.8263,22.6414)]
triangle[(10.1311,9.52316),(10.0183,3.3107),(17.4753,3.1752)]
triangle[(-19.2371,-11.6824),(-10.1368,-4.08963),(-18.6708,6.13876)]
triangle[(-1.04005,11.3939),(11.8834,-1.51437),(25.7578,12.3764)]
triangle[(3.36486,15.8697),(-12.0518,-19.1779),(49.988,-46.4678)]
triangle[(-5.11659,0.394629),(-1.46263,7.56742),(-8.80466,11.3076)]
triangle[(6.90493,14.3816),(-0.19643,-19.7474),(53.3518,-30.8894)]
triangle[(4.32606,0.106978),(9.24352,11.8137),(-13.9995,21.577)]
triangle[(5.07263,-7.70933),(-17.7571,3.66255),(-30.6604,-22.2416)]
triangle[(-0.126848,6.21147),(10.2919,-4.20699),(29.8776,15.3793)]
triangle[(14.6227,1.44201),(-13.0933,9.2911),(-25.652,-35.0552)]
triangle[(3.4642,8.34901),(-20.2744,2.97642),(-14.5399,-22.3613)]
triangle[(-12.9379,3.07058),(-15.403,12.266),(-33.7204,7.3555)]
triangle[(11.203,15.2207),(-6.3511,-5.7108),(26.3676,-33.1502)]
triangle[(-13.1451,3.346),(-17.7363,0.68425),(-13.989,-5.77953)]
triangle[(-6.12739,-14.4057),(20.6092,-9.67891),(13.3062,31.6296)]
triangle[(8.86674,-14.0998),(15.8711,-19.475),(22.7159,-10.5557)]
triangle[(-1.44655,-13.2613),(11.0587,-0.610553),(-7.88933,18.1195)]
triangle[(16.4807,-11.9822),(-14.0548,-5.27322),(-23.2722,-47.2256)]
triangle[(-4.42664,12.4919),(-17.2756,18.5661),(-26.0425,0.0209361)]
triangle[(-4.42389,6.32436),(16.7159,-18.4742),(56.8563,15.7438)]
triangle[(12.5881,2.26327),(1.92105,9.64655),(-8.28569,-5.0997)]
triangle[(17.4353,18.8379),(-4.7835,-7.78585),(31.7807,-38.3004)]
triangle[(-1.46743,-1.86023),(-19.9871,11.5121),(-38.0975,-13.5694)]
triangle[(-17.1477,6.53062),(-14.427,-8.79579),(3.31346,-5.64654)]
triangle[(10.9949,-5.31538),(15.8602,2.9172),(0.0628311,12.2532)]
triangle[(0.371988,-6.22934),(2.1126,18.657),(-25.0501,20.5569)]
triangle[(-8.86099,14.1174),(-12.2382,-3.25619),(13.5113,-8.26154)]
triangle[(14.5216,-15.4586),(13.6609,-9.15615),(4.05982,-10.4673)]
triangle[(-9.40921,-9.8091),(-6.43167,-7.3423),(-11.0818,-1.72938)]
triangle[(-6.01267,-15.8908),(-15.5452,-17.3298),(-13.577,-30.3682)]
triangle[(20.064,-3.21321),(1.94708,8.93199),(-22.0815,-26.9113)]
triangle[(17.7182,-4.08505),(-20.7404,8.60782),(-40.2386,-50.4704)]
triangle[(18.164,-11.5174),(2.68056,-10.8999),(1.45219,-41.7051)]
triangle[(20.5993,20.2331),(15.0333,13.1934),(23.7986,6.26301)]
triangle[(1.05293,-18.8688),(-13.8319,-13.8794),(-19.1228,-29.6634)]
triangle[(2.06251,-9.89358),(16.4496,17.4471),(-29.4049,41.5765)]
triangle[(-11.8946,-12.1565),(-9.62763,3.87837),(-40.9212,8.30261)]
triangle[(9.11511,1.50864),(16.9335,10.2266),(5.48775,20.4914)]
triangle[(2.14666,8.11208),(20.7854,-10.8937),(54.3205,21.9938)]
triangle[(-1.40084,16.337),(-12.0998,17.6826),(-13.8169,4.02947)]
triangle[(10.6451,8.5425),(18.8265,-5.05362),(35.202,4.8002)]
triangle[(-13.683,9.87896),(6.15127,-17.3165),(45.4333,11.3328)]
triangle[(-10.9167,-11.0174),(0.451591,7.04575),(-27.8236,24.8411)]
triangle[(-7.95259,-13.0672),(8.64885,-11.0368),(5.79516,12.2958)]
triangle[(19.7897,3.92431),(9.23356,-8.18362),(31.7965,-27.8548)]
triangle[(5.50011,2.52963),(-19.8939,-14.5156),(-0.704813,-43.1035)]
triangle[(-8.27515,-8.12512),(5.14066,-4.1456),(-0.945196,16.3711)]
triangle[(9.74605,-20.4012),(-18.3739,-4.74489),(-45.2764,-53.064)]
triangle[(-7.52832,-12.1785),(-0.652626,-1.60495),(-21.4729,11.934)]
triangle[(6.06082,-20.1393),(19.9883,-8.74431),(-0.901823,16.7886)]
triangle[(14.7218,0.821271),(17.4482,-4.98485),(26.1232,-0.911293)]
triangle[(6.56768,12.9667),(13.3413,-7.15082),(47.8206,4.45843)]
triangle[(-10.9364,4.87393),(-11.7157,9.66845),(-17.6716,8.70036)]
triangle[(16.6549,15.5359),(-20.7294,-1.32142),(6.62995,-61.9959)]
triangle[(-13.8197,16.4133),(19.9814,2.83298),(45.2097,65.6255)]
triangle[(-12.9589,13.904),(-18.1647,-19.1344),(23.6642,-25.7253)]
triangle[(3.42022,8.79236),(-2.4216,-14.1986),(39.2213,-24.7797)]
triangle[(6.92202,-0.130894),(10.1235,-5.09224),(17.5782,-0.281791)]
triangle[(17.832,-9.42034),(-18.3285,4.26179),(-44.8612,-65.8615)]
triangle[(-14.5646,4.08357),(16.6113,17.807),(1.73596,51.5997)]
triangle[(-4.5855,17.0347),(-8.96198,5.2062),(5.94236,-0.308301)]
triangle[(17.5933,12.9911),(0.428024,-14.2481),(42.9834,-41.0651)]
triangle[(-19.0464,-15.8067),(20.4438,14.6463),(-35.4927,87.1825)]
triangle[(-11.4069,-20.2728),(2.14203,14.1324),(-40.9503,31.1023)]
triangle[(1.61218,20.0514),(0.821108,4.27708),(28.7884,2.87454)]
triangle[(16.8219,19.0267),(-16.6884,16.7873),(-14.1488,-21.2147)]
triangle[(11.4146,14.4598),(-0.809376,-5.57274),(31.8222,-25.4846)]
triangle[(-0.713627,15.3059),(-3.75567,-11.7666),(34.9007,-16.1103)]
triangle[(18.6351,12.4842),(13.9781,18.5893),(3.31932,10.4587)]
triangle[(14.2924,4.88563),(-10.5151,14.3343),(-24.2034,-21.6043)]
triangle[(-2.79984,7.83706),(-17.2728,-16.4502),(17.9774,-37.4561)]
triangle[(8.24477,7.73406),(3.60651,-4.53732),(19.5084,-10.5478)]
triangle[(-3.64459,19.826),(0.61625,-4.94589),(42.0566,2.18196)]
triangle[(12.9584,-17.562),(8.00775,0.562377),(-17.1754,-6.31631)]
triangle[(-2.17621,-14.5185),(-15.5555,-14.3711),(-15.8375,-39.9619)]
triangle[(-5.56338,-3.18227),(-20.0291,-19.229),(-1.7081,-35.7449)]
triangle[(16.8388,-5.03608),(-16.8166,-18.6101),(0.633804,-61.8767)]
triangle[(-12.7714,-5.26991),(12.5618,-17.6361),(29.5703,17.2073)]
triangle[(18.0621,-3.15787),(9.95497,1.03811),(4.44137,-9.61476)]
triangle[(-2.53817,0.968446),(1.21009,1.75581),(-0.310083,8.99266)]
triangle[(-8.50314,-19.5624),(-15.1758,-15.5947),(-19.8508,-23.4569)]
triangle[(-15.5356,-0.962841),(4.02711,19.4021),(-25.0735,47.3564)]
triangle[(-5.59002,10.6608),(-14.6239,-6.64032),(11.0898,-20.0669)]
triangle[(-12.8873,8.76642),(0.99948,18.0072),(-16.923,44.9405)]
triangle[(11.3168,3.1127),(-17.0959,-15.5347),(9.52648,-56.0986)]
triangle[(-7.50346,-2.08649),(-6.89293,-16.2275),(7.99225,-15.5849)]
triangle[(18.8044,-10.7528),(-9.90822,20.7911),(-42.5717,-8.94062)]
triangle[(6.86065,-1.35885),(-2.54857,7.74504),(-12.9928,-3.04945)]
triangle[(-5.3698,-1.58671),(-19.8257,13.6625),(-43.1765,-8.47344)]
triangle[(2.37868,-1.42519),(6.44378,7.15184),(-9.72369,14.8144)]
triangle[(16.0794,20.997),(9.56753,19.2186),(11.9182,10.6112)]
triangle[(17.5209,15.8315),(15.4619,3.55522),(28.9508,1.29288)]
triangle[(-3.26242,16.7004),(-12.9851,-17.775),(47.5975,-34.8604)]
triangle[(-8.17972,19.639),(17.5886,-16.4853),(65.4892,17.6834)]
triangle[(9.83046,16.2188),(11.9592,12.2689),(17.8348,15.4355)]
triangle[(-16.9637,2.23167),(-2.74282,17.746),(-31.4322,44.0435)]
triangle[(19.5671,-11.7394),(18.5016,-13.4407),(21.1841,-15.1208)]
triangle[(7.0116,3.402),(16.5956,9.71643),(9.66423,20.2369)]
triangle[(0.597561,-5.41342),(-7.51115,2.95269),(-23.0457,-12.1039)]
triangle[(17.5755,-16.9196),(18.3753,-20.675),(25.5626,-19.1443)]
triangle[(19.2133,-12.4916),(-0.980903,-10.9484),(-3.8949,-49.0815)]
triangle[(4.77483,-17.7574),(19.0787,0.457112),(-15.3744,27.5131)]
triangle[(-3.89368,7.21774),(11.0638,18.7826),(-1.10122,34.5164)]
triangle[(-6.23001,7.65902),(5.12582,13.1447),(-1.08864,26.0092)]
triangle[(4.88631,-19.6378),(-0.123099,8.6081),(-53.5822,-0.87289)]
triangle[(-7.82161,4.36196),(-6.48068,8.05105),(-12.8664,10.3722)]
triangle[(-8.07746,-5.97594),(-5.32989,-4.14578),(-8.1743,0.124458)]
triangle[(15.5983,5.89148),(13.9143,-1.60806),(22.7297,-3.58759)]
triangle[(18.886,-4.41047),(17.6649,9.12933),(1.83608,7.70187)]
triangle[(-4.48721,7.94196),(-15.695,9.00823),(-17.0479,-5.21234)]
triangle[(-9.25572,17.3581),(6.58683,-12.391),(43.5823,7.31047)]
triangle[(3.6966,-11.6578),(2.36583,20.2587),(-45.8008,18.2504)]
triangle[(-11.3466,-1.12397),(-11.8616,20.0545),(-33.4944,19.5283)]
triangle[(-11.8541,-2.99459),(19.4418,9.33974),(-2.27438,64.4402)]
triangle[(9.7223,6.15259),(-5.32565,-0.302266),(6.72025,-28.3844)]
triangle[(-7.87093,17.3941),(-19.7211,14.6305),(-16.8064,2.1327)]
triangle[(9.99328,0.401244),(19.6002,6.34165),(11.3258,19.7232)]
triangle[(2.74139,11.0675),(15.9331,16.915),(5.3024,40.8973)]
triangle[(-19.4376,10.2971),(-20.5745,-10.9806),(21.4465,-13.2258)]
triangle[(-13.9944,2.57034),(-8.07002,0.678949),(-6.15758,6.66933)]
triangle[(-2.25108,12.6952),(-1.62792,-8.27588),(27.1714,-7.4201)]
triangle[(-13.3325,5.66109),(-6.78727,17.4605),(-22.5644,26.2122)]
triangle[(-13.9978,13.7588),(4.45216,7.69326),(10.8483,27.1489)]
triangle[(19.6648,5.26499),(-4.28325,16.1749),(-26.0667,-31.6412)]
triangle[(2.89894,12.5015),(-3.59408,7.78798),(3.91242,-2.55242)]
triangle[(13.438,-19.3428),(-2.30488,0.970431),(-27.0808,-18.2311)]
triangle[(-14.5217,5.51291),(-19.7521,2.48165),(-15.6836,-4.53848)]
triangle[(-17.0437,-14.3309),(-1.1378,11.0736),(-51.0796,42.3424)]
triangle[(-1.05587,-15.9981),(-13.4475,-0.185133),(-44.5397,-24.5502)]
triangle[(14.6011,-9.42925),(3.70657,-0.512948),(-9.04551,-16.0943)]
triangle[(-8.99106,-6.7809),(16.3328,-20.0528),(35.3636,16.2593)]
triangle[(-6.31279,-3.82252),(10.1414,2.01074),(-0.919192,33.2101)]
triangle[(-20.9975,-12.4228),(-18.2971,2.26249),(-40.9079,6.42031)]
triangle[(9.40528,16.5223),(-19.4274,17.5782),(-21.1683,-29.9624)]
triangle[(13.9487,17.4514),(0.577664,15.8),(3.50866,-7.93151)]
triangle[(2.78269,-15.8894),(-5.79568,11.4813),(-56.7756,-4.49655)]
triangle[(-4.3156,-15.401),(10.0695,-11.064),(4.92161,6.01098)]
triangle[(-15.1313,13.2866),(2.42196,14.8151),(-0.239572,45.3818)]
triangle[(-16.4643,6.6357),(6.26958,-12.2653),(28.7859,14.8171)]
triangle[(7.28465,9.06402),(-1.57577,-5.86727),(14.0787,-15.1568)]
triangle[(-19.0429,17.6023),(-10.271,6.18975),(1.80627,15.4726)]
triangle[(2.04039,-3.39789),(-4.32148,-18.7741),(18.9862,-28.4176)]
triangle[(15.7036,3.77248),(5.51127,-4.5617),(19.0011,-21.059)]
triangle[(16.2508,10.7487),(-5.22738,16.805),(-15.9908,-21.3665)]
triangle[(9.97956,19.336),(3.18915,12.116),(14.1468,1.81028)]
triangle[(-3.82446,12.5928),(6.30557,-13.9642),(53.7547,4.13509)]
triangle[(-6.44565,6.89535),(3.48801,2.63764),(10.9315,20.004)]
triangle[(-4.07841,-19.8788),(-1.24509,8.82128),(-37.4178,12.3923)]
triangle[(-18.4915,-11.8399),(-2.08381,-0.75537),(-20.1873,26.042)]
triangle[(1.95972,-17.2598),(20.4517,-2.3997),(2.95989,19.3672)]
triangle[(-11.3819,-14.2103),(-12.313,14.5283),(-64.9677,12.8223)]
triangle[(-6.21942,-12.5551),(8.59427,-20.9504),(22.7384,4.00729)]
triangle[(9.49282,20.9313),(-18.8492,-15.827),(28.5255,-52.3547)]
triangle[(14.5482,-17.7558),(-5.55419,1.26412),(-32.8376,-27.5719)]
triangle[(-15.7901,2.96575),(14.7794,-20.906),(43.2156,15.5087)]
triangle[(-10.8337,13.0007),(5.59994,17.6713),(-1.80887,43.7394)]
triangle[(17.8217,-7.54943),(8.946,11.1478),(-13.7494,0.374059)]
triangle[(-19.9909,19.873),(-20.0602,2.98224),(9.48894,2.86103)]
triangle[(-20.1922,5.03487),(-8.02719,-9.76471),(8.04753,3.44839)]
triangle[(-19.916,17.757),(-1.7497,-5.40748),(26.8947,17.0563)]
triangle[(20.655,1.6877),(-1.73968,-2.18887),(3.41746,-31.9812)]
triangle[(-10.1005,16.875),(18.6297,-9.21225),(64.295,41.0794)]
triangle[(-6.63028,13.4562),(9.89165,-20.0483),(48.6845,-0.918576)]
triangle[(18.4326,-9.83439),(-14.9645,8.9128),(-50.8126,-54.9486)]
triangle[(2.96871,5.87271),(-11.4751,-13.5154),(22.0779,-38.5117)]
triangle[(-3.87663,-20.3869),(17.2965,6.52929),(-28.8733,42.8479)]
triangle[(-4.29804,12.2932),(-11.188,-11.4294),(25.8046,-22.1734)]
triangle[(-7.22426,-17.1084),(5.2481,-11.4919),(-5.35225,12.0479)]
triangle[(17.0597,0.340496),(-14.6434,15.43),(-36.239,-29.9424)]
triangle[(-0.407099,13.8082),(-13.5948,-11.1969),(12.9649,-25.2045)]
triangle[(-17.0681,-0.832997),(-7.82556,16.5708),(-31.7069,29.2534)]
triangle[(13.7705,-11.9064),(14.6534,-3.74521),(3.05391,-2.49043)]
triangle[(-3.6572,20.5548),(-15.6536,-14.0675),(34.8685,-31.5731)]
triangle[(-0.396703,-3.16358),(-18.1676,12.5709),(-46.7065,-19.6615)]
triangle[(10.7321,-18.5398),(11.4789,9.88299),(-24.5069,10.8285)]
triangle[(-14.6664,-4.87021),(-18.3415,-15.4028),(-2.474,-20.9394)]
triangle[(-10.0172,9.88736),(-3.57373,11.9959),(-7.55663,24.1672)]
triangle[(4.51887,-12.4399),(13.7745,-10.3517),(11.6009,-0.717564)]
triangle[(15.7116,4.23975),(10.7185,19.85),(-12.5196,12.417)]
triangle[(0.565521,-0.69238),(13.9794,0.0168944),(12.7953,22.4108)]
triangle[(14.4872,6.41645),(18.3969,-7.58474),(39.8138,-1.60423)]
triangle[(-15.4403,17.4534),(-5.93207,10.9988),(3.9728,25.5897)]
triangle[(2.03828,17.096),(-10.1266,-20.5347),(29.5339,-33.3557)]
triangle[(-5.56804,-9.17419),(-15.0952,16.7393),(-42.6169,6.62082)]
triangle[(19.6312,-15.6056),(1.6324,-18.688),(6.16307,-45.1435)]
triangle[(-2.55565,-0.0158045),(12.5973,-9.73272),(29.3465,16.3867)]
triangle[(0.578932,-13.3985),(-19.9351,1.54449),(-46.0334,-34.2836)]
triangle[(6.44529,-8.85452),(5.12135,10.3691),(-20.0001,8.63901)]
triangle[(20.6203,5.86147),(-0.81415,11.8632),(-12.1191,-28.5111)]
triangle[(15.094,-18.4705),(-0.720824,12.5966),(-49.9041,-12.4404)]
triangle[(-8.20253,9.07951),(-19.1651,14.4544),(-28.7332,-5.06062)]
triangle[(7.86485,17.6879),(13.9725,15.6657),(17.3004,25.7171)]
triangle[(-3.01795,-3.13157),(-16.3275,-0.891868),(-20.3863,-25.0115)]
triangle[(0.352443,20.2567),(-13.4308,18.2499),(-11.0516,1.90878)]
triangle[(-20.8049,-1.7456),(-15.7204,-5.42762),(-9.65932,2.94208)]
triangle[(-18.3293,9.51775),(20.3236,9.23625),(20.6149,49.2333)]
triangle[(-20.6224,19.0849),(13.4818,-11.6827),(47.4622,25.9828)]
triangle[(4.05265,8.73109),(15.8423,9.28731),(15.2245,22.3815)]
triangle[(15.8756,7.64681),(11.185,-11.1403),(40.5494,-18.4717)]
triangle[(7.83397,-14.641),(12.3023,-6.98203),(-0.722781,0.61698)]
triangle[(-16.2594,-18.625),(-11.5516,-12.3743),(-22.8916,-3.83332)]
triangle[(9.90639,9.87322),(-19.6065,18.0143),(-31.0693,-23.5405)]
triangle[(15.5024,-16.2407),(-12.8667,2.79775),(-37.0617,-33.2552)]
triangle[(5.57717,-16.8626),(-15.7298,-4.00406),(-40.0984,-44.3837)]
triangle[(1.74023,5.16771),(14.7821,-12.7109),(38.0074,4.23114)]
triangle[(-16.7119,-11.4697),(3.09527,-1.0399),(-9.90171,23.6425)]
triangle[(8.59097,-13.1055),(-7.69664,-5.35029),(-17.7521,-26.4688)]
triangle[(-0.744825,-17.9903),(4.83392,-7.54992),(-7.69458,-0.855376)]
triangle[(9.31313,0.997607),(3.36598,2.74289),(1.47368,-3.70521)]
triangle[(-7.80923,-18.8056),(2.97145,-10.4244),(-6.38981,1.61694)]
triangle[(-5.37237,-4.52899),(7.84307,2.08159),(0.584283,16.5929)]
triangle[(-1.46585,-5.53377),(13.4115,-2.07062),(9.18331,16.0931)]
triangle[(-2.82038,-5.98023),(-2.42963,3.61584),(-20.8245,4.36487)]
triangle[(-3.83118,18.6943),(-2.43625,-19.9065),(74.4456,-17.1282)]
triangle[(2.92313,12.6317),(-16.0995,-2.6058),(0.618827,-23.4772)]
triangle[(4.09259,-1.04605),(-0.0277619,-19.1864),(29.4098,-25.8728)]
triangle[(-0.598407,-17.0771),(-11.5067,2.9002),(-42.0458,-13.7752)]
triangle[(15.7506,-18.1822),(7.5778,-6.71582),(-5.13626,-15.7779)]
triangle[(14.6328,-15.5183),(-3.2251,20.2999),(-56.984,-6.50272)]
triangle[(-17.2897,12.969),(-20.3418,-19.0722),(22.2513,-23.1296)]
triangle[(-11.1786,-16.8811),(3.49815,-16.9002),(3.53309,9.89898)]
triangle[(-16.4055,0.330912),(2.41442,-17.4475),(31.6088,13.4573)]
triangle[(9.83789,-6.9604),(-18.8121,13.7555),(-50.854,-30.5582)]
triangle[(10.2366,8.89028),(-4.42401,-13.919),(39.7434,-42.3076)]
triangle[(-9.87608,-17.2902),(-13.3852,-7.23611),(-28.2173,-12.4129)]
triangle[(13.6955,9.04027),(-19.8244,-2.02078),(-7.39915,-39.6747)]
triangle[(3.00853,-8.09953),(8.10181,17.8688),(-21.0826,23.5928)]
triangle[(-6.39369,6.7445),(17.4162,8.57298),(14.8981,41.3633)]
triangle[(-11.7773,-18.8594),(0.0991197,-10.1491),(-14.3118,9.49999)]
triangle[(2.38863,5.50883),(-0.229292,-6.47144),(12.929,-9.34678)]
triangle[(-10.8956,-9.51796),(5.65951,-11.4262),(9.19176,19.2175)]
triangle[(3.10479,-5.79259),(10.0463,15.5204),(-30.6622,28.779)]
triangle[(-14.7356,11.4366),(-11.0534,0.910214),(1.11618,5.16721)]
triangle[(-20.6907,-10.4492),(-11.198,11.6467),(-53.7268,29.9177)]
triangle[(-4.1665,8.35489),(-4.6697,20.8068),(-18.3653,20.2534)]
triangle[(12.7422,5.08473),(-7.71718,-14.5771),(25.753,-49.405)]
triangle[(0.0852209,-20.6453),(9.56201,7.49254),(-37.3737,23.3005)]
triangle[(-2.30202,-1.46188),(-13.189,-17.208),(10.4847,-33.5761)]
triangle[(9.69201,-4.51505),(6.00517,18.8845),(-23.808,14.1871)]
triangle[(9.86674,-0.115749),(17.6869,-12.654),(34.809,-1.9749)]
triangle[(10.6303,-9.11729),(2.4561,-9.41453),(3.03195,-25.2507)]
triangle[(-3.65082,-6.11606),(-1.91843,16.5174),(-46.6262,19.9394)]
triangle[(17.8708,-9.71921),(-16.5057,13.2034),(-54.424,-43.6618)]
triangle[(-20.172,14.5504),(18.4979,13.6671),(19.8008,70.6988)]
triangle[(-1.04646,16.66),(-17.2583,-20.6446),(33.1258,-42.5406)]
triangle[(-15.8618,-6.85588),(19.0701,-20.4456),(45.7875,48.2303)]
triangle[(2.16969,-12.756),(-2.39408,-10.8353),(-5.49676,-18.2072)]
triangle[(1.47663,12.1084),(1.65023,-3.85593),(32.4557,-3.52096)]
triangle[(0.497114,-8.96643),(1.24822,-14.6719),(7.30511,-13.8746)]
triangle[(10.9159,13.5945),(0.800478,-12.5752),(50.7076,-31.8659)]
triangle[(14.5143,14.4475),(8.79831,-16.4841),(59.6719,-25.8853)]
triangle[(6.56656,14.1102),(5.15784,18.6556),(-3.32601,16.0263)]
triangle[(6.0083,-3.67131),(-17.7445,1.62001),(-23.5445,-24.4165)]
triangle[(-15.828,12.546),(-2.95576,13.1651),(-4.05652,36.0511)]
triangle[(-15.3556,19.3468),(7.60266,11.0974),(16.5787,36.0779)]
triangle[(-1.22326,-7.39949),(-15.1676,16.0258),(-40.9404,0.684048)]
triangle[(2.47243,-17.6278),(-2.93661,-13.6523),(-7.81521,-20.2899)]
triangle[(-9.26962,5.7308),(4.61071,4.65717),(6.18191,24.9704)]
triangle[(2.4804,-15.4159),(-14.1725,11.6574),(-64.3854,-19.2287)]
triangle[(-7.20346,18.454),(19.5759,-10.2007),(69.4995,36.4556)]
triangle[(9.71638,-0.445957),(7.8099,8.20887),(-6.90392,4.96772)]
triangle[(9.56934,-14.8682),(-17.8116,14.7661),(-71.8323,-35.147)]
triangle[(-19.3846,6.60239),(7.71301,14.2139),(-5.95628,62.8775)]
triangle[(-13.3107,-6.27536),(10.8905,-17.9919),(31.8282,25.2562)]
triangle[(-5.2515,-11.7954),(13.6397,-12.9022),(14.786,6.66195)]
triangle[(-6.81722,14.4447),(10.8352,-10.7109),(54.6433,20.0306)]
triangle[(-2.86677,-4.09483),(-1.78299,-0.490321),(-6.13468,0.818117)]
triangle[(3.61204,-18.1573),(-8.18737,-4.83534),(-34.6604,-28.2827)]
triangle[(-9.50031,-2.15209),(15.673,-12.5408),(27.8808,17.0405)]
triangle[(-17.7877,19.1974),(-3.66301,-18.1415),(47.1319,1.0733)]
triangle[(-19.4509,-6.86098),(-14.197,19.9959),(-63.8318,29.7059)]
triangle[(20.6316,-14.3468),(8.06381,16.9989),(-50.374,-6.43125)]
triangle[(15.2708,-1.4097),(3.75702,-2.88792),(6.65181,-25.4354)]
triangle[(10.6809,-13.3617),(12.8254,0.0177401),(-3.65658,2.65949)]
triangle[(-3.44452,-11.3807),(-5.48037,0.232618),(-23.7616,-2.97213)]
triangle[(20.8262,5.1331),(-11.7334,19.0422),(-38.1586,-42.8164)]
triangle[(8.06929,11.7794),(-18.4421,12.2301),(-19.224,-33.7666)]
triangle[(7.79251,12.6534),(3.09088,11.6482),(4.65282,4.34237)]
triangle[(-7.54495,20.7199),(-4.60323,-18.9917),(39.6209,-15.7158)]
triangle[(-15.2872,-16.6126),(2.52459,-20.6124),(9.68102,11.2558)]
triangle[(-13.4767,-10.9675),(-11.5502,-5.33246),(-20.9542,-2.11738)]
triangle[(-12.355,-1.58747),(-12.461,5.09381),(-25.6918,4.88385)]
triangle[(-16.3915,-1.36899),(2.94068,10.7689),(-20.5252,48.1433)]
triangle[(-8.35831,-1.81002),(2.57782,-18.9966),(34.5831,1.36905)]
triangle[(-20.3157,-0.0611247),(-10.2911,5.29282),(-16.7484,17.3833)]
triangle[(-9.02096,15.6218),(20.808,-3.47045),(50.6418,43.1407)]
triangle[(-18.7087,-7.77778),(4.81058,2.973),(-7.85085,30.6721)]
triangle[(-11.0322,14.2025),(-5.89057,11.7794),(-3.20621,17.4754)]
triangle[(18.0618,-15.8968),(11.7499,-10.4425),(3.90144,-19.5248)]
triangle[(-5.66447,8.21806),(1.8659,12.3135),(-4.15244,23.3795)]
triangle[(-6.29111,-3.57737),(7.07288,10.3818),(-16.0203,32.4904)]
triangle[(16.7866,4.29031),(15.5893,10.6169),(8.51818,9.27867)]
triangle[(1.99016,12.8919),(5.86767,19.0344),(-3.89346,25.1962)]
triangle[(-11.4457,-14.1932),(11.8255,-3.18899),(-3.73357,29.7146)]
triangle[(-18.5283,12.5939),(15.3507,-4.91574),(44.0547,50.623)]
triangle[(-8.57568,-4.45244),(17.6631,-1.45482),(13.651,33.6644)]
triangle[(12.053,1.11655),(-7.74745,16.7842),(-35.7696,-18.6298)]
triangle[(-9.01532,-14.9674),(9.76193,11.128),(-21.2587,33.4493)]
triangle[(-9.35747,-0.367967),(2.35403,2.97436),(-2.01147,18.2711)]
triangle[(-6.73124,-13.328),(-4.48077,-2.75414),(-22.9774,1.18253)]
triangle[(19.1961,-10.7271),(15.4062,8.42505),(-7.52899,3.8866)]
triangle[(-18.5432,-1.56984),(-14.1713,-1.73994),(-13.9158,4.82808)]
triangle[(14.885,6.73316),(17.4378,8.21369),(15.6275,11.3351)]
triangle[(-19.7578,10.5349),(-16.039,-8.24318),(12.2681,-2.6373)]
triangle[(-10.5916,7.61492),(-7.41272,-3.98139),(5.8351,-0.349784)]
triangle[(0.744338,17.9518),(-19.5649,10.4811),(-10.2766,-14.7693)]
triangle[(-9.48603,-10.2409),(-15.7555,-20.4214),(-4.24286,-27.5113)]
triangle[(-2.29863,-5.07491),(12.5982,15.3986),(-27.6952,44.7166)]
triangle[(13.8529,-14.6512),(-2.20469,14.8091),(-42.1668,-6.9726)]
triangle[(13.724,9.48774),(-18.0429,-10.5083),(20.1679,-71.2126)]
triangle[(12.7569,-11.759),(11.4248,10.5893),(-30.501,8.09033)]
triangle[(-0.405607,1.37805),(3.34626,-15.973),(21.8409,-11.9738)]
triangle[(18.8743,13.5746),(-14.2578,-8.53927),(14.4306,-51.5218)]
triangle[(-20.4228,-15.0507),(-13.0989,0.616939),(-36.7699,11.682)]
triangle[(3.62147,-0.321697),(17.5035,-4.24503),(24.2026,19.4586)]
triangle[(5.9425,-20.0089),(-3.23366,0.688609),(-37.4812,-14.4949)]
triangle[(5.62443,-9.08026),(-11.7337,3.2459),(-28.703,-20.6509)]
triangle[(8.24296,-11.8195),(11.4575,16.9547),(-22.0324,20.696)]
triangle[(-19.3835,0.044635),(7.74155,-18.3035),(33.2827,19.4554)]
triangle[(1.79113,-7.94735),(-19.4444,16.9175),(-66.7493,-23.4827)]
triangle[(-4.33447,-13.0203),(11.2899,-8.45359),(2.41766,21.9018)]
triangle[(-19.7507,-2.54),(16.5331,4.47258),(4.23445,68.1072)]
triangle[(19.5791,20.2047),(1.89321,-16.651),(43.5636,-36.6473)]
triangle[(-13.9577,-18.265),(17.0411,13.7456),(-41.0302,69.9814)]
triangle[(-4.28923,-14.0539),(-1.80931,19.5817),(-44.3643,22.7193)]
triangle[(10.368,2.57515),(0.503661,-17.27),(21.6839,-27.7979)]
triangle[(-8.66547,18.6547),(-3.05506,12.351),(5.50289,19.9677)]
triangle[(-7.11887,4.75244),(-20.498,6.68548),(-23.7673,-15.942)]
triangle[(4.21011,11.9322),(-5.57102,9.03037),(-0.478462,-8.13527)]
triangle[(-12.9606,2.46464),(-6.65425,8.99591),(-15.3354,17.3781)]
triangle[(6.99589,9.55048),(-20.8657,-9.90486),(1.46089,-41.8784)]
triangle[(-2.6229,8.3807),(20.3217,14.5268),(13.4937,40.017)]
triangle[(6.90125,14.2684),(-1.41399,14.5756),(-1.86184,2.45387)]
triangle[(-7.12694,-20.542),(-6.55457,15.8486),(-58.7633,16.6698)]
triangle[(-2.95641,-11.3564),(4.88713,-1.91247),(-9.56486,10.0905)]
triangle[(-13.6601,1.62334),(11.8946,2.64054),(10.5739,35.8184)]
triangle[(12.1473,-1.04363),(4.20062,-1.58241),(4.7679,-9.94954)]
triangle[(-4.70115,-17.7119),(13.5546,1.50577),(-10.8494,24.6882)]
triangle[(7.15239,7.77014),(-8.7631,5.08733),(-4.59078,-19.6644)]
triangle[(9.47156,-0.854833),(10.1176,-9.32594),(21.824,-8.43316)]
triangle[(3.82414,-3.24792),(13.3968,-9.58766),(24.1112,6.59045)]
triangle[(1.11663,14.0435),(10.7458,2.79521),(32.8351,21.7049)]
triangle[(10.067,10.3912),(7.37911,1.0128),(18.7131,-2.23549)]
triangle[(-18.3393,-20.6301),(-18.2845,0.250099),(-55.5792,0.347972)]
triangle[(2.79191,17.0116),(-14.8327,3.96441),(1.01161,-17.4385)]
triangle[(-13.6344,10.6623),(7.74234,-10.5251),(46.1284,28.204)]
triangle[(19.4733,7.93042),(-19.5612,1.18739),(-8.5204,-62.7263)]
triangle[(-20.6732,-17.2966),(2.93671,-20.1166),(7.43286,17.5258)]
triangle[(-17.8661,4.25335),(-20.0669,6.33258),(-23.1551,3.06378)]
triangle[(-5.74659,-19.2534),(4.98142,6.21054),(-26.1643,19.3323)]
triangle[(-12.1557,14.0821),(-17.502,-4.31727),(9.43267,-12.1436)]
triangle[(-7.90711,-11.8921),(1.44862,-19.3249),(10.7787,-7.58109)]
triangle[(-9.56394,-16.6014),(-6.09993,-16.1649),(-6.84281,-10.2684)]
triangle[(-19.958,-15.7497),(11.8228,0.110522),(-16.951,57.7676)]
triangle[(-11.326,12.5396),(-5.25061,18.9341),(-11.8843,25.2367)]
triangle[(-2.77517,5.72883),(-0.293944,-12.743),(27.6913,-8.98388)]
triangle[(9.55415,-13.834),(-14.396,20.292),(-77.7758,-24.1888)]
triangle[(13.1548,-10.4003),(-0.711869,-17.4448),(12.9347,-44.3073)]
triangle[(18.2734,2.0537),(14.9282,-15.9458),(39.8418,-20.576)]
triangle[(18.2904,17.9888),(19.3234,11.9598),(28.0478,13.4545)]
triangle[(5.97784,3.03217),(20.3967,9.38007),(8.58651,36.2063)]
triangle[(-8.87163,-16.7904),(-15.8389,8.11143),(-55.0785,-2.86746)]
triangle[(18.6116,9.96743),(-6.51994,-11.6047),(31.5164,-55.9171)]
triangle[(15.841,-2.60895),(-2.09814,-10.1666),(9.52231,-37.7492)]
triangle[(-3.06515,5.78342),(4.04389,-8.5864),(18.7719,-1.30016)]
triangle[(12.7757,-12.0074),(-8.00688,6.38311),(-35.2529,-24.4067)]
triangle[(-2.57939,2.58582),(15.6036,-8.08347),(27.3883,12.0004)]
triangle[(-0.467079,9.01826),(-4.08329,-14.082),(22.126,-18.1849)]
triangle[(-3.25883,-4.04325),(11.338,-14.3422),(25.7324,6.05923)]
triangle[(0.691997,15.3919),(12.8864,-16.1127),(66.6831,4.71026)]
triangle[(19.7609,0.450935),(15.3288,16.421),(-6.76546,10.2893)]
triangle[(-1.99988,4.54686),(-18.248,-18.4084),(19.4811,-45.1137)]
triangle[(-11.7931,-8.65919),(-14.5905,5.1832),(-32.8679,1.48951)]
triangle[(-17.7199,19.5894),(0.0665077,-17.8795),(66.6728,13.7383)]
triangle[(16.859,10.9448),(-18.2264,6.1909),(-12.6369,-35.061)]
triangle[(3.73386,12.0338),(-9.4165,-20.1583),(49.8037,-44.3496)]
triangle[(-13.7722,11.0853),(-14.2854,-9.80714),(12.9756,-10.4768)]
triangle[(10.5984,9.89944),(-7.1867,-5.10432),(17.649,-34.5439)]
triangle[(2.13397,1.68967),(10.2149,15.4914),(-7.5981,25.9209)]
triangle[(12.8448,7.07461),(-10.4947,8.76223),(-13.1283,-27.6593)]
triangle[(20.7671,-7.07397),(-20.1784,-19.7607),(-1.83169,-78.9732)]
triangle[(-0.556768,0.76475),(0.936393,12.6381),(-20.3816,15.319)]
triangle[(-7.90857,-2.28661),(2.74883,18.1822),(-28.2913,34.3437)]
triangle[(8.59769,-0.502227),(20.9471,-10.79),(34.8967,5.9552)]
triangle[(-18.5156,-4.76767),(11.5708,-4.18348),(10.8533,32.7709)]
triangle[(12.7035,9.54315),(-15.013,-18.83),(35.0336,-67.7184)]
triangle[(-10.6521,1.03516),(-15.9237,-10.5739),(-0.999315,-17.351)]
triangle[(18.7037,2.48198),(17.1232,-12.0147),(39.1147,-14.4123)]
triangle[(-11.3459,12.9462),(-17.9182,-1.17039),(3.78423,-11.2745)]
triangle[(6.89124,-1.19624),(11.0763,10.3417),(-8.74904,17.5327)]
triangle[(0.615826,7.07124),(7.85273,12.9962),(-3.45623,26.8092)]
triangle[(-19.0422,0.546842),(6.77291,9.70613),(-6.36796,46.7432)]
triangle[(1.14626,9.29042),(-2.11901,7.1821),(1.04614,2.28007)]
triangle[(-6.78668,-15.9927),(-12.4843,-7.04391),(-28.5761,-17.2895)]
triangle[(19.3205,19.5448),(15.0467,-19.4144),(64.6123,-24.8517)]
triangle[(-2.63433,14.4168),(9.1546,16.1116),(5.96399,38.3056)]
triangle[(-16.994,-17.9598),(-20.2603,-4.76697),(-40.3234,-9.73429)]
triangle[(-6.50623,-13.6372),(-4.77188,12.3612),(-40.2698,14.7292)]
triangle[(13.3897,-17.1882),(-8.32406,-16.4513),(-9.23003,-43.1467)]
triangle[(12.073,18.9025),(-1.66384,18.6588),(-1.38169,2.75278)]
triangle[(18.9262,6.52879),(-2.38726,15.3267),(-18.7827,-24.3923)]
triangle[(18.4741,-14.4983),(-11.0101,9.13749),(-34.9899,-20.7759)]
triangle[(-2.9507,-5.26643),(-17.7045,10.8538),(-45.1415,-14.2575)]
triangle[(-4.95013,-0.895936),(-15.2178,20.1641),(-38.8415,8.64653)]
triangle[(5.54538,8.65502),(0.718705,-20.8713),(43.7361,-27.9033)]
triangle[(7.54845,-10.6284),(-20.7666,-8.81888),(-23.0465,-44.4942)]
triangle[(15.7957,10.153),(10.0286,-20.426),(62.5197,-30.3256)]
triangle[(0.168518,-13.2927),(-14.6608,9.89082),(-59.5519,-18.8237)]
triangle[(-15.2063,-0.301552),(-18.929,-9.11785),(-6.97698,-14.1647)]
triangle[(-11.4797,-16.8731),(-13.8709,3.47786),(-47.971,-0.528918)]
triangle[(9.21998,-4.72946),(20.7363,3.53783),(5.39193,24.9124)]
triangle[(-8.23557,-7.40385),(-13.4196,-18.1434),(2.12473,-25.6468)]
triangle[(-8.37672,-15.1251),(3.5205,-18.7278),(8.61951,-1.88904)]
triangle[(3.2271,-2.51456),(16.3213,-8.44752),(24.152,8.83508)]
triangle[(20.4124,-17.4728),(-7.4232,-7.81522),(-26.3954,-62.498)]
triangle[(-5.58287,1.86893),(-20.9473,-17.2693),(1.38367,-35.1969)]
triangle[(-13.9066,-19.1943),(-15.5504,18.1879),(-55.6916,16.4227)]
triangle[(-13.7088,-16.2225),(2.26127,6.75961),(-37.846,34.6297)]
triangle[(-8.08721,-15.6636),(1.6368,-2.88476),(-14.8531,9.66319)]
triangle[(17.4528,-17.092),(-1.98771,-6.29202),(-21.5997,-41.5947)]
triangle[(-17.7467,-10.8642),(3.02133,-5.48053),(-3.86628,21.0889)]
triangle[(-20.1617,-2.91672),(1.93818,-13.8064),(17.8604,18.5066)]
triangle[(8.75496,5.87549),(9.49817,18.2749),(-15.2611,19.7589)]
triangle[(-2.38827,4.76284),(2.93919,-2.89851),(16.6123,6.60932)]
triangle[(-16.2611,-17.0221),(16.8742,16.3549),(-31.2386,64.1193)]
triangle[(-10.5628,6.89982),(-0.326519,-4.98746),(12.9706,6.46288)]
triangle[(0.126738,4.64186),(17.9281,16.3512),(6.19585,34.1875)]
triangle[(-3.41883,-0.976734),(15.1038,-8.42549),(29.9261,28.4328)]
triangle[(-0.246051,3.77534),(-10.4441,-17.7342),(21.4677,-32.8642)]
triangle[(12.3598,-4.5299),(-11.9975,-8.60369),(-5.44175,-47.801)]
triangle[(-17.2831,1.53463),(-0.938147,10.9317),(-15.7231,36.6483)]
triangle[(16.3406,-0.381764),(9.35007,2.08342),(5.13866,-9.85883)]
triangle[(-15.8068,14.2123),(20.2671,-12.7712),(69.1663,52.6015)]
triangle[(-3.45022,6.64177),(-16.5664,19.0547),(-32.7408,1.964)]
triangle[(-6.2579,15.9765),(-19.4353,0.806546),(9.44779,-24.2828)]
triangle[(-2.14667,-2.66765),(-0.662275,-15.3075),(16.3714,-13.3071)]
triangle[(-12.8033,4.89434),(-7.50118,-0.148189),(-1.61879,6.03705)]
triangle[(7.38946,9.54078),(-11.1995,7.4965),(-7.77423,-23.6503)]
triangle[(9.28007,-19.171),(-10.3089,4.10072),(-51.2802,-30.3869)]
triangle[(-0.864041,-17.113),(0.108927,-8.30754),(-14.7548,-6.66515)]
triangle[(-6.9806,20.7446),(2.06747,-12.9983),(41.9525,-2.30321)]
triangle[(-13.6611,9.61844),(-3.66861,-10.0527),(24.3164,4.16314)]
triangle[(8.80288,-19.84),(20.737,16.5347),(-23.8041,31.1481)]
triangle[(9.9093,-0.95958),(13.1067,17.1781),(-5.51708,20.4612)]
triangle[(-11.2056,6.01517),(-17.6634,12.2594),(-24.5782,5.10805)]
triangle[(11.1566,11.881),(18.7126,-16.0203),(59.5343,-4.96526)]
triangle[(-10.2705,20.5908),(8.71495,-11.7286),(48.0745,11.3924)]
triangle[(18.3348,17.819),(13.5641,-3.96951),(45.7825,-11.0238)]
triangle[(-5.87072,-13.7539),(13.6664,-15.252),(16.5825,22.7785)]
triangle[(-13.4568,11.841),(-17.9247,-9.24352),(10.281,-15.2205)]
triangle[(16.9193,-14.2055),(9.96636,-20.8269),(22.1153,-33.5841)]
triangle[(-3.78724,-18.4137),(8.40229,5.95714),(-17.5732,18.9493)]
triangle[(16.9356,15.3349),(17.2599,7.34481),(31.2361,7.91213)]
triangle[(15.8195,1.21623),(-20.7307,-3.73722),(-15.2474,-44.1971)]
triangle[(8.65902,20.044),(-9.97226,19.8331),(-9.56807,-15.8671)]
triangle[(14.8922,-20.2458),(17.7563,-15.8199),(11.0491,-11.4793)]
triangle[(10.1604,-1.01361),(-17.0576,-3.53803),(-12.8997,-48.3679)]
triangle[(-8.12803,-8.32159),(-16.0185,17.7111),(-67.2219,2.19144)]
triangle[(-2.77844,-8.41556),(-17.3725,-15.2611),(-7.84458,-35.5738)]
triangle[(-9.44638,2.47033),(-0.987372,18.1463),(-20.2584,28.5453)]
triangle[(16.4714,-1.58261),(15.4008,15.5851),(-16.4422,13.5994)]
triangle[(-8.35607,-3.04592),(-17.145,8.04879),(-37.1969,-7.83581)]
triangle[(17.4771,-16.7871),(0.933045,18.9655),(-64.0568,-11.1076)]
triangle[(-12.9385,-1.82651),(-2.3655,-6.09685),(4.76602,11.5602)]
triangle[(12.7601,10.8661),(-6.48579,4.65488),(4.8148,-30.3611)]
triangle[(2.20824,-1.59467),(-13.5793,17.3522),(-42.7121,-6.9228)]
triangle[(5.75567,17.5852),(6.7588,20.537),(1.35068,22.3749)]
triangle[(-7.85185,6.99804),(14.0664,20.6261),(-4.76886,50.9192)]
triangle[(-10.8443,-15.0402),(15.5187,-20.4981),(23.0087,15.6805)]
triangle[(-9.87902,8.21917),(-14.7346,-7.3883),(12.5872,-15.8883)]
triangle[(4.80635,-4.38102),(11.3667,-1.95604),(8.7706,5.06708)]
triangle[(-18.9148,20.7875),(-11.4715,-0.994635),(27.6487,12.3734)]
triangle[(20.9598,11.3745),(16.94,-2.37456),(35.753,-7.87491)]
triangle[(-17.3585,11.6696),(4.77331,-3.15943),(25.5878,27.9055)]
triangle[(-18.9092,3.8396),(-2.24157,20.1886),(-27.7975,46.2426)]
triangle[(-8.35705,-1.12324),(-6.48363,1.8581),(-11.0017,4.69716)]
triangle[(18.4977,-19.7841),(-14.6986,9.79234),(-49.8093,-29.6154)]
triangle[(15.3454,-16.5641),(-19.8179,16.2488),(-61.8811,-28.8274)]
triangle[(13.7133,-1.37125),(-13.8857,-18.6121),(6.67572,-51.5267)]
triangle[(10.8901,11.8694),(-5.11306,-15.3711),(23.6116,-32.2461)]
triangle[(-10.7296,10.04),(8.03601,17.4336),(-4.71137,49.7876)]
triangle[(-20.004,15.1477),(5.10747,-5.29423),(37.6978,34.7406)]
triangle[(4.94629,10.1042),(-0.531031,-12.74),(45.1116,-23.6837)]
triangle[(-20.2443,1.47276),(-13.9908,-0.0821007),(-11.0792,11.6281)]
triangle[(-20.1126,19.9667),(-20.3894,12.0105),(-7.45481,11.5604)]
triangle[(-9.42162,5.46239),(5.32029,18.7152),(-19.7563,46.6094)]
triangle[(1.81466,5.58187),(7.8775,8.67562),(2.41078,19.3888)]
triangle[(-7.13675,6.23917),(3.41423,2.17273),(11.0469,21.9768)]
triangle[(-18.2845,6.99265),(13.2057,-0.817957),(25.5679,49.0231)]
triangle[(12.9547,13.9837),(5.05607,-12.411),(52.3402,-26.5607)]
triangle[(13.157,10.7551),(-3.43574,1.63799),(8.15338,-19.4538)]
triangle[(17.8575,1.64963),(7.28738,-16.4941),(30.3033,-29.9027)]
triangle[(5.35028,-12.5701),(-10.3926,-10.6778),(-13.6408,-37.7013)]
triangle[(-14.0264,6.50971),(-2.77757,-3.00987),(6.75247,8.25133)]
triangle[(-18.1756,8.74562),(4.84622,-0.393388),(14.7142,24.4648)]
triangle[(-9.87847,-4.98161),(-4.90213,-12.5417),(3.66835,-6.90035)]
triangle[(10.3337,17.5593),(-16.4366,17.2225),(-15.9789,-19.1527)]
triangle[(-18.9356,2.56483),(11.3663,-18.1754),(38.3936,21.3122)]
triangle[(6.29935,-0.54829),(-1.41497,0.515768),(-2.98693,-10.8808)]
triangle[(5.96377,0.448981),(16.766,4.5084),(12.1581,16.7701)]
triangle[(-1.48541,18.6097),(-11.373,-13.9867),(24.9451,-25.0032)]
triangle[(17.4875,2.03729),(16.596,-7.84636),(33.8614,-9.40374)]
triangle[(20.7664,16.2431),(11.1251,12.7281),(15.8589,-0.256082)]
triangle[(1.35711,-5.40921),(15.468,1.62728),(5.21294,22.1928)]
triangle[(-14.6403,16.1917),(-16.4923,10.7002),(-9.48778,8.33792)]
triangle[(7.82908,-4.66238),(9.77621,1.76223),(-1.5913,5.20742)]
triangle[(14.7676,15.1216),(-12.9918,0.338703),(11.9804,-46.5542)]
triangle[(4.41555,-1.46043),(-15.6131,-12.2393),(5.74435,-51.9245)]
triangle[(3.80429,9.56501),(-17.419,-7.90769),(12.31,-44.0182)]
triangle[(5.59339,-12.3031),(-9.83144,-7.31189),(-19.337,-36.688)]
triangle[(-4.50191,9.75169),(-10.4644,-3.58815),(8.98498,-12.2815)]
triangle[(-14.7808,-5.70243),(-16.1664,8.32662),(-41.5525,5.81928)]
triangle[(13.3592,-9.57952),(12.5928,6.02834),(-10.4148,4.8986)]
triangle[(17.0202,-13.846),(18.7437,11.8694),(-7.04277,13.5977)]
triangle[(-20.0825,9.04948),(-20.6109,0.261487),(-11.5509,-0.283234)]
triangle[(15.1825,13.9668),(-6.39229,-5.98397),(28.452,-43.6647)]
triangle[(-3.821,-11.5064),(-17.1431,-6.49499),(-25.0884,-27.6162)]
triangle[(-5.85636,-1.91994),(-15.9349,-5.32068),(-11.9712,-17.0676)]
triangle[(-17.8395,-5.2686),(-12.9883,-19.3973),(3.74583,-13.6515)]
triangle[(-18.0625,-9.87156),(7.24739,-19.0209),(20.0987,16.5297)]
triangle[(13.4092,14.9586),(-14.7309,-7.65481),(25.0689,-57.1816)]
triangle[(16.0928,6.37136),(18.67,-15.8032),(44.0406,-12.8546)]
triangle[(19.5738,-14.3448),(14.0918,0.0383194),(-7.50839,-8.19444)]
triangle[(11.0713,-17.1537),(2.02754,-9.20555),(-6.73266,-19.1733)]
triangle[(15.8284,-16.1259),(-0.0627016,-0.22456),(-17.9443,-18.0946)]
triangle[(10.3256,-16.7177),(0.774477,19.8562),(-68.8136,1.68362)]
triangle[(-5.63961,-5.985),(16.4659,13.3355),(-10.7113,44.4303)]
triangle[(-2.63276,-3.97668),(1.752,-17.0517),(24.8188,-9.31619)]
triangle[(17.237,-8.02326),(-11.3475,9.77472),(-45.5864,-45.2147)]
triangle[(14.6526,-7.8094),(-9.22144,0.417715),(-20.1598,-31.3241)]
triangle[(-14.2613,-11.6977),(-13.7063,-0.339289),(-30.0644,0.459987)]
triangle[(12.9448,-12.7218),(-8.90547,15.7046),(-53.4285,-18.5185)]
triangle[(-7.75949,-7.31379),(20.351,2.30316),(6.01485,44.2081)]
triangle[(-15.4201,20.3053),(-1.13186,-5.9371),(42.9222,18.049)]
triangle[(11.2017,16.6951),(18.7906,-14.4485),(81.0316,0.718158)]
triangle[(7.71057,-12.4045),(-2.50021,13.9608),(-33.9534,1.77958)]
triangle[(1.11417,14.4936),(-8.11075,2.00635),(14.9669,-15.0422)]
triangle[(10.2727,0.716988),(-10.5697,16.4907),(-34.2473,-14.7954)]
triangle[(-9.13372,14.2245),(2.99846,16.7068),(-0.125489,31.9753)]
triangle[(14.9682,-15.7917),(10.2089,-10.3652),(3.63623,-16.1297)]
triangle[(-3.92884,-20.1968),(-9.57569,6.17252),(-57.8148,-4.1576)]
triangle[(-14.0711,-19.1227),(-7.01907,-11.757),(-18.4472,-0.815658)]
triangle[(3.43498,-15.9118),(7.95069,-3.99675),(-12.5473,3.77182)]
triangle[(19.3514,2.80939),(-0.708906,-4.12181),(7.18523,-26.969)]
triangle[(-14.4054,-14.3145),(-14.4605,-16.6478),(-10.0598,-16.7516)]
triangle[(15.3836,-14.0689),(-11.5561,-3.49375),(-31.901,-55.3213)]
triangle[(9.13458,-19.9337),(14.8992,17.445),(-41.0566,26.0746)]
triangle[(-15.42,0.285548),(-16.5982,-14.7529),(1.71854,-16.1881)]
triangle[(-0.379206,-2.36194),(-0.392181,-12.7076),(17.9713,-12.7306)]
triangle[(16.1907,15.8346),(5.99953,19.0628),(1.37352,4.45899)]
triangle[(-3.15371,-11.8604),(-12.0778,17.2316),(-64.3939,1.18336)]
triangle[(-19.9738,7.86332),(-2.21883,15.9413),(-10.4372,34.0048)]
triangle[(-16.0155,14.7954),(-16.0011,1.40022),(4.14611,1.42181)]
triangle[(-1.45623,-5.50014),(4.62275,-8.12887),(9.5913,3.36097)]
triangle[(-9.74498,16.0546),(-20.3453,10.6541),(-11.3136,-7.07392)]
triangle[(-8.08189,6.60307),(16.164,14.6081),(7.63459,40.4422)]
triangle[(-17.2318,12.5205),(0.716558,0.907497),(23.1079,35.5144)]
triangle[(16.8979,-15.935),(2.10231,9.31847),(-44.9829,-18.268)]
triangle[(-7.16255,5.01734),(6.8988,9.73389),(-0.352009,31.3506)]
triangle[(-12.224,6.38354),(-19.106,-16.3673),(7.90135,-24.5369)]
triangle[(17.9816,-11.0522),(-2.54687,18.7903),(-45.6811,-10.8815)]
triangle[(5.25304,-13.4286),(-18.7822,-11.1644),(-22.9775,-55.6984)]
triangle[(-11.506,16.1676),(-15.93,-18.8243),(46.4144,-26.7065)]
triangle[(2.33034,-0.627806),(15.0994,-13.6617),(37.7912,8.56899)]
triangle[(0.37798,13.4391),(20.5073,-12.9177),(57.8146,15.5749)]
triangle[(-19.264,-10.0751),(6.46141,7.3755),(-12.844,35.8352)]
triangle[(-2.5881,-5.75566),(-1.19406,-3.80626),(-4.68835,-1.30745)]
triangle[(19.2625,14.1639),(14.9867,-19.949),(56.7629,-25.1853)]
triangle[(-5.20175,10.76),(2.69172,-16.9258),(33.9981,-8.00003)]
triangle[(10.8804,-11.5173),(-3.00556,-6.12023),(-9.45562,-22.7155)]
triangle[(-19.1315,6.67333),(2.18081,10.0603),(-4.30723,50.8865)]
triangle[(7.99614,-4.78451),(-6.36639,-4.05523),(-7.14749,-19.4385)]
triangle[(6.33894,-8.27089),(4.71672,9.79889),(-14.2764,8.09377)]
triangle[(-0.00443223,-17.7405),(2.54008,17.7154),(-67.6876,22.7554)]
triangle[(-18.514,-18.3447),(-13.361,0.753308),(-49.9871,10.6359)]
triangle[(-19.1088,-6.25829),(6.52989,3.49026),(-5.65547,35.5378)]
triangle[(18.2494,11.5396),(19.8762,-10.9583),(61.8267,-7.92498)]
triangle[(1.55793,20.906),(4.92603,-10.7734),(66.9782,-4.17608)]
triangle[(14.9614,9.78958),(17.8325,9.3229),(18.7137,14.7442)]
triangle[(-10.0514,10.932),(19.2062,-9.71429),(58.1148,45.4227)]
triangle[(-8.39149,-10.6655),(17.0837,-15.7065),(26.3713,31.229)]
triangle[(13.4443,-4.82294),(-19.3828,12.4647),(-42.1918,-30.8468)]
triangle[(1.82747,-17.605),(5.47737,1.84355),(-18.9328,6.42458)]
triangle[(-11.1833,16.6386),(18.0565,-14.3795),(73.1306,37.5371)]
triangle[(-13.0527,2.0462),(-6.50456,15.8723),(-23.3701,23.8599)]
triangle[(-10.5905,6.19423),(13.6474,17.1913),(-6.29732,61.1501)]
triangle[(-4.35204,-7.12155),(4.94221,-11.9789),(13.2092,3.8395)]
triangle[(-19.7352,-5.74443),(-20.0505,-9.6611),(-13.2013,-10.2125)]
triangle[(4.6849,-11.9086),(-19.9883,18.925),(-58.4982,-11.8908)]
triangle[(3.77963,14.0158),(16.8431,-0.105981),(42.8081,23.9132)]
triangle[(14.0322,-14.6155),(-14.3368,19.1495),(-70.9668,-28.4304)]
triangle[(5.25022,-16.5944),(-16.035,-5.33133),(-31.2408,-34.0676)]
triangle[(12.257,-20.3833),(7.2591,16.2613),(-54.0828,7.89493)]
triangle[(-20.3092,7.29726),(-16.4341,18.4279),(-27.8972,22.4188)]
triangle[(-7.13694,20.3849),(10.765,14.4896),(20.5775,44.287)]
triangle[(9.73198,-19.2479),(4.26435,20.1126),(-67.5045,10.1431)]
triangle[(5.67015,10.1547),(-9.18333,8.27056),(-6.25163,-14.8412)]
triangle[(-17.3432,12.3343),(20.124,-19.1066),(75.7375,47.1665)]
triangle[(5.84919,12.5511),(-19.8988,17.1015),(-28.2798,-30.3217)]
triangle[(-2.69728,5.55047),(-3.4203,-6.02553),(13.8327,-7.10312)]
triangle[(-3.95786,-1.2922),(16.0494,11.3333),(-2.99152,41.5068)]
triangle[(-15.6307,-0.487541),(-14.893,-15.8191),(3.22038,-14.9475)]
triangle[(-2.99579,-18.2393),(-8.55602,-13.3004),(-17.1844,-23.0144)]
triangle[(-9.31933,10.9731),(1.3014,6.31348),(7.17165,19.6937)]
triangle[(-14.7781,-15.6354),(-0.735496,11.8444),(-39.9538,31.8854)]
triangle[(0.0966872,20.2809),(-15.6655,-18.0535),(40.8499,-41.2913)]
triangle[(-12.7587,16.624),(-15.8366,9.22468),(-2.54691,3.69643)]
triangle[(20.9065,-0.0713341),(18.9466,10.6409),(-1.22776,6.9497)]
triangle[(10.7786,19.4859),(-3.51904,-5.846),(39.6792,-30.2276)]
triangle[(0.376971,15.3184),(-20.2687,2.32259),(-6.84819,-18.9977)]
triangle[(8.06319,18.2098),(14.1396,9.85873),(30.0314,21.4219)]
triangle[(3.33687,18.9555),(10.0696,-1.46002),(41.4236,8.88003)]
triangle[(5.35625,8.60922),(13.8731,-15.8063),(55.6921,-1.21858)]
triangle[(20.8637,-16.4189),(6.84898,9.38712),(-42.1067,-17.1997)]
triangle[(-10.9301,8.39582),(-18.4716,-17.5451),(28.8367,-31.2985)]
triangle[(-16.5111,12.2257),(-3.81112,-19.9704),(40.3116,-2.56589)]
triangle[(-1.70727,12.7542),(-16.3857,-4.52689),(16.2369,-32.2361)]
triangle[(-3.90901,13.6831),(-4.86666,-13.3739),(48.3874,-15.2587)]
triangle[(14.2542,12.1837),(-13.5549,13.0721),(-14.9375,-30.2056)]
triangle[(18.6148,18.0919),(-20.6916,14.4758),(-15.4728,-42.2525)]
triangle[(19.5857,8.19353),(-9.5068,15.339),(-23.1551,-40.2292)]
triangle[(-9.27866,14.7038),(7.7169,7.45734),(16.3174,27.6286)]
triangle[(-2.11569,9.48119),(-12.7388,11.7294),(-16.5572,-6.31272)]
triangle[(7.9347,0.16241),(10.4341,3.64908),(4.11984,8.17542)]
triangle[(-5.22989,-15.3591),(-17.4268,15.4578),(-52.7192,1.48956)]
triangle[(-15.001,12.3613),(12.5679,-0.902665),(38.8731,53.7721)]
triangle[(16.7331,3.61884),(-17.6477,-4.24583),(-9.14354,-41.422)]
triangle[(-18.7499,10.458),(-19.892,-5.33328),(5.57292,-7.17497)]
triangle[(-2.15134,-17.1836),(-12.1766,8.54419),(-47.0852,-5.05853)]
triangle[(-9.3176,12.2751),(-4.22541,-19.7492),(57.721,-9.89909)]
triangle[(5.04838,-0.584636),(-19.5773,17.2943),(-50.0211,-24.6377)]
triangle[(-9.00397,2.32186),(12.9952,-11.987),(27.4977,10.3098)]
triangle[(-1.21783,-18.0845),(20.0863,-15.4107),(16.6692,11.8157)]
triangle[(9.55545,8.25743),(-8.05094,-12.308),(27.2933,-42.5668)]
triangle[(10.9274,-0.842135),(4.09689,-12.31),(25.6791,-25.1648)]
triangle[(-17.7425,-8.07177),(10.2146,18.392),(-24.2667,54.819)]
triangle[(0.520738,5.13831),(-2.30279,-20.275),(29.6468,-23.8247)]
triangle[(-4.42637,-15.4842),(6.52574,-0.843237),(-17.6898,17.2711)]
triangle[(0.84291,-11.8412),(20.0582,10.7088),(-14.0857,39.8034)]
triangle[(3.86587,0.792376),(7.28349,6.77053),(-2.77292,12.5196)]
triangle[(-6.79704,6.67842),(-15.222,14.0359),(-24.2176,3.73508)]
triangle[(2.93111,7.80816),(-10.4696,-12.9386),(18.0291,-31.3465)]
triangle[(5.60847,-11.4021),(-19.4415,-16.0571),(-11.8909,-56.6898)]
triangle[(-20.5249,-20.8989),(-20.1398,-0.1778),(-45.9441,0.301809)]
triangle[(-3.62226,7.24883),(-11.4759,-0.712909),(0.751986,-12.7747)]
triangle[(-16.9605,-18.2811),(-16.7769,3.40553),(-58.9791,3.76276)]
triangle[(1.29088,-17.9252),(8.09451,5.32285),(-37.178,18.572)]
triangle[(-2.39387,-16.4424),(-10.9133,8.13271),(-42.2601,-2.73426)]
triangle[(6.17162,-5.993),(-7.61055,9.20415),(-27.6695,-8.98713)]
triangle[(-13.4575,19.3871),(8.66732,9.00643),(19.0798,31.1992)]
triangle[(9.05469,-6.11554),(-19.7531,14.7165),(-57.685,-37.7382)]
triangle[(10.3494,5.31075),(-9.36563,-16.9913),(19.6041,-42.6005)]
triangle[(-0.432187,15.2934),(10.4805,-11.1025),(42.9108,2.30492)]
triangle[(-12.6961,17.2406),(6.70865,-5.34929),(34.6974,18.6931)]
triangle[(-1.06975,-16.416),(-20.6167,-19.9494),(-14.6897,-52.7375)]
triangle[(-11.1784,-10.3881),(-9.82172,2.80663),(-35.1714,5.41304)]
triangle[(12.3123,8.00835),(20.8297,-8.66974),(37.6818,-0.0635077)]
triangle[(15.8636,19.3595),(14.7989,-1.54518),(45.1364,-3.0903)]
triangle[(-20.2121,19.8854),(10.6597,-9.93437),(56.239,37.253)]
triangle[(17.0751,-13.3653),(-9.24155,9.20492),(-49.9972,-38.3158)]
triangle[(-11.4377,-15.5508),(-7.66438,-15.0729),(-8.60108,-7.67858)]
triangle[(20.5736,18.4044),(17.746,13.6529),(25.2532,9.18523)]
triangle[(8.43086,-14.0226),(-5.35503,-15.0959),(-3.48417,-39.1253)]
triangle[(-19.8044,2.85556),(-0.986358,14.7417),(-20.6243,45.8324)]
triangle[(9.92859,12.9881),(-6.45075,-3.53628),(11.2803,-21.1117)]
triangle[(19.2809,0.0609491),(-12.8781,20.54),(-46.3658,-32.0471)]
triangle[(16.9659,-10.1089),(-10.8095,-8.48661),(-13.0452,-46.7654)]
triangle[(14.8774,11.5963),(4.2155,10.9903),(5.20726,-6.4578)]
triangle[(14.2794,20.003),(17.3395,-11.5278),(80.0856,-5.43815)]
triangle[(-8.99444,19.4849),(13.9197,-5.03951),(43.4784,22.5783)]
triangle[(-4.68765,0.502579),(13.1453,17.553),(-6.09389,37.6751)]
triangle[(-13.2461,-20.1459),(-10.9781,18.1511),(-83.9303,22.4715)]
triangle[(11.4486,-0.00421048),(-1.97196,9.8983),(-16.6381,-9.97829)]
triangle[(18.8522,4.50424),(-12.346,-14.2602),(11.2733,-53.5302)]
triangle[(-12.6071,16.8973),(20.1602,18.6669),(16.7952,80.9767)]
triangle[(-4.90724,-19.5942),(3.19726,-15.7123),(-3.63017,-1.4585)]
triangle[(-19.037,10.3716),(-14.5779,-14.0388),(18.5233,-7.99202)]
triangle[(11.2635,16.3271),(-10.2549,13.3702),(-5.5812,-20.6419)]
triangle[(0.637455,18.4391),(-19.2836,-14.5833),(45.9806,-53.9545)]
triangle[(4.79187,-1.37687),(6.28884,11.2943),(-6.54449,12.8104)]
triangle[(8.17355,-4.23132),(11.6675,10.2778),(-10.9676,15.7285)]
triangle[(-19.2939,-13.6387),(-14.3744,-15.6387),(-11.8087,-9.32778)]
triangle[(-8.28488,20.0711),(-14.9822,12.9958),(-3.80404,2.41485)]
triangle[(1.63865,19.1861),(8.01339,1.12111),(42.7531,13.38)]
triangle[(-4.34688,-19.6501),(17.9718,-17.5578),(14.114,23.5948)]
triangle[(17.7386,6.7051),(-5.38353,9.28382),(-8.59315,-19.4954)]
triangle[(-2.89174,-13.9885),(12.1171,11.1307),(-34.7742,39.1484)]
triangle[(2.93901,-4.64077),(-16.2469,15.591),(-48.7046,-15.1889)]
triangle[(-14.117,13.928),(4.93468,-6.16052),(38.5148,25.6865)]
triangle[(-17.9293,19.4585),(5.59628,-14.0351),(44.7788,13.4863)]
triangle[(1.98233,16.7577),(-9.06305,-2.41223),(26.5785,-22.9483)]
triangle[(8.66848,-11.7325),(1.78059,-13.233),(4.5125,-25.7741)]
triangle[(6.94459,-2.7124),(-8.70544,-9.87505),(-0.0682075,-28.7469)]
triangle[(7.98487,3.57063),(-0.526038,5.69136),(-4.33864,-9.6094)]
triangle[(-5.72496,-12.5417),(-6.34536,11.3259),(-44.9252,10.323)]
triangle[(16.6442,-2.93532),(11.4899,-1.08161),(9.47128,-6.69437)]
triangle[(2.92305,-8.56811),(-4.11165,11.588),(-29.2467,2.81559)]
triangle[(-6.87052,13.4279),(11.1274,2.11415),(23.1049,21.168)]
triangle[(-18.7489,11.1038),(0.962369,-14.2975),(37.5915,14.1264)]
triangle[(7.72895,16.1127),(9.87605,-10.9673),(41.2643,-8.47863)]
triangle[(19.8154,-12.1267),(12.2544,-17.939),(19.1002,-26.8444)]
triangle[(-6.94626,16.7282),(-3.28244,-17.8708),(50.2738,-12.1995)]
triangle[(-13.7182,-5.11358),(4.18596,-5.91079),(5.16696,16.1211)]
triangle[(2.66387,6.22077),(-7.83555,-16.7669),(21.4958,-30.1638)]
triangle[(5.98129,10.132),(-4.74681,-20.2351),(48.4083,-39.0138)]
triangle[(2.89288,-14.7634),(0.895631,7.93774),(-43.3715,4.04312)]
triangle[(-14.9381,19.6813),(7.24564,17.3349),(10.4387,47.5239)]
triangle[(-1.98393,-14.31),(1.12253,17.1683),(-33.5927,20.5942)]
triangle[(-5.28056,-16.2951),(-16.265,15.7664),(-70.2793,-2.73926)]
triangle[(-10.7024,-11.6908),(-15.4024,0.407983),(-33.1692,-6.49388)]
triangle[(2.58506,-19.506),(8.2413,5.60436),(-23.3061,12.7106)]
triangle[(2.23236,9.76063),(5.54464,14.3774),(0.786016,17.7915)]
triangle[(-1.54177,18.1226),(5.85119,4.58172),(32.0553,18.8885)]
triangle[(2.24749,20.6374),(13.9939,-20.6054),(85.9034,-0.124795)]
triangle[(-15.2696,-19.3739),(-10.2194,6.6561),(-43.6313,13.1385)]
triangle[(6.94327,-4.65391),(-13.272,9.24802),(-28.2574,-12.5427)]
triangle[(-15.1267,3.22371),(-14.0813,5.84636),(-18.7878,7.72226)]
triangle[(4.88759,18.9985),(-12.2797,-10.1158),(18.6793,-28.3708)]
triangle[(-0.739997,16.2212),(18.224,17.699),(15.2924,55.3189)]
triangle[(-8.57716,-1.26889),(14.3356,13.2521),(-2.93058,40.4964)]
triangle[(6.27234,9.53301),(2.45952,-2.21222),(22.013,-8.55982)]
triangle[(10.1035,17.7791),(-16.1559,19.4219),(-17.9897,-9.89022)]
triangle[(-13.335,-6.60918),(15.6782,-14.9621),(24.5149,15.7312)]
triangle[(7.47801,0.0214607),(-7.4336,9.48503),(-25.6968,-19.292)]
triangle[(-12.645,12.9611),(10.4033,13.4949),(9.79553,39.7353)]
triangle[(7.77368,7.83044),(-16.5146,-9.29457),(1.91992,-35.44)]
triangle[(-6.9428,11.9249),(-0.879661,-16.9134),(40.6266,-8.18681)]
triangle[(-7.45973,20.1333),(-20.6814,19.6403),(-19.9951,1.23219)]
triangle[(6.34216,11.4059),(-3.53024,-19.3711),(45.7663,-35.184)]
triangle[(-12.4412,-1.5087),(8.48609,-3.75106),(12.7321,35.8755)]
triangle[(12.4847,-19.8089),(18.9161,-9.78984),(5.754,-1.34072)]
triangle[(18.0579,-0.704211),(15.225,-4.03414),(20.7511,-8.73529)]
triangle[(-7.49529,-8.75837),(-18.1938,17.797),(-64.9045,-1.02154)]
triangle[(-6.80934,5.98059),(-15.8413,-13.1439),(8.09274,-24.4473)]
triangle[(-11.0906,20.6416),(6.65813,9.65926),(20.6895,32.3357)]
triangle[(11.7539,-10.6036),(14.2339,-15.393),(23.0707,-10.8172)]
triangle[(-19.0476,8.58983),(2.59763,-15.3593),(44.9315,22.9023)]
triangle[(-8.37341,15.3737),(-8.15122,1.78365),(17.0374,2.19549)]
triangle[(-9.22823,13.2997),(-5.33269,-13.61),(40.781,-6.93444)]
triangle[(12.5978,-4.84886),(-1.11032,7.46054),(-16.779,-9.98858)]
triangle[(-19.3432,6.19513),(19.8335,10.1314),(12.4637,83.4819)]
triangle[(-4.12216,-15.3729),(-2.50457,5.33099),(-35.2852,7.89214)]
triangle[(-4.42893,5.21166),(-16.5897,-19.4801),(16.3913,-35.7234)]
triangle[(13.7822,9.72134),(8.22111,-13.5297),(51.6483,-23.9165)]
triangle[(-6.54331,-17.1589),(-16.0072,14.5232),(-67.1276,-0.747261)]
triangle[(8.25285,0.36974),(-7.66443,18.6225),(-37.3891,-7.29883)]
triangle[(18.0525,10.4473),(-0.333537,-19.069),(44.4946,-46.993)]
triangle[(20.9582,-20.7114),(-4.99162,-7.38368),(-28.9827,-54.0958)]
triangle[(0.177279,20.2701),(0.952571,17.2856),(6.4852,18.7228)]
triangle[(-16.7032,11.3513),(-20.7264,-7.92898),(14.8045,-15.3432)]
triangle[(18.5739,-0.451014),(-2.8411,-15.7524),(25.74,-55.7529)]
triangle[(10.8949,-4.89512),(-10.7207,9.08903),(-28.253,-18.011)]
triangle[(11.7681,1.36419),(-12.0254,0.370704),(-10.2993,-40.9686)]
triangle[(3.79013,-6.75942),(-15.6698,12.0165),(-42.3903,-15.6775)]
triangle[(-19.5901,-20.1356),(-12.4338,3.72331),(-39.1125,11.7255)]
triangle[(8.21066,11.9595),(16.7322,18.0648),(6.74445,32.0053)]
triangle[(19.5738,-6.57228),(-15.6898,20.4897),(-54.9584,-30.6801)]
triangle[(15.3842,-9.37553),(9.68863,7.50509),(-7.55267,1.68783)]
triangle[(10.9615,14.5345),(-3.76234,9.30973),(4.27349,-13.3358)]
triangle[(19.3223,-18.8474),(-12.9418,-6.79658),(-33.0878,-60.7341)]
triangle[(-10.8276,15.7211),(7.44219,14.4829),(9.29943,41.8865)]
triangle[(-3.95692,-16.7012),(-16.6656,-12.6313),(-22.0014,-29.2929)]
triangle[(18.3939,-7.3979),(7.05939,8.74102),(-9.72573,-3.04728)]
triangle[(-13.6717,11.7703),(-14.2409,19.9794),(-24.7005,19.2542)]
triangle[(13.6686,-0.825922),(12.3127,20.7172),(-23.6266,18.4551)]
triangle[(-6.27692,-19.9629),(1.1475,1.0958),(-23.4751,9.77668)]
triangle[(-14.4982,0.0167504),(-8.8929,-9.96819),(7.8343,-0.577894)]
triangle[(-15.289,-16.3669),(3.62515,4.72484),(-23.0082,28.6084)]
triangle[(7.75796,7.11161),(0.58136,7.35237),(0.182332,-4.54204)]
triangle[(-16.4854,14.5288),(10.5827,18.2145),(3.87034,67.5108)]
triangle[(-2.24311,-9.43907),(1.12794,10.9936),(-19.6105,14.4151)]
triangle[(-7.35058,-12.8403),(-3.83922,3.1497),(-30.6003,9.02637)]
triangle[(-10.3172,-4.46505),(-3.10082,12.3174),(-28.6879,23.3197)]
triangle[(-18.9091,4.03544),(8.06499,-15.563),(28.4281,12.4635)]
triangle[(16.9532,0.04246),(-5.59006,3.48731),(-12.2762,-40.2674)]
triangle[(20.8943,-16.2196),(10.1766,-15.1878),(8.17091,-36.0227)]
triangle[(-9.17659,6.91985),(11.5696,-1.8419),(22.0264,22.9179)]
triangle[(8.48183,-19.5923),(14.6854,-17.7273),(11.2808,-6.40263)]
triangle[(2.35312,7.03466),(-15.6346,-4.15213),(3.75875,-35.3357)]
triangle[(16.292,10.6133),(-6.04151,-2.62224),(14.452,-37.2028)]
triangle[(-19.2256,12.8737),(-1.43654,-7.8605),(21.7451,12.0284)]
triangle[(-6.65209,17.9197),(-18.3242,-2.05435),(2.59031,-14.276)]
triangle[(-1.93827,-0.146368),(1.84128,7.56108),(-12.295,14.4932)]
triangle[(-9.98945,-0.114542),(19.3669,-0.388425),(19.6632,31.3737)]
triangle[(-12.5149,10.4538),(-9.37415,16.4243),(-15.4847,19.6387)]
triangle[(-9.09761,3.55501),(9.06602,12.5532),(-0.866778,32.6034)]
triangle[(2.96533,17.2872),(-18.6781,8.83506),(-9.29068,-15.2035)]
triangle[(19.1919,-15.6374),(1.57007,-6.99537),(-8.59472,-27.7223)]
triangle[(0.798734,-5.43332),(-2.06874,17.2961),(-36.4761,12.9554)]
triangle[(18.8173,-8.06929),(19.0401,15.9267),(-14.8372,16.2412)]
triangle[(0.042543,-0.766988),(5.69272,20.3592),(-24.3166,28.3852)]
triangle[(-20.3374,5.29062),(13.7697,-1.60014),(27.1716,64.7352)]
triangle[(-9.39237,10.5876),(-8.47592,18.9951),(-19.2385,20.1683)]
triangle[(-13.2213,14.9493),(-1.2662,0.980086),(12.7828,13.0035)]
triangle[(12.5778,-17.2783),(16.3778,-15.1285),(12.7225,-8.66759)]
triangle[(-2.25577,-5.37459),(15.4261,-19.3863),(40.6174,12.4035)]
triangle[(11.8003,-14.4296),(19.7238,-18.4332),(25.0138,-7.96389)]
triangle[(14.4474,20.1115),(11.6967,8.01019),(35.4176,2.61837)]
triangle[(-1.07491,-1.2966),(12.4265,20.4466),(-13.345,36.4494)]
triangle[(8.78536,7.75512),(-7.93504,3.43192),(-0.448701,-25.5223)]
triangle[(-9.73331,6.30842),(1.4911,2.30266),(7.6218,19.4813)]
triangle[(5.70311,9.30617),(-12.6832,15.8736),(-21.0585,-7.5741)]
triangle[(-7.7922,-15.4227),(2.38033,15.7581),(-56.8162,35.0706)]
triangle[(-2.18672,-11.6597),(-9.012,-8.61783),(-13.5796,-18.8663)]
triangle[(-14.7773,-10.4834),(0.793388,17.2561),(-49.5021,45.4879)]
triangle[(-17.8455,15.9607),(-2.14182,-4.16563),(33.4947,23.6399)]
triangle[(17.6593,-15.3014),(-5.21161,-11.7124),(-10.9935,-48.5579)]
triangle[(3.53543,5.62334),(7.15502,-17.7066),(43.2097,-12.1129)]
triangle[(5.07744,-3.87195),(-19.0367,3.31797),(-31.5527,-38.6591)]
triangle[(-0.662825,-10.8935),(-2.65829,-7.93103),(-7.13098,-10.9437)]
triangle[(-9.25582,-6.18416),(9.33365,-9.70614),(13.5339,12.4633)]
triangle[(-17.0147,-15.3033),(-5.97118,-9.73148),(-14.9473,8.05941)]
triangle[(-14.0486,-0.370614),(7.5061,17.0988),(-23.5616,55.4318)]
triangle[(-10.2285,-15.6345),(-8.60583,13.6617),(-65.7864,16.829)]
triangle[(-13.8933,2.16011),(4.30178,6.72846),(-2.33596,33.1656)]
triangle[(15.0884,-19.292),(6.89116,-15.3973),(-0.480473,-30.9126)]
triangle[(3.34953,10.2204),(-5.56488,12.7584),(-9.91722,-2.52855)]
triangle[(-0.0598907,5.53209),(-14.4441,-2.69042),(-4.12873,-20.7358)]
triangle[(-7.55092,2.99985),(10.2767,20.845),(-21.3381,52.4288)]
triangle[(9.48323,1.63061),(-1.62034,10.4557),(-12.6892,-3.47101)]
triangle[(-1.73417,-10.7074),(2.26605,-19.0545),(16.0359,-12.4555)]
triangle[(-14.0728,12.1828),(-11.0133,2.29794),(8.37497,8.2988)]
triangle[(-17.9211,-19.7342),(-19.3087,-10.8647),(-36.8136,-13.6033)]
triangle[(9.28499,1.69873),(-15.5145,-16.2421),(14.8358,-58.195)]
triangle[(12.6021,-7.5599),(-18.3,-7.26619),(-18.7688,-56.5964)]
triangle[(15.2387,2.85936),(-19.302,5.50403),(-22.2046,-32.4052)]
triangle[(5.28721,-14.3853),(-3.01079,5.05896),(-25.812,-4.67166)]
triangle[(-15.8288,-16.302),(19.7164,-12.6161),(12.999,52.1632)]
triangle[(20.8782,-2.29489),(1.96342,13.7675),(-19.6213,-11.6503)]
triangle[(14.0562,-1.90174),(9.78899,14.9417),(-14.7616,8.7218)]
triangle[(-8.37095,-5.24084),(-8.21896,9.1931),(-35.24,9.47764)]
triangle[(-17.3261,-17.81),(-12.8675,-2.49225),(-37.7126,4.73971)]
triangle[(-20.6575,8.0313),(-16.1734,-0.558796),(-0.609262,7.56577)]
triangle[(-15.3188,-7.07999),(11.7795,-8.94841),(15.2838,41.8748)]
triangle[(-14.1288,-14.8443),(-5.19911,2.87125),(-33.1896,16.9801)]
triangle[(-9.51701,12.3633),(8.05777,-7.58057),(37.0946,18.007)]
triangle[(8.49153,-4.02938),(-6.48904,14.8857),(-42.3538,-13.5189)]
triangle[(19.4431,-18.8156),(-12.0334,2.0266),(-48.9863,-53.7807)]
triangle[(-18.7081,18.8247),(-13.4634,8.24927),(-1.51426,14.1752)]
triangle[(16.4384,-12.3811),(-3.31006,20.9786),(-47.8279,-5.3752)]
triangle[(-4.41801,-12.8752),(15.9609,5.32871),(-15.254,40.2734)]
triangle[(-3.92496,-7.80331),(9.56286,-11.0828),(14.5715,9.51627)]
triangle[(20.2774,-8.93492),(17.938,-6.37287),(14.5864,-9.4332)]
triangle[(13.5762,-15.4574),(-1.91085,4.49524),(-31.5894,-18.541)]
triangle[(7.48511,14.5327),(5.75223,11.3538),(9.23201,9.4569)]
triangle[(8.04333,18.7622),(-17.3934,11.6929),(-9.10222,-18.1406)]
triangle[(2.69469,-18.374),(-12.6843,20.9362),(-52.4481,5.37968)]
triangle[(0.510483,-5.81359),(10.5966,-4.39229),(8.19558,12.646)]
triangle[(-4.58059,-4.6355),(-13.2684,1.6779),(-20.8596,-8.76832)]
triangle[(3.9872,-13.1203),(11.2057,19.8908),(-53.2743,33.9907)]
triangle[(9.16166,-15.8284),(-11.5404,20.3088),(-80.9531,-19.456)]
triangle[(-4.61014,-12.3044),(-19.0778,15.2752),(-64.757,-8.68713)]
triangle[(-0.58077,11.2438),(-14.7885,-15.1415),(13.4878,-30.3675)]
triangle[(-1.88339,8.52333),(18.5977,-5.43318),(45.3584,33.838)]
triangle[(2.88591,7.42551),(13.0446,16.8337),(0.724908,30.1362)]
triangle[(16.889,14.3758),(18.944,18.7478),(12.5636,21.7468)]
triangle[(17.5902,16.3154),(-12.8494,-8.32361),(34.9584,-67.3865)]
triangle[(-6.35067,-11.9261),(8.4463,-8.96573),(3.68628,14.8264)]
triangle[(-5.27754,14.1338),(9.68751,-7.25384),(43.3037,16.2676)]
triangle[(7.44686,-6.0025),(4.94357,-6.99458),(6.89633,-11.922)]
triangle[(-15.3689,13.2012),(20.804,3.63813),(38.4304,70.3114)]
triangle[(-9.85085,-12.5517),(1.50751,18.4712),(-59.8066,40.92)]
triangle[(-20.8048,17.7462),(20.4376,-5.69102),(48.9055,44.4037)]
triangle[(12.6502,2.74558),(15.7728,2.37488),(16.2194,6.13655)]
triangle[(-0.786405,13.2244),(12.4055,-11.0484),(43.0629,5.6134)]
triangle[(2.67921,18.606),(9.13147,-16.0538),(57.4447,-7.05975)]
triangle[(8.78643,-5.8381),(8.95924,19.272),(-40.6768,19.6136)]
triangle[(4.81826,-18.4429),(20.7772,13.1993),(-22.4603,35.0064)]
triangle[(-20.5424,-10.7104),(-3.64845,20.6928),(-36.7389,38.4944)]
triangle[(-14.8713,-15.6541),(-15.5879,11.9777),(-50.3257,11.0768)]
triangle[(17.7669,2.82855),(-18.7908,-5.6779),(-3.69843,-70.5392)]
triangle[(9.11351,-8.07816),(-16.2439,8.99005),(-38.3308,-23.8233)]
triangle[(-17.9828,-19.1046),(2.03769,-3.89394),(-14.2458,17.5385)]
triangle[(19.8985,-16.9677),(-11.0146,8.5297),(-37.5634,-23.6582)]
triangle[(-11.3592,7.78588),(19.199,-0.512617),(30.3155,40.4225)]
triangle[(7.71572,-9.17645),(-1.90493,15.7644),(-31.9963,4.15699)]
triangle[(15.1355,-18.8934),(16.5773,6.28255),(-12.6868,7.95847)]
triangle[(16.3748,20.5406),(15.6345,3.49646),(33.0527,2.73998)]
triangle[(-12.3283,-6.32311),(7.12025,8.37624),(-16.7888,40.01)]
triangle[(13.4069,13.2608),(-10.1986,-9.07932),(29.6964,-51.2341)]
triangle[(-3.51945,-10.1254),(-19.4525,9.84689),(-56.0249,-19.3291)]
triangle[(-8.93827,12.4792),(10.9538,-16.2882),(64.9871,21.0748)]
triangle[(-18.8486,-12.5197),(-7.24171,8.44247),(-34.3622,23.4593)]
triangle[(13.5144,-6.36052),(-13.0228,-8.46778),(-10.5479,-39.6351)]
triangle[(3.86097,9.49397),(16.0802,-2.64312),(29.7634,11.1327)]
triangle[(-19.6103,16.2535),(-16.9983,-2.0686),(9.4239,1.69815)]
triangle[(-10.6185,11.8787),(-4.7473,-13.158),(44.7664,-1.54684)]
triangle[(-7.13593,0.406461),(12.7343,-19.642),(52.3263,19.5979)]
triangle[(-3.89085,-19.8158),(9.07307,-18.9927),(7.53038,5.30498)]
triangle[(1.51493,20.1125),(-7.64709,-16.6336),(56.7774,-32.6968)]
triangle[(8.56427,14.8452),(-4.32009,9.35178),(5.67347,-14.0873)]
triangle[(8.39751,-10.1631),(9.77079,9.46231),(-17.8077,11.3921)]
triangle[(8.14018,13.1736),(11.1067,3.79189),(23.2967,7.64638)]
triangle[(15.9101,-3.25381),(3.89338,-19.351),(33.3384,-41.332)]
triangle[(-18.5366,-9.87341),(8.40608,4.26652),(-11.1765,41.5798)]
triangle[(0.91399,5.48967),(10.6568,13.67),(-5.12152,32.462)]
triangle[(-12.7701,2.77293),(-16.8047,12.451),(-32.7428,5.8067)]
triangle[(19.2708,2.53508),(-1.86157,6.40241),(-8.95671,-32.3678)]
triangle[(-11.9182,-11.381),(-8.99503,15.857),(-60.054,21.3367)]
triangle[(-14.5238,9.30827),(14.3987,5.79057),(18.101,36.2304)]
triangle[(-8.62133,-9.89494),(16.5813,-9.59052),(16.1089,29.5138)]
triangle[(15.2079,-0.365923),(-14.7529,4.19609),(-20.949,-36.4966)]
triangle[(5.78209,-14.5515),(13.917,20.1836),(-23.3496,28.9113)]
triangle[(3.64847,9.61557),(9.41874,11.9237),(5.15507,22.5827)]
triangle[(20.0035,-8.15072),(5.29586,1.86793),(-6.72776,-15.783)]
triangle[(-4.5689,3.7319),(-19.4795,19.0742),(-42.4404,-3.24058)]
triangle[(-4.70106,-6.56152),(4.10177,-16.1072),(15.2993,-5.78098)]
triangle[(-17.7155,20.41),(-18.2485,-5.61619),(22.7032,-6.4549)]
triangle[(-16.7428,-7.21296),(-6.72985,11.6013),(-26.4814,22.1131)]
triangle[(-14.6039,3.18385),(2.71557,10.0282),(-5.96296,31.989)]
triangle[(19.2432,9.41155),(14.0821,11.1497),(11.5016,3.48757)]
triangle[(-10.849,14.4513),(-0.461139,-7.58382),(42.5437,12.6896)]
triangle[(8.27873,-0.189902),(15.5913,-4.66512),(23.3548,8.02058)]
triangle[(-1.52723,-2.974),(-8.14307,20.1806),(-43.6971,10.022)]
triangle[(8.78906,10.2253),(19.6693,-12.5258),(51.6884,2.7866)]
triangle[(2.69904,-7.35037),(-12.9886,17.673),(-44.8403,-2.2955)]
triangle[(5.73668,13.2312),(4.2019,-14.127),(49.5862,-16.6731)]
triangle[(15.047,-8.12723),(-12.9719,5.20058),(-34.7523,-40.5882)]
triangle[(9.29236,-2.24234),(-5.0175,-6.69266),(1.16389,-26.5688)]
triangle[(-3.45283,-9.12993),(18.9926,10.7299),(-9.05402,42.4281)]
triangle[(17.2441,-13.9247),(-11.9178,-5.04412),(-25.6163,-50.0271)]
triangle[(-20.2406,-13.2654),(-17.5632,14.932),(-62.4677,19.1957)]
triangle[(12.7838,-0.959881),(18.6784,20.9086),(-12.0501,29.1913)]
triangle[(-4.04721,-0.893982),(-15.5238,-4.87288),(-11.2038,-17.3331)]
triangle[(-2.65385,-6.26436),(2.6114,-5.0734),(1.37181,0.40687)]
triangle[(15.418,20.5645),(19.3801,6.03569),(47.414,13.6807)]
triangle[(-14.6596,-8.2507),(-19.2148,3.06383),(-33.0635,-2.51164)]
triangle[(1.1318,-17.102),(4.63813,1.84026),(-24.995,7.32553)]
triangle[(-8.19759,14.6013),(-18.8242,-3.16774),(6.44559,-18.28)]
triangle[(-10.6044,2.71907),(-17.2898,9.08129),(-28.9837,-3.20665)]
triangle[(2.89438,-10.6054),(8.77238,-4.39312),(0.361185,3.5655)]
triangle[(4.00679,5.10806),(-2.60046,-14.9184),(20.7629,-22.6266)]
triangle[(-20.3022,-0.0704775),(6.23872,-6.89298),(14.4317,24.9793)]
triangle[(5.75016,14.2518),(-10.2384,-2.25162),(21.5349,-33.0337)]
triangle[(6.34371,-11.7384),(-11.4093,-20.0934),(4.28557,-53.4422)]
triangle[(-17.9367,3.17731),(-8.40822,-2.3894),(2.28492,15.914)]
triangle[(3.22063,19.253),(1.24052,7.72929),(22.1451,4.1373)]
triangle[(-5.19852,-6.61534),(-17.0956,7.08667),(-43.0698,-15.4661)]
triangle[(14.8606,0.999506),(-10.7837,11.3888),(-27.4686,-29.7955)]
triangle[(16.2494,1.70727),(2.75405,9.11954),(-6.35266,-7.46087)]
triangle[(1.46772,16.767),(12.0071,17.8261),(10.7103,30.7307)]
triangle[(15.8685,13.5983),(-1.07275,-12.0117),(41.1885,-39.968)]
triangle[(-5.65391,-19.6149),(13.6618,-19.1786),(12.9677,11.546)]
triangle[(-3.0005,9.52984),(6.46423,6.6879),(11.2417,22.5987)]
triangle[(-4.3763,20.6931),(4.0015,13.3614),(18.6085,30.0525)]
triangle[(15.1209,-6.75835),(-13.2804,-3.24885),(-17.9873,-41.3405)]
triangle[(-0.547703,14.1161),(13.1582,19.9592),(6.58929,35.3674)]
triangle[(-13.1314,-11.7419),(-5.94785,-14.8756),(-1.11851,-3.80514)]
triangle[(-6.44565,-17.3997),(-17.6717,18.2822),(-74.8291,0.299715)]
triangle[(-13.1636,12.3354),(-18.6694,-6.14762),(2.91864,-12.5784)]
triangle[(-10.18,20.0266),(-9.0238,-14.3275),(52.3392,-12.2623)]
triangle[(-15.4403,18.5924),(-3.47045,0.170246),(16.7972,13.3392)]
triangle[(14.4874,-5.41561),(-14.0044,19.8946),(-44.7743,-14.7432)]
triangle[(-16.1708,-1.33194),(-3.95878,-20.87),(33.4156,2.49025)]
triangle[(20.9684,18.6517),(-11.6418,-12.7913),(26.0905,-51.9242)]
triangle[(19.3787,-1.36348),(-4.11818,19.1834),(-41.7899,-23.8969)]
triangle[(16.0269,-18.2184),(3.79794,-2.19584),(-20.0159,-20.3713)]
triangle[(3.32586,-15.3855),(-1.09001,11.2966),(-40.7964,4.72524)]
triangle[(18.4629,8.62022),(3.06883,17.0338),(-12.2202,-10.9402)]
triangle[(-19.2249,20.7335),(-6.99189,-1.40573),(19.4957,13.23)]
triangle[(-1.9275,-7.35755),(-6.83099,10.4862),(-28.3725,4.56657)]
triangle[(-11.956,-16.8805),(-9.14819,9.17895),(-47.3557,13.2956)]
triangle[(14.4848,-17.8383),(7.59193,1.79271),(-22.8666,-8.90197)]
triangle[(-4.31182,-5.51691),(1.95211,9.63609),(-27.3755,21.7595)]
triangle[(8.62093,-16.6654),(-8.54652,-12.4918),(-14.6133,-37.4461)]
triangle[(-20.3652,5.79883),(-12.7126,-7.21807),(4.09062,2.66055)]
triangle[(-16.5062,-12.0866),(-19.039,3.99943),(-48.3723,-0.619207)]
triangle[(-17.75,18.6113),(-16.7545,-16.4422),(22.5914,-15.3248)]
triangle[(0.0544772,-5.61899),(11.7869,10.7553),(-10.9106,27.0184)]
triangle[(-5.89462,3.10248),(15.4553,5.82436),(11.6203,35.9049)]
triangle[(7.43715,-12.2532),(-5.5011,-20.9974),(5.3992,-37.1259)]
triangle[(-0.390582,-14.7612),(0.250939,-5.83561),(-15.0108,-4.73868)]
triangle[(17.5435,-12.4547),(5.62288,-6.03471),(-4.19285,-24.2607)]
