triangle[(5.60019,-13.4501),(7.10456,15.5535),(-37.2339,17.8532)]
triangle[(-19.5282,-20.8477),(11.7264,12.6049),(-27.9949,49.7163)]
triangle[(-0.624403,8.30435),(-11.971,-17.7526),(22.6186,-32.8148)]
triangle[(-10.3632,-1.01462),(12.9701,-8.04238),(23.8008,27.9173)]
triangle[(18.6114,-0.867754),(-0.564364,11.2327),(-20.4775,-20.3241)]
triangle[(18.0086,-1.89541),(-7.15307,-12.4189),(12.7996,-60.1256)]
triangle[(-0.142017,3.01258),(-2.22501,8.97339),(-9.29415,6.5031)]
triangle[(-12.0289,14.5598),(-2.64466,9.09982),(6.9007,25.5057)]
triangle[(1.67586,-3.31085),(9.41255,-15.6974),(31.0848,-2.16076)]
triangle[(-14.8901,-18.7335),(12.6869,-3.44207),(-8.77794,35.2683)]
triangle[(0.740356,-13.6708),(-20.8839,16.1644),(-74.2735,-22.5317)]
triangle[(6.10656,-11.6106),(-4.87014,1.44983),(-18.377,-9.90205)]
triangle[(3.00325,-16.0259),(-8.44469,-18.4339),(-4.88421,-35.3604)]
triangle[(4.23758,4.18848),(5.08907,-0.233015),(10.5457,0.817815)]
triangle[(19.1274,1.77921),(-2.5409,-9.2919),(18.4318,-50.3395)]
triangle[(-8.85407,-0.473842),(14.405,14.6478),(-9.40763,51.2747)]
triangle[(14.8537,6.88406),(17.2876,-13.3989),(44.8006,-10.0975)]
triangle[(-10.8487,-4.14681),(15.7154,20.1582),(-25.9487,65.6949)]
triangle[(-18.156,-19.1567),(-11.1953,15.8214),(-54.7022,24.4793)]
triangle[(1.46463,-0.225613),(20.9362,2.69193),(17.6674,24.508)]
triangle[(11.0552,-13.7527),(-20.7572,19.6863),(-79.9237,-36.6022)]
triangle[(-3.61191,19.5133),(15.8359,12.8521),(22.717,32.9418)]
triangle[(16.4163,-8.76913),(-10.0997,-5.31205),(-16.4953,-54.3668)]
triangle[(-7.0204,1.40116),(-2.78081,-3.47086),(6.15174,4.30217)]
triangle[(11.0852,7.70507),(11.4909,16.8528),(-0.46791,17.3832)]
triangle[(-1.61555,6.21441),(-3.23417,10.7363),(-12.2707,7.50161)]
triangle[(-15.1968,-14.7016),(19.6922,-1.24503),(4.91422,37.0701)]
triangle[(-3.66317,19.8171),(8.12839,-20.5387),(78.198,-0.0650162)]
triangle[(2.75699,10.1676),(-20.7889,4.08676),(-12.2495,-28.9793)]
triangle[(-13.7316,16.5686),(15.0982,-6.64954),(55.451,43.4562)]
triangle[(12.3178,-14.0989),(-5.52893,-7.14866),(-16.582,-35.5305)]
triangle[(2.2082,-12.0303),(10.4006,11.802),(-16.3005,20.9805)]
triangle[(-12.1505,-10.6491),(-20.6064,17.6835),(-57.9715,6.53192)]
triangle[(-10.6276,-10.1346),(-17.1407,-11.4186),(-14.9368,-22.598)]
triangle[(-19.6056,-15.0629),(16.2844,-9.27841),(7.38517,45.9373)]
triangle[(-15.989,-4.46067),(-9.88464,19.4756),(-34.8224,25.8354)]
triangle[(11.6965,2.34883),(-5.98194,6.28096),(-13.4628,-27.3523)]
triangle[(-9.83627,-12.3751),(-3.069,7.53311),(-30.5152,16.8627)]
triangle[(-11.7643,14.5923),(19.6834,13.8269),(20.7759,58.7106)]
triangle[(15.597,3.008),(-5.13072,-12.033),(11.284,-34.6539)]
triangle[(2.01574,8.78863),(10.4562,-5.34946),(26.3819,4.15821)]
triangle[(-9.31256,19.3722),(6.30426,-19.7591),(57.8854,0.826342)]
triangle[(16.7223,6.85308),(9.33507,-17.0926),(37.5292,-25.7905)]
triangle[(-14.9795,-3.46163),(0.460765,-19.0133),(23.5524,3.9128)]
triangle[(-3.18944,-19.5787),(-16.5165,20.2319),(-78.4228,-0.491842)]
triangle[(-17.8642,-11.4439),(-6.99483,-13.0286),(-3.96804,7.73167)]
triangle[(15.7052,-10.6007),(-10.7644,-7.23429),(-14.541,-36.9292)]
triangle[(-19.6287,20.0889),(-11.462,-18.1971),(45.8306,-5.97605)]
triangle[(-14.4643,16.4023),(-0.602675,-18.8842),(56.7092,3.6296)]
triangle[(-12.8553,2.19159),(4.52025,12.9348),(-7.03188,31.6186)]
triangle[(2.73011,17.8828),(-18.3891,-13.4973),(17.5468,-37.6826)]
triangle[(-17.2569,-16.3829),(-7.02367,10.552),(-48.8617,26.4474)]
triangle[(5.39309,-2.27258),(0.486639,5.05054),(-9.75703,-1.81267)]
triangle[(16.5841,-8.30742),(-9.86033,-12.3461),(-4.9523,-44.4825)]
triangle[(9.34682,15.7078),(-14.8765,7.5952),(0.370797,-37.9314)]
triangle[(19.2435,-1.79377),(-0.343519,20.9526),(-30.8517,-5.31809)]
triangle[(4.87954,10.7666),(9.70596,-11.8631),(54.7986,-2.2458)]
triangle[(-18.062,-11.3952),(9.25878,13.9169),(-27.4326,53.52)]
triangle[(-18.7101,1.49927),(12.1388,-18.2256),(40.2117,25.6794)]
triangle[(-10.0213,17.2442),(3.04194,2.16189),(21.5058,18.1539)]
triangle[(6.90523,15.5314),(2.38115,-9.84485),(30.2339,-14.8104)]
triangle[(-14.1341,-2.43807),(-7.12971,-10.1413),(7.61409,3.26477)]
triangle[(3.23457,20.4803),(-2.77728,4.5842),(21.3728,-4.54931)]
triangle[(-19.5008,10.9058),(14.8651,5.03764),(22.6823,50.8177)]
triangle[(-1.20719,-11.6689),(14.5442,-12.7572),(16.0988,9.74411)]
triangle[(19.6898,-17.9889),(-7.76317,-8.62384),(-19.6007,-43.3248)]
triangle[(20.0294,-5.90799),(-4.24669,-20.1228),(23.1769,-66.9568)]
triangle[(1.21051,1.51044),(-16.0366,-12.1959),(8.63047,-43.2351)]
triangle[(18.9199,-18.8221),(1.02756,-0.339765),(-35.8307,-36.0216)]
triangle[(-4.54227,8.4478),(13.8826,15.1649),(2.82288,45.5016)]
triangle[(-15.0684,-13.0008),(7.55916,-11.913),(5.79286,24.8309)]
triangle[(7.66509,-9.26633),(19.7727,7.99206),(-8.50048,27.8272)]
triangle[(17.1202,5.48291),(9.4022,-16.7668),(44.2787,-28.8648)]
triangle[(11.8761,7.74637),(5.51568,0.272555),(16.7369,-9.27698)]
triangle[(11.2643,2.45248),(-2.86529,19.1989),(-24.6615,0.808662)]
triangle[(-6.12791,2.95465),(5.3036,0.163258),(10.7147,22.323)]
triangle[(-13.0053,-3.89288),(20.0753,-18.86),(49.9131,47.0883)]
triangle[(-18.881,8.53046),(10.2368,-4.08744),(24.05,27.7886)]
triangle[(18.6483,-2.44509),(-0.981163,7.58407),(-20.3562,-30.3374)]
triangle[(-9.50837,-16.3172),(-16.7168,8.4124),(-62.2943,-4.87294)]
triangle[(-18.9787,-1.87595),(-11.2478,20.1235),(-49.0015,33.3906)]
triangle[(12.237,18.7478),(-12.0401,-6.40929),(35.7342,-52.5125)]
triangle[(-7.46398,-3.61191),(1.26837,-4.10531),(2.17319,11.9086)]
triangle[(-12.9941,-1.57068),(7.35227,-5.48873),(13.2997,25.3962)]
triangle[(-3.14696,-9.3432),(-12.6018,-6.45563),(-16.7449,-20.0214)]
triangle[(14.6565,16.3336),(3.825,13.5354),(8.04321,-2.79285)]
triangle[(-19.4039,-5.04617),(-14.9259,-16.1319),(5.68879,-7.80466)]
triangle[(-7.74233,7.08031),(6.90714,-5.32525),(19.5681,9.62582)]
triangle[(-6.86824,-6.92922),(-19.0208,-12.6774),(-10.9255,-29.7922)]
triangle[(-14.4717,-6.94328),(9.96696,-14.5937),(19.8885,17.1)]
triangle[(5.37049,2.46224),(-4.01532,20.8346),(-23.0399,11.1155)]
triangle[(-11.2054,16.5074),(7.26323,7.85999),(23.223,41.9457)]
triangle[(0.607194,8.53743),(13.4229,3.12504),(22.6766,25.0365)]
triangle[(8.75444,-13.0425),(1.43909,-3.06323),(-15.3117,-15.3425)]
triangle[(-8.31281,-14.1803),(11.0642,3.75944),(-18.2666,35.44)]
triangle[(-14.9288,-20.6536),(10.2007,-9.926),(-2.08892,18.8625)]
triangle[(-18.2458,11.045),(-2.51945,4.0702),(5.86565,22.9764)]
triangle[(-16.8523,16.6491),(13.0601,-2.76968),(40.8243,39.998)]
triangle[(10.8178,-8.49201),(-15.5678,-4.07093),(-22.8724,-47.6655)]
triangle[(5.9646,19.7942),(15.4643,15.7966),(22.4499,32.3966)]
triangle[(15.4475,-2.11834),(-16.9232,16.817),(-43.6269,-28.8341)]
triangle[(11.7995,-5.15989),(-7.00759,-11.8822),(4.86047,-45.0854)]
triangle[(13.1776,-0.0589917),(11.1782,-20.6049),(50.1115,-24.3935)]
triangle[(-9.60806,-0.874522),(1.88862,14.7733),(-24.1758,33.9232)]
triangle[(4.98725,-15.572),(-19.045,19.9458),(-55.6357,-4.81236)]
triangle[(5.85298,7.74412),(7.47417,-10.0663),(31.207,-7.90602)]
triangle[(-18.5791,19.1912),(8.98687,-10.9732),(56.0833,32.0662)]
triangle[(1.03211,9.38987),(19.7701,-15.4063),(63.0341,17.2875)]
triangle[(10.2826,2.53625),(18.2827,-0.850586),(24.2151,13.1625)]
triangle[(-11.3737,7.4043),(-3.61888,7.68629),(-4.06423,19.9338)]
triangle[(8.67924,-7.77764),(20.4779,16.3106),(-17.9249,35.1207)]
triangle[(6.72142,14.6028),(-10.9007,-18.7304),(27.8612,-39.2225)]
triangle[(-12.2141,9.93844),(18.2154,12.6987),(14.5913,52.6526)]
triangle[(-15.1927,5.70244),(9.11647,-8.60668),(25.981,20.0437)]
triangle[(-1.37824,17.7981),(16.7552,9.36259),(31.2081,40.4313)]
triangle[(19.2242,-20.7695),(-10.3858,-4.91291),(-34.3927,-49.7426)]
triangle[(-11.4851,19.8517),(-2.40824,20.1678),(-2.85134,32.8912)]
triangle[(-13.0264,3.33543),(-2.96661,19.0927),(-32.0146,37.6375)]
triangle[(7.98425,-4.80803),(0.80879,-13.3519),(15.413,-25.6171)]
triangle[(15.6349,-12.5042),(19.9056,13.9715),(-16.5468,19.8516)]
triangle[(16.0487,-1.1458),(11.4091,-16.5622),(30.0858,-22.183)]
triangle[(-18.8839,-15.7694),(6.96628,2.48059),(-28.5281,52.7565)]
triangle[(9.67837,-13.5106),(20.186,16.5687),(-38.996,37.2428)]
triangle[(11.0213,15.6995),(-8.75782,-19.674),(33.5606,-43.3364)]
triangle[(-19.6155,-1.10328),(-10.4453,-18.5826),(11.785,-6.91985)]
triangle[(9.33513,-1.18362),(16.8864,20.0823),(-18.7164,32.7244)]
triangle[(-13.3749,9.59774),(-8.41281,-4.57252),(15.7475,3.88789)]
triangle[(19.1999,1.14874),(8.00084,15.9563),(-7.08615,4.54593)]
triangle[(-6.7302,15.2469),(8.10508,0.996641),(34.8454,28.8348)]
triangle[(-14.0242,18.4106),(10.7008,-17.1119),(61.8817,18.512)]
triangle[(-1.73525,20.445),(-16.9225,0.811358),(12.2981,-21.7917)]
triangle[(14.599,15.5526),(-13.5996,19.1209),(-19.8817,-30.5244)]
triangle[(12.5434,-16.5229),(-9.75815,-5.9658),(-24.7821,-37.7034)]
triangle[(-7.78869,-5.05398),(6.13385,-17.0316),(23.4806,3.13198)]
triangle[(-13.5266,15.4993),(-14.9371,-19.1477),(43.7801,-21.5382)]
triangle[(14.6466,5.74985),(3.10385,-3.43238),(18.2133,-22.4262)]
triangle[(-8.85441,17.9718),(-2.64076,1.22649),(21.2583,10.0946)]
triangle[(-10.3285,-6.5968),(19.8708,-5.17105),(17.027,55.0648)]
triangle[(6.12176,-7.90849),(17.0449,-1.37351),(8.93472,12.1826)]
triangle[(18.9593,16.6547),(-8.44272,16.2903),(-7.7668,-34.5486)]
triangle[(-4.37661,-10.2251),(9.84955,-10.4081),(10.12,10.6176)]
triangle[(14.2377,-14.3759),(20.8093,7.97382),(-5.1726,15.6134)]
triangle[(18.6613,12.0089),(16.7554,3.6897),(31.4545,0.32217)]
triangle[(-2.66088,-8.83691),(15.9054,-18.0614),(27.1308,4.53195)]
triangle[(2.6234,-8.45915),(5.56629,16.3161),(-29.1957,20.4452)]
triangle[(-13.9575,4.52458),(-9.6122,-17.9796),(30.2147,-10.2895)]
triangle[(-13.9518,-16.5486),(-2.55965,-19.4068),(3.06859,3.02594)]
triangle[(-17.9163,-9.06501),(-3.1718,17.0692),(-47.7659,42.2285)]
triangle[(12.6834,-4.21336),(-12.8819,6.27695),(-32.7959,-42.2542)]
triangle[(-18.0184,-20.4679),(0.555819,-2.00966),(-34.5363,33.3028)]
triangle[(-9.65984,12.5276),(12.6514,-14.8337),(48.4098,14.3249)]
triangle[(11.8025,-19.4532),(8.88337,-0.801845),(-20.8928,-5.46212)]
triangle[(17.4289,-4.98641),(-0.675312,5.22533),(-17.7644,-25.0717)]
triangle[(5.42064,1.79105),(-10.3622,11.5856),(-28.1152,-17.0215)]
triangle[(16.1055,-12.2383),(20.9967,-11.3526),(19.3373,-2.18938)]
triangle[(-7.51966,0.432868),(-20.2197,1.29185),(-21.4955,-17.5714)]
triangle[(-0.709799,18.4606),(-15.5924,-17.9754),(47.3944,-43.7029)]
triangle[(12.451,14.2168),(18.6125,18.0073),(12.6191,27.7497)]
triangle[(-1.13298,13.4513),(19.2646,-6.16187),(56.3818,32.4398)]
triangle[(11.7223,2.88484),(10.298,-6.4043),(24.0784,-8.51728)]
triangle[(9.33967,-17.0261),(8.55344,14.8685),(-54.7411,13.3082)]
triangle[(-14.8951,8.81992),(0.196844,-6.92401),(16.2045,8.42073)]
triangle[(4.59659,16.3275),(15.9403,-20.3393),(65.6446,-4.96209)]
triangle[(-20.2264,10.6778),(14.36,-7.59519),(38.1442,37.4226)]
triangle[(-2.71674,-7.66558),(3.16328,-10.8679),(8.16172,-1.68981)]
triangle[(-15.227,0.377598),(11.7939,5.94284),(2.12913,52.8682)]
triangle[(-15.8517,-18.8026),(-0.607746,-11.7133),(-9.71204,7.86354)]
triangle[(18.063,-0.839618),(12.6373,0.690094),(10.9809,-5.18473)]
triangle[(-15.0621,-15.4344),(15.8708,17.6019),(-44.6431,74.2629)]
triangle[(-13.9067,-6.32687),(-14.0613,-16.8647),(-2.03974,-17.041)]
triangle[(-9.90732,-10.6951),(5.64932,1.92353),(-8.63259,19.5308)]
triangle[(9.08355,2.33459),(-3.09716,15.0069),(-18.8408,-0.125877)]
triangle[(16.7286,20.7239),(1.7245,4.10597),(34.8654,-25.8166)]
triangle[(-19.626,0.0264201),(7.36373,-11.4959),(25.8031,31.6961)]
triangle[(8.98094,-11.2077),(-6.24433,4.91798),(-30.6509,-18.1258)]
triangle[(12.2282,1.72322),(18.1102,-5.66858),(30.4981,4.18909)]
triangle[(-16.5835,8.18436),(6.63428,-14.7551),(31.2791,10.1887)]
triangle[(16.5234,2.4984),(-16.4151,18.491),(-33.6626,-17.0322)]
triangle[(7.75605,19.9842),(5.7505,17.4446),(9.55382,14.4411)]
triangle[(16.1669,-5.61716),(4.94335,11.9242),(-21.3917,-4.92588)]
triangle[(14.479,-7.60821),(9.08375,-17.0585),(23.1268,-25.0758)]
triangle[(-11.4853,18.9924),(-20.3933,16.7675),(-17.5467,5.37046)]
triangle[(-8.56353,-2.79696),(-14.4167,15.5044),(-46.6822,5.18518)]
triangle[(4.44466,-3.82147),(4.58348,1.10092),(-2.69385,1.30615)]
triangle[(-20.7071,3.36221),(8.77568,18.5013),(-16.697,68.1083)]
triangle[(-8.02244,20.6892),(16.8594,5.00672),(46.6157,52.2182)]
triangle[(5.39113,-5.03177),(4.34431,17.102),(-21.3009,15.8891)]
triangle[(9.22371,18.5542),(15.7977,13.2551),(25.9275,25.8221)]
triangle[(-8.91532,-6.8847),(15.9107,4.47579),(-4.3829,48.8232)]
triangle[(9.39652,5.66354),(-18.8922,16.6951),(-36.9705,-29.6637)]
triangle[(9.77637,13.7365),(7.81949,-18.8983),(58.1823,-21.9182)]
triangle[(-2.7103,19.1135),(9.12601,5.0971),(26.9067,20.1122)]
triangle[(12.861,-1.62624),(-4.3752,-9.36482),(6.59474,-33.7982)]
triangle[(8.72278,-0.217571),(-10.1753,8.77344),(-25.1952,-22.7966)]
triangle[(7.84763,-2.7629),(6.46342,-9.97188),(15.0911,-11.6285)]
triangle[(19.4065,19.3438),(5.19866,12.839),(17.1339,-13.2302)]
triangle[(18.715,11.4232),(-2.9889,-16.2199),(26.3522,-39.257)]
triangle[(5.02086,-6.21037),(20.552,4.62826),(1.28842,32.2319)]
triangle[(1.1824,-16.4498),(-3.38161,0.770139),(-24.6253,-4.86033)]
triangle[(-20.5733,-15.8172),(11.2969,-6.961),(-3.48498,46.2338)]
triangle[(-15.1336,-8.99083),(17.1832,4.1673),(-2.19267,51.7552)]
triangle[(-8.50616,-1.13851),(13.1686,6.30088),(2.77917,36.5705)]
triangle[(-18.5939,14.9665),(7.82147,-6.86357),(50.2528,44.4803)]
triangle[(-10.9799,-18.1366),(10.7868,18.5568),(-33.1639,44.6286)]
triangle[(9.59525,7.50214),(1.86739,13.3263),(-4.96584,4.25959)]
triangle[(-1.48091,13.2988),(-7.72325,-18.0213),(51.9633,-29.9173)]
triangle[(-12.0539,9.51938),(-16.571,-10.3506),(17.0392,-17.9912)]
triangle[(14.7274,16.3338),(16.3458,-13.1231),(58.8298,-10.7889)]
triangle[(-7.35032,10.2331),(18.3654,14.1861),(12.7503,50.7148)]
triangle[(-11.9026,5.51084),(-6.00197,17.8115),(-24.4078,26.6407)]
triangle[(13.4838,-14.7699),(-13.9725,13.8399),(-67.4305,-37.4627)]
triangle[(-13.2797,10.4049),(-3.24973,9.00855),(-1.82418,19.2485)]
triangle[(-10.0141,-2.60461),(2.78073,14.0247),(-27.1264,37.0356)]
triangle[(-1.93391,17.219),(7.02457,-8.29945),(56.5117,9.07343)]
triangle[(7.71776,-15.9713),(8.75933,9.53518),(-23.4806,10.8517)]
triangle[(4.66354,16.4364),(-14.863,-12.329),(18.7316,-35.1337)]
triangle[(-9.63843,18.3733),(5.605,-18.8594),(78.6861,11.0608)]
triangle[(-16.8602,20.545),(10.0976,-15.1286),(65.7747,26.9455)]
triangle[(6.77439,4.98279),(2.42255,-11.7196),(26.9933,-18.1215)]
triangle[(17.9062,18.3564),(14.4591,-9.78464),(49.806,-14.1145)]
triangle[(13.1357,-17.4385),(-3.95092,-7.80473),(-16.6414,-30.3126)]
triangle[(16.4223,-1.95244),(1.6283,0.397227),(-2.14105,-23.3354)]
triangle[(5.38638,-6.87736),(6.33596,4.2777),(-11.796,5.82119)]
triangle[(-2.17953,-1.57204),(19.9927,5.02258),(7.17481,48.1187)]
triangle[(-10.045,13.2558),(5.72893,-6.89972),(32.1784,13.7999)]
triangle[(-12.3112,18.3765),(-16.6157,-13.4091),(24.7344,-19.0089)]
triangle[(-7.21516,-17.8937),(-14.793,-19.9969),(-12.0362,-29.9297)]
triangle[(-9.49381,17.7151),(5.07903,-18.2517),(47.8565,-0.919419)]
triangle[(-5.09527,5.41654),(-14.4679,19.5947),(-41.3996,1.79125)]
triangle[(-14.9072,6.24478),(-9.64474,-3.4592),(7.31996,5.7408)]
triangle[(-19.017,-6.89505),(20.0886,-13.0349),(30.9017,55.8351)]
triangle[(14.9883,7.59771),(15.0193,-1.27184),(30.0324,-1.21937)]
triangle[(-2.64912,-8.16972),(-0.795033,13.1653),(-30.2368,15.7239)]
triangle[(-12.2221,-19.8151),(-6.04841,14.1801),(-73.7479,26.4748)]
triangle[(1.29705,0.354641),(9.51924,7.89346),(1.05113,17.1292)]
triangle[(17.6844,-20.4652),(13.0273,-14.1106),(6.23621,-19.0876)]
triangle[(0.275722,0.907401),(16.5378,12.698),(4.03554,29.9415)]
triangle[(-11.9905,19.6356),(14.9255,-9.69144),(44.9625,17.8761)]
triangle[(12.4689,18.2613),(-8.3018,-4.54298),(30.2222,-39.6316)]
triangle[(-3.45581,19.0583),(18.2674,-2.09201),(53.2224,33.8098)]
triangle[(6.55955,14.5516),(-9.21742,15.4442),(-10.68,-10.4049)]
triangle[(-13.5056,1.11199),(16.393,19.2906),(-16.9833,74.1851)]
triangle[(2.07647,-15.2932),(-19.5903,-11.2372),(-26.1356,-46.2018)]
triangle[(1.86481,-4.07318),(-14.8783,-2.4779),(-16.8101,-22.7532)]
triangle[(5.25646,2.36339),(10.214,1.24766),(11.9279,8.86272)]
triangle[(-6.20665,12.1333),(-8.0136,6.09157),(3.94702,2.5144)]
triangle[(-17.6092,-17.503),(-16.5077,11.1155),(-69.9449,13.1723)]
triangle[(-9.85284,-20.9446),(-5.3299,14.2161),(-67.33,22.1915)]
triangle[(-19.3457,1.06278),(-2.86957,14.7208),(-25.0393,41.4649)]
triangle[(-8.09801,-5.1534),(9.17434,0.103398),(1.61529,24.9403)]
triangle[(14.1574,-6.17984),(-10.097,18.1797),(-50.6,-22.1485)]
triangle[(4.69598,-4.1841),(-2.34905,-19.0989),(26.4082,-32.6824)]
triangle[(-17.0038,-3.47592),(-0.711554,8.88292),(-22.2859,37.3237)]
triangle[(19.2789,3.86293),(-0.992716,-12.4105),(30.9119,-52.1537)]
triangle[(3.31377,15.179),(-18.763,-15.1766),(28.1119,-49.2673)]
triangle[(7.08624,-20.4301),(-1.97331,-6.31781),(-30.0808,-24.3617)]
triangle[(1.32624,2.211),(8.82598,11.3479),(-8.08963,25.2326)]
triangle[(-16.2471,5.77008),(-15.4567,-11.4499),(10.1742,-10.2734)]
triangle[(-0.983411,12.8705),(-1.04356,3.02482),(15.1908,2.92564)]
triangle[(19.2222,-6.44384),(16.0711,4.20012),(-0.660406,-0.753205)]
triangle[(17.5358,0.678846),(13.959,17.1847),(-17.7887,10.3052)]
triangle[(-1.76103,19.7119),(20.8144,11.8732),(30.988,41.1733)]
triangle[(18.7326,-12.8308),(14.3092,-14.0099),(15.5264,-18.5762)]
triangle[(-0.28524,1.5172),(12.6584,17.7201),(-9.70762,35.587)]
triangle[(0.512316,19.0307),(2.32293,8.86016),(16.7125,11.4219)]
triangle[(-6.04283,14.0609),(18.2268,-4.88201),(44.2956,28.5173)]
triangle[(-2.41138,10.1673),(20.4988,-13.0871),(60.859,26.6756)]
triangle[(19.0769,4.10295),(10.4301,-8.64862),(25.8792,-19.1246)]
triangle[(7.65438,0.0167924),(-13.7027,-14.7044),(14.3379,-55.385)]
triangle[(18.6087,-14.3981),(8.21514,8.42222),(-23.9672,-6.23532)]
triangle[(-13.3591,17.314),(-9.75389,4.21951),(14.6773,10.9459)]
triangle[(-1.85526,-0.110602),(-15.0205,6.30549),(-22.8939,-9.85012)]
triangle[(-2.76091,-12.7667),(-15.451,-12.4611),(-15.9951,-35.0598)]
triangle[(-10.4008,-3.19534),(-13.114,8.41477),(-30.5122,4.3489)]
triangle[(18.1346,-13.3122),(4.98685,-0.803705),(-8.98097,-15.4853)]
triangle[(-0.404196,5.8947),(17.1632,-2.51036),(28.4799,21.1426)]
triangle[(-11.1877,-18.9271),(-19.9541,18.5951),(-59.4448,9.36891)]
triangle[(2.32661,-7.38891),(-13.0207,-17.475),(5.966,-46.3657)]
triangle[(5.83003,14.9276),(0.940259,4.72142),(13.6952,-1.38942)]
triangle[(1.51804,-9.39074),(-2.48627,17.9904),(-38.5309,12.7191)]
triangle[(-0.734032,-13.7292),(2.94618,-11.2727),(-1.66468,-4.36497)]
triangle[(-20.2961,-10.9232),(9.15258,2.62508),(-10.408,45.1421)]
triangle[(-12.3701,15.7565),(17.0903,12.669),(20.5022,45.2246)]
triangle[(17.6186,13.1602),(8.00508,1.29213),(26.6485,-13.8096)]
triangle[(-17.194,-0.758301),(1.56215,-10.6893),(12.6889,10.3253)]
triangle[(4.75556,12.5205),(17.0342,-17.5456),(47.2052,-5.22407)]
triangle[(10.1389,-1.15876),(2.35488,-1.28963),(2.52512,-11.4148)]
triangle[(-16.6744,-3.89459),(20.1305,13.992),(-10.1848,76.3711)]
triangle[(1.24476,-10.9998),(16.1335,-20.0972),(26.2797,-3.49202)]
triangle[(-4.60151,-4.58972),(-20.2558,-13.3257),(-4.55096,-41.4679)]
triangle[(5.23063,-9.00242),(-0.0523335,5.13583),(-18.7002,-1.83224)]
triangle[(3.33037,6.48111),(-9.93867,-13.6882),(22.6474,-35.126)]
triangle[(-7.17291,-4.32785),(19.6317,5.69169),(2.54237,51.4097)]
triangle[(-13.0126,-1.47837),(8.88498,-15.087),(24.2197,9.58795)]
triangle[(9.26955,-12.6047),(-11.788,-16.1296),(-6.66795,-46.7167)]
triangle[(13.272,-16.6264),(-18.5254,-2.07784),(-43.1532,-55.9045)]
triangle[(5.14924,10.4443),(-15.0939,-12.0073),(15.7382,-39.8066)]
triangle[(7.06526,-3.08014),(16.1787,-14.6643),(34.7918,-0.021025)]
triangle[(20.1781,-6.3778),(0.878626,0.0589605),(-7.48621,-25.0215)]
triangle[(20.3693,6.14026),(-10.0516,10.5403),(-16.5043,-34.072)]
triangle[(19.789,18.1774),(-17.0121,-12.9969),(41.1031,-81.6016)]
triangle[(-18.9649,20.6415),(8.65114,-11.9521),(69.0787,39.2474)]
triangle[(20.425,12.8373),(8.87144,19.427),(1.38699,6.30483)]
triangle[(-3.9751,-2.85565),(-0.720357,11.0808),(-22.592,16.1887)]
triangle[(-16.149,0.408397),(4.02123,11.7157),(-16.8539,48.9532)]
triangle[(-6.56553,15.1873),(19.3663,5.04769),(34.528,43.8234)]
triangle[(15.3029,-14.0648),(-5.90883,-2.57354),(-28.0788,-43.4972)]
triangle[(-6.84639,6.48704),(3.4615,20.6245),(-22.9742,39.8992)]
triangle[(10.9676,6.32386),(10.0729,-8.67031),(29.1182,-9.80674)]
triangle[(3.63868,-7.31119),(-16.4666,12.1782),(-36.1094,-8.08529)]
triangle[(-17.3082,17.9001),(20.2187,17.4017),(21.1449,87.141)]
triangle[(-18.2686,-3.58722),(-14.9253,-12.5407),(-5.42003,-8.99137)]
triangle[(-13.0865,7.40703),(-7.94713,-0.479326),(5.65566,8.38532)]
triangle[(2.93666,-12.3218),(-11.262,10.5573),(-49.3051,-13.0521)]
triangle[(-11.2173,14.4041),(17.1749,17.219),(14.091,48.3251)]
triangle[(-2.92455,-11.7696),(-1.58868,18.4008),(-47.7873,20.4464)]
triangle[(-8.46483,1.76766),(-0.699869,14.9879),(-18.6436,25.5272)]
triangle[(18.5638,-10.4122),(-7.96793,18.6129),(-61.042,-29.9019)]
triangle[(4.73809,-7.89107),(-3.4189,4.3954),(-19.3615,-6.18887)]
triangle[(15.0915,-9.07993),(-12.6059,-6.8568),(-16.4066,-54.2091)]
triangle[(-8.77248,5.81722),(-6.87044,-18.6987),(38.9449,-15.1442)]
triangle[(16.5069,-5.25391),(9.54828,3.38033),(-4.50938,-7.94916)]
triangle[(15.3985,-8.26228),(19.5326,15.7495),(-26.0491,23.5972)]
triangle[(-12.7847,8.85129),(16.3846,11.6536),(11.0418,67.2684)]
triangle[(-8.67536,-8.64864),(-0.7007,-12.1443),(5.20387,1.32598)]
triangle[(-20.0321,-7.27164),(-20.4449,-0.00989244),(-34.7018,-0.820284)]
triangle[(-10.8907,-10.9503),(-0.317013,8.08173),(-35.3781,27.5608)]
triangle[(-11.0734,-11.3879),(9.03312,13.8025),(-18.2944,35.6148)]
triangle[(4.34977,-19.9001),(-12.9228,-2.48717),(-31.0224,-20.4409)]
triangle[(7.8923,13.5717),(17.4698,-12.9787),(61.5754,2.93158)]
triangle[(-1.04126,3.38655),(11.276,-12.1481),(29.0747,1.96426)]
triangle[(4.54385,10.1741),(0.552374,9.66095),(1.34516,3.49427)]
triangle[(-4.88548,-5.21372),(12.715,13.1098),(-10.8994,35.7924)]
triangle[(4.69768,10.3861),(-10.6858,12.7733),(-14.275,-10.3559)]
triangle[(-20.0696,20.0231),(5.09964,-8.93816),(40.8107,22.097)]
triangle[(-6.78717,15.7079),(12.1908,-16.0116),(54.1071,9.06715)]
triangle[(15.3951,14.8083),(9.62807,-20.4058),(78.7026,-31.7181)]
triangle[(3.48053,9.77645),(4.77368,-13.7091),(35.4134,-12.022)]
triangle[(-13.07,-6.47133),(12.4082,10.7499),(-15.6678,52.2874)]
triangle[(-6.81766,16.4637),(20.8108,7.59264),(33.77,47.9532)]
triangle[(5.25125,2.44218),(5.89524,6.47307),(-1.32722,7.62696)]
triangle[(-12.1843,8.38724),(-9.42335,-10.0051),(12.1626,-6.76482)]
triangle[(15.2391,3.57042),(20.1953,-3.78438),(28.8946,2.07787)]
triangle[(-17.6273,0.414062),(-2.58687,3.00316),(-6.69511,26.8684)]
triangle[(-1.50727,7.70415),(13.0773,-5.869),(36.6347,19.4438)]
triangle[(-3.97538,18.7787),(11.9908,1.08746),(38.7917,25.275)]
triangle[(8.10317,11.4755),(4.89184,4.87435),(16.3662,-0.70771)]
triangle[(4.60588,7.18389),(19.7893,-1.80028),(33.112,20.7154)]
triangle[(3.38126,-5.84567),(-8.23254,-19.5661),(14.4988,-38.8073)]
triangle[(-4.03384,0.259237),(-4.29869,17.4599),(-36.8408,16.9588)]
triangle[(-19.5168,2.01616),(-20.605,-17.0041),(5.96622,-18.5244)]
triangle[(-1.60878,1.97334),(0.230934,-11.5725),(20.0079,-8.88656)]
triangle[(7.03493,4.30794),(14.8788,2.84482),(17.7995,18.5031)]
triangle[(8.51801,-20.3228),(-13.0097,-3.1224),(-39.3843,-36.1323)]
triangle[(-11.2796,-2.65732),(-12.5247,-13.4638),(6.44327,-15.6492)]
triangle[(-3.01955,-18.5859),(4.11398,7.11329),(-40.4773,19.4909)]
triangle[(16.5841,10.5944),(-1.97519,19.8953),(-12.1042,-0.316412)]
triangle[(19.6352,-16.2989),(16.7417,-10.4863),(8.72571,-14.4768)]
triangle[(4.7642,13.3167),(-20.4351,10.4371),(-15.1467,-35.8415)]
triangle[(-19.3708,-12.034),(6.12784,16.0575),(-45.1659,62.6167)]
triangle[(-7.43656,-5.75747),(10.5974,-16.5156),(31.5068,18.5351)]
triangle[(7.88676,-0.708452),(17.6432,-10.7902),(28.4868,-0.29659)]
triangle[(-7.36189,-16.1033),(14.082,-2.39446),(-4.10359,26.0522)]
triangle[(15.5703,16.8233),(-14.3405,-17.7819),(49.4071,-72.8815)]
triangle[(-16.7925,-8.68554),(3.38732,-6.79487),(0.0556181,28.7657)]
triangle[(13.4324,-17.7783),(-18.0145,5.05454),(-59.5945,-52.2121)]
triangle[(-19.5281,-6.50861),(-9.96952,-1.58),(-15.8032,9.73392)]
triangle[(-18.0579,3.49212),(18.8309,-1.52532),(26.8572,57.4849)]
triangle[(-0.37665,-11.6145),(-4.78378,-14.4313),(-0.0801812,-21.7904)]
triangle[(-6.85357,19.9718),(-16.3219,13.387),(-7.50102,0.703487)]
triangle[(2.78896,-2.75566),(-0.490327,5.87101),(-9.81804,2.32524)]
triangle[(-12.7248,3.3882),(1.69041,3.75544),(1.07978,27.7244)]
triangle[(-12.9316,9.78897),(5.00922,-10.4038),(33.5847,14.9849)]
triangle[(-1.22297,5.17918),(-15.2429,-1.28859),(-3.33088,-27.1097)]
triangle[(-17.3238,15.9542),(-3.69839,8.36397),(8.12954,29.5966)]
triangle[(18.9728,10.2234),(3.45936,-18.6956),(45.0879,-41.0271)]
triangle[(-13.5478,-19.2778),(3.963,8.43932),(-25.5044,27.0559)]
triangle[(14.9665,3.42807),(20.9235,-2.50467),(29.0914,5.69662)]
triangle[(-16.2502,-2.26097),(-4.67567,9.34843),(-23.3121,27.9288)]
triangle[(4.58415,2.35612),(18.073,10.1804),(10.2328,23.6967)]
triangle[(4.0987,-15.9203),(-7.91746,6.4658),(-32.7758,-6.87735)]
triangle[(16.0118,-4.84476),(-12.6057,1.19833),(-22.8508,-47.318)]
triangle[(17.0654,-10.6899),(12.1395,11.6813),(-31.7638,2.01442)]
triangle[(11.5339,15.326),(9.79593,0.707839),(35.5953,-2.3594)]
triangle[(-2.04854,-12.1455),(-8.27386,-18.2615),(-2.03736,-24.6095)]
triangle[(13.6526,-14.218),(13.1979,12.4246),(-28.8236,11.7075)]
triangle[(1.28434,0.901997),(12.4908,12.2502),(0.24005,24.3479)]
triangle[(20.1884,6.38327),(17.854,18.2404),(-2.23871,14.2844)]
triangle[(-18.875,-1.40138),(-9.25126,-19.6184),(14.7067,-6.96171)]
triangle[(-16.8699,17.0889),(11.4435,13.0498),(18.3631,61.5557)]
triangle[(-8.19369,19.4995),(17.2194,-3.85353),(48.6739,30.3756)]
triangle[(7.5828,-3.25274),(-18.4722,-13.7367),(-4.18354,-49.247)]
triangle[(18.6346,-0.317962),(-10.8681,11.3177),(-33.3805,-45.7633)]
triangle[(19.6962,-19.1388),(6.46808,-5.37391),(-16.5728,-27.5163)]
triangle[(7.21793,-3.75322),(6.3422,12.595),(-12.7709,11.5711)]
triangle[(-3.88993,15.6789),(-6.37318,7.54975),(5.3611,3.96524)]
triangle[(-3.00409,-12.252),(0.18597,-15.074),(4.18067,-10.5583)]
triangle[(-7.08912,20.8483),(-11.8796,14.2008),(1.08947,4.85469)]
triangle[(18.6321,-0.276486),(-11.0626,-8.71001),(1.4964,-52.9308)]
triangle[(-8.64823,-9.60147),(15.2917,19.0518),(-26.8604,54.2701)]
triangle[(-12.9429,14.2552),(-16.2886,-16.0656),(42.1234,-22.511)]
triangle[(13.284,-18.4723),(4.48834,-3.02086),(-18.7782,-16.2651)]
triangle[(-0.432919,-10.6576),(16.6404,6.66704),(-15.0008,37.8491)]
triangle[(9.58932,-3.04443),(-16.395,-16.3715),(-0.353755,-47.6478)]
triangle[(0.225573,13.4962),(12.4841,-1.76935),(37.6037,18.4022)]
triangle[(-0.564216,14.7341),(-6.97601,-6.08917),(15.2311,-12.9271)]
triangle[(-9.17924,3.74497),(-2.77099,7.50041),(-9.56274,19.0898)]
triangle[(-16.4409,-14.7327),(18.3967,-2.94844),(-2.15046,57.7949)]
triangle[(18.6429,10.283),(13.3256,5.53652),(21.2355,-3.32476)]
triangle[(0.468396,-15.9949),(16.2353,-20.4045),(24.4521,8.97535)]
triangle[(-10.3172,-1.72837),(-17.8935,-14.9269),(7.76851,-29.6576)]
triangle[(-13.7801,4.22379),(-9.50541,3.31867),(-8.04102,10.2347)]
triangle[(-8.57647,2.93452),(-18.3486,-16.6248),(1.28444,-26.4337)]
triangle[(16.6459,-2.09315),(6.00233,-16.9323),(25.9089,-31.2106)]
triangle[(7.13851,13.4024),(-14.7138,12.8485),(-13.844,-21.4673)]
triangle[(16.7903,-17.9064),(18.6246,15.029),(-32.108,17.8545)]
triangle[(14.4932,7.67179),(-20.8412,16.0998),(-30.3574,-23.7968)]
triangle[(3.9415,-2.5067),(-0.630099,-19.8695),(22.4017,-25.9337)]
triangle[(-18.4476,12.7645),(-16.8705,-12.1846),(11.3485,-10.4007)]
triangle[(-20.441,1.86783),(-20.5632,14.9062),(-46.029,14.6677)]
triangle[(4.66397,-10.549),(-9.08793,-13.2557),(-3.92588,-39.4821)]
triangle[(-10.3742,-13.6369),(-5.95675,3.10892),(-28.6258,9.08884)]
triangle[(16.5967,9.90907),(-18.2679,7.58596),(-15.0305,-41.0008)]
triangle[(6.68367,-19.9793),(19.6073,7.8487),(-22.8978,27.5885)]
triangle[(14.2149,19.8894),(7.81436,6.18243),(26.3423,-2.46924)]
triangle[(4.59164,-17.0287),(-1.84613,-15.1783),(-4.33717,-23.8449)]
triangle[(2.03579,19.9622),(-17.1854,-4.07828),(6.85694,-23.3009)]
triangle[(-8.82632,-9.75315),(7.28389,-19.784),(17.3377,-3.63679)]
triangle[(10.3515,-17.096),(17.1909,-4.03946),(2.55215,3.62878)]
triangle[(8.85978,-7.81328),(17.3199,2.09986),(-2.42027,18.9466)]
triangle[(-19.8582,15.6741),(4.86017,16.1595),(4.12944,53.3718)]
triangle[(18.2837,-9.93226),(8.19431,-12.7921),(13.7978,-32.5611)]
triangle[(9.65559,18.3018),(-13.1583,0.783141),(13.6152,-34.0832)]
triangle[(-0.100218,-1.05593),(-11.9398,-12.9412),(5.4662,-30.2802)]
triangle[(-12.7118,17.6385),(11.7092,-7.50299),(43.7221,23.5926)]
triangle[(-2.69998,5.38287),(18.8352,7.3528),(16.6953,30.7463)]
triangle[(-13.5253,16.5224),(9.38461,19.5283),(6.04127,45.0097)]
triangle[(-0.0836227,9.80489),(-7.28644,12.2),(-10.7381,1.81976)]
triangle[(17.6188,-14.1512),(17.1615,16.4099),(-30.5603,15.6958)]
triangle[(-6.3202,17.9115),(17.0362,2.61906),(37.9537,34.5667)]
triangle[(10.7391,-9.33379),(7.94158,12.151),(-23.7202,8.02826)]
triangle[(-10.008,12.4432),(7.01119,-7.40181),(42.5413,23.069)]
triangle[(-4.98336,19.9302),(13.9876,-3.81708),(59.2457,32.3382)]
triangle[(-14.738,-7.38038),(20.5301,20.3458),(-25.9126,79.4217)]
triangle[(-1.69194,8.9598),(2.75779,13.8442),(-3.04484,19.1304)]
triangle[(2.50565,-1.66462),(9.42077,10.982),(-8.48997,20.7755)]
triangle[(-2.32377,-18.5646),(9.23172,-11.9294),(-3.49079,10.2273)]
triangle[(14.0594,-15.1452),(11.9136,-16.6948),(14.0912,-19.7103)]
triangle[(-9.81751,8.14656),(19.5189,8.43293),(19.1543,45.7826)]
triangle[(-0.743596,19.2599),(15.0605,-1.37834),(45.8061,22.1656)]
triangle[(-8.36365,12.764),(-5.53792,-14.1516),(45.5974,-8.78313)]
triangle[(-11.9696,-6.56567),(6.02991,7.2078),(-16.2263,36.2928)]
triangle[(12.5398,-20.3883),(9.93289,-3.60336),(-23.373,-8.77616)]
triangle[(-9.66519,7.92253),(9.52718,4.74899),(13.6354,29.5938)]
triangle[(-20.2914,14.4304),(12.0645,-11.3138),(58.8987,47.5485)]
triangle[(10.7368,-12.6004),(-19.9802,-1.14516),(-35.7047,-43.3103)]
triangle[(2.16205,-5.60816),(9.04144,18.0249),(-32.9165,30.2385)]
triangle[(-3.66253,-2.59477),(1.60055,3.69212),(-6.67325,10.6185)]
triangle[(-1.16609,12.9294),(12.1531,4.02419),(27.6292,27.1711)]
triangle[(-11.7617,8.46934),(-1.2111,-7.26934),(27.5441,12.007)]
triangle[(-0.317492,-0.466305),(0.339794,-13.4024),(14.889,-12.6631)]
triangle[(0.784656,12.0822),(-10.7696,19.2627),(-22.8498,-0.175697)]
triangle[(13.8655,15.1032),(20.1666,14.6345),(20.655,21.199)]
triangle[(3.64831,-10.3427),(-4.43461,16.6585),(-37.9616,6.6221)]
triangle[(-4.51251,-15.3108),(1.75884,-9.43426),(-7.0421,-0.0420871)]
triangle[(-9.58855,1.87572),(7.31672,4.97757),(3.2311,27.2445)]
triangle[(-19.4922,-14.4902),(13.81,20.0875),(-51.0676,82.5718)]
triangle[(16.8295,-4.94201),(-19.069,16.4052),(-53.694,-41.822)]
triangle[(12.4731,-16.8879),(-0.602192,18.0238),(-68.4721,-7.39518)]
triangle[(20.264,6.25178),(2.81687,-17.5686),(37.4344,-42.9241)]
triangle[(7.75215,18.808),(20.8301,-0.996752),(41.4195,12.5994)]
triangle[(12.5608,-2.28495),(0.898932,14.6013),(-18.8134,0.987723)]
triangle[(11.0059,7.6577),(1.31606,16.4437),(-9.52796,4.48407)]
triangle[(-17.9259,-3.65542),(6.06343,1.55113),(0.775197,25.9168)]
triangle[(12.0237,5.11446),(-16.1423,-7.39318),(7.47928,-60.5868)]
triangle[(-9.29583,-16.4611),(17.3877,-14.1265),(15.0275,12.8497)]
triangle[(20.8708,-19.7651),(-1.67469,9.93204),(-55.8211,-31.1748)]
triangle[(9.22656,-8.46486),(-11.0473,-17.6638),(-0.950309,-39.9169)]
triangle[(-9.93926,-4.85852),(-4.63214,-15.188),(8.42706,-8.47836)]
triangle[(20.5275,12.9969),(-18.6612,-3.89472),(1.40931,-50.4584)]
triangle[(2.94863,-3.01612),(-20.0245,-12.6236),(-5.49318,-47.3705)]
triangle[(-6.2872,-4.18925),(-1.00107,7.35604),(-15.5932,14.0372)]
triangle[(-13.0521,8.07571),(5.185,17.666),(-9.12768,44.8833)]
triangle[(-19.624,9.18525),(-6.42319,-8.71927),(13.9673,6.31444)]
triangle[(-6.25318,11.32),(16.8051,-2.56685),(37.077,31.0933)]
triangle[(15.853,9.19173),(-0.750446,5.84066),(5.86146,-26.9192)]
triangle[(-20.77,-4.2428),(-12.4366,4.12707),(-23.9881,15.6281)]
triangle[(9.23731,-5.7213),(3.45941,-11.5734),(12.1633,-20.167)]
triangle[(-20.7672,3.10487),(-6.09996,10.9548),(-20.0077,36.9408)]
triangle[(15.6663,-20.7296),(8.80393,-20.6104),(8.59668,-32.539)]
triangle[(-18.622,-7.89161),(19.1888,-20.7702),(43.2643,49.9138)]
triangle[(10.7288,20.1534),(-14.202,17.2777),(-9.80913,-20.8061)]
triangle[(-7.07427,-9.54198),(3.27238,-8.96368),(2.16547,10.8404)]
triangle[(17.5017,-10.1887),(5.19753,-12.4436),(7.53876,-25.219)]
triangle[(15.1369,2.11683),(5.0439,11.9365),(-13.7382,-7.36827)]
triangle[(8.62276,10.9011),(-6.7586,8.66008),(-3.99055,-10.3385)]
triangle[(-7.92954,-6.88914),(8.98219,-5.01077),(6.75447,15.0464)]
triangle[(-13.8874,-0.757341),(15.0676,14.243),(-0.620198,44.5249)]
triangle[(10.9638,12.8966),(3.13727,-10.0075),(37.8526,-21.8701)]
triangle[(6.42864,13.6371),(17.4422,1.1448),(39.4458,20.5438)]
triangle[(5.82828,2.29923),(-19.1829,17.3706),(-34.876,-8.67234)]
triangle[(-0.974274,-17.6911),(-10.0703,-20.4628),(-6.36178,-32.6329)]
triangle[(2.01974,-9.95249),(-6.39264,5.64564),(-34.5115,-9.51943)]
triangle[(-1.28932,-2.13947),(-19.6484,-9.72736),(-11.0862,-30.444)]
triangle[(10.4092,-18.0531),(-13.2067,-4.78235),(-36.1071,-45.5344)]
triangle[(-20.9134,0.351152),(-9.27884,3.9777),(-15.1594,22.8436)]
triangle[(-4.59511,-5.73967),(-6.02458,-10.0757),(-0.788346,-11.802)]
triangle[(-7.5808,-6.84765),(10.5366,-4.14641),(6.32568,24.0962)]
triangle[(-1.77006,20.6496),(-0.275288,6.05746),(18.1024,7.94001)]
triangle[(12.9031,2.24223),(18.7901,-9.04256),(31.507,-2.40843)]
triangle[(-15.5594,10.9222),(-16.8773,-16.0511),(21.7295,-17.9374)]
triangle[(0.970072,0.119552),(-0.184006,-3.79086),(3.98175,-5.0203)]
triangle[(-3.10311,-7.81462),(-4.94633,-19.6714),(17.8028,-23.2079)]
triangle[(7.08091,3.74787),(4.56099,19.0147),(-24.7199,14.1816)]
triangle[(-20.8765,7.08509),(-18.053,8.59084),(-20.6312,13.4253)]
triangle[(5.89301,-8.58757),(3.311,12.2024),(-36.0693,7.31162)]
triangle[(-8.83579,16.893),(-5.76593,7.33263),(9.8907,12.36)]
triangle[(16.4228,9.62396),(5.13816,19.3593),(-11.0992,0.537737)]
triangle[(-1.8533,18.2225),(-2.14989,6.8695),(10.2607,6.54528)]
triangle[(-4.31245,-2.92655),(0.673363,15.5879),(-29.652,23.7543)]
triangle[(13.0337,-15.5812),(-0.444457,-12.0643),(-6.29776,-34.4969)]
triangle[(-0.118741,12.5161),(-8.08803,1.87523),(12.6331,-13.6435)]
triangle[(-13.266,3.43236),(-10.1252,-4.53794),(1.69328,0.119343)]
triangle[(2.36241,4.80959),(-17.4944,-0.196596),(-11.6401,-23.4171)]
triangle[(-8.77918,-15.2812),(-17.6709,-11.6629),(-23.5527,-26.1174)]
triangle[(17.4332,20.6192),(14.0982,0.719842),(51.8774,-5.61166)]
triangle[(14.3574,-2.4865),(-3.64565,-3.45032),(-2.5437,-24.0333)]
triangle[(-14.8365,16.289),(0.283079,4.93591),(13.3219,22.3005)]
triangle[(2.32219,-7.71285),(-5.04209,16.8781),(-53.8422,2.26388)]
triangle[(8.81072,16.0318),(-16.4331,19.8699),(-21.5006,-13.4597)]
triangle[(-8.49183,-20.9557),(-17.2875,-19.3557),(-20.2488,-35.6357)]
triangle[(5.54277,4.65509),(2.74265,9.14895),(-2.46306,5.90528)]
triangle[(-3.9038,-1.77252),(12.707,12.4087),(-11.3451,40.5816)]
triangle[(5.83417,12.2624),(-9.45879,1.31391),(11.6847,-28.2194)]
triangle[(-3.44638,19.729),(-19.7812,8.0392),(-2.15098,-16.5966)]
triangle[(16.1598,0.145085),(2.11363,10.545),(-15.8539,-13.722)]
triangle[(-4.39369,7.10417),(-16.1229,-16.9101),(20.6397,-34.8659)]
triangle[(17.3221,-4.07603),(9.86387,-2.87958),(8.24547,-12.968)]
triangle[(-2.45837,13.8692),(1.0798,-10.8787),(42.0232,-5.02513)]
triangle[(-10.5976,-6.22939),(-4.86378,-2.21743),(-12.028,8.02152)]
triangle[(1.09291,13.8717),(-3.158,16.8603),(-7.48859,10.7005)]
triangle[(8.12401,0.753584),(-3.56143,-7.86484),(5.27536,-19.8464)]
triangle[(-6.92756,15.0792),(-17.4767,-4.03787),(19.0136,-24.174)]
triangle[(10.1184,6.42864),(-9.39538,7.32175),(-11.1588,-31.2075)]
triangle[(14.2088,-5.65318),(-18.696,-0.741846),(-25.3482,-45.3103)]
triangle[(-10.5697,3.86621),(-6.66983,-3.13854),(5.51231,3.6439)]
triangle[(20.3411,-7.33077),(10.7788,-1.72413),(0.539412,-19.1877)]
triangle[(16.4819,14.2556),(-10.652,-2.66579),(19.4977,-51.0117)]
triangle[(-20.8497,12.4934),(15.2792,15.5463),(11.5063,60.1978)]
triangle[(-9.78518,11.0853),(1.78511,-3.41534),(26.6552,16.429)]
triangle[(-9.40624,12.3664),(12.4614,-11.1988),(45.9754,19.9009)]
triangle[(-18.9439,20.5143),(-3.17827,14.2789),(6.53839,38.8466)]
triangle[(14.3402,18.2665),(-2.49863,5.30268),(17.0525,-20.0924)]
triangle[(3.52064,-20.094),(-5.96831,3.34447),(-38.882,-9.98044)]
triangle[(9.33941,12.0156),(7.80817,-6.20762),(33.0974,-8.3326)]
triangle[(0.751438,-17.2583),(-11.7488,13.5833),(-51.7911,-2.64598)]
triangle[(-6.1116,9.22085),(-14.6205,-12.45),(9.12917,-21.7751)]
triangle[(9.35601,3.12061),(-13.3507,-6.34266),(4.15409,-48.3447)]
triangle[(9.80187,7.8096),(7.38751,-0.20264),(22.5292,-4.76536)]
triangle[(5.59022,17.7992),(-11.6315,6.05005),(10.9053,-26.9841)]
triangle[(-9.82675,-19.85),(7.57811,6.56313),(-20.0148,24.7454)]
triangle[(9.29882,20.7635),(-15.0266,6.71471),(10.1257,-36.8363)]
triangle[(-18.9449,12.067),(13.4574,-10.9209),(37.6482,23.177)]
triangle[(17.6847,-1.95334),(-16.6725,-12.1255),(-5.7723,-48.9418)]
triangle[(6.34855,-14.0535),(14.3955,-7.33292),(4.30391,4.7504)]
triangle[(16.4311,1.28752),(9.42057,3.88327),(6.34848,-4.41366)]
triangle[(8.24276,11.3757),(17.2116,17.7173),(7.77781,31.0594)]
triangle[(1.78071,1.9456),(-7.4432,20.9381),(-39.8989,5.17568)]
triangle[(-6.37828,12.8891),(-19.0837,-14.122),(13.2424,-29.3275)]
triangle[(1.16477,11.0808),(5.62856,-3.49865),(29.9944,3.96142)]
triangle[(16.9341,12.308),(14.4336,7.73138),(19.7527,4.8252)]
triangle[(-3.98193,-17.4429),(9.33499,-11.195),(1.92664,4.59534)]
triangle[(-15.1334,-6.86228),(-18.0579,16.4463),(-51.464,12.2548)]
triangle[(4.56027,14.6365),(-7.18844,15.3491),(-8.1553,-0.591287)]
triangle[(-0.580264,-12.524),(13.0351,1.07249),(-9.1441,23.2823)]
triangle[(-12.7225,-19.7936),(-10.2165,-20.3051),(-9.56314,-17.104)]
triangle[(3.44976,-19.7513),(-7.37139,11.565),(-65.2699,-8.44149)]
triangle[(5.66765,-0.633616),(-15.1385,-11.4186),(-1.96206,-36.8383)]
triangle[(-17.0364,20.7154),(14.7051,6.22145),(32.11,44.3379)]
triangle[(-17.0114,-19.5063),(19.4689,-7.41303),(4.80266,36.8288)]
triangle[(12.9669,-1.43114),(9.52276,14.343),(-10.6924,9.92929)]
triangle[(2.39849,-0.575797),(10.416,-17.3464),(43.8445,-1.36528)]
triangle[(-15.9088,-4.13929),(17.7353,15.6456),(-18.6236,77.4734)]
triangle[(5.04306,-20.2604),(11.9683,-7.38144),(-8.34757,3.54278)]
triangle[(-0.881666,3.30208),(-15.1553,0.383698),(-11.6308,-16.8549)]
triangle[(18.5152,-16.7936),(-8.22789,14.9684),(-66.3731,-33.989)]
triangle[(-14.4448,13.6135),(10.4163,-2.73254),(30.5734,27.9248)]
triangle[(16.1771,-8.11483),(1.69318,-19.2854),(13.4906,-34.5821)]
triangle[(3.44626,3.5018),(-4.43855,12.1767),(-14.483,3.04715)]
triangle[(7.39219,1.75326),(-16.5108,20.8998),(-52.5942,-24.1477)]
triangle[(-12.9247,-4.22547),(20.4561,5.51415),(1.24571,71.3542)]
triangle[(-20.0507,11.0524),(3.55992,19.7406),(-6.73107,47.7068)]
triangle[(-20.3382,11.9628),(5.23093,6.39308),(11.4929,35.14)]
triangle[(-4.02531,-19.0276),(0.124452,-1.16431),(-23.6006,4.34718)]
triangle[(-10.0772,-17.1902),(-19.6874,13.818),(-62.636,0.507137)]
triangle[(-18.0851,0.774145),(0.563871,8.09052),(-8.14564,30.2904)]
triangle[(6.95206,-9.06293),(-9.12047,6.24928),(-30.0313,-15.6999)]
triangle[(10.5714,-16.9991),(-13.1236,-4.36813),(-36.8092,-48.8009)]
triangle[(20.8464,5.16822),(8.71928,-6.047),(20.5803,-18.8724)]
triangle[(0.642358,10.6059),(6.99249,-5.2785),(31.3853,4.47302)]
triangle[(19.8281,-4.23015),(-3.00695,9.29368),(-27.9991,-32.9055)]
triangle[(-13.6666,-4.61169),(-16.3233,18.4454),(-51.8993,14.3463)]
triangle[(-3.89885,-7.75974),(16.5606,-13.394),(25.3406,18.4883)]
triangle[(19.2397,2.5823),(6.61441,-11.9548),(23.4167,-26.5474)]
triangle[(-12.3873,-16.809),(-10.0014,9.12424),(-53.6872,13.1433)]
triangle[(-17.3845,-5.75167),(-6.76947,4.83778),(-21.6061,19.7103)]
triangle[(14.9842,-16.7031),(1.04576,-10.4344),(-9.28696,-33.4089)]
triangle[(8.33117,5.74783),(3.46887,-16.1356),(30.263,-22.089)]
triangle[(-17.955,-8.80413),(-14.374,-2.07592),(-23.6721,2.87289)]
triangle[(-12.8573,5.58497),(-18.7065,11.8812),(-30.1538,1.24654)]
triangle[(2.46599,-12.4708),(18.4899,2.10726),(0.867187,21.4778)]
triangle[(19.5802,3.27571),(-11.7806,20.4474),(-35.4631,-22.8042)]
triangle[(10.088,14.9714),(-13.4112,16.2337),(-15.2122,-17.2938)]
triangle[(-0.390965,-20.6684),(19.4623,10.9622),(-42.5791,49.9032)]
triangle[(18.3516,5.98783),(-20.1385,-11.2339),(8.18235,-74.5304)]
triangle[(-7.39999,-1.64623),(2.75407,3.95233),(-5.32403,18.6035)]
triangle[(-19.3102,19.4597),(14.3629,-11.7867),(53.4569,30.3435)]
triangle[(-13.1574,-18.1219),(-18.3752,10.3984),(-51.1072,4.41003)]
triangle[(8.65636,-5.03215),(12.6171,-5.98634),(13.977,-0.341695)]
triangle[(19.6315,14.3863),(18.1283,19.7649),(9.92512,17.4723)]
triangle[(-10.8199,0.589138),(20.6594,-1.30839),(23.3492,43.3143)]
triangle[(-13.0522,9.61673),(-18.9758,11.2),(-20.5994,5.12549)]
triangle[(1.51154,-20.5368),(12.5391,-4.55865),(-16.5841,15.5411)]
triangle[(4.57069,15.1358),(-10.6069,-3.69032),(24.7244,-32.1744)]
triangle[(3.67637,-20.9172),(10.0837,-20.7492),(9.86224,-12.3044)]
triangle[(-11.2211,-18.833),(18.6112,-0.288549),(-2.84415,34.2264)]
triangle[(-0.00328672,-5.14937),(-14.3911,3.37255),(-29.4411,-22.0368)]
triangle[(19.1855,12.5811),(-16.5914,3.69431),(-0.521772,-60.9996)]
triangle[(-18.4077,-7.74779),(-10.4409,-7.20159),(-11.4992,8.23405)]
triangle[(-5.50966,-1.00238),(-20.2745,-10.6702),(-4.96817,-34.0461)]
triangle[(12.1118,18.9242),(-3.28032,1.19035),(16.936,-16.3564)]
triangle[(17.1639,19.3323),(-0.288676,-11.9612),(47.1073,-38.3941)]
triangle[(3.10418,-13.8283),(-19.5011,20.0392),(-60.1731,-7.10785)]
triangle[(15.0061,14.1041),(-16.4578,-13.3372),(19.529,-54.5992)]
triangle[(-1.23433,-14.2555),(2.26597,11.9409),(-35.0782,16.9308)]
triangle[(-16.5212,6.58566),(3.54596,1.25375),(10.8761,28.8416)]
triangle[(-7.90605,-9.0574),(10.9982,2.16538),(-8.83238,35.5692)]
triangle[(7.06753,12.4982),(9.66632,20.1624),(-0.211385,23.5117)]
triangle[(0.126041,2.09516),(-4.38218,10.613),(-18.261,3.26731)]
triangle[(-20.8079,-18.4911),(10.3638,7.37135),(-37.6756,65.2726)]
triangle[(-10.8333,4.77128),(-3.87438,-14.9526),(24.3182,-5.00573)]
triangle[(-4.31702,0.837986),(-20.8735,15.723),(-48.1407,-14.6061)]
triangle[(-5.10582,17.6756),(-0.992066,-3.5286),(23.4462,1.21258)]
triangle[(-9.28595,-1.56414),(-8.81842,-11.4157),(2.68808,-10.8696)]
triangle[(-3.02638,11.6805),(-11.7803,7.8192),(-4.7767,-8.05871)]
triangle[(-12.0421,-6.03766),(-18.209,-19.41),(6.02649,-30.5867)]
triangle[(-5.58211,5.01346),(-14.9529,-0.920122),(-3.18836,-19.4996)]
triangle[(-4.52086,-7.72467),(12.9232,9.75156),(-7.23998,29.8776)]
triangle[(20.7017,-17.6803),(-17.9817,15.4836),(-55.2037,-27.9332)]
triangle[(12.5538,-19.9138),(-17.9914,6.21123),(-59.6375,-42.4812)]
triangle[(-12.3413,19.3034),(-9.5994,17.7212),(-7.16791,21.935)]
triangle[(16.6543,-9.12486),(11.0847,-4.07625),(5.84536,-9.85627)]
triangle[(-4.84841,16.1956),(15.6281,-20.6406),(57.6216,2.70277)]
triangle[(-13.7914,-15.496),(-18.5311,20.4116),(-64.3818,14.3594)]
triangle[(-9.23122,-8.7733),(14.9334,-0.472935),(2.16198,36.7081)]
triangle[(17.7084,-13.1802),(11.8524,10.1142),(-16.8974,2.88674)]
triangle[(-14.53,12.4711),(-4.24005,1.9688),(13.5526,19.4018)]
triangle[(3.4075,3.14376),(5.79478,11.8238),(-6.45701,15.1934)]
triangle[(20.6982,7.17168),(-12.6265,-4.94522),(4.56746,-52.2333)]
triangle[(0.338423,-4.95822),(10.5189,-0.851731),(4.88879,13.1059)]
triangle[(-9.59379,15.5801),(-13.5485,14.5563),(-12.3029,9.74444)]
triangle[(-6.74907,-17.5853),(-2.37203,15.9413),(-53.8182,22.6579)]
triangle[(18.2172,13.1901),(20.1294,-13.7211),(67.5036,-10.3549)]
triangle[(-8.35551,0.0130656),(-10.3488,20.6349),(-42.827,17.4955)]
triangle[(-11.1438,5.11505),(-6.39862,16.0084),(-22.1864,22.8856)]
triangle[(-9.68313,17.7808),(7.01846,-15.3264),(40.3377,1.48207)]
triangle[(-11.0962,1.09298),(-20.1889,-14.9247),(-0.797073,-25.9327)]
triangle[(-14.8287,13.285),(-11.4479,20.5331),(-20.6368,24.8192)]
triangle[(6.50543,17.6963),(19.6033,-5.15713),(43.6447,8.62163)]
triangle[(14.003,-1.31309),(-9.76196,12.4667),(-28.7425,-20.2674)]
triangle[(-18.2676,1.37849),(-1.26358,11.9787),(-20.356,42.6052)]
triangle[(3.37165,-9.98101),(-9.38756,9.22881),(-41.3825,-12.0223)]
triangle[(-15.8401,-11.6321),(6.13635,-10.9139),(5.01717,23.3307)]
triangle[(-9.99891,-14.06),(-1.50917,9.8048),(-42.3312,24.3269)]
triangle[(-19.1484,-4.43995),(-19.6856,-11.3796),(-11.7597,-11.9932)]
triangle[(-19.1892,15.4174),(19.9426,-3.88915),(51.2986,59.665)]
triangle[(-8.68658,-15.5981),(20.1235,20.8921),(-24.307,55.9713)]
triangle[(-6.33803,16.6537),(16.3298,-17.7652),(64.0101,13.6365)]
triangle[(11.8099,16.8176),(-15.614,-12.7195),(27.0767,-52.3557)]
triangle[(9.92911,0.561173),(-19.8314,-9.05241),(-5.12108,-54.5907)]
triangle[(-17.6612,-3.43374),(18.9635,6.78587),(3.06653,63.7568)]
triangle[(-10.6703,-8.25299),(-4.11947,-16.0737),(4.29103,-9.0289)]
triangle[(-7.9385,20.2842),(2.91563,-19.3247),(63.4108,-2.74707)]
triangle[(-9.57001,7.43154),(-8.37512,-4.26128),(3.84192,-3.01282)]
triangle[(-7.49692,-20.111),(12.1914,3.06549),(-11.0758,22.8309)]
triangle[(-13.8469,-13.8251),(3.09501,9.83696),(-37.9144,39.1994)]
triangle[(-17.9177,-7.74431),(1.42414,-14.7229),(12.752,16.6732)]
triangle[(-11.458,-0.280169),(18.5757,-17.8984),(38.5498,16.1513)]
triangle[(-4.37724,-18.7496),(-11.9502,-9.39002),(-27.1089,-21.6551)]
triangle[(3.90611,16.066),(-2.81562,11.3079),(5.03717,0.214155)]
triangle[(13.9732,7.12651),(0.199899,11.4993),(-8.39008,-15.5572)]
triangle[(10.7794,-16.8745),(12.5856,7.69134),(-14.6079,9.69064)]
triangle[(-12.8721,-6.64484),(9.90042,16.4627),(-20.1278,46.0556)]
triangle[(7.06289,3.19283),(-1.41084,1.36107),(1.01592,-9.86516)]
triangle[(16.9493,7.80672),(9.45435,16.5125),(-2.26206,6.42558)]
triangle[(-5.62437,-19.1417),(-3.9435,-13.2133),(-13.738,-10.4363)]
triangle[(20.0947,2.91812),(-2.02645,8.28146),(-8.21121,-17.2276)]
triangle[(9.96069,-1.97272),(6.34517,0.0976028),(3.61432,-4.67143)]
triangle[(-12.2267,-8.34373),(2.62866,6.22542),(-25.5119,34.9189)]
triangle[(9.24034,-11.6219),(-12.1902,-3.45867),(-27.0731,-42.5297)]
triangle[(-15.6694,0.204239),(-18.4261,-16.8889),(8.09857,-21.1666)]
triangle[(4.61228,5.49396),(-7.08036,18.2642),(-31.3952,-3.99887)]
triangle[(5.4976,2.64464),(-10.457,4.24917),(-12.6702,-17.7577)]
triangle[(-3.14557,-9.70869),(-5.25012,-17.6343),(8.2567,-21.2209)]
triangle[(-11.5924,-1.44164),(-1.32422,-3.70721),(2.01084,11.4082)]
triangle[(18.2831,2.02825),(1.87964,-2.80454),(8.96077,-26.8393)]
triangle[(11.0612,7.86415),(-11.0878,-3.62634),(1.269,-27.4451)]
triangle[(0.352443,-10.6285),(7.09017,-18.8164),(21.39,-7.0493)]
triangle[(-6.06053,10.8968),(16.0065,-8.33431),(42.334,21.8756)]
triangle[(6.60525,-20.8826),(-0.496356,10.5199),(-47.402,-0.087678)]
triangle[(11.1774,0.64145),(-16.2846,-3.97285),(-7.63902,-55.4269)]
triangle[(-2.33942,-6.88494),(10.7682,-16.6137),(23.0382,-0.0824295)]
triangle[(-13.9785,-0.683619),(15.5259,-10.8992),(28.2686,25.9041)]
triangle[(0.260707,20.5204),(-8.07549,2.12523),(18.3077,-9.83094)]
triangle[(-1.76797,-11.4479),(-7.24353,-0.616349),(-18.1962,-6.15314)]
triangle[(-20.6429,-11.6792),(-10.5509,-9.85533),(-12.9095,3.19554)]
triangle[(15.9812,-17.3993),(9.06348,-16.3264),(6.94293,-29.9991)]
triangle[(7.50051,-10.3536),(8.63868,13.6539),(-32.2989,15.5947)]
triangle[(4.03829,7.74923),(11.9871,16.1252),(-1.74943,29.1611)]
triangle[(-3.9179,-6.64702),(6.68386,17.7129),(-32.5196,34.7748)]
triangle[(-9.52881,8.98175),(12.1079,-3.591),(37.0699,39.3667)]
triangle[(-19.2552,7.4316),(-9.17124,4.39484),(-3.51176,23.1879)]
triangle[(-15.3209,17.8218),(-4.66691,17.2879),(-3.79191,34.7508)]
triangle[(-4.0556,16.8295),(-10.3431,12.2453),(-5.73966,5.93156)]
triangle[(4.23432,0.370677),(14.5989,-4.31102),(20.3766,8.48006)]
triangle[(-17.8905,-17.4116),(-9.28023,8.47383),(-48.1009,21.3867)]
triangle[(-2.44045,-14.9855),(-20.5826,18.7014),(-58.9291,-1.95013)]
triangle[(9.22637,6.95786),(-17.5116,4.64743),(-14.1105,-34.7127)]
triangle[(6.91206,-10.7357),(14.522,7.34299),(-15.5231,19.99)]
triangle[(17.2249,3.17299),(-14.6009,-2.4685),(-8.57017,-36.4901)]
triangle[(-0.548857,-18.7853),(-11.9696,18.9841),(-67.5604,2.17458)]
triangle[(-6.4145,-11.0473),(5.92312,9.46751),(-26.4707,28.9492)]
triangle[(6.711,-16.8473),(-10.9556,18.7016),(-46.5278,1.02345)]
triangle[(20.0435,19.9626),(-17.9291,-4.98484),(23.0256,-67.3221)]
triangle[(-11.0793,20.4308),(16.4455,15.6388),(24.1453,59.8661)]
triangle[(18.9748,-16.7792),(-14.2381,3.12669),(-40.2941,-40.3476)]
triangle[(-5.60523,6.55006),(12.3489,-13.9202),(47.0849,16.5463)]
triangle[(-15.4553,4.44437),(3.82997,5.57747),(2.17521,33.7413)]
triangle[(-19.4407,-14.7886),(-20.4244,-20.1561),(-11.5441,-21.7836)]
triangle[(15.0342,7.10457),(6.37253,-3.18576),(26.4494,-20.0851)]
triangle[(-18.4333,20.1183),(4.44051,19.468),(5.29013,49.3497)]
triangle[(-12.3242,-7.72573),(7.7604,8.10671),(-16.4838,38.8622)]
triangle[(6.04627,-10.8289),(8.37189,14.4553),(-23.917,17.4252)]
triangle[(9.90337,-17.0964),(-6.41337,-8.25719),(-16.8013,-27.4328)]
triangle[(15.0137,15.3856),(14.269,11.6654),(18.4803,10.8224)]
triangle[(0.519132,-7.65946),(4.20586,9.08845),(-13.0952,12.8969)]
triangle[(5.47303,16.4577),(-20.642,14.9708),(-18.3057,-26.0633)]
triangle[(-11.0195,7.73637),(8.31041,7.84986),(8.13611,37.5403)]
triangle[(-11.1419,19.4134),(-1.80075,-20.7747),(51.65,-8.35082)]
triangle[(-16.3552,-3.3554),(4.06022,10.1518),(-18.7635,44.6486)]
triangle[(8.48791,-17.3818),(-12.6051,4.98652),(-48.6465,-29)]
triangle[(13.3446,15.2325),(15.9757,7.56162),(29.2121,12.1017)]
triangle[(5.13422,15.0745),(-8.48591,11.6748),(-1.85787,-14.8787)]
triangle[(-1.72911,-13.7621),(1.63356,18.1469),(-43.2771,22.8797)]
triangle[(-12.2279,3.85676),(-11.617,9.54015),(-18.3826,10.2674)]
triangle[(-7.99514,-7.81551),(2.58771,-12.8719),(12.5473,7.97317)]
triangle[(-11.0297,-8.58765),(2.81563,0.215527),(-11.9223,23.3948)]
triangle[(1.06366,-1.10576),(1.1564,14.7846),(-26.2316,14.9445)]
triangle[(6.01935,9.53438),(9.7207,-5.77675),(30.5934,-0.730941)]
triangle[(-13.0477,6.15173),(4.2514,14.0579),(-4.60332,33.4325)]
triangle[(12.3395,-19.8816),(4.74111,-18.331),(2.94739,-27.1205)]
triangle[(11.4309,-20.931),(-9.61573,5.376),(-40.282,-19.1582)]
triangle[(-11.9705,-17.0506),(15.1629,-16.1424),(13.6381,29.4141)]
triangle[(-16.6301,6.16757),(-17.3264,-3.75105),(1.70989,-5.08748)]
triangle[(10.6865,-11.438),(17.9722,2.35462),(4.01382,9.7279)]
triangle[(1.68464,17.1007),(16.6788,-16.0116),(76.5743,11.1108)]
triangle[(13.7343,16.9213),(9.65227,0.100268),(30.4516,-4.94726)]
triangle[(-5.05407,-8.08168),(13.2419,-16.0213),(27.8459,17.6318)]
triangle[(18.0875,1.17739),(-10.2065,-14.9922),(17.5116,-63.4939)]
triangle[(2.89502,-14.9838),(17.0568,10.1879),(-28.3288,35.7222)]
triangle[(8.14918,11.1414),(16.8488,-5.61966),(50.3144,11.7502)]
triangle[(18.3641,4.77157),(-18.4444,-10.2379),(9.20934,-78.0545)]
triangle[(1.26199,1.59834),(12.2841,-8.30844),(22.6676,3.24404)]
triangle[(-0.800148,6.57263),(13.5039,-6.48016),(30.3533,11.9844)]
triangle[(6.96213,0.409476),(3.75403,10.3833),(-8.76996,6.35488)]
triangle[(18.655,13.7712),(3.35404,17.907),(-1.45992,0.0974033)]
triangle[(-6.62158,14.5362),(-20.7197,8.69587),(-10.3117,-16.4283)]
triangle[(-2.99998,-8.2391),(-13.3424,-13.2575),(-4.78542,-30.8925)]
triangle[(-11.1162,-3.15538),(2.62973,-6.95919),(7.0793,9.12032)]
triangle[(-6.81639,-18.8651),(-11.0267,-14.5685),(-16.2466,-19.6835)]
triangle[(14.9327,-2.38504),(-5.29983,-4.59056),(-1.47813,-39.6494)]
triangle[(-17.772,18.4211),(10.1925,-17.0032),(67.0275,27.8633)]
triangle[(13.4097,10.7128),(19.2189,17.3836),(7.55219,27.5434)]
triangle[(12.0756,-17.7036),(13.3402,6.85885),(-13.335,8.23219)]
triangle[(-15.5576,8.48645),(15.6503,16.782),(6.17805,52.4168)]
triangle[(-20.3959,-3.63147),(-7.60429,-12.4808),(6.51476,7.928)]
triangle[(-3.48664,-8.34511),(-9.50021,20.4705),(-61.6461,9.58817)]
triangle[(5.19836,-4.95028),(13.7017,-5.31756),(14.0704,3.21683)]
triangle[(3.46979,-6.13283),(6.77409,7.63515),(-16.5359,13.2295)]
triangle[(-5.35184,19.9946),(20.4087,18.8461),(22.2589,60.3442)]
triangle[(-3.25752,-17.4931),(12.0136,-9.31363),(2.64382,8.18)]
triangle[(18.1747,-19.5011),(-5.10198,-12.2371),(-15.4328,-45.3407)]
triangle[(12.4824,18.7709),(12.4486,-4.14031),(51.2649,-4.19769)]
triangle[(-14.7691,0.928104),(-8.52321,-16.0594),(10.0743,-9.22151)]
triangle[(0.225112,-16.4644),(-14.367,6.2406),(-50.3446,-16.8816)]
triangle[(18.9225,15.012),(14.5724,12.0481),(18.9638,5.60272)]
triangle[(4.48342,20.7659),(-8.48457,-0.731828),(16.6253,-15.8788)]
triangle[(-3.15803,-3.28183),(-6.50713,-19.2833),(18.0243,-24.4177)]
triangle[(-6.91682,-6.35538),(6.7133,-16.077),(18.3282,0.207591)]
triangle[(-2.56554,-4.94358),(-4.8718,-2.42193),(-9.78121,-6.91199)]
triangle[(6.8458,11.4579),(9.44786,-11.6528),(49.5862,-7.13353)]
triangle[(3.3061,-1.86568),(-14.7899,-11.3023),(-3.11775,-33.6853)]
triangle[(8.85988,-2.04162),(11.7383,-2.77072),(13.186,2.94462)]
triangle[(-10.2918,18.0941),(1.79861,-17.4799),(65.4238,4.1442)]
triangle[(-6.64556,3.53708),(10.7432,4.714),(8.50895,37.7247)]
triangle[(10.5303,-6.44249),(-11.4352,13.753),(-34.8143,-11.6751)]
triangle[(-7.27342,8.29215),(6.48006,6.66845),(8.28732,21.9768)]
triangle[(-1.2072,7.56134),(16.4013,-5.81007),(34.0251,17.3983)]
triangle[(5.12886,5.06181),(-0.0304724,-11.7129),(21.7931,-18.4251)]
triangle[(18.149,-11.2437),(-15.2216,6.47),(-36.1219,-32.9037)]
triangle[(9.45924,-13.6306),(-20.3815,0.415523),(-47.2798,-56.7296)]
triangle[(12.1428,0.0643684),(-3.41343,19.1944),(-30.0794,-2.48982)]
triangle[(-16.5084,15.9406),(9.63037,-4.12722),(44.6317,41.4628)]
triangle[(8.28767,1.55903),(-7.28364,-10.4033),(10.504,-33.5574)]
triangle[(15.8125,-7.42873),(18.7879,-10.2227),(24.0038,-4.66815)]
triangle[(0.229475,6.81974),(-13.9541,2.82318),(-7.60976,-19.6924)]
triangle[(-12.7323,3.03956),(10.3543,11.81),(-6.45158,56.0484)]
triangle[(14.3879,-10.9425),(19.245,-13.2241),(23.518,-4.12762)]
triangle[(-10.85,10.7404),(-0.494822,11.919),(-2.48302,29.3866)]
triangle[(18.1187,-4.73194),(-7.00551,-19.0278),(18.9601,-64.661)]
triangle[(-17.7294,-3.01807),(-20.9811,1.3742),(-27.4545,-3.41821)]
triangle[(-7.46702,13.1264),(8.31561,-2.30722),(37.3725,27.4068)]
triangle[(8.50081,-19.6462),(-14.1164,-11.0603),(-29.342,-51.168)]
triangle[(-9.89049,19.5394),(-4.05891,-18.7997),(53.4787,-10.0479)]
triangle[(-14.2156,-16.5463),(14.8134,-13.1903),(9.96014,28.7899)]
triangle[(-11.805,-17.7467),(19.0355,0.584492),(-0.373156,33.2378)]
triangle[(7.19709,-2.3581),(-12.7312,-0.13246),(-15.3343,-23.4405)]
triangle[(-15.656,-11.9764),(13.6146,2.96783),(-5.12485,39.6718)]
triangle[(-9.58853,-5.68526),(0.227343,-6.99401),(1.98228,6.16838)]
triangle[(-13.8835,0.33872),(0.847747,-2.7131),(6.75927,25.8221)]
triangle[(3.10865,8.98026),(-13.8713,-17.3976),(20.0141,-39.2103)]
triangle[(-16.871,-12.39),(-6.24142,-10.0455),(-9.14675,3.1266)]
triangle[(20.4159,-16.3574),(-9.79078,5.58531),(-48.2687,-47.384)]
triangle[(-6.68642,-10.9999),(2.57488,-1.87981),(-11.8446,12.7629)]
triangle[(-17.5022,-9.70017),(-20.0267,-10.1553),(-19.1347,-15.1031)]
triangle[(2.71766,13.3406),(-17.0325,1.85857),(-3.44815,-21.5077)]
triangle[(4.36569,19.6566),(19.1628,0.400448),(54.3169,27.4142)]
triangle[(5.7025,-14.1721),(-10.9701,-19.1407),(-4.27943,-41.592)]
triangle[(-12.6784,14.5661),(12.8394,-20.9426),(80.847,27.9302)]
triangle[(8.73696,11.3338),(15.042,13.3182),(12.5975,21.0849)]
triangle[(-11.2322,-0.474363),(15.1259,1.55796),(12.133,40.374)]
triangle[(-20.6898,15.0106),(-6.96341,-0.373663),(22.4299,25.8522)]
triangle[(-11.2854,-7.32316),(-2.93688,1.07801),(-11.9592,10.0438)]
triangle[(2.17686,5.76107),(-15.2271,14.6679),(-24.4738,-3.40016)]
triangle[(2.82327,-14.2595),(8.47598,18.6838),(-38.3911,26.7257)]
triangle[(-15.6375,-16.7827),(1.30822,17.8356),(-51.1778,43.5276)]
triangle[(18.0363,-17.8082),(17.9691,5.86935),(-27.9631,5.73908)]
triangle[(3.49195,-9.25726),(-13.8606,0.0514583),(-24.9681,-20.6542)]
triangle[(1.94365,-11.9248),(13.7959,-14.1022),(16.9806,3.23378)]
triangle[(-7.68593,-16.0931),(-16.0898,17.1902),(-81.7371,0.614611)]
triangle[(-12.9488,-9.4939),(-7.74667,8.84276),(-30.835,15.393)]
triangle[(16.1128,-15.7117),(-13.1344,-10.8994),(-21.514,-61.827)]
triangle[(5.34198,2.66383),(-15.2641,19.6177),(-41.2157,-11.9244)]
triangle[(0.0420194,-6.43912),(-19.7333,6.98397),(-45.1146,-30.4086)]
triangle[(-11.6909,-5.49766),(-5.58501,17.5319),(-48.7002,28.9631)]
triangle[(20.0137,1.40061),(-2.36607,4.02434),(-6.36307,-30.069)]
triangle[(-20.4042,3.21763),(16.476,-20.1039),(55.0362,40.8746)]
triangle[(-18.959,-12.6),(-8.08077,-3.72133),(-25.6173,17.7646)]
triangle[(-14.7263,19.7575),(16.2154,12.9013),(26.0659,57.3564)]
triangle[(1.44792,3.48892),(11.6261,12.5678),(-1.92344,27.7581)]
triangle[(6.5096,15.8627),(12.5743,18.4981),(9.24842,26.152)]
triangle[(15.4936,2.66235),(1.50827,10.041),(-10.5298,-12.7758)]
triangle[(0.822698,10.7331),(-0.531926,0.0558558),(13.7047,-1.75035)]
triangle[(2.93119,19.7468),(16.0102,17.9421),(19.1044,40.3664)]
triangle[(13.5022,7.37534),(-19.052,-7.57867),(-2.15428,-44.3643)]
triangle[(17.0981,7.67198),(-6.70701,9.00951),(-9.0158,-32.082)]
triangle[(-11.2526,-9.93625),(-7.19744,-9.43891),(-7.78957,-4.61092)]
triangle[(18.1999,17.2838),(6.28836,5.68),(18.3604,-6.71213)]
triangle[(-19.7763,-7.38386),(-14.7615,-0.21967),(-24.4993,6.59653)]
triangle[(-1.70381,1.37529),(2.84359,-7.42398),(19.1223,0.988738)]
triangle[(17.4102,8.93097),(11.6474,-7.64607),(41.5315,-18.0349)]
triangle[(0.00852419,11.9524),(-18.7016,3.99017),(-4.28352,-29.8905)]
triangle[(-15.6546,-8.07204),(-15.3984,-1.03679),(-27.5519,-0.594179)]
triangle[(19.1215,20.2851),(20.5674,2.66533),(43.3145,4.53191)]
triangle[(19.5897,-6.38804),(10.1713,-10.9772),(16.4256,-23.8132)]
triangle[(-17.6001,-16.6605),(0.165157,-4.71733),(-11.8439,13.1459)]
triangle[(16.116,-11.8559),(-13.2648,3.38209),(-33.8467,-36.3024)]
triangle[(-10.4922,1.58945),(-4.58681,0.387718),(-2.64641,9.92291)]
triangle[(11.605,0.450145),(5.61653,-17.3357),(39.9256,-28.8875)]
triangle[(-1.84855,-18.4726),(-6.9959,12.402),(-46.5333,5.81043)]
triangle[(-17.2486,12.5142),(1.9599,-16.7144),(59.4501,21.0672)]
triangle[(-8.84867,6.18869),(0.235687,10.4375),(-7.68046,27.3631)]
triangle[(13.2386,-11.2193),(-7.8258,-20.245),(5.74097,-51.9072)]
triangle[(-9.8451,11.8922),(-9.71111,-4.82235),(11.76,-4.65023)]
triangle[(-0.184234,20.8351),(-5.77262,-11.2918),(50.2287,-21.0331)]
triangle[(8.04983,-17.0908),(14.273,1.3748),(-15.5089,11.4118)]
triangle[(-6.02603,19.0373),(20,-10.1057),(68.4899,33.1981)]
triangle[(2.28895,-15.378),(18.774,-10.9757),(12.7437,11.6051)]
triangle[(0.0188978,10.1971),(7.19027,9.95502),(7.5402,20.3198)]
triangle[(3.62068,18.7201),(1.11367,10.7042),(16.524,5.88453)]
triangle[(10.352,-16.9117),(13.0565,14.9679),(-33.0987,18.8834)]
triangle[(-1.27592,13.0256),(-4.41465,19.0899),(-10.7744,15.7982)]
triangle[(-5.65782,4.22651),(19.8394,8.68801),(13.0865,47.2801)]
triangle[(15.0101,17.7741),(0.89618,6.91733),(14.1593,-10.325)]
triangle[(-13.6432,1.1107),(6.43071,7.67395),(-1.76969,32.7552)]
triangle[(-20.0217,-6.4071),(1.8114,12.4848),(-35.4965,55.601)]
triangle[(6.2845,-16.42),(17.2089,17.622),(-18.8305,29.1874)]
triangle[(7.44082,19.3364),(-18.855,-13.3839),(34.3215,-56.1196)]
triangle[(10.3893,8.34857),(-8.27174,-13.5775),(33.4978,-49.1271)]
triangle[(6.51615,-15.2105),(-4.9912,-10.5483),(-9.81239,-22.4481)]
triangle[(-13.0383,-17.5305),(2.45995,12.4082),(-38.6919,33.7112)]
triangle[(5.93001,-2.36469),(-12.2725,5.34283),(-25.5557,-26.0276)]
triangle[(-0.957651,-0.473999),(17.2164,-1.06262),(18.1123,26.5994)]
triangle[(-5.93749,-3.07101),(-12.9232,17.3314),(-36.6085,9.22163)]
triangle[(0.0942356,-7.2861),(19.195,15.9294),(-21.3257,49.2682)]
triangle[(5.78077,-0.196495),(-3.98301,-12.1254),(17.5527,-29.7523)]
triangle[(-15.8435,-0.90346),(18.6978,6.31248),(10.1857,47.0583)]
triangle[(-3.69399,-14.5705),(4.07512,-11.9338),(0.4321,-1.19969)]
triangle[(-12.1555,-10.9748),(4.34407,-14.2038),(8.6709,7.90542)]
triangle[(-12.052,13.5924),(-2.54085,2.42079),(19.7407,21.3906)]
triangle[(6.69053,-0.298367),(-20.8539,-20.7545),(17.9151,-72.9575)]
triangle[(19.3076,-6.95938),(-17.9547,-2.26111),(-25.1674,-59.4659)]
triangle[(1.94065,-13.3079),(9.47942,2.83247),(-11.936,12.8351)]
triangle[(-19.0234,-6.74491),(6.79572,10.7417),(-27.1373,60.844)]
triangle[(-14.8834,18.6982),(-0.143301,-5.08149),(47.0157,24.1506)]
triangle[(-0.798496,-17.8499),(-0.236713,-12.5719),(-9.98585,-11.5342)]
triangle[(19.2516,-5.13654),(-0.810906,-14.0217),(11.8869,-42.693)]
triangle[(-8.15378,-9.33974),(-4.81615,-9.36369),(-4.77179,-3.18349)]
triangle[(-0.102101,2.86174),(11.112,8.95923),(0.752918,28.011)]
triangle[(-12.515,1.50797),(-16.4037,-17.2768),(8.01256,-22.3313)]
triangle[(7.13273,8.15979),(6.0703,-12.6236),(35.6745,-14.137)]
triangle[(-0.853402,-19.09),(-15.8926,-2.68832),(-37.7681,-22.7466)]
triangle[(2.3073,-7.52846),(2.8278,2.35976),(-14.2382,3.25809)]
triangle[(-20.4764,-19.0054),(-8.37871,-17.9277),(-9.94249,-0.374289)]
triangle[(14.7546,-17.4604),(-19.8266,13.629),(-52.6104,-22.837)]
triangle[(-13.1898,-2.36908),(-20.2086,-0.616583),(-23.258,-12.8293)]
triangle[(11.066,-20.8837),(11.7108,16.0089),(-51.3496,17.111)]
triangle[(5.88284,3.33148),(8.37384,-14.8675),(44.4486,-9.92974)]
triangle[(-13.8112,15.6999),(-3.68229,-0.255497),(14.6988,11.4133)]
triangle[(-10.3817,-8.36638),(-3.74354,20.6137),(-38.9955,28.6884)]
triangle[(1.86569,1.14991),(10.7029,-0.159461),(12.381,11.166)]
triangle[(-7.91022,-1.96205),(-16.687,-0.4581),(-18.8275,-12.9497)]
triangle[(5.91346,-13.7077),(10.5565,-17.5584),(15.2257,-11.9285)]
triangle[(-9.43599,-4.05796),(9.87109,6.58014),(-2.32831,28.7208)]
triangle[(-8.51664,19.6656),(-4.02699,7.89116),(14.0978,14.8022)]
triangle[(-2.50932,-0.368019),(-9.62142,-13.2083),(6.01564,-21.8695)]
triangle[(0.965639,-16.9897),(-13.1243,-5.50642),(-26.418,-21.8177)]
triangle[(-1.81527,-10.764),(20.6254,18.8249),(-38.1437,63.3963)]
triangle[(7.23657,-12.9331),(-2.97326,-18.4559),(4.83937,-32.8987)]
triangle[(1.39775,11.0642),(-4.88151,0.376968),(12.8615,-10.0479)]
triangle[(-18.7113,3.66486),(17.574,-11.4736),(34.2079,28.3958)]
triangle[(12.1434,-4.26286),(11.7196,13.4603),(-18.0997,12.7473)]
triangle[(16.633,1.41272),(-18.3275,-10.3445),(-1.58451,-60.1306)]
triangle[(16.8207,-12.5386),(-9.37134,6.60699),(-41.0904,-36.7862)]
triangle[(7.271,-16.3227),(9.65252,0.995168),(-24.1358,5.64167)]
triangle[(17.7997,11.4328),(11.1669,-9.89154),(35.2793,-17.3915)]
triangle[(13.8789,16.9646),(-15.8158,8.0634),(-0.515384,-42.9793)]
triangle[(8.08579,3.49131),(3.17093,19.1967),(-20.7397,11.7141)]
triangle[(15.5254,-9.73414),(-18.5614,-16.4706),(-11.3729,-52.8446)]
triangle[(-10.9493,-8.48687),(8.21874,-8.58497),(8.37715,22.368)]
triangle[(19.8029,-4.91153),(4.93007,-13.0944),(16.7491,-34.5761)]
triangle[(-11.509,17.9521),(14.63,-11.0586),(65.6953,34.9519)]
triangle[(-12.7294,-19.1564),(-14.2852,-17.2681),(-17.1652,-19.641)]
triangle[(9.2462,-13.8023),(-14.3403,-11.1352),(-17.0452,-35.0562)]
triangle[(-16.0313,17.0917),(-6.89785,-18.8011),(58.2267,-2.22926)]
triangle[(17.662,20.7793),(-18.3884,16.5554),(-13.1707,-27.9767)]
triangle[(-15.7632,14.0354),(-10.5783,20.6936),(-19.1107,27.338)]
triangle[(-4.24917,-18.5048),(-6.07581,3.30579),(-43.4411,0.176436)]
triangle[(-20.9194,18.7636),(17.2201,11.0562),(26.6333,57.6363)]
triangle[(14.5364,-11.942),(20.0338,15.638),(-14.9954,22.6203)]
triangle[(-18.6976,12.1638),(13.7297,-13.7743),(52.831,35.1094)]
triangle[(-0.390052,-3.0245),(2.04118,-0.0785908),(-3.57702,4.55806)]
triangle[(-8.7736,13.8135),(-2.75701,5.98312),(6.06545,12.762)]
triangle[(6.54256,7.81844),(-14.3402,3.66366),(-8.12183,-27.591)]
triangle[(1.57176,-7.34224),(-8.7204,11.467),(-34.1432,-2.44409)]
triangle[(-3.92127,-11.7919),(0.836681,19.3308),(-40.1349,25.5944)]
triangle[(12.9996,-20.1425),(-15.7446,10.2566),(-54.6786,-26.5578)]
triangle[(-15.1276,2.02218),(13.141,-12.6063),(34.7788,29.2074)]
triangle[(-16.6762,12.5964),(1.04906,8.21249),(6.26285,29.2934)]
triangle[(-2.9,17.4684),(14.5066,2.33738),(38.5583,30.0062)]
triangle[(-12.9087,-7.49388),(-15.0938,-12.9203),(-5.08198,-16.9519)]
triangle[(-8.77004,-12.6952),(4.88228,20.0271),(-40.5325,38.975)]
triangle[(-16.2266,-19.9966),(0.346686,9.64981),(-34.5022,29.1315)]
triangle[(12.3765,-0.238086),(-12.7831,18.4236),(-36.5174,-13.5748)]
triangle[(6.03371,2.59789),(20.223,-13.0046),(37.6149,2.812)]
triangle[(12.7414,1.07176),(-6.78445,11.1826),(-25.8125,-25.5642)]
triangle[(-11.5235,3.16331),(-7.83952,-7.96608),(9.22714,-2.31682)]
triangle[(-1.32274,-3.69425),(-12.6775,8.11984),(-30.8636,-9.35926)]
triangle[(-13.5997,-17.9524),(4.52257,11.1288),(-34.5088,35.4516)]
triangle[(-4.4978,-20.1055),(16.4891,7.09816),(-22.6798,37.3159)]
triangle[(-14.882,12.2748),(8.57877,-2.90124),(26.7898,25.2514)]
triangle[(10.5488,11.7469),(-3.32388,-4.99023),(27.9246,-30.8907)]
triangle[(-5.93503,-14.7016),(3.41802,-15.3546),(4.40567,-1.20732)]
triangle[(6.91398,20.7342),(18.5939,8.75964),(30.8381,20.7025)]
triangle[(-5.67917,-0.561555),(10.5306,13.1126),(-13.0292,41.0413)]
triangle[(9.28061,6.81137),(15.176,-9.20597),(33.711,-2.38391)]
triangle[(-11.927,4.05489),(10.8231,-12.7237),(41.5674,28.9623)]
triangle[(-8.24443,-11.1313),(6.2124,12.245),(-37.0897,39.0247)]
triangle[(-15.9262,-15.7352),(17.9995,9.58045),(-22.0682,63.2756)]
triangle[(-11.3149,19.0594),(-14.0674,5.1975),(12.9325,-0.163757)]
triangle[(-14.2378,-0.262731),(-0.793695,3.21813),(-6.19877,24.0941)]
triangle[(6.08377,0.89135),(2.78827,-14.6804),(20.5193,-18.4328)]
triangle[(-5.01864,-14.4161),(1.58767,-13.325),(0.338644,-5.76248)]
triangle[(-13.7512,17.5048),(6.7671,6.56563),(20.0145,31.4134)]
triangle[(6.9906,-17.8177),(-2.3983,-19.6345),(0.580753,-35.0298)]
triangle[(12.6478,2.16692),(5.56298,14.8999),(-19.2786,1.07771)]
triangle[(16.2739,-4.33991),(5.4228,13.1086),(-18.4974,-1.76724)]
triangle[(-6.27094,-13.7519),(-10.2198,-4.92153),(-25.5099,-11.7591)]
triangle[(-7.39383,-12.9377),(0.587586,-5.72059),(-8.37952,4.19615)]
triangle[(0.115253,-3.69123),(16.4888,-18.9668),(45.7651,12.4138)]
