triangle[(-12.2874,4.17003),(-10.072,-18.8678),(14.7261,-16.4831)]
triangle[(-12.3668,-15.0473),(1.8325,-8.04847),(-11.0139,18.0144)]
triangle[(-20.4315,16.0604),(17.468,-9.3539),(59.1454,52.7983)]
triangle[(-18.3932,-15.0507),(-3.29003,0.661355),(-20.0051,16.7286)]
triangle[(13.9808,1.12551),(-11.3628,14.9263),(-26.7998,-13.4218)]
triangle[(-0.32668,-13.9622),(-15.34,-5.28704),(-25.3995,-22.6961)]
triangle[(9.69621,-0.189393),(-8.37361,-6.8247),(-1.19301,-26.3795)]
triangle[(-3.62091,9.49649),(14.5056,-11.1024),(46.7888,17.3061)]
triangle[(18.765,-5.17024),(4.76022,11.9881),(-18.4342,-6.94347)]
triangle[(6.31643,20.7288),(9.40622,0.850555),(48.6327,6.94775)]
triangle[(5.44898,5.84609),(9.05268,8.49516),(5.6317,13.1489)]
triangle[(19.9661,12.7498),(-1.17242,-11.5228),(38.9503,-46.4648)]
triangle[(6.67448,11.9841),(1.07314,8.67231),(5.10199,1.85809)]
triangle[(-1.21302,2.93227),(15.6919,-18.4398),(39.4703,0.368368)]
triangle[(6.09315,19.2748),(-17.0088,12.2111),(-5.73254,-24.6681)]
triangle[(8.80204,14.1122),(13.397,4.94725),(26.4009,11.4669)]
triangle[(-6.81995,-8.12736),(18.6226,-0.851321),(6.1192,42.8701)]
triangle[(-14.0766,-2.30617),(19.7622,-6.02251),(24.8836,40.6098)]
triangle[(-7.70845,16.563),(15.7285,2.57361),(31.9319,29.7198)]
triangle[(-13.1444,0.441654),(6.71628,-15.1169),(23.1039,5.80201)]
triangle[(5.5403,3.02539),(-13.3774,-14.9843),(16.4187,-46.2826)]
triangle[(-16.5257,14.4796),(6.5578,-3.01021),(32.52,31.2554)]
triangle[(-18.2326,3.33253),(0.816274,-13.9006),(32.7235,21.3685)]
triangle[(-6.02362,-11.8815),(7.90098,6.83581),(-23.3848,30.1107)]
triangle[(16.7451,-10.6992),(-0.480116,-13.5144),(2.84099,-33.8348)]
triangle[(2.6274,-2.23387),(14.9668,9.93433),(-4.75517,29.9338)]
triangle[(-13.3165,8.48616),(10.3186,5.12045),(15.7194,43.0462)]
triangle[(4.07441,-15.3634),(4.50005,17.3588),(-44.5186,17.9964)]
triangle[(-6.49901,13.9873),(7.38162,11.7354),(11.3877,36.4292)]
triangle[(14.8087,-15.1239),(3.17855,-19.1425),(8.11692,-33.4345)]
triangle[(-17.1346,11.1534),(-11.2918,-1.88888),(10.0146,7.65611)]
triangle[(11.8585,-11.2622),(19.1784,-5.07544),(11.0909,4.49334)]
triangle[(18.9666,5.93428),(11.163,14.6212),(-0.990216,3.70384)]
triangle[(-1.9868,-11.6806),(-14.2727,-10.005),(-16.3905,-25.5336)]
triangle[(6.41466,-18.65),(-15.4451,15.5723),(-53.7687,-8.90727)]
triangle[(20.7212,6.6795),(-11.7527,-3.0276),(1.255,-46.5434)]
triangle[(-20.9704,12.2043),(2.45121,-13.0759),(48.0461,29.1669)]
triangle[(-14.2798,-5.08101),(6.15133,14.2321),(-15.8398,37.4963)]
triangle[(-18.6984,-7.42307),(-2.06587,-0.630003),(-9.27533,17.022)]
triangle[(-3.08685,-15.9176),(-15.1427,14.8125),(-52.6034,0.116099)]
triangle[(-12.9666,4.5595),(-3.70229,12.9094),(-12.8027,23.0064)]
triangle[(11.3511,3.09556),(15.8008,-2.51349),(23.8584,3.87861)]
triangle[(-4.82777,14.1605),(19.2566,-1.71806),(46.8675,40.1618)]
triangle[(-16.3354,-2.64524),(4.63242,11.4556),(-18.5377,45.9093)]
triangle[(6.73385,8.73826),(4.01422,16.0762),(-6.51566,12.1735)]
triangle[(14.7193,8.81002),(-8.87603,-1.77419),(4.27409,-31.0897)]
triangle[(-3.37192,-11.8298),(-1.77787,-17.1272),(7.81509,-14.2405)]
triangle[(15.0292,-9.55316),(-9.36979,-3.09434),(-20.7988,-46.2689)]
triangle[(16.135,12.0201),(-4.58162,4.87047),(9.38382,-35.5956)]
triangle[(15.4309,20.9566),(3.93594,11.3472),(22.6216,-11.0047)]
triangle[(-2.22688,-4.3396),(6.12725,-9.12877),(10.979,-0.665466)]
triangle[(13.4795,-14.5919),(-16.2724,-20.8251),(-7.85847,-60.9863)]
triangle[(-14.3748,-16.5613),(-11.7477,-7.47625),(-29.1868,-2.43345)]
triangle[(-1.98926,17.5893),(8.23209,9.78445),(20.4292,25.7579)]
triangle[(12.2796,16.5323),(-19.0913,13.1746),(-15.5895,-19.542)]
triangle[(-20.8271,1.00037),(-18.2297,1.14067),(-18.4295,4.84019)]
triangle[(5.60565,-3.19031),(15.8043,-17.1257),(36.6056,-1.90225)]
triangle[(14.903,-0.761532),(-17.9321,10.395),(-36.7905,-45.1074)]
triangle[(-8.04814,10.4166),(2.26407,-13.2529),(46.9509,6.21609)]
triangle[(-17.0764,18.3489),(18.7009,1.07534),(53.0725,72.2663)]
triangle[(1.57274,-15.315),(-20.6002,-9.86776),(-27.8969,-39.5687)]
triangle[(3.95992,7.2979),(-5.56701,7.46868),(-5.78555,-4.72248)]
triangle[(-4.65002,-1.53534),(-1.55733,15.6066),(-32.521,21.193)]
triangle[(3.27078,11.9917),(-5.42569,-12.2305),(26.0228,-23.5214)]
triangle[(3.94192,-12.9328),(3.78914,-0.0636679),(-18.5863,-0.329299)]
triangle[(-18.6432,14.628),(-16.3062,-17.5886),(38.059,-13.645)]
triangle[(13.9851,20.9148),(-20.1217,-0.652716),(4.13931,-39.0189)]
triangle[(-10.0299,20.7535),(16.1728,0.806618),(54.8229,51.5784)]
triangle[(9.76169,-13.8504),(-17.115,-8.08685),(-27.7965,-57.8971)]
triangle[(5.26542,9.66584),(-1.10597,18.4184),(-15.9361,7.62299)]
triangle[(-9.14757,8.63944),(4.82956,18.1647),(-5.01745,32.614)]
triangle[(-8.45541,-4.36329),(-2.19676,5.92851),(-22.2344,18.1138)]
triangle[(0.0720778,17.0025),(15.8156,-10.1341),(63.3886,17.4658)]
triangle[(7.06063,17.2515),(-9.31285,7.31905),(2.82716,-12.6935)]
triangle[(15.8844,-12.5266),(-11.6404,19.3628),(-50.8796,-14.5059)]
triangle[(1.67907,0.252039),(-14.6636,1.3318),(-16.4838,-26.2169)]
triangle[(-3.48717,9.13215),(6.03723,-3.46136),(21.7255,8.40357)]
triangle[(-9.44454,-4.29309),(-0.678289,16.38),(-27.1646,27.6113)]
triangle[(17.222,-7.36996),(13.5709,-18.4649),(35.4201,-25.6548)]
triangle[(7.66221,-7.17693),(10.0711,-12.8838),(17.9847,-9.54336)]
triangle[(-20.7057,9.84957),(-13.5757,6.19807),(-9.71499,13.7366)]
triangle[(-19.1804,-17.4685),(-6.14945,-3.90412),(-31.605,20.5503)]
triangle[(19.7342,5.95255),(17.1232,11.6602),(11.0579,8.88552)]
triangle[(-3.57339,-4.23864),(-5.36647,14.3668),(-26.6864,12.3122)]
triangle[(8.24466,-0.774273),(-18.0193,-14.4225),(7.66576,-63.8496)]
triangle[(-18.34,17.2177),(-20.7518,9.8118),(-7.34043,5.44436)]
triangle[(-20.5827,8.07655),(18.2174,3.16842),(25.0279,57.0076)]
triangle[(1.19743,-3.90063),(-13.1044,16.4035),(-51.395,-10.5676)]
triangle[(-14.7053,-19.0129),(-12.1655,-11.529),(-20.5197,-8.69395)]
triangle[(-2.97436,3.35516),(16.552,-11.0594),(38.5486,18.738)]
triangle[(9.25969,-5.58597),(-5.36599,-18.8224),(17.9989,-44.6396)]
triangle[(-1.26177,-4.27178),(-12.8503,-10.6563),(-3.4763,-27.6709)]
triangle[(-12.859,-17.4869),(-12.2609,17.8644),(-63.3025,18.7279)]
triangle[(10.7618,-17.7262),(7.63812,6.66017),(-27.4731,2.16267)]
triangle[(-11.9497,11.4107),(-19.6379,4.96519),(-6.87821,-10.2546)]
triangle[(-2.75384,13.2903),(-16.075,12.4166),(-15.0255,-3.58484)]
triangle[(16.1806,-12.8169),(-1.88347,-12.3335),(-2.60511,-39.3021)]
triangle[(-9.67733,-2.24252),(0.304628,-17.4705),(20.4434,-4.26951)]
triangle[(-20.7587,-15.1086),(18.7904,-5.03914),(2.97704,57.0698)]
triangle[(17.3248,10.5409),(19.0208,14.0424),(14.8868,16.0447)]
triangle[(18.9792,2.8407),(3.63481,4.26187),(1.78788,-15.6795)]
triangle[(-2.91669,-2.49198),(-17.7221,4.44079),(-27.2252,-15.8537)]
triangle[(11.994,6.58428),(-7.32033,-15.4619),(21.9484,-41.1038)]
triangle[(-2.56898,-4.78198),(-16.3192,-5.82811),(-14.494,-29.8192)]
triangle[(-3.21576,2.69007),(14.0212,16.5582),(-6.49762,42.0614)]
triangle[(10.8837,-17.3547),(7.98601,-2.21454),(-14.2241,-6.46529)]
triangle[(19.4361,-6.95325),(15.5273,12.4826),(-4.0887,8.53747)]
triangle[(-10.8637,7.01445),(18.383,-10.2493),(52.8272,48.103)]
triangle[(-9.08453,-0.426374),(-3.38724,13.946),(-19.2273,20.2251)]
triangle[(-6.9391,-13.2936),(-9.5862,18.6063),(-57.9943,14.5893)]
triangle[(-1.54303,12.3856),(12.7559,13.1751),(11.6594,33.0323)]
triangle[(15.0191,1.19792),(0.939836,8.95158),(-11.1921,-13.0777)]
triangle[(16.2482,12.1932),(16.9197,20.624),(3.50797,21.6922)]
triangle[(-15.6769,7.4232),(17.0618,8.87796),(15.0303,54.5967)]
triangle[(4.24864,-9.2145),(-5.55484,10.2186),(-42.1136,-8.22435)]
triangle[(-14.4635,-11.3751),(-5.79007,-12.4298),(-4.18158,0.797742)]
triangle[(15.507,-5.56243),(20.3581,-14.7776),(37.7356,-5.6297)]
triangle[(15.6613,19.8147),(6.38055,-3.17833),(31.1202,-13.164)]
triangle[(16.1904,-3.06358),(15.1442,14.9466),(-20.1531,12.8963)]
triangle[(8.69826,-10.2475),(3.02952,-18.1881),(14.0628,-26.0648)]
triangle[(-6.80617,-12.7441),(18.4574,8.59239),(-15.9205,49.2977)]
triangle[(5.89911,-19.0685),(9.63419,16.9953),(-35.2184,21.6406)]
triangle[(5.88804,0.173097),(16.3676,-16.4107),(48.3326,3.78839)]
triangle[(20.6556,16.6275),(4.95323,13.8525),(10.4596,-17.3052)]
triangle[(4.24788,15.2639),(0.767286,-2.14913),(26.1853,-7.22981)]
triangle[(4.43625,2.23274),(14.9965,-18.7564),(46.1364,-3.08914)]
triangle[(-4.86666,14.1177),(-16.0073,3.15339),(3.48861,-16.6561)]
triangle[(16.2703,16.1266),(-6.0237,14.6549),(-3.73625,-19.997)]
triangle[(-3.29433,-1.12346),(12.9606,6.19738),(0.789596,33.2216)]
triangle[(-18.0564,4.33674),(10.6966,15.3742),(-1.65805,47.5586)]
triangle[(-9.40094,-9.90659),(-12.2356,-6.83831),(-16.4914,-10.7701)]
triangle[(1.93279,-1.02712),(19.5651,-13.6078),(34.8384,7.79834)]
triangle[(6.47394,-1.96403),(6.41093,-4.72121),(10.5017,-4.81471)]
triangle[(-18.5325,20.3094),(-14.0935,11.0437),(3.05836,19.2608)]
triangle[(-13.1963,5.59034),(10.4196,16.4398),(-4.16789,48.1922)]
triangle[(-18.725,-12.139),(6.57197,3.27932),(-22.8979,51.6309)]
triangle[(7.28047,-9.47839),(-18.6001,10.6183),(-54.1355,-35.1442)]
triangle[(3.65278,-7.76421),(0.276453,-0.698836),(-6.96652,-4.16003)]
triangle[(19.4881,-9.60032),(-0.33127,-16.1454),(12.2277,-54.1759)]
triangle[(10.6922,9.59795),(16.4565,8.03763),(18.8055,16.7155)]
triangle[(-8.35638,4.31383),(-20.4202,3.40646),(-18.7631,-18.6246)]
triangle[(2.01279,20.235),(-1.75053,8.32912),(15.491,2.87925)]
triangle[(-5.99661,12.513),(-13.3601,12.4206),(-13.1769,-2.18594)]
triangle[(13.9818,18.6657),(-20.1578,7.14089),(-5.73243,-35.5907)]
triangle[(5.16997,3.1172),(11.2807,18.7957),(-8.23929,26.4037)]
triangle[(-13.6576,20.9869),(-0.853453,14.131),(8.62933,31.8413)]
triangle[(-1.85375,-5.93622),(19.3857,19.0966),(-27.8582,59.1812)]
triangle[(0.583097,10.7854),(5.1955,2.48109),(19.7134,10.5447)]
triangle[(-11.7642,-13.2223),(19.4417,18.5876),(-41.1558,78.0344)]
triangle[(-4.83351,17.8794),(-0.107307,8.74234),(16.4656,17.3148)]
triangle[(18.4018,13.0078),(8.91616,11.196),(11.9428,-4.64971)]
triangle[(19.3824,-13.0667),(1.52048,14.5711),(-29.653,-5.57583)]
triangle[(11.3606,5.08665),(15.3746,-3.81887),(32.9174,4.08812)]
triangle[(9.30077,-11.1646),(-6.62663,-16.6733),(1.95494,-41.4853)]
triangle[(19.1174,-0.0966709),(3.70015,17.9991),(-20.2377,-2.39559)]
triangle[(-20.1585,-4.07568),(11.6772,7.37649),(-5.73726,55.7866)]
triangle[(4.89357,7.63599),(3.50145,-16.6954),(32.1716,-18.3357)]
triangle[(13.9099,-6.92446),(18.7747,-15.8875),(28.2603,-10.7391)]
triangle[(-4.84486,13.3618),(4.18593,1.1759),(28.4607,19.1656)]
triangle[(17.9911,14.2262),(-20.2863,-14.2488),(35.6891,-89.4933)]
triangle[(14.478,15.5667),(-7.71748,-20.3831),(28.8557,-42.9634)]
triangle[(-19.1225,12.8289),(-9.01203,-5.0561),(22.4604,12.7354)]
triangle[(-20.6995,3.51255),(-7.54803,13.4482),(-24.3012,35.6237)]
triangle[(-5.41245,18.5176),(-1.42024,-0.13465),(28.8034,6.33426)]
triangle[(-14.504,17.5071),(20.3313,-15.2158),(58.4189,25.3305)]
triangle[(-14.1397,11.5327),(1.01247,15.7272),(-3.29431,31.2851)]
triangle[(-6.96142,-10.9628),(17.0578,9.33077),(-5.22753,35.7074)]
triangle[(15.8544,7.18399),(-5.25848,-4.86644),(8.76781,-29.4412)]
triangle[(-6.77233,-3.30479),(17.8413,-4.07782),(19.123,36.7315)]
triangle[(-16.0704,19.5843),(16.6811,-15.7878),(63.2306,27.3129)]
triangle[(3.54109,7.59049),(-20.2608,5.19931),(-16.8737,-28.5153)]
triangle[(-16.1,-6.67245),(-20.1873,17.4174),(-57.4816,11.0897)]
triangle[(14.6043,3.44594),(-9.98869,-6.87353),(7.70942,-49.051)]
triangle[(-7.51978,9.27211),(-7.26868,18.6328),(-18.3333,18.9297)]
triangle[(17.8966,13.8637),(-14.9595,-11.4081),(23.5014,-61.4114)]
triangle[(1.71654,20.4674),(3.9094,12.6),(17.5291,16.3962)]
triangle[(-1.56473,14.7168),(2.75139,-9.23515),(48.6585,-0.962723)]
triangle[(1.44143,-16.4952),(-8.62288,10.0528),(-46.7333,-4.39479)]
triangle[(-13.4119,-2.80662),(-0.0365386,1.67942),(-5.26506,17.2686)]
triangle[(-20.2367,12.5855),(-10.6627,14.1192),(-12.2763,24.192)]
triangle[(-12.3751,-2.01011),(10.8546,-9.32321),(19.7674,18.9878)]
triangle[(15.5801,-3.41236),(-11.1039,-9.33933),(-2.40251,-48.5144)]
triangle[(7.6325,-8.04964),(9.65209,9.53857),(-18.9267,12.8202)]
triangle[(18.2729,3.40918),(17.2252,5.2057),(14.6076,3.67917)]
triangle[(14.1816,19.5592),(16.4451,16.9641),(20.0173,20.0799)]
triangle[(-10.9615,-7.87212),(5.81065,-6.31709),(3.36471,20.0641)]
triangle[(-2.9962,-13.7174),(8.9409,3.307),(-21.7164,24.8031)]
triangle[(-10.5306,-5.20205),(-13.4223,-10.0063),(-7.1362,-13.7899)]
triangle[(7.52271,17.8591),(12.0326,-10.1913),(49.0001,-4.24777)]
triangle[(-1.10522,-12.453),(-10.495,-5.8673),(-20.0042,-19.4254)]
triangle[(-13.5502,18.0195),(11.2524,-6.27106),(44.6572,27.8378)]
triangle[(8.75924,-4.28622),(-3.67248,-5.93814),(-0.745899,-27.9624)]
triangle[(-16.8941,-14.1457),(-0.0702818,18.7819),(-34.5702,36.409)]
triangle[(-7.33109,-19.4825),(-3.801,5.6738),(-46.2344,11.6283)]
triangle[(-16.347,11.0411),(16.7827,14.9003),(9.6818,75.8587)]
triangle[(-4.62299,4.85467),(-3.33908,2.55391),(1.20816,5.09145)]
triangle[(16.9043,17.2305),(0.666601,-13.3697),(50.8651,-40.0071)]
triangle[(0.479986,10.6988),(6.78221,-15.4056),(51.1671,-4.69001)]
triangle[(3.82299,-20.8381),(-6.98026,13.8881),(-71.2574,-6.10843)]
triangle[(2.00109,7.39401),(-8.8925,18.3947),(-27.8728,-0.400751)]
triangle[(-6.88325,-7.67773),(-8.54156,-18.253),(2.83415,-20.0368)]
triangle[(11.1682,14.1549),(1.84568,-4.7184),(27.5578,-17.419)]
triangle[(16.2496,-9.47574),(2.88543,-15.1055),(9.6269,-31.1088)]
triangle[(-20.267,13.3757),(-9.69311,19.8017),(-18.691,34.6074)]
triangle[(-13.5113,-4.24752),(6.33416,-14.4074),(23.072,18.2869)]
triangle[(19.2036,-6.92706),(6.47671,-8.03699),(8.52979,-31.5783)]
triangle[(0.492294,3.75549),(1.17191,6.40516),(-1.8181,7.17207)]
triangle[(11.9921,-19.4268),(-16.1233,5.77656),(-52.4847,-34.7861)]
triangle[(-2.63797,9.75658),(15.1784,6.23974),(20.0705,31.0231)]
triangle[(12.4424,10.0271),(-1.0694,-16.1424),(32.8742,-33.6681)]
triangle[(-11.0537,-1.97647),(-3.16707,11.6244),(-26.4745,25.1395)]
triangle[(2.81631,0.748142),(14.3562,11.9987),(-4.33222,31.1676)]
triangle[(-16.0521,-14.7631),(12.7517,-4.07581),(1.39444,26.5336)]
triangle[(6.35537,-12.6465),(3.70153,-6.47888),(-4.31476,-9.92817)]
triangle[(-20.9255,11.4148),(3.80236,-18.7229),(40.7794,11.6166)]
triangle[(-11.637,13.3928),(16.0063,-4.87259),(38.6192,29.3504)]
triangle[(-9.93632,17.8136),(3.92445,-14.4281),(58.71,9.12431)]
triangle[(18.9751,-9.65161),(-12.1711,6.27287),(-33.245,-34.9448)]
triangle[(10.8772,-1.9512),(14.8607,18.5875),(-5.78258,22.5913)]
triangle[(18.8074,-3.48769),(-0.0649466,1.47117),(-7.96536,-28.5961)]
triangle[(15.0682,3.31123),(20.5926,-12.3375),(43.1151,-4.3865)]
triangle[(-15.1229,8.32025),(-12.378,2.15906),(-3.36853,6.17291)]
triangle[(-6.85467,-6.07014),(-9.41811,17.0279),(-41.9307,13.4197)]
triangle[(2.52236,-1.59144),(9.84843,10.5201),(-10.9127,23.0782)]
triangle[(-4.96692,2.19185),(-0.50358,5.71638),(-5.16712,11.6221)]
triangle[(-15.4592,-18.8302),(-16.1436,-7.64905),(-30.5329,-8.52982)]
triangle[(-12.0752,-14.7184),(11.723,19.5314),(-32.4497,50.2246)]
triangle[(0.331617,-9.00734),(10.2915,-16.2077),(18.0939,-5.41506)]
triangle[(-16.6739,-4.57871),(-19.0768,-8.89171),(-14.6905,-11.3355)]
triangle[(-11.1139,3.11725),(5.47105,14.9979),(-7.81197,33.5405)]
triangle[(2.98867,-19.7275),(16.9918,13.2547),(-23.2123,30.324)]
triangle[(-0.693559,1.0164),(13.5387,-15.8145),(46.4093,11.981)]
triangle[(19.8728,5.69571),(0.840883,-5.03197),(12.9835,-26.5742)]
triangle[(-18.2056,13.4524),(5.56892,-2.96478),(25.8769,26.4443)]
triangle[(-6.50336,1.43839),(-15.3308,-18.3039),(13.9233,-31.3845)]
triangle[(15.0582,16.9948),(-15.5838,20.7125),(-19.7845,-13.9112)]
triangle[(15.4297,9.84744),(-7.55352,-3.57646),(7.26828,-28.953)]
triangle[(-19.0955,-13.147),(15.8245,11.4665),(-25.5084,70.1068)]
triangle[(-19.7724,-10.856),(-16.6204,10.0323),(-56.129,15.9941)]
triangle[(20.1737,-6.32991),(12.2665,-12.3132),(21.2903,-24.2386)]
triangle[(14.194,-10.9801),(9.37977,-12.9752),(12.6658,-20.9048)]
triangle[(2.73703,-11.2825),(-9.41256,6.76473),(-27.8697,-5.66078)]
triangle[(-7.32969,-1.99723),(1.39442,7.75083),(-11.302,19.1136)]
triangle[(2.03108,-8.12027),(10.9554,20.1411),(-18.5579,29.4607)]
triangle[(-19.0086,17.8925),(-20.2828,-18.6803),(20.0991,-20.0871)]
triangle[(10.7101,15.4817),(-10.6149,-13.3608),(26.9256,-41.1168)]
triangle[(9.76466,-17.758),(-12.3759,-17.7659),(-12.3648,-48.6646)]
triangle[(-8.1959,1.4027),(-20.612,2.78445),(-23.1452,-19.978)]
triangle[(10.3529,-10.4549),(15.3853,6.71166),(-2.02895,11.8167)]
triangle[(0.698891,18.3454),(20.0895,-11.3591),(65.2486,18.1201)]
triangle[(-11.9147,11.8394),(1.4252,-12.2167),(49.3959,14.3847)]
triangle[(-6.67341,20.5534),(18.0565,-1.85621),(42.2096,24.7978)]
triangle[(16.9577,-16.6816),(-4.46506,-13.0989),(-8.10756,-34.8792)]
triangle[(19.3002,18.5768),(-2.79656,14.6175),(1.32294,-8.37333)]
triangle[(17.7197,-12.2743),(9.54433,-2.70695),(-0.183434,-11.0194)]
triangle[(0.603201,-16.5095),(-4.7226,12.6628),(-39.2928,6.3516)]
triangle[(9.28633,15.5868),(12.9431,-3.36874),(49.1308,3.61235)]
triangle[(14.9131,-19.7148),(13.5474,-2.80242),(-9.87194,-4.69346)]
triangle[(-10.2429,20.3991),(9.37659,-5.51121),(55.7831,29.6282)]
triangle[(-3.87163,1.71524),(11.162,-19.7633),(32.8323,-4.59555)]
triangle[(-11.0705,-0.377248),(20.2332,20.7025),(-8.33225,63.1226)]
triangle[(-16.9447,14.2925),(16.6996,-12.2895),(52.695,33.2692)]
triangle[(20.9299,-15.4409),(-16.5564,-16.2017),(-15.1107,-87.4305)]
triangle[(-15.7639,-16.8266),(-3.17519,0.109167),(-22.4971,14.4715)]
triangle[(-2.61285,-3.20867),(-13.0926,11.6775),(-30.5417,-0.606508)]
triangle[(-19.5925,18.3876),(16.1921,19.3225),(15.091,61.4659)]
triangle[(3.83927,3.16979),(-16.3612,-10.2522),(1.59619,-37.2786)]
triangle[(11.0451,-5.51227),(-15.3801,-9.68744),(-9.1944,-48.8377)]
triangle[(-7.47504,-10.3221),(-0.163471,13.7485),(-46.5982,27.8533)]
triangle[(-0.296339,-7.76154),(-20.2893,8.72879),(-52.249,-30.0193)]
triangle[(2.30916,-17.4595),(10.2604,9.76238),(-35.0193,22.9881)]
triangle[(-16.0036,3.08394),(0.0616237,-12.8198),(27.8836,15.2846)]
triangle[(19.97,-8.15786),(7.84052,18.9897),(-39.9168,-2.34816)]
triangle[(12.4833,-5.03741),(-8.46048,11.1201),(-30.7134,-17.7248)]
triangle[(-1.51643,13.139),(-2.42572,6.20047),(7.09067,4.95334)]
triangle[(-2.31318,-4.35422),(-11.535,19.1476),(-38.0796,8.73179)]
triangle[(-8.95663,8.68006),(-12.0049,9.9549),(-13.2857,6.89244)]
triangle[(-8.62151,-14.8994),(-20.7849,-10.8233),(-24.9278,-23.1858)]
triangle[(-14.7535,-7.07293),(-10.3739,-9.07124),(-8.12206,-4.13599)]
triangle[(-14.8493,-2.28364),(0.10376,-8.03953),(7.93591,12.3074)]
triangle[(-1.24749,-16.3598),(1.47463,5.56937),(-37.581,10.4174)]
triangle[(-0.102771,11.2618),(13.6311,20.244),(4.60342,34.0474)]
triangle[(-9.38784,-15.253),(-7.42526,-9.95305),(-15.2848,-7.04263)]
triangle[(20.4266,20.724),(3.60598,-6.29035),(47.4118,-33.5662)]
triangle[(7.47639,0.783549),(0.534261,14.6606),(-15.3742,6.7023)]
triangle[(-4.25503,-7.45742),(-18.3597,4.661),(-40.3255,-20.9051)]
triangle[(-12.869,-13.4441),(-10.7902,15.5985),(-62.1964,19.278)]
triangle[(-7.90463,-17.4437),(11.2998,-10.7728),(0.371605,20.6878)]
triangle[(12.8163,16.4716),(-0.205572,17.9297),(-2.19139,0.195556)]
triangle[(14.8537,9.71658),(-3.54247,-3.01422),(19.8836,-36.8651)]
triangle[(-9.64716,18.0671),(13.0033,-5.96623),(46.9534,26.0303)]
triangle[(4.10283,-6.48531),(-15.8797,16.1091),(-47.5088,-11.8638)]
triangle[(-6.75621,-7.91054),(14.17,-8.68221),(15.113,16.8898)]
triangle[(12.6906,-4.55471),(17.8373,20.1077),(-20.1004,28.0249)]
triangle[(-11.2667,-4.11111),(-5.54635,-15.0448),(10.4959,-6.65172)]
triangle[(11.0438,-7.84792),(4.087,6.1888),(-11.8415,-1.70555)]
triangle[(16.0326,7.26213),(-18.6562,4.31252),(-13.6978,-54.0009)]
triangle[(20.3975,6.31419),(-20.3637,-6.84287),(-0.910221,-67.1107)]
triangle[(-20.4739,-7.49453),(9.51474,-20.286),(22.559,10.2952)]
triangle[(-15.0207,11.2847),(8.64433,12.8843),(6.3974,46.1253)]
triangle[(12.1885,-15.2934),(-14.3194,13.1363),(-43.6288,-14.1918)]
triangle[(-8.70023,2.94912),(5.48069,-12.8397),(32.931,11.815)]
triangle[(11.6408,14.9623),(18.0923,-2.26115),(47.1912,8.63862)]
triangle[(10.8282,-9.70725),(9.42497,-14.9206),(16.0743,-16.7104)]
triangle[(10.3121,-1.74918),(2.7898,-5.56),(8.35236,-16.5402)]
triangle[(0.689255,-15.1787),(-13.8193,-0.0405854),(-34.9907,-20.3316)]
triangle[(3.08547,-17.7184),(0.284096,-9.84634),(-13.8662,-14.8819)]
triangle[(2.68114,-8.82631),(3.44149,-16.9316),(17.2387,-15.6373)]
triangle[(18.9604,-4.07646),(11.6201,-4.88161),(12.4818,-12.7376)]
triangle[(-6.37334,-16.9333),(5.57093,7.50785),(-27.0491,23.4491)]
triangle[(-20.9039,-15.3049),(-3.9622,14.4532),(-56.2111,44.1993)]
triangle[(-16.4568,-20.9881),(-3.5632,-11.604),(-18.1006,8.37008)]
triangle[(7.37235,-18.7639),(-7.74377,14.635),(-60.415,-9.20371)]
triangle[(-19.4498,5.07327),(-19.072,14.2416),(-33.7602,14.8469)]
triangle[(-17.9702,-9.53572),(10.6043,-10.045),(11.4599,37.9622)]
triangle[(-9.22596,-4.00671),(10.5527,-3.79648),(10.314,18.6532)]
triangle[(5.92366,0.777044),(16.2084,-11.0759),(32.6418,3.18315)]
triangle[(-0.0854491,2.14002),(-2.12759,-3.73698),(9.29785,-7.70709)]
triangle[(16.1547,-4.72519),(-10.3414,9.21297),(-33.1388,-34.1243)]
triangle[(-20.1684,17.2044),(-5.3837,-12.1486),(39.5224,10.47)]
triangle[(-9.77471,-5.66838),(-19.9242,-7.42709),(-18.0691,-18.1329)]
triangle[(6.24095,-3.88133),(0.792109,-10.0026),(12.2777,-20.2265)]
triangle[(-6.02338,-17.5254),(2.44146,-1.33654),(-24.8024,12.9087)]
triangle[(-16.5014,-2.70231),(13.5018,20.8232),(-15.2165,57.449)]
triangle[(-16.4921,-18.3848),(-18.12,8.3361),(-68.7514,5.25161)]
triangle[(17.9441,8.95878),(3.03161,-7.08868),(33.7646,-35.6481)]
triangle[(3.11687,19.677),(4.28502,14.4501),(9.93172,15.7121)]
triangle[(1.97371,12.7795),(18.384,13.9178),(16.6216,39.3243)]
triangle[(8.66932,-4.55323),(16.0477,-1.53674),(11.1552,10.4305)]
triangle[(-20.5491,-2.26642),(-3.14924,-15.7406),(16.5175,9.65601)]
triangle[(4.24566,8.20178),(-15.6833,16.0251),(-30.862,-22.641)]
triangle[(10.4894,7.08881),(17.5279,-5.92775),(34.3582,3.17296)]
triangle[(17.3594,-8.38049),(4.67906,4.07213),(-8.37888,-9.22459)]
triangle[(-17.3937,-12.6431),(-4.9841,-11.4797),(-6.25492,2.07594)]
triangle[(-8.70269,-19.8303),(-11.4795,3.53055),(-36.9526,0.502635)]
triangle[(-18.3253,-6.74161),(16.1158,5.93826),(2.58953,42.6784)]
triangle[(8.91494,6.4364),(-1.43037,-7.02283),(24.6932,-27.1025)]
triangle[(10.4385,-18.417),(7.75992,5.75463),(-35.1932,0.994786)]
triangle[(11.1813,-12.0996),(-19.087,8.23793),(-42.4335,-26.5086)]
triangle[(3.16315,7.94057),(13.8332,12.1356),(7.18017,29.0575)]
triangle[(12.77,15.648),(-12.1513,17.4055),(-15.3609,-28.1082)]
triangle[(6.24997,3.95325),(-8.8382,-10.762),(9.92141,-29.997)]
triangle[(4.8023,3.92445),(10.1954,-18.5014),(54.5324,-7.839)]
triangle[(-2.84423,14.0648),(-12.8839,-13.8798),(28.2603,-28.6617)]
triangle[(-17.5028,19.1481),(8.27474,-4.72954),(35.8408,25.03)]
triangle[(-20.1859,7.83417),(15.2786,-14.9308),(47.9024,35.8925)]
triangle[(18.3864,19.3207),(-7.88349,-6.63984),(23.3171,-38.2122)]
triangle[(-11.7502,1.01033),(0.636387,1.21287),(0.292376,22.2517)]
triangle[(3.05146,-0.197026),(-16.7852,5.02834),(-25.3141,-27.3492)]
triangle[(-7.91056,4.50035),(-5.32664,-18.7043),(34.3622,-14.2848)]
triangle[(5.76399,-4.55277),(-7.51517,11.6812),(-24.9374,-2.5699)]
triangle[(17.9897,18.8905),(12.2889,17.8165),(14.0372,8.53693)]
triangle[(-5.85189,14.2329),(7.38114,1.99051),(28.8461,25.1925)]
triangle[(-4.1172,-20.3459),(17.5565,1.35811),(-8.92132,27.7989)]
triangle[(0.890962,13.849),(-3.7127,-9.54241),(40.4384,-18.2318)]
triangle[(15.5441,-16.4545),(12.2071,14.2134),(-35.5136,9.02093)]
triangle[(11.3158,-4.53184),(10.6183,14.6155),(-22.3728,13.4137)]
triangle[(19.8339,15.404),(-18.9618,-4.35929),(19.8385,-80.525)]
triangle[(8.92274,3.06717),(3.16387,19.0402),(-21.8923,10.0066)]
triangle[(1.70317,4.06867),(11.928,-5.6425),(24.6964,7.80122)]
triangle[(-0.639245,-17.2081),(2.30002,6.03768),(-33.5988,10.5768)]
triangle[(-16.1052,16.628),(18.1863,4.36791),(37.6526,58.8149)]
triangle[(-16.5071,1.00881),(-3.27337,-11.8321),(16.5923,8.64124)]
triangle[(4.93947,-13.4525),(10.2612,11.936),(-31.5002,20.6896)]
triangle[(-0.915163,8.64476),(-8.77355,-8.94955),(25.508,-24.2612)]
triangle[(18.6709,5.51152),(11.9071,9.72108),(4.61859,-1.98983)]
triangle[(14.5487,-16.2143),(17.6365,-18.3366),(21.7002,-12.4241)]
triangle[(16.3704,2.75211),(0.193325,2.39745),(0.892246,-29.4821)]
triangle[(-7.87862,6.31939),(-13.6698,10.6326),(-20.0732,2.03519)]
triangle[(-8.59614,2.11283),(-7.70578,-15.7889),(18.9531,-14.463)]
triangle[(-4.28376,12.3198),(-19.2804,-17.2965),(35.325,-44.9467)]
triangle[(20.9595,11.0275),(-16.5591,1.07289),(-0.22327,-60.4966)]
triangle[(-16.9056,9.92502),(-18.7484,6.092),(-11.7636,2.73379)]
triangle[(12.2193,-16.5706),(17.4868,-13.8065),(13.0246,-5.30265)]
triangle[(-1.23226,10.338),(1.80735,11.135),(0.663576,15.497)]
triangle[(-10.4332,-8.92857),(-7.17071,20.0819),(-41.4715,23.9392)]
triangle[(14.7437,-6.89777),(-13.6455,5.89387),(-38.8787,-50.1076)]
triangle[(9.8501,-9.49462),(-15.3871,16.9383),(-50.6463,-16.726)]
triangle[(1.1306,2.79086),(3.47065,-9.79115),(18.642,-6.96953)]
triangle[(9.41859,-16.3983),(-17.4382,-0.583333),(-47.8479,-52.2248)]
triangle[(4.39571,13.8264),(10.8009,16.0318),(7.27232,26.2798)]
triangle[(16.4895,-18.6391),(-2.85835,-19.527),(-1.62314,-46.4431)]
triangle[(14.2157,6.30644),(19.4731,13.8884),(7.2473,22.3659)]
triangle[(19.2091,-9.32192),(-3.50713,-1.80876),(-17.4314,-43.9091)]
triangle[(-7.57628,-11.21),(6.39935,-14.8924),(13.4755,11.9637)]
triangle[(-17.6273,-6.56232),(18.5387,-9.83882),(24.5141,56.1185)]
triangle[(-1.75291,16.7843),(-8.80624,-7.25735),(29.2581,-18.4246)]
triangle[(12.2368,1.55636),(13.2821,-19.831),(46.946,-18.1856)]
triangle[(-9.00854,0.430421),(8.19626,5.86953),(2.09189,25.1786)]
triangle[(-15.0747,13.3337),(2.44083,-18.3194),(44.9669,5.21281)]
triangle[(0.941287,15.5112),(-17.9064,-3.77324),(20.3391,-41.1524)]
triangle[(3.91741,14.3298),(-16.045,-16.0151),(42.9377,-54.817)]
triangle[(-15.3302,10.1144),(-11.4292,18.1392),(-21.8531,23.2064)]
triangle[(-7.58627,18.288),(-15.6283,10.9655),(-1.43362,-4.62395)]
triangle[(-3.60282,-8.58093),(2.30443,10.215),(-29.9148,20.341)]
triangle[(-12.5031,7.0127),(-13.7529,-19.3529),(19.1907,-20.9145)]
triangle[(-20.5995,-18.5095),(15.6432,17.1076),(-38.9834,72.6937)]
triangle[(5.54191,-9.39155),(1.03283,-8.27906),(-1.06785,-16.7935)]
triangle[(17.2678,-13.4088),(-9.21956,-0.172065),(-30.0032,-41.7611)]
triangle[(-16.5357,-11.129),(5.2971,-10.9172),(4.9014,29.8561)]
triangle[(-7.01324,-16.0973),(3.6102,-20.9835),(10.2413,-6.56611)]
triangle[(-16.7001,-3.76709),(11.5291,-18.1707),(36.8838,31.5214)]
triangle[(-5.7043,-1.38216),(15.0676,16.5265),(-5.78566,40.7139)]
triangle[(-0.32775,-3.36847),(12.5808,17.9526),(-23.2869,39.6683)]
triangle[(-6.90496,-19.6723),(0.619089,-14.997),(-7.97146,-1.17211)]
triangle[(12.8751,0.97803),(-5.86405,8.10385),(-13.8565,-12.9144)]
triangle[(12.4932,16.807),(-6.08376,12.9602),(-0.044208,-16.2057)]
triangle[(-7.63018,14.359),(-17.108,-14.7531),(35.2722,-31.8061)]
triangle[(-12.6999,-14.4055),(13.156,-3.01313),(-4.38132,36.7893)]
triangle[(16.606,-7.9478),(20.5609,13.5007),(-16.9523,20.4178)]
triangle[(-16.4001,1.13379),(-2.72472,-11.3004),(17.4304,10.8666)]
triangle[(15.8894,3.21146),(4.18052,-2.30458),(12.8298,-20.6645)]
triangle[(19.8888,-19.8103),(10.8378,7.55042),(-20.1941,-2.71511)]
triangle[(-7.71926,-4.30073),(9.53472,6.99479),(-9.8645,36.6272)]
triangle[(0.231255,9.77061),(12.1134,-17.9704),(66.3622,5.26577)]
triangle[(-13.2269,20.2291),(14.4128,-19.8036),(72.8138,20.5181)]
triangle[(2.22709,-10.7914),(4.60618,-11.3052),(5.19818,-8.5637)]
triangle[(-8.94802,1.66035),(12.8701,-3.08289),(21.3959,36.1346)]
triangle[(-16.1375,-2.27092),(-1.36326,1.46964),(-5.28977,16.9784)]
triangle[(18.9923,-0.147489),(12.5086,14.8875),(-3.93279,7.79733)]
triangle[(9.93657,16.8201),(-20.3839,13.3298),(-14.5661,-37.2105)]
triangle[(18.5637,-6.22246),(-1.4728,-9.61057),(3.49394,-38.9828)]
triangle[(6.2358,-6.72968),(1.01736,-15.4157),(15.9401,-24.3811)]
triangle[(-15.895,8.35772),(-9.53916,-6.13632),(15.9102,5.02353)]
triangle[(1.86231,-19.9118),(19.0097,7.28101),(-34.9267,41.2926)]
triangle[(15.1482,13.582),(-12.6665,18.6322),(-21.6064,-30.6052)]
triangle[(-15.1831,-20.5429),(17.8672,15.2642),(-31.4428,60.7779)]
triangle[(7.85679,-6.00103),(8.07288,9.52894),(-22.8591,9.95934)]
triangle[(-4.19889,7.00058),(-1.65934,4.75813),(1.21523,8.01356)]
triangle[(16.2338,-7.02575),(-9.46554,-12.2524),(-4.10115,-38.6289)]
triangle[(1.84829,19.9715),(-6.92571,-2.06205),(21.6105,-13.4255)]
triangle[(16.0709,20.9143),(-0.112676,14.6977),(11.3333,-15.0994)]
triangle[(10.8764,-20.7564),(15.2632,-9.51516),(-0.267172,-3.45455)]
triangle[(-13.0532,10.9048),(18.2987,-20.43),(75.1529,36.4552)]
triangle[(14.7675,-7.35516),(12.811,4.53816),(-2.08115,2.08835)]
triangle[(4.61756,-7.3498),(9.44651,7.46088),(-9.21944,13.5468)]
triangle[(-18.3282,1.7408),(18.7504,-5.85012),(30.1256,49.7135)]
triangle[(12.5691,-2.65966),(7.97164,20.0844),(-25.9873,13.22)]
triangle[(-11.2003,-11.0972),(12.9047,-10.3429),(11.8539,23.2371)]
triangle[(9.75195,-0.899669),(-17.9941,13.1448),(-36.1639,-22.7512)]
triangle[(-18.7794,-16.3913),(1.61353,-14.3734),(-2.18589,24.0249)]
triangle[(1.4605,15.6999),(-10.8859,20.9187),(-19.1902,1.27259)]
triangle[(-20.1782,-3.14482),(3.28813,10.2261),(-16.9308,45.7109)]
triangle[(15.021,14.934),(-8.12021,-18.989),(37.4852,-50.0996)]
triangle[(19.9671,-2.90088),(-8.9846,-11.0551),(4.24168,-58.0154)]
triangle[(12.9351,13.4525),(0.291408,-5.07293),(31.4718,-26.3538)]
triangle[(20.23,16.4906),(-14.5419,17.7305),(-16.5522,-38.6506)]
triangle[(-15.6991,-13.5491),(-17.8034,-12.8953),(-18.7795,-16.0368)]
triangle[(-0.0615339,-6.17787),(-12.3224,-5.84036),(-12.9152,-27.3763)]
triangle[(-14.2014,-9.00861),(-15.3617,8.60442),(-32.9888,7.44324)]
triangle[(17.1513,5.99014),(17.1729,-8.36777),(40.1272,-8.33315)]
triangle[(-11.3514,-3.58847),(11.5655,-15.9777),(24.7757,8.4579)]
triangle[(15.5893,14.4993),(-8.65429,11.658),(-4.65575,-22.4599)]
triangle[(1.37132,17.5632),(-1.37871,19.8394),(-4.7545,15.761)]
triangle[(-6.36183,1.88668),(-10.121,-13.9391),(16.4154,-20.2425)]
triangle[(8.3054,-11.2016),(11.6794,-2.24421),(-3.90978,3.62773)]
triangle[(-5.97969,15.5687),(11.7535,17.2725),(8.54506,50.6652)]
triangle[(-6.60309,-11.6537),(-11.5522,5.61528),(-42.8913,-3.36623)]
triangle[(-7.1777,2.78149),(3.74071,-18.9407),(42.3676,0.474634)]
triangle[(8.03959,16.38),(-6.44642,-19.8361),(59.1966,-46.0925)]
triangle[(15.0292,6.58969),(-1.24901,6.41926),(-1.05959,-11.6724)]
triangle[(16.7576,-20.4684),(-7.52577,3.6523),(-49.4774,-38.5823)]
triangle[(-12.4796,-2.18441),(-17.1366,-0.0785798),(-19.4413,-5.17536)]
triangle[(19.7307,-7.48125),(-7.80959,12.9884),(-29.8661,-16.6869)]
triangle[(-14.5133,-2.64338),(0.0144631,-8.97742),(11.6468,17.7025)]
triangle[(-8.24855,0.546645),(-16.688,-10.7302),(-2.80267,-21.1218)]
triangle[(-13.5819,-6.57951),(-15.3117,-20.5268),(5.25788,-23.078)]
triangle[(8.49259,-20.3593),(-16.8021,15.97),(-79.3422,-27.5742)]
triangle[(-13.1344,-1.75525),(-17.1769,-5.95847),(-12.8473,-10.1226)]
triangle[(-19.4239,-4.08393),(8.32987,-8.81942),(17.0691,42.3997)]
triangle[(13.6076,15.2611),(-17.104,18.9427),(-21.874,-20.8484)]
triangle[(-0.779523,-4.8694),(-9.5344,-6.42173),(-7.03434,-20.5217)]
triangle[(11.6574,-7.08399),(-11.4137,-10.1052),(-7.50643,-39.9426)]
triangle[(8.00002,-2.6374),(-14.676,15.6469),(-36.8464,-11.8487)]
triangle[(-13.834,-4.00374),(-13.1253,-0.0153907),(-17.6701,0.792268)]
triangle[(-8.18747,16.8044),(-8.76989,-9.12807),(39.8739,-10.2206)]
triangle[(-17.5294,-12.4905),(1.97733,7.1788),(-32.1003,40.9749)]
triangle[(11.8907,-15.9712),(17.4804,13.9666),(-30.1547,22.8605)]
triangle[(-15.4742,-7.56647),(0.221089,5.31297),(-15.8382,24.8833)]
triangle[(12.9942,4.88949),(8.71678,-13.3761),(42.4685,-21.2801)]
triangle[(15.6615,-17.9546),(-17.0402,-1.58289),(-42.2057,-51.8497)]
triangle[(4.62121,-12.9215),(-6.87961,19.1466),(-56.877,1.2156)]
triangle[(14.9452,-0.594021),(-9.00955,0.441472),(-10.989,-45.3496)]
triangle[(6.24518,-7.37942),(9.34639,6.15211),(-16.3047,12.0309)]
triangle[(-10.823,4.86984),(-2.99379,-0.979494),(3.53064,7.75327)]
triangle[(-15.3667,-10.476),(-3.08984,12.3363),(-41.7221,33.127)]
triangle[(-11.4683,6.83026),(-3.42108,2.04726),(2.1387,11.4013)]
triangle[(-14.0037,16.516),(-4.59401,13.3837),(-0.434085,25.8808)]
triangle[(0.866815,13.9081),(-0.635329,1.35907),(14.9716,-0.509112)]
triangle[(-11.7257,-12.4375),(-5.50387,-19.9747),(9.55643,-7.54256)]
triangle[(-18.156,-14.7187),(-9.86843,10.9061),(-43.9528,21.9297)]
triangle[(8.65176,13.409),(-19.5659,-6.8397),(11.074,-49.5383)]
triangle[(7.89489,14.4776),(1.97497,-4.17303),(35.4912,-14.8115)]
triangle[(5.66899,2.13956),(-7.2019,-3.47891),(3.35112,-27.654)]
triangle[(12.5302,-4.08196),(14.8256,13.5919),(-7.55636,16.4987)]
triangle[(16.5724,-13.5663),(-15.0325,-19.712),(-6.13757,-65.4557)]
triangle[(14.0082,-8.88717),(11.4619,-18.1891),(24.0064,-21.6231)]
triangle[(13.5488,-11.035),(16.0068,-0.126731),(1.00347,3.25396)]
triangle[(18.1224,20.7785),(-13.8695,-10.6524),(22.7053,-47.8799)]
triangle[(19.49,15.0391),(6.00072,-5.63205),(32.5916,-22.9844)]
triangle[(19.2339,-15.4608),(-14.4196,-20.4581),(-8.02506,-63.5207)]
triangle[(-20.2222,19.3601),(-17.5086,15.0078),(-10.999,19.0663)]
triangle[(-13.8586,-16.8716),(20.8517,-5.72713),(-0.248803,59.9917)]
triangle[(-8.58822,-4.37399),(-8.81604,3.75282),(-22.7002,3.36359)]
triangle[(-15.678,10.2523),(-11.8245,12.7819),(-16.1716,19.404)]
triangle[(-3.35983,16.2451),(13.6794,-18.524),(83.0286,15.4618)]
triangle[(-3.59274,11.9551),(-13.1487,-2.40205),(5.88293,-15.0692)]
triangle[(-18.6743,-13.0134),(-2.14114,15.5316),(-42.424,38.8633)]
triangle[(7.00032,-20.6021),(-15.2112,12.779),(-54.8988,-13.6288)]
triangle[(-4.24729,-8.4395),(-17.4105,16.1771),(-63.3352,-8.38009)]
triangle[(-2.78262,-14.2521),(-8.86465,-15.9981),(-5.52719,-27.624)]
triangle[(0.748087,-8.40572),(11.267,14.8294),(-29.5315,33.2995)]
triangle[(-16.0184,4.52306),(-20.4405,16.6841),(-44.3434,7.99244)]
triangle[(16.981,18.8748),(-8.14231,18.5376),(-7.49755,-29.4996)]
triangle[(0.750803,-0.896511),(-6.43935,3.82714),(-13.1214,-6.34398)]
triangle[(6.71327,-19.4482),(-13.4148,-0.760605),(-32.9143,-21.7631)]
triangle[(2.23453,13.5684),(10.244,6.23409),(19.4414,16.2782)]
triangle[(6.74054,19.7071),(18.2095,12.2238),(26.9232,25.5784)]
triangle[(8.50072,9.46656),(9.19071,6.77036),(14.2089,8.05458)]
triangle[(10.5316,-6.544),(-14.4293,-13.886),(-4.34755,-48.1615)]
triangle[(-1.22165,-17.5685),(-7.80235,-8.01392),(-23.1323,-18.5724)]
triangle[(1.3217,-17.5535),(-12.5049,-16.3509),(-13.9774,-33.2797)]
triangle[(-15.2469,-6.91481),(8.31357,-4.9561),(5.88666,24.2363)]
triangle[(-18.9625,-11.7737),(7.8269,-14.6004),(12.2168,27.0036)]
triangle[(-19.1809,5.82505),(-9.07956,-16.7625),(25.5122,-1.29278)]
triangle[(-18.2688,9.61649),(19.947,12.2281),(15.0034,84.5672)]
triangle[(-20.8287,-5.28747),(-10.5419,5.81745),(-31.9311,25.631)]
triangle[(-19.7858,5.73916),(2.43222,-18.0868),(26.9672,4.79225)]
triangle[(1.6448,-13.6782),(-5.25119,14.9922),(-52.0497,3.73588)]
triangle[(19.8912,0.0288224),(-7.12712,11.0603),(-19.6833,-19.6922)]
triangle[(20.5019,5.32837),(10.2854,-17.8559),(34.8276,-28.6708)]
triangle[(-6.23023,8.66129),(1.54068,18.8683),(-16.9412,32.9391)]
triangle[(-7.67024,-11.1556),(7.60098,-13.9675),(12.5389,12.8504)]
triangle[(-19.4463,10.209),(11.6873,16.1329),(5.68771,47.6647)]
triangle[(-5.18433,18.9991),(18.979,-2.19929),(48.88,31.8839)]
triangle[(-16.4242,-3.27405),(6.73417,-9.19637),(13.6251,17.7497)]
triangle[(-1.02972,14.4485),(0.511527,-5.19004),(37.8686,-2.25823)]
triangle[(20.6714,-3.92816),(0.762939,-13.6326),(15.008,-42.856)]
triangle[(17.9115,15.5331),(-5.84069,11.1185),(2.24717,-32.3967)]
triangle[(0.678657,17.3985),(-2.87339,-6.73014),(27.7018,-11.2312)]
triangle[(19.5959,-4.42703),(10.3725,-6.94657),(14.3184,-21.3918)]
triangle[(-5.67815,-10.8046),(-8.86124,14.5507),(-42.538,10.3229)]
triangle[(5.56922,-2.35494),(-7.56946,20.2137),(-31.8101,6.10171)]
triangle[(-18.8632,-14.5134),(12.0489,-15.7993),(13.7409,24.8763)]
triangle[(-11.4332,-17.2344),(-11.1774,3.51149),(-37.8887,3.84079)]
triangle[(2.92094,-8.91),(8.06925,18.1803),(-26.958,24.8369)]
triangle[(-19.5668,-13.9901),(20.5782,9.91136),(-21.7465,80.9999)]
triangle[(11.9309,16.5264),(-8.61946,-10.2364),(18.4735,-31.0403)]
triangle[(11.4433,-20.4092),(-2.09924,1.5294),(-35.1416,-18.8673)]
triangle[(-5.48254,-10.4937),(4.12394,1.55296),(-9.01236,12.0284)]
triangle[(-13.3368,-15.1714),(-6.5274,-2.503),(-29.6995,9.95232)]
triangle[(-20.6712,-18.4197),(-8.32454,0.164142),(-31.2601,15.402)]
triangle[(-6.00942,20.863),(1.39584,-8.55383),(44.5768,2.31634)]
triangle[(-11.2971,-1.73656),(-19.3002,4.74072),(-28.6231,-6.77838)]
triangle[(4.73653,12.9107),(-4.78089,-6.39122),(30.348,-23.7127)]
triangle[(10.8389,10.1145),(-15.2037,-17.5092),(22.0382,-52.6194)]
triangle[(15.94,-18.6723),(17.7038,20.0243),(-29.2,22.1622)]
triangle[(7.4105,-4.27762),(11.5231,0.833007),(3.68905,7.13714)]
triangle[(6.2444,16.5958),(6.2704,-16.5726),(71.3204,-16.5217)]
triangle[(18.7724,14.6793),(7.34215,0.160829),(29.8315,-17.5448)]
triangle[(16.6622,-6.72244),(10.0974,17.1162),(-29.4681,6.22045)]
triangle[(-4.01734,-0.898774),(16.7346,18.3229),(-20.957,59.0152)]
triangle[(-8.54116,-7.13519),(5.40478,-6.28262),(4.0302,16.202)]
triangle[(14.3752,17.1699),(-4.45228,-3.18172),(25.8054,-31.1734)]
triangle[(5.07676,-3.66752),(3.00615,19.1918),(-23.3167,16.8075)]
triangle[(20.3083,3.35314),(9.26143,-5.13794),(24.6627,-25.1749)]
triangle[(4.08017,12.5543),(7.57287,-6.37011),(42.0919,0.000750907)]
triangle[(-18.9868,1.96341),(20.8831,17.7143),(-3.1543,78.5597)]
triangle[(-5.35081,-20.1995),(-3.39488,11.6502),(-66.605,15.532)]
triangle[(-11.7715,3.71633),(-3.254,-6.30721),(12.2566,6.87292)]
triangle[(20.103,15.1312),(-19.9412,-7.05907),(4.52513,-51.2107)]
triangle[(16.644,13.4438),(-5.35016,15.634),(-9.25569,-23.5864)]
triangle[(4.76418,3.58135),(0.926029,16.8673),(-19.5554,10.9504)]
triangle[(12.7178,-3.4356),(-8.31799,-10.4675),(5.46405,-51.6962)]
triangle[(-4.65553,-19.2314),(10.9078,3.65584),(-27.0243,29.4496)]
triangle[(-5.01703,7.90549),(10.5889,-15.5984),(50.3287,10.7876)]
triangle[(18.3393,-3.64262),(11.6819,-18.6335),(29.367,-26.4874)]
triangle[(-7.34037,15.4959),(7.54102,-12.6784),(59.0449,14.5254)]
triangle[(18.9068,14.5637),(-0.942929,17.9753),(-6.48235,-14.255)]
triangle[(5.16702,-5.86365),(10.1721,8.93036),(-14.3425,17.2241)]
triangle[(-15.1544,13.2979),(6.70702,10.5125),(10.6615,41.5491)]
triangle[(20.077,-14.0318),(14.0193,13.6808),(-23.9073,5.39055)]
triangle[(19.3341,7.15805),(0.0163859,2.3281),(7.17848,-26.3172)]
triangle[(-0.211302,11.6138),(-5.48421,-13.2487),(24.9209,-19.6971)]
triangle[(-13.4051,-12.6747),(12.4681,10.8048),(-17.3328,43.6438)]
triangle[(-11.2601,8.90201),(-6.11382,-15.0063),(23.5948,-8.61141)]
triangle[(15.265,8.88489),(9.56662,11.427),(4.57816,0.244719)]
triangle[(-11.6426,-9.7097),(17.7277,19.5813),(-28.7395,66.1743)]
triangle[(-14.872,14.2308),(1.4779,5.20531),(13.5565,27.086)]
triangle[(-8.68557,15.9329),(20.4569,6.99412),(33.7413,50.3042)]
triangle[(-11.2021,-4.6924),(6.65549,7.63003),(-11.3928,33.7855)]
triangle[(16.0083,-19.1838),(-20.3142,-12.193),(-28.9117,-56.8642)]
triangle[(8.13465,-5.68255),(-15.7702,-9.92733),(-8.9528,-48.3203)]
triangle[(-15.9834,4.74685),(15.2282,-3.23686),(28.1779,47.3886)]
triangle[(-18.9346,-17.6173),(5.61783,-17.6711),(5.69258,16.4324)]
triangle[(-3.9394,-13.0026),(-15.4024,5.64089),(-49.4358,-15.2847)]
triangle[(9.90408,-13.6668),(-15.8844,4.22858),(-50.1698,-45.179)]
triangle[(-16.1432,-12.8055),(0.166904,-12.122),(-0.637355,7.06934)]
triangle[(-16.8304,9.88521),(-20.2043,-7.07857),(1.79834,-11.4547)]
triangle[(1.75371,-15.4502),(7.24933,-5.83268),(-4.98358,1.15743)]
triangle[(1.16738,16.7375),(-9.38985,14.866),(-6.74744,-0.0398827)]
triangle[(-20.6291,16.3116),(-20.2372,-12.4194),(16.2627,-11.9215)]
triangle[(-7.57271,19.0669),(-5.16576,5.27339),(13.745,8.57329)]
triangle[(1.92995,-3.81325),(-18.8671,-11.3842),(-7.00767,-43.9613)]
triangle[(-7.61332,-4.01886),(0.307456,-12.1592),(14.6607,1.8068)]
triangle[(-16.7063,-11.1515),(-13.9148,16.5969),(-53.4181,20.5709)]
triangle[(7.73456,-18.0448),(10.2525,3.81269),(-29.8982,8.43805)]
triangle[(17.5825,20.2391),(-1.1969,-2.34484),(36.4058,-33.6129)]
triangle[(20.688,-9.17465),(9.32167,-20.5516),(25.7609,-36.9755)]
triangle[(8.00726,16.2292),(3.34333,-13.5473),(51.8719,-21.1484)]
triangle[(15.8199,-6.88964),(20.3726,19.6054),(-22.2252,26.925)]
triangle[(13.6749,-2.26633),(-0.0485715,17.4649),(-33.0361,-5.47863)]
triangle[(-5.09104,-9.13073),(-2.44023,17.3568),(-43.7895,21.4949)]
triangle[(-14.221,-14.9909),(-17.984,-5.59697),(-28.9314,-9.98226)]
triangle[(18.5029,11.6424),(9.34032,18.2162),(-3.32119,0.568574)]
triangle[(3.11218,10.7881),(-16.2688,6.86765),(-10.5943,-21.1846)]
triangle[(18.7146,0.853229),(12.2975,-14.4679),(27.9792,-21.036)]
triangle[(-9.13076,18.2865),(7.93906,-12.8975),(50.3338,10.309)]
triangle[(-17.4898,16.7577),(0.832624,16.507),(1.18163,42.0069)]
triangle[(-15.3358,-20.8986),(-5.64951,1.31882),(-42.902,17.5601)]
triangle[(6.77939,6.05211),(-15.7092,10.7172),(-23.4679,-26.6842)]
triangle[(1.01869,0.180304),(-10.5312,-16.952),(9.9942,-30.7894)]
triangle[(14.7554,16.007),(-6.01115,-8.11314),(23.1383,-33.2097)]
triangle[(-8.15736,2.50024),(-4.40805,20.6964),(-30.7009,26.1141)]
triangle[(-12.4302,-9.43709),(0.571312,-17.468),(12.4804,1.81211)]
triangle[(-17.8987,7.00198),(12.5638,4.92227),(14.8989,39.1265)]
triangle[(9.85594,-9.63863),(12.2889,12.037),(-27.2108,16.4706)]
triangle[(-2.09702,-16.9661),(-15.4909,-11.1502),(-23.6331,-29.9013)]
triangle[(-8.61818,-1.87959),(10.9778,9.37971),(-10.8378,47.3482)]
triangle[(-16.9709,-11.293),(14.3253,4.75969),(-8.95997,50.1566)]
triangle[(-0.110138,-4.09316),(19.2827,17.2063),(-6.59893,40.7711)]
triangle[(0.997898,-5.7451),(2.72653,-19.4585),(29.0923,-16.135)]
triangle[(0.981734,4.93307),(-19.8267,20.6433),(-47.7098,-16.2882)]
triangle[(9.85567,13.2728),(-6.09851,10.99),(-1.88828,-18.4357)]
triangle[(13.4752,-16.3912),(-2.13865,6.53517),(-27.861,-10.9828)]
triangle[(-12.2995,-16.7236),(-19.2604,-1.88992),(-34.2981,-8.94656)]
triangle[(-3.50321,-1.88066),(5.86626,14.5835),(-24.2864,31.7429)]
triangle[(3.63282,-17.4425),(20.1177,-1.67577),(0.633132,18.6963)]
triangle[(-9.06422,10.591),(11.921,-16.6668),(46.8349,10.2128)]
triangle[(8.5379,-13.7162),(-11.6456,-15.1722),(-8.83676,-54.1094)]
triangle[(-16.7753,-10.8875),(1.59649,-7.98421),(-1.72262,13.0189)]
triangle[(-16.3238,15.2472),(-8.39221,9.31707),(-0.132951,20.3638)]
triangle[(-8.58438,15.9602),(18.2324,-5.14047),(44.3499,28.0521)]
triangle[(17.2116,-1.89271),(-3.19774,-1.55688),(-3.80278,-38.3267)]
triangle[(2.96802,5.39132),(-11.6677,-2.76564),(-0.389372,-23.0019)]
triangle[(0.330881,-11.4004),(8.52698,1.10841),(-6.85321,11.186)]
triangle[(10.9341,0.223228),(1.96175,2.35704),(-1.09884,-10.5123)]
triangle[(13.8993,-10.7058),(-4.17308,-5.15483),(-13.3235,-34.946)]
triangle[(16.1518,-3.08116),(-2.85792,5.40554),(-14.1089,-19.796)]
triangle[(1.62582,18.0635),(14.1081,16.7414),(16.653,40.7689)]
triangle[(-0.616711,12.5919),(-6.32481,15.911),(-12.9475,4.52125)]
triangle[(13.3654,-13.3323),(2.95872,0.354945),(-12.6131,-11.4846)]
triangle[(-15.6998,-10.1193),(-18.3009,-20.765),(-2.62415,-24.5953)]
triangle[(-17.8881,-19.5172),(0.247441,-1.74706),(-22.9745,21.9524)]
triangle[(-2.25068,13.698),(0.138472,-15.687),(58.8618,-10.9125)]
triangle[(-14.8642,1.6517),(9.38844,14.0277),(-6.65329,45.4639)]
triangle[(8.50876,9.10877),(-11.2376,9.85993),(-12.6029,-26.0328)]
triangle[(8.31671,-13.9888),(-7.46027,17.7746),(-64.1077,-10.3625)]
triangle[(19.0347,10.3731),(0.957796,-15.6635),(50.3781,-49.9755)]
triangle[(1.91459,4.93685),(-10.1397,-17.4573),(17.3835,-32.2725)]
triangle[(15.6946,18.3346),(-9.80146,-1.39919),(11.7173,-29.2016)]
triangle[(-6.23814,-5.39598),(-17.0939,9.55663),(-41.6032,-8.23745)]
triangle[(-8.31789,-0.368135),(3.95413,-16.9267),(32.0216,3.87491)]
triangle[(-1.64234,8.11214),(-2.04339,-13.2964),(27.6504,-13.8527)]
triangle[(11.2579,1.47143),(20.7914,12.9198),(1.74249,28.7826)]
triangle[(6.85684,5.28745),(11.9214,-5.93527),(27.0099,0.87383)]
triangle[(-11.0441,-0.906262),(18.8086,-6.63202),(26.0774,31.2658)]
triangle[(-7.65721,-0.606228),(3.37697,6.49827),(-9.96914,27.2264)]
triangle[(-12.6392,18.8672),(-2.70238,-5.88097),(45.0834,13.3058)]
triangle[(-4.35573,13.9807),(-13.4408,10.3818),(-6.46562,-7.22594)]
triangle[(6.38611,-19.426),(-11.1985,7.35407),(-46.4556,-15.7969)]
triangle[(-6.17786,-2.71841),(8.80968,-10.7406),(17.237,5.00387)]
triangle[(2.44256,-3.98304),(7.40443,16.3617),(-20.2531,23.1071)]
triangle[(6.56953,-3.17468),(-20.7249,-14.0686),(-7.50169,-47.1991)]
triangle[(-20.4843,-0.11226),(16.5833,-15.685),(43.7292,48.9298)]
triangle[(20.9591,7.18559),(-17.23,-7.64128),(11.1964,-80.8585)]
triangle[(5.49899,12.8685),(-6.53943,-20.3249),(46.0553,-39.3997)]
triangle[(-8.49124,-18.9332),(0.744329,5.4285),(-41.4481,21.4237)]
triangle[(-19.5292,7.94643),(-11.5255,18.7304),(-25.8467,29.3593)]
triangle[(-8.31206,14.1132),(14.1453,-2.50118),(34.7146,25.3019)]
triangle[(14.534,17.7509),(10.7965,10.387),(21.953,4.72468)]
triangle[(7.01038,8.56041),(-0.51885,13.648),(-7.59302,3.17891)]
triangle[(4.88631,-3.53828),(-1.4397,-2.44737),(-2.68728,-9.68185)]
triangle[(19.1076,3.15544),(13.885,18.4893),(-15.9278,8.33522)]
triangle[(-16.3468,10.3317),(2.31364,6.42908),(9.47706,40.6808)]
triangle[(-19.3035,9.43248),(6.2638,5.91876),(11.0244,40.5592)]
triangle[(8.27683,8.89498),(-12.3572,-3.98683),(12.1837,-43.2963)]
triangle[(-3.68622,10.5082),(4.62136,-2.56724),(21.8447,8.37576)]
triangle[(-6.07576,-9.40795),(-13.99,-4.81254),(-20.4156,-15.8788)]
triangle[(16.4157,-14.155),(10.6854,14.8244),(-29.2697,6.92387)]
triangle[(-3.53649,-17.1791),(20.864,-17.5237),(21.354,17.1813)]
triangle[(2.29397,1.68829),(-14.3716,-0.963897),(-11.3646,-19.8589)]
triangle[(-5.93744,-10.0631),(13.3799,2.25799),(-10.0389,38.9749)]
triangle[(15.2373,-19.6473),(3.50623,-19.7398),(3.60227,-31.9237)]
triangle[(0.977186,-16.437),(20.6855,8.24456),(-17.4522,38.6976)]
triangle[(4.87028,9.16721),(-11.2547,1.93899),(-1.05549,-20.8139)]
triangle[(18.4301,16.2613),(-5.07082,-9.86943),(33.6434,-44.6874)]
triangle[(-7.36965,6.07982),(20.8215,9.27069),(16.8097,44.7148)]
triangle[(9.82709,-6.9739),(16.154,16.6802),(-30.2477,29.0916)]
triangle[(6.26809,-19.7367),(5.14595,6.84587),(-32.8014,5.24397)]
triangle[(-6.4898,-17.013),(-6.72542,11.0568),(-35.4908,10.8154)]
triangle[(-6.84814,-1.28814),(-2.48804,2.20227),(-9.27776,10.6838)]
triangle[(-19.8001,4.15162),(17.4817,19.0244),(-2.85226,69.9959)]
triangle[(18.549,9.35204),(-9.38862,-1.65563),(6.61491,-42.2728)]
triangle[(-10.8026,3.60439),(-2.95973,2.58986),(-1.49838,13.8868)]
triangle[(-9.5454,19.8251),(-17.4586,4.80613),(5.15088,-7.10625)]
triangle[(-13.9383,18.4144),(-5.82017,9.61012),(11.4125,25.4997)]
triangle[(-8.69462,-9.58433),(-18.1961,0.0810839),(-31.2084,-12.7105)]
triangle[(-8.40581,-16.063),(-15.5414,4.0187),(-43.6091,-5.95453)]
triangle[(-8.99951,9.54204),(-15.2491,15.1044),(-21.4107,8.18151)]
triangle[(-15.4141,13.147),(-3.70979,8.11616),(5.31901,29.122)]
triangle[(18.5804,-15.7165),(16.0076,-15.7316),(16.028,-19.2076)]
triangle[(-12.0906,-7.48574),(-5.15518,-18.7285),(13.5646,-7.18055)]
triangle[(0.420884,-8.76973),(-7.07182,20.8129),(-53.184,9.13362)]
triangle[(-6.50602,16.8881),(-8.90964,-13.7411),(46.0526,-18.0542)]
triangle[(12.2722,-1.7708),(-3.77606,-13.0986),(17.2963,-42.952)]
triangle[(16.508,-12.2872),(14.7937,20.8435),(-28.4458,18.6061)]
triangle[(-11.7218,17.544),(3.63203,12.1886),(11.7026,35.3268)]
triangle[(-0.121959,-4.76697),(16.2485,-19.7611),(37.7954,3.76361)]
triangle[(-4.08206,-15.2411),(-1.98622,10.7033),(-47.492,14.3794)]
triangle[(9.78207,14.7616),(7.92526,16.4596),(5.44947,13.7523)]
triangle[(-17.6464,-12.1409),(14.322,4.56269),(-2.9924,37.7)]
triangle[(12.6902,-7.39678),(16.228,-15.633),(26.3192,-11.2984)]
triangle[(11.821,-14.4229),(11.2364,13.6302),(-36.4261,12.6369)]
triangle[(-6.41693,-14.6989),(19.1228,-10.5847),(14.4269,18.5654)]
triangle[(-11.814,-16.3781),(5.61496,12.844),(-44.502,42.7354)]
triangle[(-7.48377,-15.3502),(-0.950051,-11.2047),(-7.17398,-1.39514)]
triangle[(5.40242,-18.897),(-3.61355,5.01543),(-30.3167,-5.05275)]
triangle[(15.2616,-9.41782),(17.6378,-0.404722),(6.85651,2.43756)]
triangle[(-20.9184,6.31606),(14.3106,-20.1917),(57.9699,37.8317)]
triangle[(19.4626,3.64707),(9.76953,-3.06193),(22.1688,-20.9762)]
triangle[(4.39929,-5.66915),(-12.9826,15.7463),(-36.5398,-3.37402)]
triangle[(-10.2661,18.3318),(-5.92519,4.21691),(11.2195,9.48963)]
triangle[(13.2221,-3.15716),(-9.7136,-0.547786),(-13.3118,-32.1749)]
triangle[(-18.7307,-19.9001),(-16.9877,19.2719),(-92.7403,22.6425)]
triangle[(14.3548,-9.39126),(17.4794,-18.0966),(30.9114,-13.2754)]
triangle[(16.354,13.0675),(-8.68146,1.71532),(9.46397,-38.3016)]
triangle[(16.837,-8.52693),(0.0149343,18.998),(-53.0727,-13.4469)]
triangle[(2.65099,-16.1239),(-4.31005,5.0751),(-32.1964,-4.08186)]
triangle[(-5.7884,14.5546),(13.979,-13.7207),(47.9949,10.06)]
triangle[(-16.5918,0.0205736),(7.96756,2.78884),(3.88752,38.9859)]
triangle[(6.19182,7.63091),(6.59291,15.6399),(-6.58691,16.2999)]
triangle[(2.06843,-13.0015),(16.9668,-12.9211),(16.8643,6.08356)]
triangle[(-14.7841,7.84965),(0.477197,-2.55314),(11.2173,13.2029)]
triangle[(14.18,11.5345),(-4.01286,-20.1414),(55.2028,-54.1515)]
triangle[(1.20126,-12.3863),(14.5828,-13.0681),(15.265,0.322447)]
triangle[(12.5251,7.98551),(-17.8414,-7.99225),(7.22676,-55.6356)]
triangle[(12.1074,-8.96483),(18.9649,16.9874),(-14.8305,25.9173)]
triangle[(-1.21645,-4.35019),(-14.0019,16.4083),(-55.0389,-8.86692)]
triangle[(8.86935,15.7862),(-1.98203,-3.29613),(35.3677,-24.5355)]
triangle[(-8.15464,-10.4834),(6.98934,-0.390895),(-13.1033,29.7585)]
triangle[(-14.7414,-3.24968),(-6.63893,-16.2544),(9.68314,-6.08517)]
triangle[(15.1369,20.1569),(-2.40923,8.02744),(14.5364,-16.4857)]
triangle[(-5.38627,-6.97541),(10.2591,-19.3422),(25.8468,0.37789)]
triangle[(-11.074,-1.12746),(6.27553,-3.16388),(8.42926,15.1851)]
triangle[(-2.92258,-11.9152),(13.6547,3.68297),(-9.2682,28.0448)]
triangle[(-0.461679,4.82869),(15.204,6.93851),(11.6706,33.1738)]
triangle[(19.3022,9.25687),(-14.2107,2.11233),(-2.41273,-53.2283)]
triangle[(12.0402,3.47431),(-9.62676,-4.29026),(1.42487,-35.1298)]
triangle[(-18.4679,-18.9862),(-0.495568,-13.8494),(-6.34716,6.62402)]
triangle[(-11.3447,-11.3033),(0.739204,4.14888),(-22.5935,22.3955)]
triangle[(-13.0707,6.6216),(-11.1794,4.16819),(-8.51321,6.22349)]
triangle[(-12.8884,4.66253),(2.67607,-12.3617),(29.7343,12.3765)]
triangle[(19.1561,6.37054),(-1.05496,-15.3221),(41.4911,-54.9622)]
triangle[(-0.0616156,6.57263),(0.323742,-7.11883),(24.7058,-6.43257)]
triangle[(-17.6291,6.0686),(6.61063,-17.3141),(49.4029,27.0467)]
triangle[(3.13543,5.01721),(4.82025,-9.85296),(32.6479,-6.70002)]
triangle[(19.0778,-13.064),(-3.31098,-2.99259),(-13.6528,-25.9824)]
triangle[(-15.9235,11.2381),(-20.1637,-20.0228),(17.856,-25.1798)]
triangle[(11.3142,-0.96077),(5.52249,-15.1714),(22.2543,-21.9907)]
triangle[(-10.4915,-14.9628),(-20.1448,14.2611),(-64.0981,-0.257688)]
triangle[(0.0152203,16.9368),(18.2696,1.15348),(40.988,27.4287)]
triangle[(7.25867,19.6887),(9.45591,-18.9291),(62.9926,-15.883)]
triangle[(20.9791,-16.6488),(-10.3259,-9.37619),(-18.6298,-45.1202)]
triangle[(-4.40983,-15.1392),(-5.98123,-16.6498),(-3.49388,-19.2372)]
triangle[(1.80606,11.5505),(19.0923,-14.9448),(64.7691,14.8559)]
triangle[(12.6971,-14.5728),(-15.174,-7.69604),(-25.6553,-50.1757)]
triangle[(16.8532,-18.5048),(19.9495,-9.12342),(8.70288,-5.41151)]
triangle[(1.77183,12.3692),(19.5975,-9.99111),(50.5184,14.6591)]
triangle[(-1.36595,17.0218),(1.20629,-17.0754),(51.9476,-13.2475)]
triangle[(-16.2794,-3.0006),(-16.0778,-12.9066),(-2.89693,-12.6384)]
triangle[(4.42808,-4.68416),(-9.45347,-0.305907),(-16.4992,-22.6449)]
triangle[(-2.20576,-13.4006),(7.06088,-0.492642),(-7.01213,9.61037)]
triangle[(-13.9041,5.27743),(0.441517,-14.3443),(30.0006,7.26668)]
triangle[(11.6297,18.3382),(3.82818,-8.15981),(35.8272,-17.5809)]
triangle[(13.1248,-11.1458),(-17.5235,5.06927),(-37.5286,-32.7427)]
triangle[(-19.453,18.5217),(6.19777,6.61724),(18.2494,32.5852)]
triangle[(15.4724,20.832),(3.23777,12.6511),(16.9705,-7.88628)]
triangle[(-20.3413,9.1647),(-10.9939,-7.48956),(11.9917,5.41135)]
triangle[(19.4165,11.0823),(4.94124,-12.3843),(31.7872,-28.9442)]
triangle[(11.4215,-11.1661),(4.45297,0.795051),(-16.2093,-11.2428)]
triangle[(-3.66455,-16.4098),(-10.803,-8.38968),(-19.65,-16.2641)]
triangle[(19.0338,17.3081),(4.39657,-19.5057),(73.9763,-47.1708)]
triangle[(4.2022,19.3676),(-12.2477,-17.2227),(28.2561,-35.432)]
triangle[(12.1178,11.8381),(-4.12926,7.52538),(0.503195,-9.92612)]
triangle[(-19.3018,18.7842),(0.0786878,-4.67165),(27.1679,17.7108)]
triangle[(20.5679,-18.6575),(-0.0161377,6.68222),(-45.3063,-30.108)]
triangle[(-16.9216,-20.297),(16.1039,-12.2133),(4.00132,37.2309)]
triangle[(9.01418,-0.345975),(-2.89232,-4.68453),(5.65414,-28.139)]
triangle[(-0.239991,0.826512),(10.6768,-14.6826),(27.4588,-2.86975)]
triangle[(-2.9872,-15.2241),(-3.3619,12.2246),(-34.1923,11.8037)]
triangle[(-14.2355,6.91509),(-15.1767,-2.10522),(2.69617,-3.97017)]
triangle[(13.8796,-3.38318),(-19.9026,11.4071),(-37.4993,-28.785)]
triangle[(-9.62087,0.885407),(16.3252,-16.9121),(49.3785,31.2747)]
triangle[(3.53788,-13.546),(-11.0362,-12.3921),(-12.2282,-27.4486)]
triangle[(-19.9574,-2.72931),(19.5326,-20.3975),(40.9717,27.521)]
triangle[(13.1173,-3.97683),(-11.2076,4.52639),(-22.8782,-28.8592)]
triangle[(-13.4355,14.2432),(14.7056,-3.74606),(47.7452,47.9388)]
triangle[(-2.79273,9.91963),(-0.495798,-2.33793),(23.9275,2.23871)]
triangle[(-12.414,-9.33669),(-2.37538,20.5976),(-46.0185,35.2335)]
triangle[(-0.0538976,-20.1931),(-11.2006,1.56774),(-35.7347,-10.9996)]
triangle[(-15.3844,-5.49568),(10.3176,-17.3899),(31.0399,27.3884)]
triangle[(-7.29463,7.33396),(20.0497,3.70097),(27.1329,57.0144)]
triangle[(8.18778,-16.1801),(-12.6076,0.701524),(-29.9566,-20.6696)]
triangle[(5.2282,5.85365),(3.06614,14.0783),(-9.56877,10.7568)]
triangle[(-0.287106,-7.12517),(-8.68743,-5.21829),(-11.7095,-18.5312)]
triangle[(2.90179,0.00538012),(-19.621,-5.17374),(-13.6436,-31.1679)]
triangle[(15.82,11.2016),(19.768,-4.61887),(50.3274,3.00733)]
triangle[(-13.3351,1.29594),(11.5619,15.9466),(-11.1031,54.4631)]
triangle[(3.63133,19.6913),(17.4485,-2.44108),(60.8481,24.6532)]
triangle[(-7.30948,19.6107),(-9.05481,1.1177),(19.6188,-1.58845)]
triangle[(-10.2086,-10.1235),(-20.3852,8.83423),(-43.4379,-3.54061)]
triangle[(17.6981,-18.8992),(-2.25411,-8.68414),(-20.6955,-44.704)]
triangle[(3.19004,-20.056),(3.66601,-13.8857),(-6.85632,-13.074)]
triangle[(1.17405,17.3653),(3.07128,5.71712),(22.3434,8.8561)]
triangle[(-0.0615525,20.8906),(-16.2526,8.09925),(6.7514,-21.0187)]
triangle[(-4.21928,-9.16832),(-13.145,16.8245),(-56.4082,1.96829)]
triangle[(-12.2761,-14.7744),(-3.61422,20.7938),(-40.5991,29.8007)]
triangle[(1.75091,-7.88082),(-12.303,8.54365),(-36.5257,-12.183)]
triangle[(-6.47494,0.332832),(-9.18115,5.5684),(-17.7664,1.13076)]
triangle[(-0.799899,-8.77778),(-20.3028,5.4904),(-45.0524,-28.3394)]
triangle[(-11.7335,-3.84986),(-14.8753,17.2225),(-53.4312,11.4741)]
triangle[(-20.5663,-6.18688),(-4.30582,7.64158),(-31.3594,39.4533)]
triangle[(2.74803,1.40549),(-8.49128,-17.8454),(18.7155,-33.7296)]
triangle[(14.9151,-1.76258),(5.9209,5.99603),(-3.87044,-5.35467)]
triangle[(-9.32425,5.87435),(11.2184,-1.10485),(22.1336,31.023)]
triangle[(-18.4657,2.54765),(19.9245,6.24883),(15.5024,52.1162)]
triangle[(-0.990953,-9.07993),(4.23066,20.9107),(-28.3005,26.5746)]
triangle[(-15.1079,-5.49092),(18.6219,16.949),(-24.9894,82.5018)]
triangle[(10.3316,-3.55263),(-4.27535,18.7087),(-29.1133,2.41113)]
triangle[(-2.82632,13.687),(20.6391,-0.401546),(38.606,29.5235)]
triangle[(-0.415058,1.15274),(-17.7902,-1.17257),(-14.8399,-23.2178)]
triangle[(-8.34609,-10.5113),(15.9414,-9.56513),(14.7088,22.0762)]
triangle[(14.2509,19.482),(-5.84752,9.30283),(6.88318,-15.8336)]
triangle[(-10.2786,1.41218),(5.87118,11.5011),(-8.94317,35.2151)]
triangle[(-19.5034,-10.5508),(-9.11951,0.721483),(-27.4812,17.6361)]
triangle[(2.11521,19.446),(20.5038,-8.28128),(73.9991,27.1965)]
triangle[(-12.7571,5.04657),(-0.645141,2.10834),(3.1954,17.9398)]
triangle[(-9.53936,-0.383283),(7.63701,17.1449),(-15.2999,39.6215)]
triangle[(4.17974,-20.9863),(11.8374,5.7527),(-16.572,13.8888)]
triangle[(6.13177,-8.75482),(0.742291,5.43614),(-24.1844,-4.03055)]
triangle[(16.3658,9.64084),(4.08554,14.7945),(-2.03736,0.204681)]
triangle[(-3.43375,0.98129),(-1.17782,-8.33309),(10.1496,-5.58961)]
triangle[(12.6806,14.0478),(19.8289,8.62744),(29.1299,20.8935)]
triangle[(11.2406,14.5556),(1.09388,-2.0339),(32.4811,-21.2313)]
triangle[(-11.7208,-6.12747),(-11.2303,10.8968),(-29.5791,11.4255)]
triangle[(-3.86365,18.4501),(10.7441,-18.4964),(48.1371,-3.71215)]
triangle[(-5.59844,-1.13583),(-6.1858,19.9191),(-45.5144,18.822)]
triangle[(-19.653,17.7121),(-14.235,18.3167),(-15.3566,28.3667)]
triangle[(-18.7945,2.0116),(-7.5137,-11.0243),(5.60771,0.330529)]
triangle[(-5.54162,7.13332),(11.2477,5.15814),(14.8536,35.8087)]
triangle[(17.6106,-5.01202),(-18.0425,3.2359),(-33.2782,-62.6233)]
triangle[(7.57652,20.4686),(-0.220275,-20.9323),(54.4517,-31.2283)]
triangle[(-8.06359,-6.4265),(8.76638,15.7273),(-31.9648,46.6703)]
triangle[(-2.84516,0.128493),(-3.48537,13.1774),(-24.7528,12.134)]
triangle[(-9.02764,19.1101),(-6.56356,-10.202),(22.9139,-7.72397)]
triangle[(12.6857,9.07241),(0.536682,13.9044),(-4.70832,0.716982)]
triangle[(-12.1998,1.45554),(10.8206,1.57127),(10.6991,25.7404)]
triangle[(4.91553,-0.638724),(6.36606,-5.45046),(12.9743,-3.45838)]
triangle[(1.55261,-15.1465),(8.66488,-19.4145),(14.6669,-9.41292)]
triangle[(8.00277,20.3578),(-12.2054,-19.2531),(34.6029,-43.1333)]
triangle[(17.2189,-2.5782),(-3.27288,-6.66321),(4.60579,-46.1852)]
triangle[(7.95771,-12.7506),(12.3103,18.9259),(-46.5096,27.0083)]
triangle[(-12.5802,-10.3477),(14.223,-15.6891),(24.8138,37.4561)]
triangle[(20.4906,-1.60537),(-16.068,17.4119),(-36.6871,-22.2261)]
triangle[(-7.92492,12.028),(-9.8794,-6.60619),(23.4236,-10.0992)]
triangle[(-5.95391,15.6304),(10.9269,7.94295),(23.8299,36.2764)]
triangle[(5.73076,1.04237),(16.0798,-1.35333),(19.9387,15.3166)]
triangle[(15,10.7834),(0.662678,-11.5097),(38.278,-35.7012)]
triangle[(-0.212661,-20.7964),(20.4515,20.1452),(-23.3979,42.2771)]
triangle[(3.7099,-18.1011),(-5.52466,11.1665),(-63.9664,-7.27311)]
triangle[(17.0114,-20.0119),(-6.82792,-6.88006),(-21.837,-34.1273)]
triangle[(8.54726,10.2943),(1.51781,-19.7149),(53.8757,-31.9794)]
triangle[(10.3005,-1.66609),(4.04353,1.50341),(0.478264,-5.53488)]
triangle[(17.1485,-19.4199),(3.73237,-19.2585),(3.47242,-40.8655)]
triangle[(-8.30822,-12.997),(-20.9293,14.8067),(-66.9519,-6.08454)]
triangle[(19.6277,-15.6254),(-2.97579,20.5138),(-44.7341,-5.60418)]
triangle[(-4.69638,-20.3766),(8.50707,-15.0365),(-1.63172,10.0315)]
triangle[(13.2129,-17.6017),(-17.6064,14.2789),(-76.3492,-42.5083)]
triangle[(18.4967,2.52234),(17.4273,6.57656),(10.4785,4.74371)]
triangle[(5.48532,12.5506),(2.6354,12.5303),(2.67009,7.66392)]
triangle[(-5.03293,1.24808),(15.2514,13.3835),(-3.30199,44.3954)]
triangle[(-1.61772,16.5209),(9.77241,-15.2664),(59.6216,2.59575)]
triangle[(-6.68517,-1.40944),(10.7822,-14.5181),(23.8987,2.95977)]
triangle[(-17.2324,-12.8773),(3.44654,13.3438),(-42.3023,49.4231)]
triangle[(-19.8934,-0.851619),(-17.5331,-6.85304),(-8.48841,-3.29582)]
triangle[(-17.9657,5.74866),(-1.1525,-2.62495),(9.42681,18.6171)]
triangle[(2.27347,16.1942),(10.1695,-6.93596),(35.9815,1.87554)]
triangle[(18.2669,20.8074),(-14.4833,-9.54564),(24.4422,-51.5454)]
triangle[(-0.601245,-4.96063),(3.69965,19.4715),(-23.4663,24.2536)]
triangle[(9.21894,0.77726),(14.7975,-0.602943),(16.1909,5.02922)]
triangle[(-11.0196,-13.9154),(17.7487,-8.6286),(12.3963,20.4973)]
triangle[(17.5896,9.52775),(-6.5034,-7.52316),(12.0972,-33.8059)]
triangle[(-12.2364,-10.0407),(4.67725,0.158217),(-7.6137,20.5413)]
triangle[(3.25486,16.6318),(-9.4048,16.4521),(-9.05569,-8.14653)]
triangle[(-15.8115,-20.6651),(1.84531,16.0777),(-39.1187,35.763)]
triangle[(15.453,-17.7958),(0.757067,0.253916),(-19.9882,-16.6366)]
triangle[(-6.608,-18.1463),(-18.6632,-20.0233),(-15.8678,-37.9773)]
triangle[(-6.92938,10.151),(14.8895,-5.21911),(43.0386,34.7404)]
triangle[(13.7834,16.043),(-12.4686,19.0065),(-17.2916,-23.7171)]
triangle[(16.8309,-3.46818),(-11.8744,6.37844),(-27.4256,-38.9571)]
triangle[(6.66808,-20.342),(3.29011,17.539),(-61.7805,11.7364)]
triangle[(10.9051,-17.1728),(20.2763,10.3655),(-15.2247,22.4464)]
triangle[(-18.2496,20.4858),(-18.2589,-9.42894),(19.8424,-9.44084)]
triangle[(-10.473,17.8086),(3.04436,-5.72441),(30.7449,10.1868)]
triangle[(5.06414,12.6207),(-13.6812,15.8293),(-17.5318,-6.66683)]
triangle[(6.81022,-19.1194),(-9.36168,8.40641),(-62.5987,-22.8713)]
triangle[(14.7078,0.704156),(-10.364,15.619),(-34.6343,-25.1793)]
triangle[(8.85677,-6.21141),(-6.95742,15.0984),(-43.697,-12.1662)]
triangle[(-20.3772,-4.31621),(7.23687,-3.12785),(6.01904,25.1709)]
triangle[(18.6455,-10.0555),(-19.2954,12.5918),(-58.4237,-52.9595)]
triangle[(-12.858,-3.35475),(11.0138,-14.4031),(23.24,12.0136)]
triangle[(-18.63,13.7618),(-20.4082,-0.424654),(5.51147,-3.67351)]
triangle[(19.9793,-6.85014),(-17.468,3.31041),(-35.7665,-64.1298)]
triangle[(-3.39156,-13.8852),(-9.88268,-5.71661),(-24.5882,-17.4023)]
triangle[(20.958,-4.78543),(-2.05778,-16.7154),(18.0733,-55.553)]
triangle[(6.33295,18.1913),(-11.4427,-9.6504),(38.0143,-41.2264)]
triangle[(11.5917,17.4539),(17.7813,6.64833),(35.6085,16.8601)]
triangle[(8.23448,-12.1794),(14.6539,17.4129),(-29.944,27.0875)]
triangle[(-14.1797,13.8381),(-15.9789,-19.8824),(51.0361,-23.458)]
triangle[(-8.73182,-12.2364),(-16.682,-2.49068),(-33.5659,-16.2639)]
triangle[(-17.9396,-1.91459),(17.6213,3.15367),(9.77392,58.2142)]
triangle[(17.153,-11.0553),(20.0077,7.36995),(-12.2708,12.3709)]
triangle[(16.49,-15.2938),(8.14906,-15.4293),(8.31387,-25.5811)]
triangle[(-19.5678,20.4166),(13.1409,19.7464),(14.4181,82.0777)]
triangle[(-15.7328,13.4556),(15.9045,-13.8842),(64.3747,42.2049)]
triangle[(13.4284,16.471),(-8.43178,20.1337),(-14.173,-14.1321)]
triangle[(-14.6933,-1.3067),(-13.0574,5.44013),(-21.2846,7.43505)]
triangle[(16.1078,-2.49074),(15.8061,5.54422),(-0.0477129,4.94896)]
triangle[(4.55722,16.3264),(7.08564,-19.1391),(56.9112,-15.5869)]
triangle[(-18.3324,20.7905),(12.3674,-17.3614),(88.3987,43.8187)]
triangle[(3.91998,11.3534),(3.05654,-16.8773),(44.8169,-18.1545)]
triangle[(-4.12357,10.3387),(17.2136,-4.47673),(42.5557,32.0211)]
triangle[(18.5874,-1.04373),(5.15043,10.3072),(-15.0883,-13.6508)]
triangle[(-17.0996,-10.6476),(10.7293,13.0618),(-25.4608,55.5398)]
triangle[(20.4502,12.7159),(-10.144,-13.5349),(35.4823,-66.7105)]
triangle[(11.8746,20.8702),(8.22133,11.2884),(17.8504,7.61717)]
triangle[(5.39108,4.02562),(0.158851,6.66337),(-3.64867,-0.889243)]
triangle[(15.6771,15.4164),(-14.5432,-14.2934),(23.0427,-52.5252)]
triangle[(-20.2923,-3.71011),(-2.17782,-4.88943),(0.152127,30.8989)]
triangle[(-15.5168,-3.37244),(10.5151,3.07897),(-2.03837,53.7332)]
triangle[(16.5671,5.34202),(-13.1952,-16.5269),(25.2658,-68.8701)]
triangle[(20.1633,7.49661),(-3.48011,-18.94),(42.9002,-60.42)]
triangle[(-5.34713,-7.10319),(10.4782,-2.87453),(5.94531,14.0892)]
triangle[(17.332,-11.5257),(-4.22727,-18.2621),(4.83514,-47.2656)]
triangle[(20.9267,-12.4203),(-11.8955,13.7394),(-54.8447,-40.1485)]
triangle[(13.0781,-3.97258),(-20.0043,16.0921),(-58.1937,-46.8739)]
triangle[(15.0039,13.3391),(-14.5348,18.2955),(-21.5295,-23.3911)]
triangle[(8.22633,-2.88774),(-19.6808,-10.0818),(-11.208,-42.9494)]
triangle[(9.33391,6.84286),(-9.03196,11.8519),(-18.0127,-21.076)]
triangle[(-5.49687,-8.31582),(-4.26596,-1.89388),(-17.0173,0.550214)]
triangle[(-8.15817,15.9373),(2.79867,-8.94813),(37.9937,6.54789)]
triangle[(-16.7391,13.2605),(-18.2814,18.906),(-28.0708,16.2316)]
triangle[(-11.9485,-18.2175),(2.89076,-18.9732),(3.67915,-3.49136)]
triangle[(11.7185,10.8883),(10.0931,-16.6928),(60.6895,-19.6745)]
triangle[(3.96154,4.60187),(12.3362,0.887332),(17.7028,12.9867)]
triangle[(5.82373,14.4052),(4.88107,-7.14476),(45.8368,-8.93629)]
triangle[(-5.26636,-3.84636),(-5.68327,-8.08495),(2.69952,-8.90947)]
triangle[(-3.09705,18.465),(8.64812,14.0618),(15.315,31.8451)]
triangle[(-15.9951,9.55179),(-17.3332,-0.327179),(-5.82676,-1.88578)]
triangle[(12.7889,4.24669),(-19.4834,-1.93795),(-11.6815,-42.6497)]
triangle[(0.183841,12.7838),(9.75423,1.49846),(31.2111,19.6947)]
triangle[(-15.4503,-4.6092),(8.82765,-5.06171),(9.62122,37.5144)]
triangle[(20.305,14.4168),(-6.47057,-7.46526),(16.8545,-36.0065)]
triangle[(5.46128,3.95307),(5.59917,0.857853),(10.5911,1.08023)]
triangle[(18.5502,11.3237),(7.14612,-11.6909),(40.3473,-28.1426)]
triangle[(-11.8487,14.9654),(-3.36912,4.83016),(15.4389,20.5658)]
triangle[(8.31078,2.15344),(11.5266,5.62586),(8.05228,8.84344)]
triangle[(-15.4264,17.9147),(10.6744,9.33213),(27.104,59.297)]
triangle[(1.51113,-13.2271),(-19.908,6.48931),(-42.2981,-17.8344)]
triangle[(-4.51249,20.5878),(-6.30817,-16.6444),(44.1094,-19.076)]
triangle[(12.3142,-3.47031),(-9.31144,-0.541734),(-14.5823,-39.4635)]
triangle[(-20.7247,8.31899),(-12.0505,-14.572),(21.9544,-1.68648)]
triangle[(-1.76569,-10.9692),(-13.3777,18.2392),(-67.5006,-3.27763)]
triangle[(17.059,-15.255),(10.3964,3.3523),(-24.5737,-9.16922)]
triangle[(-13.6767,-20.8266),(11.6137,17.9213),(-64.9206,67.8746)]
triangle[(2.23026,-6.54934),(-16.9691,5.10744),(-31.3301,-18.546)]
triangle[(-0.70696,13.9341),(10.5822,-8.86235),(52.7326,12.0112)]
triangle[(-4.16371,1.57379),(8.81528,12.9242),(-6.33412,30.2473)]
triangle[(11.1462,-14.373),(1.94905,13.9023),(-53.5845,-4.1611)]
triangle[(2.09348,-2.62689),(-2.09213,19.8428),(-24.9399,15.5868)]
triangle[(12.6566,-2.16195),(8.85467,5.29862),(-4.61495,-1.56546)]
triangle[(11.4333,18.0214),(-14.5665,7.6071),(-3.97942,-18.824)]
triangle[(-5.5394,-16.8211),(0.230527,18.8354),(-53.2437,27.4886)]
triangle[(-14.1585,-19.2486),(-4.49277,-1.69648),(-28.1141,11.3116)]
triangle[(13.6454,20.7449),(-11.7733,-18.6107),(35.7222,-49.2867)]
triangle[(-14.3994,0.83581),(3.46716,5.29534),(-3.47608,33.1126)]
triangle[(-13.6678,-10.4801),(-15.4074,11.9566),(-51.0864,9.19032)]
triangle[(10.4124,-7.22218),(-12.1393,-15.0339),(3.20678,-59.3364)]
triangle[(12.1179,0.327893),(-20.2932,3.96977),(-24.5209,-33.6551)]
