triangle[(-6.74382,-12.1618),(6.65309,11.9401),(-37.8243,36.6626)]
triangle[(16.9152,-3.54176),(12.8585,18.3681),(-18.6768,12.5292)]
triangle[(6.64277,14.4246),(20.2872,-5.35649),(52.5459,16.8947)]
triangle[(-15.9598,7.55412),(20.3188,-8.54067),(36.59,28.1356)]
triangle[(7.51949,-18.8001),(11.3775,-18.7134),(11.2779,-14.2837)]
triangle[(-9.05174,18.2272),(-17.9646,13.1515),(-10.8301,0.62334)]
triangle[(-8.34273,-15.3646),(-10.8278,7.08257),(-44.2335,3.38433)]
triangle[(-15.1095,13.1587),(18.2675,-9.46376),(46.7587,32.5719)]
triangle[(-4.90433,9.70471),(1.77599,10.5869),(0.0448617,23.6958)]
triangle[(-6.65112,-2.83916),(-12.8763,0.436048),(-18.3404,-9.94956)]
triangle[(6.98286,3.8688),(14.6777,-12.5857),(42.1995,0.284669)]
triangle[(-4.47426,-4.57669),(-0.065706,-13.1968),(9.63942,-8.23337)]
triangle[(-16.3179,5.02372),(9.85056,-8.09112),(23.9272,19.9965)]
triangle[(18.5146,12.3029),(14.9053,1.70229),(30.5314,-3.61817)]
triangle[(10.3411,20.5802),(-2.21096,-9.24242),(41.1943,-27.5113)]
triangle[(16.024,2.34193),(-5.68766,-8.90549),(10.214,-39.6015)]
triangle[(-15.3604,-14.9605),(0.249958,-9.78043),(-6.17521,9.5822)]
triangle[(20.5945,14.8415),(1.00456,8.52275),(12.8577,-28.2257)]
triangle[(-17.3977,-13.7457),(-10.4989,-0.264194),(-31.8818,10.6779)]
triangle[(-20.773,5.23404),(-10.7984,-3.05344),(3.6315,14.314)]
triangle[(-12.9708,-17.0559),(2.68288,-3.18214),(-19.8715,22.2658)]
triangle[(-1.53853,-4.23732),(7.90144,2.58334),(1.0129,12.1173)]
triangle[(-5.95713,5.00316),(17.5772,-16.4414),(53.2618,22.7206)]
triangle[(11.3153,12.952),(3.89032,-3.57579),(33.2133,-16.7489)]
triangle[(-16.8835,-5.08686),(-17.0144,-10.6876),(-6.81473,-10.9259)]
triangle[(-1.37999,-3.8286),(5.07729,13.2509),(-25.8048,24.9265)]
triangle[(10.5831,6.22749),(-17.1335,6.80681),(-17.892,-29.4815)]
triangle[(4.02031,-19.9768),(-3.75176,-16.8376),(-7.91412,-27.143)]
triangle[(7.9277,-6.64323),(7.79561,-1.68454),(1.55382,-1.85082)]
triangle[(6.78443,-14.2622),(-12.3671,15.2057),(-60.2719,-15.9282)]
triangle[(-5.67135,5.14768),(5.81979,-0.665966),(15.204,17.8826)]
triangle[(18.1553,-5.41608),(-2.43922,17.937),(-37.1494,-12.6732)]
triangle[(-9.72642,11.3127),(13.6661,16.6879),(8.26854,40.1779)]
triangle[(4.39292,15.6229),(19.1535,-2.09632),(48.8334,22.6278)]
triangle[(5.9007,14.6676),(-1.16325,-19.3514),(54.595,-30.9295)]
triangle[(3.41131,-16.42),(2.6637,-7.75308),(-9.82797,-8.83062)]
triangle[(-13.0479,11.3937),(-5.66663,17.8677),(-13.0545,26.2908)]
triangle[(-5.10049,-20.668),(9.91913,-16.3999),(3.11729,7.53625)]
triangle[(9.1238,-0.753683),(20.0195,12.4884),(2.46623,26.9314)]
triangle[(12.2827,4.84309),(-1.65835,-13.4466),(30.4171,-37.8956)]
triangle[(-3.28712,-15.6303),(19.1254,-9.51062),(8.90631,27.915)]
triangle[(-15.0977,-15.6219),(6.55337,-18.514),(11.4811,18.3765)]
triangle[(6.75188,-9.47715),(8.08969,16.5707),(-32.5604,18.6584)]
triangle[(7.06546,20.118),(-17.3625,5.71374),(-0.871303,-22.2533)]
triangle[(-2.8725,4.76904),(-2.70416,-19.2241),(23.8292,-19.038)]
triangle[(-10.5433,-15.185),(-15.159,17.676),(-68.884,10.1297)]
triangle[(-18.5101,2.27332),(20.5455,-7.37843),(32.4977,40.986)]
triangle[(-20.1421,-5.93274),(13.0058,-8.36593),(16.901,44.6988)]
triangle[(1.25453,-6.47943),(18.1671,-0.136116),(9.01254,24.2716)]
triangle[(-4.10021,-11.219),(-3.23117,4.3324),(-25.0347,5.55082)]
triangle[(-17.4391,19.8615),(-6.51432,-7.94403),(36.7483,9.05385)]
triangle[(17.9602,-11.468),(7.47686,-10.2416),(5.59079,-26.3641)]
triangle[(-13.5195,20.2318),(10.1725,10.5822),(24.3933,45.4973)]
triangle[(9.73015,9.43129),(-15.8289,-20.1029),(20.8284,-51.8263)]
triangle[(8.48869,17.7423),(-11.784,-10.3708),(22.1607,-34.8488)]
triangle[(11.3616,-9.0387),(-11.4209,-12.0485),(-5.47709,-57.0389)]
triangle[(10.0857,-18.8597),(17.7487,-18.5387),(17.3784,-9.69769)]
triangle[(-11.6315,18.2593),(11.4315,10.3343),(26.7223,54.8323)]
triangle[(-16.302,-3.89282),(-11.5402,-7.68844),(-5.43155,-0.0249102)]
triangle[(5.38353,-2.56235),(17.0324,-13.3151),(33.5067,4.53204)]
triangle[(4.51362,-11.5361),(-6.90882,16.1958),(-40.4696,2.37245)]
triangle[(-3.73652,-3.50259),(-20.4536,-2.69541),(-21.3936,-22.164)]
triangle[(17.6651,-20.48),(15.13,15.0658),(-45.4172,10.7476)]
triangle[(-5.49594,10.1453),(6.53715,7.2717),(9.68728,20.4628)]
triangle[(-20.0595,9.04606),(14.5153,5.67979),(18.2222,43.7541)]
triangle[(-8.05309,3.35498),(3.76058,6.21033),(-1.51175,28.0239)]
triangle[(15.6375,10.9086),(-9.42386,-14.3346),(36.2818,-59.711)]
triangle[(-1.60069,14.5107),(-4.09323,16.8021),(-6.56157,14.1172)]
triangle[(-2.29635,-8.33274),(8.12091,-16.2679),(22.4942,2.60121)]
triangle[(5.2883,-12.8499),(5.79684,8.58285),(-36.7517,9.59241)]
triangle[(7.43107,-7.85915),(-2.74551,15.856),(-29.2403,4.48663)]
triangle[(-1.9805,-13.8147),(-4.28064,-19.497),(5.72185,-23.5459)]
triangle[(19.5313,18.2014),(-15.6247,-14.5211),(31.6477,-65.3091)]
triangle[(-8.61329,-17.6456),(-15.2448,11.4382),(-56.3692,2.06122)]
triangle[(12.8298,18.9072),(-2.73753,18.6224),(-2.38536,-0.626849)]
triangle[(13.371,-14.6563),(16.0889,18.4633),(-24.8688,21.8244)]
triangle[(-18.3096,3.65474),(-6.92449,-2.56431),(1.32321,12.5347)]
triangle[(-20.5556,-5.05665),(-9.36724,-14.0838),(8.64025,8.23495)]
triangle[(14.6289,7.22751),(9.92826,-4.43591),(32.6614,-13.598)]
triangle[(3.96528,12.4429),(-3.34186,13.0715),(-4.14692,3.71254)]
triangle[(12.5161,0.245542),(8.07487,-6.97893),(16.0281,-11.8682)]
triangle[(3.97415,1.74213),(-17.506,6.9798),(-24.9991,-23.75)]
triangle[(19.3521,4.49428),(6.26313,7.46592),(2.92874,-7.22084)]
triangle[(20.6862,17.3301),(17.679,-0.365386),(45.0023,-5.00871)]
triangle[(-4.69426,17.5863),(-0.740921,6.08705),(14.834,11.4416)]
triangle[(19.0266,-13.6588),(-16.0596,-3.36232),(-35.2609,-68.7927)]
triangle[(-7.64818,12.439),(-5.81619,5.08576),(3.7711,7.47435)]
triangle[(11.5241,-3.35206),(-19.3809,-5.67634),(-15.7714,-53.6707)]
triangle[(6.96284,10.889),(-5.43694,-18.6321),(45.0767,-39.8494)]
triangle[(-20.7205,-1.76796),(15.8611,-13.7532),(31.9885,35.4715)]
triangle[(10.6444,-18.2769),(-10.0864,12.8248),(-65.9983,-24.4433)]
triangle[(6.37949,-17.1279),(-5.88033,-10.2336),(-15.2182,-26.8389)]
triangle[(-16.2316,15.2046),(13.8208,17.2776),(9.78558,75.7764)]
triangle[(0.0108989,-5.63254),(-9.61625,-18.5923),(15.2985,-37.1002)]
triangle[(-3.86057,16.0666),(18.8234,9.75196),(28.0218,42.7953)]
triangle[(-17.9156,-8.43116),(-2.10999,-8.00132),(-2.72863,14.7467)]
triangle[(18.0928,19.2477),(20.091,-17.0165),(64.9459,-14.545)]
triangle[(-11.2129,-7.38473),(-1.00264,-18.7756),(20.805,0.77167)]
triangle[(13.8352,-5.70837),(17.7465,-11.8518),(27.4059,-5.702)]
triangle[(-17.1374,9.10433),(-20.64,-14.8564),(17.3194,-20.4053)]
triangle[(1.53384,13.3818),(-13.643,-19.8155),(27.0728,-38.4296)]
triangle[(-11.2366,-13.6579),(19.0265,-11.9207),(16.8442,26.0975)]
triangle[(-8.20493,-20.692),(-9.82221,15.7513),(-78.0361,12.7241)]
triangle[(-6.95815,-16.3772),(-3.69271,-11.804),(-9.71155,-7.50627)]
triangle[(-9.7348,-3.22838),(-2.51438,-14.6241),(11.3605,-5.83293)]
triangle[(-20.8075,13.6595),(3.58678,-16.8089),(56.4286,25.4983)]
triangle[(11.8112,-9.83467),(11.866,4.91529),(-10.1919,4.99723)]
triangle[(-13.4658,10.2313),(8.35016,12.6927),(4.06625,50.6621)]
triangle[(11.3455,-19.0071),(16.5838,-5.08614),(-0.0609904,1.17711)]
triangle[(-9.0802,-2.67758),(-20.6162,-10.9927),(-5.25362,-32.3059)]
triangle[(1.25382,18.451),(-14.9613,18.1684),(-14.4824,-9.31642)]
triangle[(17.1049,-15.2516),(-8.58687,6.05478),(-30.6521,-20.552)]
triangle[(-18.0821,-9.59221),(10.9724,2.78287),(-11.8747,56.4239)]
triangle[(15.7806,-14.8748),(-5.82939,-8.12552),(-17.5378,-45.6134)]
triangle[(1.33449,19.4611),(-4.40117,-2.92199),(28.3663,-11.3186)]
triangle[(-16.9998,18.6451),(-0.34539,-15.9183),(68.4311,17.2217)]
triangle[(8.23316,-5.26841),(20.5076,-18.6418),(37.9726,-2.61193)]
triangle[(-20.8339,8.59825),(3.75365,14.7882),(-8.24199,62.437)]
triangle[(-14.9635,14.2371),(-5.08634,11.2816),(-1.37464,23.6861)]
triangle[(-2.02384,-6.83198),(12.3944,-18.7807),(35.1531,8.68163)]
triangle[(-2.41252,0.64129),(16.6093,-9.28275),(30.3605,17.0747)]
triangle[(3.65713,-13.5771),(14.2047,-19.7154),(23.0274,-4.55524)]
triangle[(-5.97753,-16.0479),(-0.373665,12.9837),(-30.4355,18.7864)]
triangle[(-13.3815,19.9299),(1.42466,-8.9194),(40.9826,11.3827)]
triangle[(16.9995,-2.9729),(8.38949,14.9128),(-26.7929,-2.02365)]
triangle[(7.68771,1.73311),(-2.71667,-8.38155),(15.0947,-26.7031)]
triangle[(16.9202,18.5381),(-7.83305,-15.8966),(47.9752,-56.0142)]
triangle[(-4.66644,1.46077),(-0.424318,20.5205),(-25.044,26.0001)]
triangle[(19.3589,3.59555),(18.0309,11.6395),(8.41642,10.0522)]
triangle[(11.3493,-0.796052),(-5.06858,-15.8929),(13.739,-36.3462)]
triangle[(-4.71172,0.385673),(-18.8801,-2.57193),(-13.3973,-28.8374)]
triangle[(-6.04966,3.26137),(19.3997,-17.7438),(54.3199,24.5648)]
triangle[(-8.58447,11.2685),(-19.9842,8.10105),(-16.1166,-5.8185)]
triangle[(19.7896,-16.9838),(-16.5094,7.88745),(-55.1382,-48.4906)]
triangle[(15.9198,-1.80516),(7.01303,5.40797),(-0.969486,-4.44886)]
triangle[(-18.2406,-8.60036),(8.55913,16.0763),(-23.3395,50.7193)]
triangle[(15.2299,15.5664),(12.72,5.28324),(26.9544,1.80892)]
triangle[(19.7431,17.7075),(-17.7241,-11.228),(30.6251,-73.8332)]
triangle[(-8.09605,-4.52522),(1.20462,-14.9772),(16.3635,-1.48801)]
triangle[(-20.3089,13.4461),(-18.5483,19.1977),(-27.8209,22.0362)]
triangle[(19.8189,-6.43646),(17.2605,15.9941),(-26.276,11.0283)]
triangle[(-17.857,-13.4998),(10.1357,8.9919),(-27.0485,55.2705)]
triangle[(-19.4523,-7.39407),(15.4103,-19.8044),(36.6743,39.9297)]
triangle[(-15.1848,-14.3075),(-3.7502,7.9513),(-35.6471,24.3371)]
triangle[(-15.4951,15.9572),(-13.8309,-3.54153),(21.7278,-0.506566)]
triangle[(8.09897,-8.48981),(20.548,-10.573),(22.8419,3.13527)]
triangle[(6.77529,-8.14153),(-5.63463,-9.60076),(-4.14579,-22.2625)]
triangle[(12.7545,-12.7251),(2.98328,-16.3919),(6.7179,-26.344)]
triangle[(-0.800617,-19.4031),(7.75358,12.5672),(-40.4984,25.4778)]
triangle[(-4.04944,0.093622),(9.36734,-13.2264),(31.9005,9.47043)]
triangle[(-4.13609,-2.01155),(-5.67433,12.9744),(-27.5064,10.7335)]
triangle[(-8.49065,-14.7798),(-19.1118,-8.75813),(-30.1959,-28.3084)]
triangle[(-2.77447,6.7502),(-1.00039,1.69271),(8.36466,4.97781)]
triangle[(-9.58113,12.8439),(7.18689,-7.38465),(44.8179,23.8088)]
triangle[(-8.06602,-16.1939),(-3.24676,-18.3914),(0.91468,-9.26494)]
triangle[(9.30145,5.67901),(4.22697,-8.31399),(31.7832,-18.3071)]
triangle[(-3.24037,-8.24388),(-19.873,12.2522),(-57.8264,-18.5473)]
triangle[(-8.38083,7.94494),(-11.7356,0.251646),(0.0454442,-4.88556)]
triangle[(8.46746,10.9021),(-3.74129,-10.9529),(31.7131,-30.7586)]
triangle[(-18.1134,-4.79838),(-2.45655,20.9941),(-39.1925,43.294)]
triangle[(-20.1272,-14.1669),(5.79423,-9.31986),(-2.61023,35.6265)]
triangle[(-3.92296,-12.8389),(20.9298,-9.55767),(15.3324,32.8383)]
triangle[(18.7881,-1.86807),(16.4862,-12.9397),(33.7334,-16.5255)]
triangle[(-2.25565,-16.8848),(-0.737804,19.0581),(-68.4759,21.9186)]
triangle[(8.29496,0.990465),(-18.5158,-7.28374),(-4.80813,-51.7004)]
triangle[(-13.9687,6.87961),(-17.8183,-9.4487),(13.1798,-16.7569)]
triangle[(18.505,-15.1566),(-0.639376,5.40253),(-21.6092,-14.1243)]
triangle[(7.67065,6.50237),(10.9133,-17.7222),(54.1271,-11.9377)]
triangle[(-19.8028,-16.0569),(-12.6095,10.9899),(-53.8195,21.95)]
triangle[(-13.756,-2.31508),(-1.79373,-15.8084),(17.0507,0.897832)]
triangle[(-12.1735,-9.05592),(13.602,-5.26621),(8.47079,29.6337)]
triangle[(-8.01771,12.4565),(-16.8888,0.699127),(3.76149,-14.8817)]
triangle[(-1.49888,-20.9372),(17.3588,15.7025),(-50.9989,50.8847)]
triangle[(-6.91749,-9.46437),(12.7451,-12.9728),(18.7837,20.8702)]
triangle[(-9.56355,-16.4158),(9.4422,-1.78246),(-7.56739,20.3095)]
triangle[(5.28638,-5.04208),(-8.3366,-0.733207),(-15.0953,-22.1016)]
triangle[(16.4372,-14.7403),(-18.0765,-8.49226),(-28.96,-68.6122)]
triangle[(-20.8273,14.547),(-14.2397,7.47158),(-2.67184,18.2419)]
triangle[(6.24522,-13.2548),(-18.4459,14.2781),(-48.425,-12.6068)]
triangle[(12.2325,11.7036),(9.30693,-2.47428),(29.6603,-6.67412)]
triangle[(14.2661,-12.2337),(18.9757,16.0746),(-9.38045,20.7921)]
triangle[(10.5423,0.943718),(-19.1808,-3.97724),(-10.5561,-56.0709)]
triangle[(7.75151,16.7934),(0.209537,17.3347),(-0.822853,2.95056)]
triangle[(8.93837,5.14441),(-8.93027,1.1602),(-3.85037,-21.6225)]
triangle[(4.92201,12.281),(9.18922,-10.2907),(39.7034,-4.52192)]
triangle[(-3.53839,1.2982),(2.4366,-4.83763),(11.6905,4.17372)]
triangle[(1.66461,3.94202),(2.49407,19.7062),(-19.3649,20.8564)]
triangle[(-1.63521,-10.6266),(7.86542,16.0251),(-40.0974,33.1226)]
triangle[(-9.59444,1.50205),(-4.90314,-7.33455),(12.348,1.82396)]
triangle[(3.19998,11.8957),(-11.9091,18.799),(-20.8806,-0.836699)]
triangle[(-4.18418,-8.23763),(-2.36037,14.6246),(-26.5547,16.5547)]
triangle[(-20.2715,6.41823),(-11.4713,-19.1251),(17.1005,-9.28156)]
triangle[(-2.39445,8.56687),(19.4219,-17.5403),(70.6078,25.2329)]
triangle[(3.45784,0.689872),(6.51157,-8.52672),(23.3004,-2.96408)]
triangle[(-0.890431,16.5268),(1.41052,17.3763),(0.245906,20.5308)]
triangle[(13.5066,8.67018),(-20.2605,1.32898),(-7.69647,-56.4617)]
triangle[(-9.66162,14.1672),(-11.22,-13.2761),(27.4765,-15.4736)]
triangle[(-12.8988,9.4395),(-11.4739,-7.43418),(10.4517,-5.5826)]
triangle[(6.46711,-17.894),(6.28689,18.4675),(-41.3443,18.2315)]
triangle[(15.4182,-18.3361),(-9.09104,19.5754),(-68.7517,-18.9943)]
triangle[(16.6278,15.1237),(-19.4582,4.97491),(0.217223,-64.9849)]
triangle[(7.48932,5.21834),(-9.22595,16.4349),(-30.4841,-15.2446)]
triangle[(-15.3962,-3.84926),(1.96749,-8.82045),(7.20069,9.45834)]
triangle[(-7.16312,15.664),(-17.3037,-5.10136),(23.8187,-25.183)]
triangle[(4.57881,-14.2835),(-5.4937,3.25342),(-33.2864,-12.7096)]
triangle[(10.0385,19.1602),(-19.984,-9.51837),(28.9345,-60.7293)]
triangle[(7.90813,-8.80888),(-11.4176,7.24075),(-40.6363,-27.9422)]
triangle[(-16.5904,20.9073),(-12.1434,-5.52374),(29.2608,1.44254)]
triangle[(13.2851,-13.3108),(-13.5434,-14.2531),(-11.9216,-60.4294)]
triangle[(-0.664482,15.12),(16.0935,18.0044),(12.6538,37.9888)]
triangle[(-6.7908,1.20983),(-16.1215,-20.8228),(24.7707,-38.1403)]
triangle[(18.9219,8.51601),(-16.8125,14.7258),(-24.0906,-27.156)]
triangle[(19.9805,3.84262),(3.49817,7.01513),(-0.658558,-14.5805)]
triangle[(13.5595,12.56),(7.34994,-0.157735),(29.6624,-11.052)]
triangle[(-16.6696,-19.3453),(-9.58932,-20.7251),(-6.88928,-6.86951)]
triangle[(8.34519,-9.44624),(-15.4697,-19.1903),(-3.01707,-49.625)]
triangle[(-14.4116,17.7182),(-4.56596,-15.5815),(50.3174,0.645711)]
triangle[(-15.3096,-8.60355),(-15.0223,2.36265),(-32.2085,2.81279)]
triangle[(4.17494,-14.0373),(-2.33396,-5.67469),(-10.7094,-12.1936)]
triangle[(4.2614,7.93526),(-14.6951,-8.73896),(7.18419,-33.6129)]
triangle[(10.5799,7.31291),(-6.27815,-2.03294),(5.86245,-23.9322)]
triangle[(16.3459,-1.46944),(-2.48057,-14.6062),(12.7545,-36.4398)]
triangle[(-17.1981,-11.3757),(-2.37466,11.9269),(-29.7424,29.3363)]
triangle[(-0.618917,-14.6201),(17.4461,5.56213),(-17.7192,37.0382)]
triangle[(2.75753,-17.6875),(14.2367,7.89384),(-11.4862,19.4365)]
triangle[(-10.0704,-12.0322),(13.0333,9.25756),(-16.2887,41.078)]
triangle[(-16.3982,-12.5928),(16.1791,-14.4275),(18.2704,22.7069)]
triangle[(14.2454,6.20826),(13.1221,-9.79467),(40.1801,-11.694)]
triangle[(4.0095,-10.4809),(-12.4217,6.32076),(-40.9695,-21.5976)]
triangle[(12.7179,-14.0485),(2.88251,-0.419242),(-21.3558,-17.9106)]
triangle[(18.5244,-17.9441),(-11.9438,16.9293),(-73.4079,-36.7706)]
triangle[(-11.9169,-13.9353),(9.66143,16.2238),(-34.4203,47.7634)]
triangle[(-5.52386,-4.27017),(15.5359,16.7091),(-10.3256,42.6698)]
triangle[(-3.88548,-3.0671),(-17.9285,-4.95544),(-14.9344,-27.2209)]
triangle[(-10.5013,6.76151),(9.93261,-17.7074),(45.1201,11.6777)]
triangle[(16.3467,17.2713),(-7.20089,-19.6696),(56.1039,-60.0225)]
triangle[(-12.1875,-4.91102),(-5.98602,-20.6041),(24.5008,-8.55654)]
triangle[(-6.07527,-15.6968),(12.3992,11.7099),(-28.0196,38.9555)]
triangle[(-4.66133,19.5625),(19.518,-19.041),(89.3429,24.694)]
triangle[(16.4735,12.0775),(-12.4181,9.23752),(-8.39765,-31.6637)]
triangle[(17.0668,-19.6096),(-8.92518,-20.7017),(-7.33071,-58.6492)]
triangle[(10.1359,4.48698),(3.43812,3.54682),(5.22532,-9.1853)]
triangle[(-5.38711,7.68086),(19.0676,17.5821),(5.58047,50.8934)]
triangle[(8.52755,-0.357369),(17.2358,-12.7027),(29.6405,-3.95253)]
triangle[(18.767,-10.8115),(-6.9681,1.78661),(-23.8312,-32.6607)]
triangle[(-0.475266,-18.8803),(8.31817,-9.21723),(-10.9902,8.35352)]
triangle[(18.286,-15.6285),(14.5876,11.1965),(-31.1749,4.88706)]
triangle[(-6.27548,-12.3522),(-13.5647,17.7326),(-62.0733,5.97949)]
triangle[(2.18169,1.90609),(12.4152,-12.7306),(30.8829,0.181501)]
triangle[(9.43564,3.44151),(8.33108,-7.87649),(24.6861,-9.47264)]
triangle[(16.8861,8.99218),(-1.29557,-19.5864),(42.9152,-47.7133)]
triangle[(10.1398,4.81584),(-9.83399,-7.30596),(6.32636,-33.9344)]
triangle[(7.15269,8.05153),(0.741619,15.0987),(-6.86465,8.17906)]
triangle[(-11.2115,-10.1217),(4.81645,-13.1759),(8.65184,6.95177)]
triangle[(-4.62416,-20.7485),(8.645,-16.6142),(2.49428,3.12667)]
triangle[(-20.908,1.05034),(-5.79179,13.3801),(-27.8347,40.4045)]
triangle[(-7.92169,13.6859),(-15.7928,-19.2701),(44.5872,-33.6911)]
triangle[(6.77501,18.1634),(8.41274,-3.4326),(30.0923,-1.78854)]
triangle[(-18.728,3.00831),(8.60807,-14.7663),(39.2015,32.2844)]
triangle[(14.0209,12.5981),(-10.0487,-1.43152),(6.60141,-29.9968)]
triangle[(-12.2187,20.41),(-14.1691,-10.2295),(42.2786,-13.8228)]
triangle[(-7.93258,6.9811),(-17.1667,8.94929),(-19.9396,-4.06044)]
triangle[(4.01813,0.955868),(-4.4765,0.592777),(-4.0018,-10.5128)]
triangle[(-8.88956,5.0657),(12.392,-0.282775),(18.8991,25.609)]
triangle[(-5.99476,5.56697),(16.1116,15.8872),(-2.35881,55.4517)]
triangle[(-12.7269,11.4167),(9.77374,-0.590057),(22.9969,24.1901)]
triangle[(12.6819,-15.8956),(3.85477,-20.5354),(13.1063,-38.1365)]
triangle[(6.41325,-1.19973),(-0.197598,-18.1875),(19.3131,-25.7802)]
triangle[(-0.648599,20.4203),(-15.8942,-14.3694),(25.8784,-32.6751)]
triangle[(12.8701,2.09879),(20.6396,11.4967),(4.23594,25.058)]
triangle[(-12.488,20.6551),(14.1953,16.1327),(19.2119,45.7321)]
triangle[(-4.73596,7.32776),(8.46235,16.2928),(-2.08169,31.8157)]
triangle[(-0.386074,-2.08997),(11.8644,0.795232),(7.44646,19.5535)]
triangle[(9.06857,18.8601),(20.5533,7.00068),(33.2267,19.2736)]
triangle[(0.134588,18.1013),(10.8786,15.052),(16.1547,33.6416)]
triangle[(5.23207,-5.71941),(-4.98303,-12.8268),(2.85954,-24.0985)]
triangle[(0.126818,6.33412),(16.9598,0.189389),(27.937,30.2604)]
triangle[(-8.04649,11.8801),(14.6942,-15.1455),(64.1404,26.461)]
triangle[(19.0527,-17.5632),(1.54024,-1.88244),(-15.5901,-21.0137)]
triangle[(17.5804,14.416),(1.15808,15.6202),(-0.194309,-2.82252)]
triangle[(-15.5719,-5.69005),(-5.98934,-4.65825),(-7.76616,11.8435)]
triangle[(16.2387,-4.6414),(9.96711,-11.6178),(19.837,-20.4905)]
triangle[(4.94365,1.89343),(0.117402,-9.0933),(12.0209,-14.3223)]
triangle[(-2.35086,-1.25741),(6.48905,16.8679),(-19.7995,29.6891)]
triangle[(17.5143,-4.55336),(-0.488032,-7.94724),(3.61175,-29.694)]
triangle[(3.50971,-4.88972),(-4.86091,-16.1587),(15.8248,-31.524)]
triangle[(-9.77386,17.7563),(16.1609,15.1523),(21.0482,63.8289)]
triangle[(-4.6321,6.95375),(-7.41017,-6.11833),(13.7119,-10.6072)]
triangle[(-13.9394,10.0853),(11.4024,-3.71817),(25.6427,22.4256)]
triangle[(13.5639,-20.6945),(2.12241,18.2362),(-71.2436,-3.32563)]
triangle[(5.65835,2.72266),(-8.22836,14.6816),(-27.3982,-7.5784)]
triangle[(7.17825,13.3775),(4.55401,17.551),(0.346626,14.9055)]
triangle[(-11.7809,2.08138),(5.75914,-11.9585),(28.5529,16.5177)]
triangle[(12.2073,0.790266),(6.9416,18.9514),(-26.4595,9.26695)]
triangle[(-4.86663,-6.01783),(-0.640018,-18.5133),(16.9573,-12.561)]
triangle[(-9.15959,-3.51199),(-5.04708,19.4796),(-38.8525,25.5264)]
triangle[(-12.438,-7.68781),(-13.9635,13.9677),(-55.5335,11.0394)]
triangle[(-5.94936,-4.1968),(-18.5068,-8.30825),(-11.4787,-29.7741)]
triangle[(-7.29107,0.85826),(-1.3755,-3.95787),(7.78346,7.29193)]
triangle[(-5.14954,16.7659),(11.9169,-9.10497),(40.1327,9.5084)]
triangle[(1.44303,15.4015),(-19.2632,14.5542),(-18.2949,-9.11131)]
triangle[(5.66747,8.27916),(19.2181,-6.42071),(46.7099,18.9218)]
triangle[(-6.89426,-4.14935),(20.0635,3.52763),(4.87273,56.8704)]
triangle[(-18.9182,3.16401),(-0.89942,-13.4429),(18.5879,7.70125)]
triangle[(8.5222,11.8084),(17.8847,-5.90775),(46.9116,9.43211)]
triangle[(-2.86525,-4.44709),(3.03789,-0.187673),(-4.23201,9.88772)]
triangle[(17.2141,5.77141),(19.3183,5.87031),(19.2083,8.21095)]
triangle[(-19.9231,-6.39495),(-19.2884,-0.592196),(-29.1951,0.491511)]
triangle[(-7.25241,-5.35811),(-17.1058,-12.0843),(-4.64516,-30.338)]
triangle[(-10.0147,13.2172),(8.98924,-20.917),(74.7304,15.6839)]
triangle[(-16.1813,-5.11453),(-4.58316,-5.51246),(-4.03821,10.3709)]
triangle[(6.58498,12.3401),(-20.2608,9.27209),(-14.6256,-40.0371)]
triangle[(-10.5494,18.3061),(16.0813,-13.8715),(51.3558,15.3223)]
triangle[(15.7108,-2.30498),(11.8382,-8.40696),(21.6419,-14.6287)]
triangle[(15.8238,-17.317),(-7.48039,-12.3876),(-14.1629,-43.9795)]
triangle[(4.46344,9.53333),(-3.95165,-6.72402),(22.3128,-20.3189)]
triangle[(-8.69695,4.9276),(-3.87201,-9.91361),(11.7208,-4.84433)]
triangle[(-13.7852,19.8319),(15.7901,5.21537),(34.4265,42.9246)]
triangle[(9.4605,-6.69661),(1.75863,8.41899),(-20.6372,-2.99238)]
triangle[(18.7448,-2.71697),(16.6832,-13.4752),(29.2146,-15.8767)]
triangle[(13.183,9.61744),(11.3396,-15.0386),(55.2087,-18.3184)]
triangle[(-17.9425,14.8291),(-17.6957,-18.8067),(34.2416,-18.4256)]
triangle[(13.2913,-8.39372),(16.4053,14.1288),(-7.59858,17.4475)]
triangle[(-2.38633,12.4922),(2.09811,4.20454),(13.2973,10.2644)]
triangle[(12.053,-5.30539),(-12.3752,-6.01598),(-11.3961,-39.6765)]
triangle[(9.0424,19.3499),(-7.07817,-13.2433),(38.92,-35.9939)]
triangle[(8.31896,-20.6035),(18.6881,15.5622),(-47.1182,34.4298)]
triangle[(7.26181,-16.5728),(18.6058,17.0734),(-41.1023,37.2043)]
triangle[(-0.717776,7.31605),(-13.9169,18.4951),(-31.8878,-2.72304)]
triangle[(-17.5338,5.80237),(-8.69352,-6.36333),(13.0045,9.4037)]
triangle[(-18.2975,-7.21306),(-9.69913,-15.6154),(0.3556,-5.32608)]
triangle[(11.7966,18.9766),(11.4954,-17.6577),(62.4125,-18.0763)]
triangle[(19.3811,-13.8692),(-0.584428,-19.1344),(7.65887,-50.3927)]
triangle[(0.698175,-17.7719),(-2.05855,-5.23459),(-16.2057,-8.34529)]
triangle[(9.31057,-13.7821),(-1.42453,8.27573),(-42.355,-11.6443)]
triangle[(3.07037,11.3172),(-2.83986,0.676453),(17.8866,-10.8357)]
triangle[(-9.72437,1.87586),(13.409,-4.04323),(22.7161,32.3312)]
triangle[(-8.51565,-1.07875),(18.5667,17.2379),(-9.35163,58.5168)]
triangle[(-2.35705,-6.78016),(-4.55494,18.7594),(-53.4344,14.553)]
triangle[(13.9338,-6.60141),(13.8711,2.35165),(-2.4632,2.23719)]
triangle[(13.3349,-18.4217),(-4.24533,-0.827091),(-27.6652,-24.2278)]
triangle[(15.0542,-4.63747),(18.3023,7.01441),(6.24257,10.3762)]
triangle[(-17.4514,-8.79555),(-10.8333,-14.9267),(-2.08959,-5.48855)]
triangle[(-12.8034,-5.49009),(-18.6727,15.9863),(-52.795,6.66101)]
triangle[(18.4823,2.74521),(-1.97185,-10.873),(11.811,-31.5745)]
triangle[(18.3711,-13.2434),(-18.9206,-7.58877),(-28.0988,-68.1182)]
triangle[(-13.6787,-13.3762),(11.2167,20.1869),(-49.7188,65.3858)]
triangle[(11.6234,-5.63319),(7.12519,-12.4623),(18.0808,-19.6786)]
triangle[(-5.05863,-8.95884),(-17.3496,-18.335),(-1.19883,-39.5066)]
triangle[(-3.85509,8.91311),(10.9519,5.30551),(14.945,21.6949)]
triangle[(4.98365,2.6321),(1.40767,3.38069),(0.225231,-2.26777)]
triangle[(10.5426,2.8372),(-9.78453,-3.52515),(-0.276258,-33.9032)]
triangle[(12.9795,19.7992),(15.4459,2.05179),(34.1828,4.65564)]
triangle[(-6.98393,-2.45595),(8.85101,-9.70267),(22.6747,20.5037)]
triangle[(-3.73498,18.9293),(-0.343979,-2.48352),(24.0287,1.37622)]
triangle[(-4.9408,11.9708),(-14.867,-3.02498),(9.86346,-19.3948)]
triangle[(-6.58542,-15.9114),(-13.0214,13.294),(-42.2439,6.85427)]
triangle[(1.18019,-2.59603),(3.322,3.98898),(-8.35371,7.78657)]
triangle[(-11.6342,4.09436),(4.82411,-17.9155),(43.8879,11.2952)]
triangle[(6.56577,-10.5047),(1.76252,-14.78),(8.77089,-22.6538)]
triangle[(17.4332,-13.4336),(-0.257243,14.8225),(-38.2614,-8.97099)]
triangle[(-9.17605,-3.96731),(-3.64851,-9.19913),(1.84547,-3.3946)]
triangle[(-0.704831,-0.677827),(-20.0859,-9.48707),(-4.82193,-43.0691)]
triangle[(13.9779,-13.4613),(-8.55151,7.09209),(-32.2168,-18.8485)]
triangle[(-3.92192,8.08039),(10.1403,-18.0323),(60.4453,9.05796)]
triangle[(-11.516,9.94174),(-14.4645,7.89518),(-11.519,3.65159)]
triangle[(8.6057,-6.55937),(7.8294,-10.548),(12.362,-11.4302)]
triangle[(9.85876,17.231),(-17.2482,-14.3109),(34.5822,-58.8537)]
triangle[(11.1539,14.2675),(13.3381,17.3468),(9.54183,20.0396)]
triangle[(-0.168225,-4.86797),(16.2411,-0.332867),(11.0893,18.3079)]
triangle[(-0.154232,16.1217),(15.7701,-14.4611),(76.0443,16.9234)]
triangle[(-15.2508,-2.36275),(8.37428,-6.83714),(15.9108,32.9562)]
triangle[(13.3044,-16.7396),(-17.9693,8.09372),(-65.8842,-52.2477)]
triangle[(14.0579,-9.99097),(14.4177,14.2463),(-18.305,14.7321)]
triangle[(3.30598,10.9071),(12.4132,-4.60872),(33.7239,7.8999)]
triangle[(9.96892,13.329),(1.84335,19.5657),(-10.3159,3.72378)]
triangle[(14.6532,10.4806),(3.18533,2.05717),(14.5037,-13.3518)]
triangle[(-18.1759,2.27613),(10.3997,-16.7531),(33.8118,18.4041)]
triangle[(1.32061,19.5031),(-11.6096,9.10173),(5.0022,-11.5488)]
triangle[(14.8317,10.7666),(19.8867,-8.40932),(47.3685,-1.16473)]
triangle[(-3.22493,-19.1039),(4.16795,-14.107),(-5.52628,0.235479)]
triangle[(-20.3588,0.50378),(-17.8624,-1.80051),(-14.8949,1.41443)]
triangle[(20.2582,-10.5064),(7.37906,-14.9619),(15.9005,-39.5943)]
triangle[(2.05777,2.06114),(17.321,2.62757),(16.5932,22.2408)]
triangle[(9.5765,1.10926),(14.1312,-14.8631),(37.0594,-8.32492)]
triangle[(-4.47658,13.0805),(-7.4221,1.66742),(13.4912,-3.72995)]
triangle[(12.0437,12.7486),(20.7791,-10.3073),(58.4051,3.94851)]
triangle[(8.81662,-10.7287),(17.7225,-10.2987),(17.1033,2.52725)]
triangle[(-19.3963,-16.1933),(19.392,-20.8857),(24.3496,20.0943)]
triangle[(-5.33596,-9.19546),(-11.3382,18.7591),(-60.4216,8.22028)]
triangle[(-18.2043,-10.8718),(-16.8559,19.3226),(-50.8044,20.8386)]
triangle[(-11.3812,-2.34464),(-1.88724,2.61743),(-7.68593,13.7121)]
triangle[(-20.8365,13.9986),(12.7099,15.9319),(10.1897,59.6625)]
triangle[(-11.5805,-19.4148),(8.39112,-11.9324),(-2.38611,16.8338)]
triangle[(-3.31043,-7.14382),(-11.6367,9.36874),(-39.4917,-4.67683)]
triangle[(20.5115,-11.941),(-3.96612,6.80379),(-38.4861,-38.2737)]
triangle[(4.61684,-8.72854),(-18.1106,4.60677),(-33.8547,-22.226)]
triangle[(1.19414,-17.1398),(-5.40725,-13.395),(-10.0622,-21.6006)]
triangle[(6.285,-6.12062),(-7.46621,-15.4104),(6.79732,-36.5241)]
triangle[(11.3663,-17.9271),(-13.4364,-12.3925),(-24.1507,-60.4072)]
triangle[(4.27446,12.989),(-3.89081,16.2432),(-8.7169,4.13403)]
triangle[(2.59215,15.301),(17.8307,-12.7269),(56.1145,8.08777)]
triangle[(18.8773,17.1768),(-9.27795,14.0685),(-3.13501,-41.575)]
triangle[(15.5082,-17.5815),(-14.2355,-18.7004),(-12.2898,-70.4271)]
triangle[(-17.0241,-14.3987),(0.266154,-2.25043),(-17.9236,23.6385)]
triangle[(6.49428,-5.55756),(14.3498,-5.80442),(14.8364,9.68239)]
triangle[(10.7718,-19.9363),(-13.7243,4.33734),(-42.5249,-24.7272)]
triangle[(7.23517,4.59739),(11.4145,-16.8182),(33.0452,-12.5969)]
triangle[(-8.51079,-16.6109),(12.03,-6.25178),(0.780763,16.0541)]
triangle[(-0.0980159,4.32056),(-16.7863,-9.21291),(7.77144,-39.4953)]
triangle[(5.78816,20.7776),(-16.0853,0.362454),(8.50581,-25.9852)]
triangle[(15.7203,1.56098),(-18.7189,10.8929),(-29.6394,-29.409)]
triangle[(10.784,13.6764),(18.4655,-18.3819),(59.4718,-8.55636)]
triangle[(-16.2787,5.62514),(-0.257461,-7.93025),(23.2533,19.8573)]
triangle[(-4.62243,17.8829),(1.78195,-16.8384),(40.8166,-9.63836)]
triangle[(12.6532,11.4348),(-10.3829,-20.6725),(36.0367,-53.9772)]
triangle[(-10.9068,-6.05282),(7.62345,14.5634),(-29.8576,48.2521)]
triangle[(-18.4516,-6.05756),(-18.3713,18.5299),(-52.9792,18.6429)]
triangle[(-14.6573,5.14538),(5.31221,13.1766),(-9.45501,49.8951)]
triangle[(-5.74597,16.4198),(-20.0088,12.5295),(-13.4335,-11.5777)]
triangle[(19.6193,-15.9353),(-12.6074,5.28169),(-38.1659,-33.5394)]
triangle[(-5.87367,-17.0131),(19.8043,-14.2976),(15.3322,27.9916)]
triangle[(0.993964,17.0019),(-6.44349,-6.81922),(29.3928,-18.0081)]
triangle[(15.6168,-5.72429),(-1.25158,-7.04667),(0.630474,-31.0545)]
triangle[(5.11317,14.5671),(-12.0434,2.00451),(4.6155,-20.7463)]
triangle[(16.5911,-3.01265),(-13.0928,8.54129),(-25.7469,-23.9691)]
triangle[(-5.96068,13.3471),(-10.8632,6.08203),(-2.67372,0.555781)]
triangle[(-14.4413,15.4726),(14.8674,1.21751),(32.4788,37.4268)]
triangle[(-3.23833,-15.4328),(14.8249,2.77609),(-15.9551,33.3098)]
triangle[(-14.2336,19.206),(-6.11334,14.0491),(0.549433,24.5407)]
triangle[(-7.46448,-8.7296),(-7.91095,14.5612),(-46.4958,13.8216)]
triangle[(13.9558,12.8782),(-6.95902,-9.33972),(33.4793,-47.4062)]
triangle[(-14.2767,20.4567),(8.55083,12.0799),(18.0372,37.9311)]
triangle[(-3.42167,12.4023),(-0.650659,11.2837),(1.35872,16.2617)]
triangle[(-9.17396,11.5255),(-9.35906,-20.1355),(43.9541,-20.4472)]
triangle[(-16.7636,18.2277),(-19.152,6.54605),(-0.295777,2.69073)]
triangle[(-16.3543,-17.0275),(-0.509071,-14.0305),(-5.00938,9.76234)]
triangle[(4.95834,-10.8485),(-12.7968,-6.66358),(-19.4056,-34.7019)]
triangle[(15.8891,10.6224),(7.75396,14.7379),(1.88366,3.1338)]
triangle[(-8.57644,-3.34942),(2.74703,-18.602),(27.3722,-0.320428)]
triangle[(11.0894,-8.9009),(-20.8645,3.86749),(-40.774,-45.9576)]
triangle[(-2.60037,-20.6702),(8.78357,1.79034),(-21.5204,17.1496)]
triangle[(14.4488,11.243),(-2.51942,-2.68804),(15.5516,-24.6988)]
triangle[(-15.4739,9.30313),(0.661522,7.76959),(2.4577,26.6683)]
triangle[(17.3136,8.6418),(0.00178251,17.6308),(-14.4017,-10.1088)]
triangle[(-18.9117,-18.0714),(15.8711,-5.54994),(-8.16318,61.2135)]
triangle[(5.89977,-16.1053),(-19.5322,-8.04758),(-35.2233,-57.5724)]
triangle[(-18.8053,0.0497027),(-5.82233,-16.3617),(17.8021,2.32751)]
triangle[(18.1224,-15.5444),(6.26301,-15.7769),(6.54832,-30.334)]
triangle[(-15.636,-14.6978),(-10.3439,-12.099),(-13.3244,-6.02964)]
triangle[(2.07898,14.397),(-5.75002,-1.30669),(22.8585,-15.5693)]
triangle[(11.8464,-2.46096),(-19.8412,-3.88745),(-18.0174,-44.4024)]
triangle[(13.6378,7.53134),(-7.24527,15.2466),(-20.0556,-19.4271)]
triangle[(-4.12111,-3.68574),(17.4652,13.6436),(-0.242903,35.7018)]
triangle[(-13.3401,-12.5817),(-9.53564,9.3628),(-50.7058,16.5003)]
triangle[(17.0221,-19.5006),(9.54617,-9.81329),(-7.49782,-22.9665)]
triangle[(17.2748,11.7364),(-12.3538,4.24544),(1.84279,-51.9057)]
triangle[(-7.87065,3.80952),(8.90947,-1.90393),(15.9633,18.8127)]
triangle[(20.2057,-11.2691),(7.91244,18.4022),(-24.947,4.788)]
triangle[(-12.5647,6.22472),(-1.66812,8.05042),(-4.35377,24.0796)]
triangle[(-3.96682,3.84849),(-1.076,-11.2246),(19.0787,-7.3592)]
triangle[(19.8884,15.4509),(-15.3209,-2.71449),(18.4145,-68.1028)]
triangle[(-13.3662,-2.71394),(-2.79182,-5.72983),(2.54835,12.9941)]
triangle[(-6.49507,-17.0065),(-12.7732,-17.9995),(-11.321,-27.1803)]
triangle[(-10.9814,5.10234),(-7.04815,19.5329),(-33.7656,26.8151)]
triangle[(17.7832,-7.02702),(-9.95524,-15.2078),(2.876,-58.7145)]
triangle[(0.0088737,-0.151542),(3.8317,4.81416),(-5.11736,11.7036)]
triangle[(-19.9914,12.5073),(19.8054,10.3937),(22.557,62.2014)]
triangle[(-0.298144,-8.47894),(13.4525,-8.07893),(12.8617,12.2276)]
triangle[(18.6285,3.74098),(20.1809,-16.2752),(43.6932,-14.4516)]
triangle[(-18.9699,-10.1016),(9.49449,-6.00194),(2.90791,39.7293)]
triangle[(20.6616,11.0077),(-19.1388,-11.3104),(11.3521,-65.6855)]
triangle[(4.00193,15.3928),(13.7962,-5.60411),(36.9398,5.19149)]
triangle[(10.3334,0.631891),(-1.46023,-12.6595),(24.8552,-36.0095)]
triangle[(11.8206,-1.47825),(9.16098,-5.64028),(13.8158,-8.61478)]
triangle[(11.0606,-17.8332),(-10.0381,5.81697),(-47.9624,-28.0161)]
triangle[(12.8727,12.543),(-4.19964,12.2487),(-3.73857,-14.5003)]
triangle[(-14.5567,19.7753),(7.69444,-16.4686),(65.1567,18.8092)]
triangle[(-15.49,18.8133),(-16.645,2.9873),(10.7431,0.988616)]
triangle[(-10.7238,18.3477),(8.43119,-9.63286),(44.9579,15.3727)]
triangle[(19.9195,-12.423),(-1.83116,4.29724),(-33.8865,-37.4021)]
triangle[(4.20143,7.75023),(14.1583,17.9963),(1.6634,30.1384)]
triangle[(-9.57565,-2.24244),(-11.1833,-19.0775),(12.851,-21.3726)]
triangle[(-12.4023,-14.0772),(-7.49617,8.85395),(-53.0102,18.5916)]
triangle[(-4.92739,-20.9142),(-0.851598,-1.73315),(-25.1248,3.42467)]
triangle[(-13.7506,-19.539),(-2.01057,5.72902),(-30.3386,18.8908)]
triangle[(5.7381,18.6964),(10.2319,-7.37577),(49.6175,-0.587343)]
triangle[(-1.33087,8.67699),(-8.68721,18.9429),(-19.046,11.5201)]
triangle[(-18.5752,19.8708),(4.24371,2.85175),(23.33,28.4424)]
triangle[(-6.74064,-18.8887),(-12.3086,3.35768),(-37.5382,-2.95693)]
triangle[(0.10332,7.68518),(-13.2805,14.8069),(-20.6903,0.881528)]
triangle[(-2.22537,13.3415),(-16.2396,-18.4759),(27.7285,-37.842)]
triangle[(-6.85293,12.6084),(11.9235,-10.0959),(55.5166,25.9557)]
triangle[(-3.88712,-9.38385),(-2.53225,-13.9914),(3.73422,-12.1487)]
triangle[(-18.355,-5.4544),(12.1004,3.10244),(1.31881,41.4762)]
triangle[(-11.8175,16.6538),(-3.37599,-14.4054),(40.4144,-2.50369)]
triangle[(19.8456,-10.8437),(-11.1863,-6.0178),(-18.9217,-55.7592)]
triangle[(-12.9079,14.1873),(15.111,4.13612),(25.5954,33.3629)]
triangle[(-2.01445,5.8443),(2.4967,4.14743),(4.93636,10.6333)]
triangle[(-13.3082,5.89246),(16.7279,13.0612),(6.78335,54.7277)]
triangle[(-0.725383,1.06437),(-5.66021,16.3381),(-27.9668,9.13094)]
triangle[(1.75897,2.62796),(-7.042,-6.74126),(7.41676,-20.3231)]
triangle[(0.365131,-6.94272),(-9.54669,-17.9572),(10.2859,-35.8044)]
triangle[(16.5648,19.9709),(-10.0281,-18.2957),(47.5906,-58.3372)]
triangle[(-19.987,-8.15818),(9.26708,3.33915),(-4.40475,38.126)]
triangle[(2.29948,-4.37076),(-6.89541,9.81693),(-22.8583,-0.528465)]
triangle[(20.3374,19.9018),(-7.2456,-0.44056),(32.0802,-53.764)]
triangle[(3.16277,-14.9345),(-0.71167,-1.90226),(-21.3292,-8.03176)]
triangle[(-15.5741,-13.4248),(-5.20624,19.8731),(-60.9448,37.2282)]
triangle[(3.37919,-5.34143),(-17.5358,20.9452),(-59.4615,-12.413)]
triangle[(-19.0439,-20.7303),(-16.0527,0.897098),(-49.0104,5.45546)]
triangle[(20.8125,17.7694),(17.8054,15.9829),(20.0773,12.1587)]
triangle[(4.71581,16.9243),(-5.16655,-7.96388),(21.3125,-18.4779)]
triangle[(3.5926,2.32857),(4.22276,-6.45816),(17.2555,-5.52349)]
triangle[(-18.9235,-12.3522),(-16.8269,8.57011),(-55.003,12.3957)]
triangle[(0.299833,2.93594),(8.13504,-15.7434),(42.5246,-1.31849)]
triangle[(-0.5874,0.412919),(-3.26042,9.5338),(-15.6974,5.88897)]
triangle[(-19.279,8.74173),(-9.49571,-10.8066),(15.7977,1.85188)]
triangle[(3.56712,-11.6974),(-9.14063,-10.0535),(-10.8053,-22.9213)]
triangle[(16.8054,12.7853),(15.1459,-13.8772),(51.2985,-16.1273)]
triangle[(-19.6498,-12.5228),(3.89969,-5.50257),(-5.23648,25.1447)]
triangle[(-5.31009,19.7216),(-0.777237,7.46117),(15.2596,13.3902)]
triangle[(2.17645,4.67817),(-16.1337,-13.3185),(17.0927,-47.1236)]
triangle[(-7.10633,-10.8343),(13.2473,17.4036),(-40.3637,56.0459)]
triangle[(19.0831,19.1061),(-14.4534,-4.01923),(31.3118,-70.3881)]
triangle[(-4.46859,2.14123),(14.995,19.2681),(-12.4376,50.4434)]
triangle[(2.23126,7.47376),(-7.49286,19.1883),(-22.2103,6.97152)]
triangle[(-19.7954,-6.59175),(20.8009,15.2972),(-4.22153,61.7051)]
triangle[(7.68258,5.43809),(8.12513,-17.9122),(41.2709,-17.284)]
triangle[(-12.5488,-9.87312),(12.6723,-7.12801),(7.49477,40.4407)]
triangle[(-7.33959,-3.69173),(0.796233,-7.56623),(7.9376,7.42947)]
triangle[(-17.1942,-0.129094),(16.8911,4.38445),(9.8585,57.4926)]
triangle[(7.97481,7.35856),(-13.6217,16.3766),(-23.1809,-6.51589)]
triangle[(-8.00635,-3.5844),(-16.0727,11.6393),(-35.2878,1.45811)]
triangle[(-4.36114,-3.00837),(16.1402,16.1521),(-13.1081,47.4472)]
triangle[(-15.9814,-7.82745),(-7.93717,-5.71121),(-12.0356,9.86775)]
triangle[(-10.2785,4.57192),(1.33647,1.21637),(7.49116,22.5204)]
triangle[(5.46873,-7.14822),(4.7077,7.4232),(-12.308,6.53451)]
triangle[(-18.5898,-14.4966),(10.7414,7.06957),(-13.9389,40.6361)]
triangle[(-15.7003,-18.0905),(-1.53053,16.9199),(-65.7064,42.8937)]
triangle[(-3.29647,4.29307),(-19.9092,-3.56223),(-8.34117,-28.0267)]
triangle[(-19.0373,-20.3653),(-15.5691,3.58371),(-62.3637,10.3603)]
triangle[(2.45947,20.3026),(-9.50166,16.1076),(-1.23815,-7.45403)]
triangle[(14.7901,5.04607),(4.76082,7.50053),(0.458047,-10.0813)]
triangle[(13.7873,-14.7603),(19.6251,-14.8456),(19.7364,-7.22645)]
triangle[(-10.1943,-13.0595),(6.04021,14.8752),(-42.678,43.1882)]
triangle[(-2.39983,-3.1315),(6.5802,-19.0256),(24.7404,-8.7652)]
triangle[(5.88911,11.2034),(6.39345,0.490489),(20.6912,1.1636)]
triangle[(19.4431,14.7194),(17.7782,12.7105),(20.6911,10.2965)]
triangle[(-17.7102,-15.0655),(-16.1412,11.3505),(-64.7622,14.2383)]
triangle[(5.25623,15.8088),(20.1835,1.58408),(37.2705,19.515)]
triangle[(13.815,-8.94),(12.1257,8.69366),(-15.6108,6.03654)]
triangle[(11.5495,17.0091),(-20.2646,-20.419),(26.6102,-60.2627)]
triangle[(5.78947,13.998),(-15.9501,9.49938),(-7.79878,-29.8917)]
triangle[(20.8347,-13.1762),(19.1944,7.41931),(-14.4713,4.73799)]
triangle[(13.6553,-20.9756),(18.9165,7.88912),(-11.6178,13.4547)]
triangle[(-2.39481,13.6064),(-20.5373,16.2805),(-25.5937,-18.0247)]
triangle[(-17.2179,19.8858),(-5.53144,19.801),(-5.42521,34.4407)]
triangle[(18.4608,-3.20175),(11.054,-12.8418),(28.5094,-26.2534)]
triangle[(-17.5841,19.7496),(-7.74539,19.9363),(-8.05455,36.2288)]
triangle[(-13.195,-1.29832),(19.123,18.4665),(-13.645,72.0461)]
triangle[(-7.53407,-6.60572),(-3.02787,16.8637),(-28.7411,21.8007)]
triangle[(10.473,-0.592424),(-16.4563,17.8683),(-44.6509,-23.2602)]
triangle[(-12.2226,5.36776),(20.0364,-13.2167),(39.3668,20.3372)]
triangle[(19.3568,7.90982),(14.4022,-14.4631),(57.26,-23.9541)]
triangle[(-6.31278,-13.1204),(16.9063,-9.74316),(10.4526,34.6278)]
triangle[(-19.8347,-11.0375),(-9.11521,15.672),(-48.9431,31.6564)]
triangle[(-17.536,-18.9358),(-11.6929,9.87901),(-44.4746,16.5266)]
triangle[(-20.6969,-13.4257),(-5.28319,-9.58874),(-12.2417,18.3642)]
triangle[(-1.38288,-5.68723),(5.97772,-3.83391),(2.72866,9.07004)]
triangle[(-0.976625,1.05394),(20.1864,3.88807),(15.1682,41.3596)]
triangle[(13.8314,-4.17805),(6.06529,17.3748),(-29.9965,4.38068)]
triangle[(8.54315,1.6108),(13.7099,4.30709),(9.88893,11.629)]
triangle[(-13.9377,17.6713),(-15.22,14.1964),(-11.4134,12.7917)]
triangle[(-3.05313,1.16403),(10.1475,2.8864),(6.802,28.5266)]
triangle[(6.29658,18.8362),(-3.06499,-10.1937),(36.5136,-22.957)]
triangle[(-20.9394,-8.48044),(19.621,10.6326),(-13.5063,80.9331)]
triangle[(6.83517,8.7788),(-0.741076,15.4229),(-10.1536,4.6898)]
triangle[(-1.01598,11.3137),(13.9256,16.9871),(4.0539,42.9854)]
triangle[(19.478,1.42799),(-2.89829,-9.07853),(16.9611,-51.3742)]
triangle[(-1.04285,1.38966),(19.4796,12.2997),(-0.489756,49.8632)]
triangle[(3.26803,-10.7262),(-20.7729,17.6904),(-63.5502,-18.5)]
triangle[(3.04069,19.2602),(17.4585,-4.90736),(57.0203,18.6942)]
triangle[(7.94377,0.676466),(-8.86503,13.1105),(-32.907,-19.3904)]
triangle[(3.58821,-19.3277),(-1.47623,-10.3686),(-12.1846,-16.4219)]
triangle[(-18.7463,-8.66577),(1.73387,-10.3441),(3.78021,14.6269)]
triangle[(3.93708,1.56275),(-20.4386,-6.37583),(-10.1951,-37.829)]
triangle[(-17.3533,-15.0835),(-11.0114,-19.0776),(-5.7199,-10.6757)]
triangle[(14.4671,-10.1858),(1.88895,-4.34379),(-9.50512,-28.8757)]
triangle[(20.1408,16.0324),(-19.3953,17.7393),(-21.5991,-33.3059)]
triangle[(-0.474296,-16.2125),(-0.147171,19.7374),(-63.4662,20.3136)]
triangle[(-7.93056,-8.54926),(13.9204,-17.8763),(28.6775,16.6961)]
triangle[(-15.682,-10.3711),(-3.78888,10.5481),(-43.8793,33.3406)]
triangle[(13.1281,-15.0637),(-7.54883,3.52434),(-40.2697,-32.8735)]
triangle[(9.01984,19.8004),(7.63876,-11.4897),(53.9537,-13.5339)]
triangle[(18.3394,12.8931),(18.0924,-1.2481),(40.816,-1.64509)]
triangle[(-4.71707,17.2076),(7.95917,13.5281),(12.2341,28.2559)]
triangle[(9.35229,-17.2805),(-0.0701777,20.6344),(-75.284,1.94255)]
triangle[(5.30208,19.0744),(10.3627,-4.62859),(43.6008,2.46776)]
triangle[(8.37982,6.57456),(14.4973,11.2249),(6.67266,21.5183)]
triangle[(-13.8716,20.8617),(-15.6966,-19.5907),(25.8335,-21.4643)]
triangle[(-3.21893,3.90687),(-11.1347,-19.1993),(32.2039,-34.0463)]
triangle[(-20.3304,-18.8244),(-17.097,-10.7862),(-30.8881,-5.23855)]
triangle[(-9.05011,-19.8643),(17.4037,-17.8626),(14.9475,14.5993)]
triangle[(11.5326,9.72034),(-19.3106,-17.6165),(25.1035,-67.7275)]
triangle[(9.18331,-9.56206),(-5.68214,0.49249),(-18.3081,-18.1747)]
triangle[(-0.190042,9.17056),(10.3837,-17.5641),(42.1068,-5.01738)]
triangle[(8.46384,16.043),(4.9157,1.28614),(28.9507,-4.49286)]
triangle[(-0.535516,-16.3985),(18.0031,-11.2578),(8.88322,21.6313)]
triangle[(-8.13591,6.87848),(-7.88803,10.7936),(-13.8373,11.1703)]
triangle[(13.3073,-1.98461),(16.911,3.83866),(6.5528,10.2488)]
triangle[(11.8813,-20.1446),(6.946,-9.44199),(-14.3577,-19.2657)]
triangle[(-16.4284,0.8074),(6.71819,20.4035),(-17.266,48.7332)]
triangle[(4.53548,-3.56428),(-4.54964,-8.30107),(2.83819,-22.4709)]
triangle[(-6.09308,-11.4668),(-0.74668,-14.3064),(4.06719,-5.24304)]
triangle[(-2.10135,-6.3367),(-4.94831,3.96656),(-23.4504,-1.14586)]
triangle[(-7.19581,20.83),(-18.3497,-11.9708),(44.1038,-33.2082)]
triangle[(14.8454,-16.9483),(-14.3934,-8.72419),(-24.26,-43.8027)]
triangle[(-14.9608,16.1271),(-16.342,-9.17073),(16.679,-10.9735)]
triangle[(20.7584,-0.77563),(4.685,10.6996),(-13.1283,-14.2515)]
triangle[(-12.1921,-17.1212),(2.03789,-0.071904),(-26.5518,23.7902)]
triangle[(11.3908,19.9374),(-9.19572,-14.9698),(46.1076,-47.5849)]
triangle[(15.1353,-13.3453),(-13.9258,18.826),(-48.8969,-12.7643)]
triangle[(11.5488,-9.48186),(-13.2056,14.1651),(-57.2216,-31.9123)]
triangle[(1.00267,0.0485231),(-9.86715,-10.4253),(3.32264,-24.1138)]
triangle[(-13.8812,-7.40051),(-0.319667,12.7595),(-36.0274,36.78)]
triangle[(12.1178,-5.88129),(-0.115392,-14.9755),(16.7715,-37.691)]
triangle[(-1.44768,-3.00263),(-16.727,0.182725),(-21.1538,-21.0513)]
triangle[(4.80337,18.6255),(2.49587,-0.412137),(21.7522,-2.74614)]
triangle[(-18.4746,-11.9216),(0.12146,-19.6467),(10.0023,4.1389)]
triangle[(2.93942,-8.68832),(-16.6373,-4.37211),(-22.4045,-30.53)]
triangle[(-6.06371,12.7561),(3.64881,-17.5368),(47.0533,-3.62035)]
triangle[(18.4614,14.1897),(18.4197,-20.1813),(85.771,-20.263)]
triangle[(0.436047,15.9875),(-0.602581,19.2322),(-7.02521,17.1763)]
triangle[(-17.8982,13.3678),(15.6365,-17.4626),(51.391,21.428)]
triangle[(-10.7213,17.1304),(-13.7645,-2.74066),(25.2247,-8.71178)]
triangle[(-1.89134,1.53829),(14.8002,-6.27392),(27.0874,19.979)]
triangle[(-1.44357,-10.8416),(4.13955,12.2567),(-30.9756,20.7444)]
triangle[(-17.7307,-2.7195),(11.9962,-11.3634),(28.1404,44.1576)]
triangle[(5.17163,-11.9786),(-16.9332,-3.82937),(-29.2687,-37.2896)]
triangle[(-20.0687,-6.79904),(11.8599,-3.45443),(7.44427,38.6984)]
triangle[(13.1848,-5.88816),(12.3369,-1.14197),(6.0155,-2.27115)]
triangle[(-4.34564,-16.4671),(-3.30282,-4.13988),(-18.2979,-2.87136)]
triangle[(-14.7027,-14.582),(-6.52036,18.526),(-43.2542,27.6044)]
triangle[(-0.3734,8.43416),(-9.6214,-6.32652),(9.96695,-18.5992)]
triangle[(13.5538,17.979),(-15.5711,-4.74345),(15.3867,-44.424)]
triangle[(-15.2545,19.8852),(12.1875,10.4356),(22.5931,40.654)]
triangle[(-12.1996,9.91927),(3.33237,-4.48771),(21.1877,14.7619)]
triangle[(10.5375,1.38281),(7.4687,9.282),(-8.05891,3.24964)]
triangle[(-0.828035,14.496),(12.9765,19.9349),(2.95187,45.3784)]
triangle[(4.54832,-6.68924),(-1.72261,18.8767),(-39.1987,9.6844)]
triangle[(-18.2455,-3.16097),(8.19341,15.5778),(-23.5321,60.34)]
triangle[(3.44648,20.8614),(7.93081,13.5091),(17.967,19.6304)]
triangle[(3.1649,9.59995),(-5.43009,16.4913),(-12.3452,7.86677)]
triangle[(-9.7906,-19.0985),(13.5816,16.0769),(-34.0586,47.7313)]
triangle[(-17.3458,-4.75119),(-4.2047,-10.2542),(5.78452,13.5998)]
triangle[(2.74846,14.4205),(-0.839437,-6.71899),(27.2973,-11.4945)]
triangle[(12.813,-7.26233),(-14.7884,1.78052),(-30.2851,-45.5201)]
triangle[(17.6331,4.21501),(3.29625,9.62662),(-5.46349,-13.5803)]
triangle[(0.542977,20.0828),(3.90102,-18.055),(78.9953,-11.443)]
triangle[(13.3223,-2.13469),(1.39067,0.435286),(-1.81178,-14.4328)]
triangle[(8.17602,-16.9787),(-1.89596,-3.6075),(-21.3956,-18.2958)]
triangle[(-20.3865,-4.81335),(-0.964977,-14.9828),(14.6242,14.7895)]
triangle[(-12.1812,5.22326),(2.13442,12.8653),(-12.6082,40.4822)]
triangle[(-16.5341,0.858142),(-9.70123,-12.7463),(11.2737,-2.2116)]
triangle[(-12.211,-12.4703),(10.7703,-20.2343),(24.865,21.4853)]
triangle[(18.3639,-9.63319),(-20.7428,17.4059),(-65.1688,-46.8475)]
triangle[(-1.53464,-4.6009),(-5.34075,-19.1342),(10.1871,-23.2008)]
triangle[(11.8935,-20.7383),(4.23448,0.887125),(-17.6309,-6.85694)]
triangle[(17.5273,20.038),(11.2649,-13.9093),(55.5784,-22.084)]
triangle[(-13.0449,-13.2183),(-18.9528,-10.3763),(-23.4932,-19.8145)]
triangle[(-11.5262,20.6205),(-5.88383,-14.3407),(43.6284,-6.34994)]
triangle[(10.5633,3.7503),(-15.8197,-3.36709),(-5.24272,-42.574)]
triangle[(-16.5139,13.4455),(15.7378,5.88758),(30.709,69.7739)]
triangle[(6.86377,20.5304),(12.1333,12.3768),(25.3907,20.9449)]
triangle[(-13.1385,0.610412),(-8.45823,-5.54393),(-1.93346,-0.581992)]
triangle[(-7.14788,16.8844),(-8.02961,6.36839),(11.2302,4.75352)]
triangle[(-0.979272,9.5339),(-16.5323,1.34955),(-0.693195,-28.7501)]
triangle[(-11.2747,6.98848),(12.317,-3.85053),(32.1681,39.3565)]
triangle[(1.77876,-1.4048),(-9.53503,-13.8807),(10.9309,-32.4403)]
triangle[(14.1901,-17.3525),(-0.831952,18.0928),(-54.9194,-4.82996)]
triangle[(19.0245,-16.7084),(3.20555,2.1869),(-19.8165,-17.087)]
triangle[(-1.01122,5.97799),(5.66516,14.2303),(-3.8429,21.9226)]
triangle[(-1.36043,-13.1207),(-7.34827,17.8298),(-47.7748,10.0087)]
triangle[(10.8318,-2.21448),(-17.4289,5.33594),(-26.8718,-30.0084)]
triangle[(-17.9226,-7.52214),(-19.1133,-20.309),(-1.44481,-21.9543)]
triangle[(-14.5045,-14.168),(-20.1085,0.983868),(-38.3862,-5.77623)]
triangle[(5.43802,-1.33964),(12.8377,-7.67047),(22.128,3.1883)]
triangle[(-9.55838,-7.96274),(-14.3796,6.22444),(-36.6017,-1.32724)]
triangle[(-18.1237,-8.52559),(-15.851,-10.973),(-13.2364,-8.54508)]
triangle[(-14.3464,0.0748527),(4.94517,4.86907),(-1.80042,32.0128)]
triangle[(10.8353,13.8969),(-11.5485,-4.03708),(7.59416,-27.9294)]
triangle[(-2.15833,0.911481),(-12.5601,-0.707395),(-10.7099,-12.5957)]
triangle[(17.0843,-14.1663),(17.8949,-1.53149),(-3.98783,-0.127566)]
triangle[(19.3976,-19.6176),(18.2528,0.964606),(-5.69146,-0.367149)]
triangle[(-5.13027,10.9946),(-1.74996,1.73289),(8.42028,5.44481)]
triangle[(6.41716,14.1709),(1.56886,1.5054),(26.4744,-8.02832)]
triangle[(-10.7873,-9.4511),(12.6514,-17.9645),(23.1342,10.8964)]
triangle[(-6.20008,-4.27122),(8.3735,16.941),(-31.8713,44.5907)]
triangle[(-11.0437,2.41794),(-7.06433,-15.1312),(12.5342,-10.6871)]
triangle[(-10.5973,3.07924),(-11.5127,-11.7324),(14.1683,-13.3196)]
triangle[(11.0209,-9.54705),(17.1647,-16.9335),(26.5037,-9.16573)]
triangle[(1.82998,14.559),(-7.45252,-3.6347),(12.0196,-13.5694)]
triangle[(7.00684,16.3933),(6.23149,-17.3013),(59.879,-18.5358)]
triangle[(18.5198,-15.5368),(-18.8158,13.6725),(-71.4714,-53.6322)]
triangle[(11.6475,-1.62611),(1.96537,18.4461),(-22.6782,6.55898)]
triangle[(-3.44579,18.8833),(7.05447,2.98539),(31.9063,19.3995)]
triangle[(-12.5015,-18.7749),(-10.23,12.0478),(-68.8988,16.3714)]
triangle[(20.0882,-13.7236),(-13.9728,-9.75118),(-20.7572,-67.9219)]
triangle[(0.470569,-15.7778),(17.8002,5.6616),(-4.20069,23.4451)]
triangle[(-18.1557,-17.4813),(15.3374,2.05308),(-11.9631,48.8615)]
triangle[(18.8456,1.3211),(-16.8537,-20.4751),(20.3889,-81.4736)]
triangle[(-4.22455,-18.2771),(0.409511,12.7813),(-41.9109,19.0957)]
triangle[(12.2127,-5.53693),(2.38221,-10.7979),(10.4654,-25.9019)]
triangle[(-2.05774,-9.08214),(16.6905,10.5863),(-17.2875,42.9746)]
triangle[(-18.8957,7.38413),(-14.2801,0.964941),(-6.94567,6.23857)]
triangle[(-15.233,-17.0218),(-18.7654,19.3696),(-79.2378,13.4997)]
triangle[(12.7637,1.77722),(-4.54073,-3.79315),(1.0821,-21.2606)]
triangle[(10.8965,0.465204),(-15.7412,-18.2794),(5.99055,-49.162)]
triangle[(-7.36807,-4.44657),(-0.0767607,-3.18743),(-1.35925,4.23913)]
triangle[(9.06341,0.897676),(4.011,20.7601),(-29.8832,12.1385)]
triangle[(14.7859,0.363042),(-9.12393,2.7913),(-12.0427,-25.9478)]
triangle[(-14.338,-16.5753),(20.2317,-9.61881),(7.35492,54.3712)]
triangle[(-3.83387,15.7388),(-14.2367,-0.968678),(7.95783,-14.7879)]
triangle[(1.22759,8.81909),(0.213284,2.22349),(8.60614,0.932788)]
triangle[(-8.69741,-16.706),(-2.25805,8.5895),(-34.9243,16.9052)]
triangle[(-13.6822,11.1251),(8.04298,17.0803),(-3.77366,60.1888)]
triangle[(19.7206,-4.02839),(7.38822,1.22733),(-1.59382,-19.8488)]
triangle[(-11.8709,14.4046),(-2.15487,4.36945),(11.5391,17.628)]
triangle[(-17.7979,-15.4215),(-16.271,-8.91558),(-28.9591,-5.93774)]
triangle[(-18.8513,-0.8288),(0.353502,17.304),(-29.8152,49.2561)]
triangle[(0.379372,-12.3526),(1.64894,3.49256),(-25.6283,5.67811)]
triangle[(-11.7416,-4.40389),(5.66827,14.8751),(-15.4225,33.9211)]
triangle[(1.52099,3.85212),(6.84645,-8.08591),(23.0811,-0.843774)]
triangle[(0.416066,-15.0153),(2.97234,-18.8925),(8.97689,-14.9337)]
triangle[(6.0516,4.86211),(-2.27447,-13.9063),(18.8028,-23.2566)]
triangle[(-9.72061,-17.4829),(-4.32771,-20.881),(2.33311,-10.3097)]
triangle[(-10.2657,4.89839),(3.89793,19.9867),(-20.9375,43.3)]
triangle[(-2.32872,-14.2486),(1.2268,0.632106),(-17.3646,5.07424)]
triangle[(16.4381,-7.89723),(4.80744,-14.6174),(16.7613,-35.306)]
triangle[(5.22275,-8.78508),(-2.70066,-9.52681),(-1.904,-18.037)]
triangle[(0.3992,-8.68643),(-10.0313,-12.8524),(-2.4649,-31.7968)]
triangle[(14.8605,13.2323),(17.3186,-7.1031),(52.9828,-2.79217)]
triangle[(-9.71377,-18.5866),(-19.9543,-19.4465),(-18.5136,-36.6033)]
triangle[(-9.59857,-14.9829),(2.77901,-17.4767),(7.63699,6.63563)]
triangle[(-7.81342,2.30946),(18.7061,-5.4477),(31.396,37.9353)]
triangle[(7.5751,-6.01499),(-1.10162,-14.0978),(12.8886,-29.116)]
triangle[(-10.5697,2.83624),(-17.6997,14.8002),(-35.2575,4.33658)]
triangle[(1.81549,-5.08961),(20.1697,-17.2113),(43.7423,18.4813)]
triangle[(-15.2366,4.87536),(18.5189,11.9646),(4.6907,77.8077)]
triangle[(7.57226,15.0853),(-11.4863,4.37805),(6.15035,-27.0146)]
triangle[(-2.18366,-3.07425),(-3.54634,2.62565),(-13.4477,0.258525)]
triangle[(-2.04155,-16.7319),(-13.2797,-12.8825),(-20.3428,-33.5028)]
triangle[(-1.25773,-19.5759),(-5.11047,-14.925),(-12.9542,-21.4226)]
triangle[(8.28806,-1.97746),(-0.864708,-18.8937),(24.1771,-32.4429)]
triangle[(-15.5242,5.91845),(3.85527,9.07445),(-0.658546,36.7916)]
triangle[(15.7255,-4.01348),(0.628195,10.1839),(-27.2399,-19.4508)]
triangle[(1.96676,16.7524),(2.88335,-4.30355),(40.6274,-2.66052)]
triangle[(4.97167,-14.5919),(16.8172,-15.8284),(18.0669,-3.85684)]
triangle[(11.6082,2.05679),(-7.14551,-9.68437),(6.17423,-30.9595)]
triangle[(-18.1186,4.62164),(-4.10288,16.5425),(-25.037,41.1555)]
triangle[(-11.5742,-8.58018),(13.8928,-8.48253),(13.7416,30.9689)]
triangle[(-5.77448,4.2439),(-20.8178,3.24099),(-19.4124,-17.8384)]
triangle[(18.5186,1.68507),(18.8037,15.8265),(1.4442,16.1766)]
triangle[(2.36475,20.1974),(7.74468,-3.25269),(51.2927,6.73809)]
triangle[(14.4038,-18.9906),(-9.07294,-12.9303),(-17.6384,-46.1116)]
triangle[(20.2418,2.59689),(-9.43978,20.7965),(-42.1902,-32.6159)]
triangle[(18.9014,8.84194),(8.02821,14.3586),(1.64025,1.76801)]
triangle[(7.16073,8.82493),(-14.6362,6.24402),(-9.85422,-34.1422)]
triangle[(-14.2829,-8.79881),(-9.99492,20.7736),(-55.8488,27.4223)]
triangle[(15.5216,-5.47376),(19.2302,-20.2289),(48.336,-12.9133)]
triangle[(-0.0651531,5.35596),(8.67075,15.4861),(-5.98047,28.1208)]
triangle[(2.85652,7.9286),(-4.52205,-19.5052),(34.2407,-29.9308)]
triangle[(-3.43981,17.5701),(20.3006,-0.175092),(49.1392,38.4066)]
triangle[(-4.02056,14.9657),(-11.349,9.86422),(-3.57543,-1.30277)]
triangle[(-15.8146,-20.9158),(-19.7441,16.4431),(-91.8323,8.86064)]
triangle[(-3.36094,-9.8113),(3.43733,20.2606),(-47.6527,31.8104)]
triangle[(4.90953,-18.4534),(4.96003,-7.86753),(-6.69419,-7.81193)]
triangle[(-18.3694,12.9399),(-8.76311,-3.17394),(14.5819,10.7432)]
triangle[(-14.4805,-4.99372),(7.73146,10.6702),(-19.9262,49.8896)]
triangle[(4.69501,14.1153),(-5.8809,0.675823),(8.41032,-10.5704)]
triangle[(-0.902279,-16.0609),(-14.4558,-1.34353),(-29.4043,-15.1099)]
triangle[(-1.97445,3.92644),(17.7198,-4.73684),(27.0844,16.5517)]
triangle[(5.91749,10.3829),(-2.92229,20.4994),(-17.2617,7.96971)]
triangle[(5.0423,-8.7139),(12.4835,-17.8627),(21.809,-10.2777)]
triangle[(-12.6334,-9.76031),(16.9954,-13.5391),(23.6804,38.8765)]
triangle[(17.2138,15.1452),(-10.6878,-3.96879),(14.4736,-40.698)]
triangle[(-0.789898,-6.31069),(-20.5944,-16.9303),(-8.54765,-39.3962)]
triangle[(13.6421,14.8552),(-2.11576,-2.91733),(25.7366,-27.6124)]
triangle[(-8.93928,18.292),(-15.57,-11.6953),(42.4657,-24.5281)]
triangle[(-9.01874,-6.26731),(-10.0915,-15.3052),(1.30852,-16.6583)]
triangle[(13.1188,4.48662),(14.3307,18.8229),(-4.63519,20.4261)]
triangle[(20.8561,1.4129),(-10.8636,-16.8943),(24.3465,-77.9007)]
triangle[(7.52638,-7.59985),(5.90545,3.1359),(-12.3001,0.387143)]
triangle[(12.4277,20.0468),(1.78327,15.5284),(9.66919,-3.04922)]
triangle[(-1.19159,17.528),(5.3685,4.98718),(18.1139,11.6543)]
triangle[(19.8898,11.5026),(-13.6924,-20.568),(44.5036,-81.5071)]
triangle[(-0.430369,14.8941),(-11.1659,-17.4941),(28.8832,-30.7689)]
triangle[(5.07223,18.8452),(10.7986,-13.486),(65.785,-3.747)]
triangle[(9.46019,-17.7132),(14.5534,-10.1357),(5.06758,-3.75969)]
triangle[(-13.1668,-13.5964),(2.96473,-7.24219),(-9.46005,24.3006)]
triangle[(-20.8375,18.1325),(-15.3765,6.16783),(6.23468,16.0318)]
triangle[(0.728032,15.6848),(-3.39421,-1.01181),(25.4717,-8.13853)]
triangle[(12.8854,13.7246),(-6.0345,19.4289),(-12.6116,-2.38596)]
triangle[(-17.9822,19.6927),(2.48655,14.687),(10.3009,46.6406)]
triangle[(-9.74208,-1.57985),(6.91959,-9.3728),(14.9102,7.71157)]
triangle[(-20.8818,-13.3199),(-18.1803,0.221937),(-41.7067,4.91539)]
triangle[(-18.4417,18.4145),(19.781,-13.9844),(75.6989,51.9849)]
triangle[(-9.5655,-15.1758),(9.54642,-13.8373),(7.45146,16.0769)]
triangle[(0.658825,10.7985),(-6.38364,-6.76434),(13.6961,-14.816)]
triangle[(11.1743,-13.286),(13.8238,12.3544),(-17.0733,15.5472)]
triangle[(15.127,-20.9902),(-8.37202,6.95842),(-50.201,-28.211)]
triangle[(17.1328,20.8904),(14.0583,-3.87224),(51.3999,-8.50852)]
triangle[(5.92826,-17.9925),(12.4195,15.0717),(-29.9921,23.398)]
triangle[(-5.49957,-11.0086),(-4.08881,5.20847),(-22.4928,6.80947)]
triangle[(-12.9332,14.1706),(8.40309,16.2751),(5.41584,46.5611)]
triangle[(5.75011,-18.7565),(3.58173,0.768659),(-16.079,-1.41477)]
triangle[(-7.433,16.1124),(13.427,-0.240443),(38.3567,31.5604)]
triangle[(-6.63353,10.4411),(-11.5201,-10.7763),(30.0485,-20.3499)]
triangle[(5.4075,8.68511),(-19.5988,13.9749),(-29.4628,-32.6547)]
triangle[(-3.32722,-0.859525),(-11.7544,-0.535261),(-12.3154,-15.1143)]
triangle[(20.2469,-4.15753),(-4.63846,1.09717),(-10.9586,-28.8339)]
triangle[(10.702,3.44886),(-19.216,5.99663),(-22.6066,-33.819)]
triangle[(1.78041,-11.4503),(6.4078,18.0461),(-46.7556,26.3864)]
triangle[(-1.80596,-5.97595),(-12.657,8.4508),(-36.6179,-9.57133)]
triangle[(20.1789,-16.0416),(9.6437,-9.73885),(-0.670912,-26.98)]
triangle[(-15.7418,2.2419),(-14.4706,-12.4355),(4.41836,-10.7997)]
triangle[(-3.59656,0.290782),(-0.614327,-1.45354),(1.96255,2.9521)]
triangle[(-20.5657,-7.22298),(12.2813,6.705),(-1.88385,40.1112)]
triangle[(17.3218,12.3031),(-6.97616,13.836),(-8.58101,-11.6025)]
triangle[(-0.617238,-15.9813),(6.11748,-5.59944),(-14.1165,7.52637)]
triangle[(8.99068,18.9071),(17.6909,-14.7991),(74.5521,-0.122121)]
triangle[(15.1863,-16.4635),(6.7874,-7.18633),(-8.65333,-21.1654)]
triangle[(-4.62196,-7.45367),(-2.84861,-12.4959),(5.00232,-9.7348)]
triangle[(-8.40363,-18.4368),(-18.0493,-4.73232),(-44.2345,-23.1623)]
triangle[(9.72432,5.19636),(1.42807,12.5141),(-7.75272,2.10574)]
triangle[(4.83381,14.0241),(18.1751,-18.8558),(75.6373,4.46002)]
triangle[(-8.0666,-8.21821),(11.3378,-19.4413),(23.9102,2.2961)]
triangle[(-0.794599,-4.16488),(-19.7674,-12.9765),(-6.58885,-41.3518)]
triangle[(-8.33398,14.9873),(2.4717,3.0773),(16.7675,16.0476)]
triangle[(13.4224,-0.0297957),(8.04999,0.539433),(7.27704,-6.75569)]
triangle[(-8.01255,-4.99097),(-0.0271396,-2.34945),(-3.75514,8.92044)]
triangle[(2.02028,16.3728),(-11.79,15.901),(-11.0451,-5.9009)]
triangle[(-3.97043,-20.3416),(1.41033,10.9634),(-50.795,19.9366)]
triangle[(-12.8027,-13.5249),(4.48293,-5.76429),(-9.28627,24.9048)]
triangle[(-13.7263,-19.5704),(9.52704,13.1652),(-34.9487,44.758)]
triangle[(-19.91,3.95612),(10.8278,-19.1249),(35.9104,14.2784)]
triangle[(-12.5159,-19.6031),(6.46063,-0.0599675),(-31.6735,36.9686)]
triangle[(3.29175,-5.70115),(7.30456,14.5539),(-19.1063,19.7862)]
triangle[(18.7082,-6.97406),(1.39186,-13.8818),(14.4862,-46.7068)]
triangle[(8.6885,19.8537),(6.74397,-13.3537),(50.9484,-15.9422)]
triangle[(-16.2396,10.1758),(-1.29091,-16.1853),(33.8365,3.73438)]
triangle[(-18.6456,-19.1283),(13.9359,14.6709),(-36.7549,63.5355)]
triangle[(-12.3396,-12.5566),(20.1482,13.6245),(-26.3105,71.2745)]
triangle[(19.707,11.4603),(-8.69932,-16.2253),(30.3275,-56.2681)]
triangle[(3.75371,20.3194),(15.3909,-0.0265916),(38.4405,13.157)]
triangle[(12.0963,11.9491),(7.52621,-7.80231),(45.5544,-16.6012)]
triangle[(-8.85309,4.4051),(9.19189,-1.97086),(16.4122,18.4639)]
triangle[(-0.0748849,10.0599),(20.4667,19.6221),(9.45268,43.2825)]
triangle[(9.65669,-8.55964),(6.5459,0.688293),(-10.7706,-5.13659)]
triangle[(-4.65642,7.74451),(-17.3067,-20.7735),(13.7409,-34.5459)]
triangle[(20.0081,9.81788),(-5.77878,6.98386),(-2.2927,-24.7361)]
triangle[(-10.3196,12.8137),(8.39886,-15.8338),(51.6425,12.4219)]
triangle[(-1.31713,9.13285),(7.86134,6.91066),(12.0997,24.4168)]
triangle[(-3.64773,0.564417),(-20.2901,-1.93211),(-16.9952,-23.896)]
triangle[(-10.0674,0.699636),(15.5567,13.7085),(0.475585,43.4146)]
triangle[(-17.8581,13.602),(-12.148,-10.7208),(12.4031,-4.95706)]
triangle[(19.4877,-14.442),(-0.0638416,2.16703),(-29.6992,-32.7187)]
triangle[(-9.58637,-16.2033),(-17.9082,10.5289),(-65.9744,-4.43432)]
triangle[(9.68329,6.43945),(15.059,16.6499),(4.29016,22.3196)]
triangle[(-6.73445,-2.90801),(-10.6875,14.9884),(-32.1646,10.2445)]
triangle[(-15.8732,-3.73903),(9.85829,13.6164),(-8.7501,41.2056)]
triangle[(-12.3139,-4.63434),(-13.9087,19.2595),(-57.7431,16.3337)]
triangle[(19.1207,1.23937),(-18.4506,-5.62986),(-4.93798,-79.5375)]
triangle[(-4.65474,6.25198),(7.37596,-5.01739),(28.6639,17.7088)]
triangle[(-14.219,-17.6105),(-17.9705,-4.90603),(-36.9836,-10.5203)]
triangle[(18.2976,16.5609),(-9.89379,11.679),(-2.59802,-30.4516)]
triangle[(-19.3405,11.2081),(14.3404,6.56586),(22.7505,67.5835)]
triangle[(5.86429,4.21991),(1.25044,-16.8564),(38.7115,-25.0571)]
triangle[(2.6726,-12.7033),(-17.0909,5.39284),(-52.137,-32.8823)]
triangle[(-0.42087,14.1117),(13.4978,-6.3837),(51.9128,19.7043)]
triangle[(18.3038,3.46565),(0.123009,20.3076),(-32.6919,-15.1162)]
triangle[(-17.9712,15.7334),(8.21231,16.8311),(6.05721,68.2377)]
triangle[(-12.8043,-4.52383),(2.36446,15.3913),(-37.0098,45.3815)]
triangle[(-7.48695,-18.2785),(-3.48701,-2.79453),(-26.4733,3.14346)]
triangle[(-18.2359,-20.9414),(-12.8674,-13.2353),(-22.227,-6.71491)]
triangle[(11.6836,-11.0475),(1.92633,10.5742),(-39.8635,-8.28434)]
triangle[(-9.07605,9.18014),(-20.1972,3.55695),(-9.48735,-17.6241)]
triangle[(-0.304703,-7.91112),(10.3595,-19.7083),(23.5817,-7.756)]
triangle[(-17.9456,-12.9276),(-20.3364,19.9272),(-70.9895,16.2413)]
triangle[(-16.677,17.2099),(-9.8728,5.45834),(13.1495,18.7883)]
triangle[(0.796023,-17.7957),(1.46397,17.3698),(-53.7905,18.4193)]
triangle[(-17.639,9.77392),(-2.97844,9.22348),(-2.28574,27.6726)]
triangle[(2.63252,-8.34708),(12.8896,-20.5851),(31.9594,-4.60196)]
triangle[(-13.8259,7.76638),(-16.5017,-7.53739),(3.35813,-11.0099)]
triangle[(2.87622,8.45077),(-16.8452,18.6659),(-33.589,-13.6597)]
triangle[(-17.1985,11.2452),(11.9289,5.42577),(19.498,43.3105)]
triangle[(-15.5345,-16.5123),(-9.7645,-16.1356),(-10.4966,-4.92194)]
triangle[(-18.7115,-18.8619),(14.2049,8.4161),(-39.1431,72.7911)]
triangle[(18.7265,0.2777),(1.76158,-11.1572),(22.4407,-41.8369)]
triangle[(-3.80355,-3.30412),(9.44133,-6.59694),(14.0161,11.8043)]
triangle[(13.0711,16.4572),(-8.55796,17.2337),(-9.4445,-7.45843)]
triangle[(-4.15157,-5.70336),(9.17506,7.66363),(-7.74322,24.5308)]
triangle[(17.6192,-15.0022),(1.93917,0.990516),(-16.2137,-16.8074)]
triangle[(-19.5269,10.0083),(-10.0597,14.314),(-17.2082,30.0316)]
triangle[(-11.1613,1.66472),(-12.83,-20.9556),(18.4716,-23.2648)]
triangle[(4.49607,-5.47705),(-14.9762,-0.534563),(-20.4272,-22.0102)]
triangle[(19.2015,-5.5387),(-14.9313,-7.40306),(-12.527,-51.4198)]
triangle[(14.3164,10.9291),(14.1511,6.01807),(20.8771,5.7917)]
triangle[(-4.05273,-0.965195),(18.6415,5.42341),(10.8244,33.1919)]
triangle[(10.5119,-20.7206),(-19.8514,13.8768),(-81.2922,-40.0446)]
triangle[(11.3541,8.96005),(-11.1185,-3.79434),(11.1967,-43.1126)]
triangle[(-12.6098,-12.835),(16.5592,-16.4576),(22.8487,34.1852)]
triangle[(4.79788,-0.0558379),(-8.95487,-20.48),(28.1234,-45.4469)]
triangle[(5.78548,-13.1799),(3.79235,16.008),(-27.1316,13.8964)]
triangle[(-20.46,19.9406),(5.90509,-8.26697),(48.5274,31.5714)]
triangle[(-8.25808,-9.35496),(-12.2035,-8.69914),(-13.3364,-15.5143)]
triangle[(-8.4091,10.0925),(12.9372,16.5468),(1.69743,53.7199)]
triangle[(5.32199,2.26888),(-19.3335,-18.4617),(8.92034,-52.0648)]
triangle[(-20.9042,-19.2058),(-8.89294,-17.0615),(-11.9891,0.281319)]
triangle[(5.64312,-8.20413),(-3.84964,-18.6452),(8.51449,-29.8864)]
triangle[(-14.7128,19.304),(-14.3931,13.1589),(-5.13414,13.6408)]
triangle[(-14.7807,-11.5199),(-17.3755,1.878),(-36.9,-1.90334)]
triangle[(1.33919,-2.45498),(-6.18616,2.99165),(-12.8555,-6.22301)]
triangle[(-7.53508,1.79798),(16.5211,14.2737),(-5.96533,57.633)]
triangle[(-6.25945,-5.74727),(-2.75242,13.6908),(-37.7652,20.0079)]
triangle[(-0.240422,12.435),(18.1566,17.2521),(11.7671,41.6543)]
triangle[(-16.6491,13.1189),(10.8863,4.40143),(22.2295,40.2309)]
triangle[(5.0946,-1.73837),(8.80218,-4.15623),(12.4993,1.51303)]
triangle[(2.77007,-7.11091),(19.2762,17.8319),(-24.983,47.1207)]
triangle[(16.7939,-1.60578),(15.077,6.16367),(5.61433,4.07253)]
triangle[(-6.35769,-3.58088),(12.2782,-18.6435),(38.4181,13.6975)]
triangle[(19.9818,6.71825),(-16.8681,16.3244),(-32.6775,-44.3221)]
triangle[(17.1241,-11.3598),(-3.34392,18.1807),(-48.2398,-12.9268)]
triangle[(-1.35216,-9.28465),(1.09996,7.6864),(-20.079,10.7465)]
triangle[(1.27988,-9.38331),(7.1536,-17.173),(17.0294,-9.7263)]
triangle[(4.16678,-20.137),(1.44037,-9.01778),(-12.9272,-12.5407)]
triangle[(-19.8538,7.70001),(2.70815,-14.974),(44.1796,26.2924)]
triangle[(17.1489,19.0936),(-2.67672,-1.43909),(24.2183,-27.4079)]
triangle[(-4.02602,-10.0798),(-0.844314,-5.57838),(-7.01867,-1.21417)]
triangle[(-8.57223,12.434),(20.007,-15.8155),(58.505,23.132)]
triangle[(20.728,15.9838),(18.0258,-14.3806),(75.0712,-19.4571)]
triangle[(8.52075,-10.7194),(3.81247,-1.74857),(-10.5484,-9.2858)]
triangle[(-18.3319,-16.9234),(18.1766,20.9093),(-43.9244,80.8367)]
triangle[(12.5151,-19.9512),(-11.1973,-20.5518),(-10.5278,-46.9875)]
triangle[(4.80972,-14.9415),(-5.50322,10.7283),(-39.6778,-3.00143)]
triangle[(11.0085,-8.81292),(0.952832,-15.6896),(11.4891,-31.0966)]
triangle[(15.0203,17.9408),(-18.8756,-1.8183),(8.3514,-48.5251)]
triangle[(-17.7026,-19.4544),(14.1876,5.21824),(-15.726,43.8826)]
triangle[(20.0612,-11.0063),(12.7955,19.1727),(-33.3335,8.0669)]
triangle[(-13.0906,7.41569),(16.3847,-18.4301),(47.1541,16.6603)]
triangle[(14.2333,0.954287),(2.6563,6.3398),(-5.1912,-10.5296)]
triangle[(-17.8086,8.39896),(20.2174,-6.79849),(49.9436,67.5803)]
triangle[(19.2743,-2.61897),(-7.98774,-17.3179),(15.5021,-60.8844)]
triangle[(14.6529,0.515097),(-20.1096,20.1607),(-46.9088,-27.2598)]
triangle[(-20.4053,-0.419813),(-4.15213,-12.9442),(12.635,8.84078)]
triangle[(-17.5833,4.5901),(16.048,14.6549),(5.56689,49.6772)]
triangle[(19.8992,-5.86679),(-2.28788,-6.52767),(-1.50425,-32.8357)]
triangle[(-18.8211,18.3641),(-16.8525,5.60895),(-0.264326,8.16911)]
triangle[(17.3285,19.0757),(-19.0106,-9.53357),(24.5884,-64.9126)]
triangle[(13.7409,4.66186),(3.42049,8.78206),(-3.03585,-7.39005)]
triangle[(-6.06446,12.4139),(6.85615,9.41099),(10.5791,25.4297)]
triangle[(-7.56518,13.9199),(1.1986,1.73521),(15.4055,11.9534)]
triangle[(1.81564,16.2482),(-8.09474,-10.5822),(40.6331,-28.5809)]
triangle[(14.1123,-8.72365),(-2.66297,-6.1649),(-6.5265,-31.4944)]
triangle[(-1.69252,15.0673),(-16.7921,-2.07021),(17.47,-32.2581)]
triangle[(-10.4965,-4.97506),(-8.07525,11.3326),(-31.2045,14.7667)]
triangle[(-17.2774,5.46464),(-19.9334,6.95605),(-22.6031,2.20167)]
triangle[(0.761631,-19.5589),(14.9842,-16.0028),(9.78338,4.79839)]
triangle[(1.54609,11.3653),(16.3259,0.580608),(36.7111,28.5174)]
triangle[(2.19288,15.6138),(-12.3982,-5.14535),(27.214,-32.9877)]
triangle[(8.14018,10.9769),(-16.9998,14.2216),(-23.0622,-32.7503)]
triangle[(-4.1467,-9.77771),(-7.72284,12.6697),(-47.4012,6.34845)]
triangle[(1.00438,11.371),(-10.2206,-4.78155),(8.4123,-17.7302)]
triangle[(17.314,1.39112),(-5.29128,-12.6167),(21.0087,-55.0586)]
triangle[(-9.52388,8.63604),(-17.9322,-11.9715),(14.4046,-25.1657)]
triangle[(-1.3634,10.0172),(-10.2303,-7.54401),(18.8051,-22.2043)]
triangle[(9.73217,-12.9007),(9.8099,17.8809),(-25.5484,17.9701)]
triangle[(2.69655,6.23651),(1.35608,17.7368),(-17.64,15.5226)]
triangle[(-15.4101,-10.0177),(-4.73971,-11.1171),(-2.81763,7.5379)]
triangle[(10.6476,-19.2901),(-19.2129,13.9463),(-73.259,-34.6103)]
triangle[(-7.7905,-3.77176),(-4.00115,-3.89242),(-3.78294,2.96041)]
triangle[(4.15915,10.1892),(4.13094,-19.0016),(37.5604,-19.0339)]
triangle[(18.1799,-16.4123),(-7.90668,15.3685),(-48.6128,-18.0441)]
triangle[(14.7378,-5.35982),(3.58814,14.7985),(-22.9464,0.122126)]
triangle[(5.18552,8.42111),(-3.67715,14.5472),(-13.8089,-0.110422)]
triangle[(-13.8564,-8.518),(-1.36695,-7.05063),(-3.36765,9.97816)]
triangle[(7.42463,0.70595),(8.97804,2.63902),(5.27882,5.6117)]
triangle[(15.5309,-0.394002),(-9.78314,13.2743),(-26.0089,-16.7761)]
triangle[(-7.74001,-16.5613),(-4.9605,-19.1737),(-1.79107,-15.8016)]
triangle[(-6.09789,12.4502),(18.8382,5.10187),(32.7245,52.2245)]
triangle[(-16.8196,15.8687),(-11.0921,-17.8754),(43.5499,-8.60084)]
triangle[(-14.6408,-3.50008),(-1.33829,-10.2752),(11.4207,14.7764)]
triangle[(2.37401,1.82951),(-2.23581,-8.81075),(18.523,-17.8044)]
triangle[(-11.29,-12.3966),(-17.7581,-20.7528),(-3.51343,-31.7791)]
triangle[(0.811099,-8.5166),(-14.8325,-1.19741),(-25.2993,-23.5686)]
triangle[(17.9533,-8.42257),(-5.35643,-9.15459),(-4.48554,-36.8865)]
triangle[(-19.7447,13.3118),(9.51866,-8.2288),(45.7199,40.9514)]
triangle[(-8.09743,8.49493),(12.5365,-0.705919),(23.0375,22.8438)]
triangle[(6.43976,-17.727),(-6.28498,13.5279),(-48.7096,-3.74434)]
