triangle[(13.0284,3.74361),(-8.08377,2.33963),(-6.24905,-25.2495)]
triangle[(5.95397,11.2621),(-7.95984,16.9702),(-17.8506,-7.13875)]
triangle[(-3.2824,18.1882),(-7.77426,7.86657),(6.3489,1.72032)]
triangle[(7.01128,-10.0885),(14.1607,6.57059),(-6.84309,15.5845)]
triangle[(2.47749,-14.4354),(-14.3675,10.698),(-62.0796,-21.2799)]
triangle[(2.36391,14.3464),(-13.4889,16.7302),(-17.0224,-6.76867)]
triangle[(17.7314,-19.6345),(8.05917,-20.9804),(9.62926,-32.2639)]
triangle[(-2.17019,15.0312),(4.61257,11.5627),(9.127,20.3908)]
triangle[(-16.3636,17.6225),(20.9922,17.2392),(21.7222,88.3801)]
triangle[(1.04062,-17.1873),(-15.5073,-14.7218),(-19.8613,-43.9447)]
triangle[(-6.44312,10.9254),(13.4323,-18.2948),(69.1721,19.619)]
triangle[(-16.7838,-17.7206),(-6.68342,-10.011),(-16.2149,2.47621)]
triangle[(19.9387,-0.0807558),(-1.54558,-1.11714),(-0.135358,-30.3513)]
triangle[(-13.2977,10.3753),(14.7336,9.68404),(15.4615,39.1996)]
triangle[(-20.3472,2.20878),(15.8781,12.6032),(0.587185,65.8935)]
triangle[(-4.75613,-13.3828),(4.27603,-5.47024),(-8.85739,9.52146)]
triangle[(-3.46126,-14.2195),(16.593,14.2261),(-15.5303,36.8732)]
triangle[(-6.12199,5.04288),(-10.8878,4.28563),(-9.97903,-1.43387)]
triangle[(6.21164,-17.1286),(13.5176,-18.0365),(14.9202,-6.75062)]
triangle[(18.3923,-16.153),(19.252,-7.43276),(5.73758,-6.10044)]
triangle[(14.6538,1.40925),(-4.42347,-7.49532),(10.202,-38.8293)]
triangle[(-4.83557,3.34971),(14.9621,19.8237),(-3.40511,41.8965)]
triangle[(-2.62411,-9.01907),(10.1932,-8.11471),(9.04807,8.11538)]
triangle[(6.55062,19.8013),(7.08896,-0.00349423),(41.9744,0.94476)]
triangle[(15.9371,-3.22006),(-20.5217,15.3372),(-53.7734,-49.9913)]
triangle[(-8.61525,-1.30585),(-15.5188,15.3544),(-43.1257,3.91486)]
triangle[(-7.55172,4.79654),(15.0073,9.93765),(7.01325,45.0154)]
triangle[(-3.41106,7.59395),(-18.1455,1.89337),(-11.9202,-14.1972)]
triangle[(-7.7075,-7.09281),(-4.31138,3.51327),(-17.3173,7.67782)]
triangle[(9.72515,3.10014),(-4.98288,20.4285),(-25.4796,3.03129)]
triangle[(-16.9603,16.1488),(1.04586,-5.05684),(24.1096,14.5271)]
triangle[(0.213751,-3.68569),(17.6544,4.21554),(9.48499,22.2483)]
triangle[(-19.1853,-7.19694),(12.7781,-6.07109),(10.9968,44.5006)]
triangle[(10.5188,6.95093),(18.7694,19.9454),(-3.07514,33.8152)]
triangle[(8.60681,-8.65142),(-18.2002,12.3569),(-47.8755,-25.5093)]
triangle[(-20.7701,18.4703),(20.7997,7.1296),(34.0642,55.7512)]
triangle[(10.2538,2.80598),(-13.6184,17.2239),(-38.375,-23.7666)]
triangle[(6.86406,17.2066),(1.35783,7.7413),(17.6945,-1.76219)]
triangle[(0.826497,-15.5666),(14.8831,-10.1705),(7.86541,8.11024)]
triangle[(3.3233,-7.19846),(-19.7544,11.5058),(-56.7779,-34.1747)]
triangle[(20.5938,6.72678),(-8.00644,15.0191),(-22.3816,-34.5605)]
triangle[(-5.73717,20.2063),(6.61894,4.94167),(35.2144,28.0885)]
triangle[(-14.5266,16.8343),(-14.591,-0.402169),(5.47933,-0.477103)]
triangle[(10.043,4.98233),(-1.90024,-7.23165),(12.8399,-21.645)]
triangle[(12.6782,13.9934),(13.8976,2.10647),(37.1223,4.4889)]
triangle[(-13.2381,11.2143),(13.1193,-3.25526),(41.5184,48.4757)]
triangle[(-5.67539,-13.367),(3.41045,-7.84272),(-7.23861,9.6718)]
triangle[(-12.0668,0.494126),(-9.00681,7.11117),(-18.743,11.6136)]
triangle[(9.06451,8.64345),(12.3174,-3.39561),(35.8725,2.96888)]
triangle[(10.0664,-6.11856),(-9.44455,19.7247),(-42.8919,-5.52715)]
triangle[(5.71449,-10.4423),(-3.84451,10.7973),(-39.4833,-5.24212)]
triangle[(7.99555,-5.28158),(-1.38144,4.46309),(-13.3279,-7.03258)]
triangle[(-16.0648,-20.7257),(2.14194,12.0972),(-31.0368,30.5013)]
triangle[(-5.78804,13.1714),(-2.93305,-11.2098),(34.5265,-6.82335)]
triangle[(-1.56503,9.17358),(-14.0391,1.72171),(-2.66603,-17.3162)]
triangle[(-20.2121,15.002),(-15.4821,12.0493),(-11.396,18.5948)]
triangle[(-14.4919,11.4925),(-10.2697,-17.3384),(27.7359,-11.7726)]
triangle[(-10.0629,-0.30591),(-5.13202,-5.69879),(2.94265,1.68413)]
triangle[(9.94721,-19.173),(-19.0381,5.88015),(-49.9769,-29.9146)]
triangle[(0.0860967,-4.11025),(1.64744,16.3681),(-37.4448,19.3486)]
triangle[(17.9661,-2.11046),(-5.89433,3.97507),(-13.4157,-25.5149)]
triangle[(20.706,10.9759),(0.82533,-6.41677),(25.508,-34.6303)]
triangle[(10.5391,-0.518312),(-2.96078,14.935),(-21.2506,-1.04297)]
triangle[(20.3329,15.4261),(3.61725,-11.6605),(30.9006,-28.4975)]
triangle[(-6.20625,6.74303),(-18.5834,-10.407),(14.3698,-34.1892)]
triangle[(-18.6208,-8.04973),(9.2881,3.54044),(-11.1564,52.7705)]
triangle[(3.23616,-16.1293),(4.17046,-13.6965),(1.04257,-12.4952)]
triangle[(-20.7945,16.1091),(12.8491,3.87482),(25.3931,38.3702)]
triangle[(-9.46519,9.8567),(15.2758,17.3646),(2.8582,58.2848)]
triangle[(-6.80654,-20.8335),(-15.2919,0.676275),(-53.9126,-14.5591)]
triangle[(19.8815,-17.5771),(6.48665,11.9314),(-27.6023,-3.54267)]
triangle[(-13.6479,4.97107),(20.8464,3.43797),(23.1573,55.4325)]
triangle[(-0.0886789,6.87517),(16.122,18.0143),(-1.50545,43.6674)]
triangle[(2.9058,-20.7209),(-17.4473,-17.2692),(-22.1849,-45.2045)]
triangle[(13.708,5.77315),(18.8979,-10.6564),(46.1754,-2.03972)]
triangle[(-18.6949,0.216766),(13.8915,-5.05975),(24.1279,58.1573)]
triangle[(-6.25011,-20.2263),(14.4053,-18.4588),(12.4424,4.48009)]
triangle[(-10.5051,-3.59024),(20.6781,12.6888),(-4.05023,60.0569)]
triangle[(5.67786,1.42242),(-5.8954,7.3074),(-16.3232,-13.1997)]
triangle[(-7.03297,4.04153),(-17.4788,-19.1588),(8.64302,-30.92)]
triangle[(16.3296,-15.7118),(-2.49258,12.1917),(-53.515,-22.2252)]
triangle[(1.5117,3.9462),(4.5941,-15.0706),(36.8529,-9.84182)]
triangle[(-16.3394,15.3667),(-10.1916,16.7674),(-11.7567,23.6364)]
triangle[(8.25358,14.2718),(-9.41256,9.48695),(-3.37283,-12.8125)]
triangle[(0.56971,0.356614),(15.2923,18.3665),(-3.96217,34.1066)]
triangle[(10.7983,-19.8241),(19.9727,8.18274),(-25.8212,23.1837)]
triangle[(-17.7872,-5.62804),(-1.48425,-2.32633),(-4.96641,14.8676)]
triangle[(4.10224,19.7866),(-16.5052,-6.42597),(17.787,-33.3855)]
triangle[(-11.8662,-12.437),(-19.8425,7.07278),(-39.8039,-1.08806)]
triangle[(-20.2134,13.7397),(-17.5477,-11.4442),(17.6984,-7.71344)]
triangle[(1.23473,-4.4463),(-19.4632,19.0565),(-55.2923,-12.4967)]
triangle[(-19.2916,-16.2987),(20.9066,-15.9014),(20.2164,53.9433)]
triangle[(15.6015,-18.4826),(0.695442,1.59033),(-20.6843,-14.2862)]
triangle[(18.0838,16.8931),(19.8706,18.9951),(17.1532,21.305)]
triangle[(8.14505,-7.60592),(14.4301,8.12682),(-6.9412,16.6644)]
triangle[(9.06373,19.65),(13.7317,2.93768),(37.2904,9.51796)]
triangle[(13.2425,-12.8454),(9.89282,-3.10054),(-3.14865,-7.58337)]
triangle[(10.4018,-2.63983),(-16.9192,-20.9797),(7.51261,-57.3759)]
triangle[(9.4988,6.76637),(-12.2698,18.2965),(-32.8044,-20.4724)]
triangle[(3.83891,-10.1013),(-16.256,-3.8026),(-23.9572,-28.3717)]
triangle[(-5.84783,18.7936),(-9.63507,-11.8918),(44.9933,-18.6341)]
triangle[(-9.76643,2.03558),(20.7818,-14.759),(41.4947,22.9162)]
triangle[(0.961594,-2.09413),(-13.9763,-11.3409),(-1.4292,-31.6103)]
triangle[(-9.57429,2.08499),(12.0616,-6.12253),(27.2235,33.8459)]
triangle[(-5.8491,15.1074),(2.24148,6.33328),(18.8667,21.6634)]
triangle[(-8.62945,19.5243),(11.468,-16.5343),(77.9421,20.5155)]
triangle[(8.84579,1.55668),(15.3148,-7.03472),(32.2437,5.71207)]
triangle[(-13.3471,17.4243),(1.94571,12.6543),(8.66822,34.2068)]
triangle[(20.2356,-16.4411),(7.17103,20.82),(-31.832,7.14471)]
triangle[(-16.0962,17.7411),(2.24793,19.8153),(-0.42197,43.4282)]
triangle[(19.6879,-19.1359),(-4.01397,-6.13175),(-20.1592,-35.5586)]
triangle[(-3.41992,-8.77373),(-0.0512326,-5.95455),(-5.40852,0.44695)]
triangle[(17.4744,-11.1818),(-4.71635,-19.1516),(7.56861,-53.3572)]
triangle[(-19.5595,8.27674),(-10.5167,-7.37502),(9.11287,3.96593)]
triangle[(16.9408,18.7955),(17.8645,-11.7748),(70.2761,-10.1911)]
triangle[(8.91893,0.860989),(7.21367,18.5376),(-25.2951,15.4015)]
triangle[(-20.4285,9.64204),(17.2745,-18.4526),(48.1566,22.9912)]
triangle[(6.16911,-11.3224),(-18.2968,12.1702),(-52.6288,-23.5842)]
triangle[(5.87628,-3.42785),(17.8775,19.9834),(-22.7483,40.8092)]
triangle[(11.6817,-5.23929),(-10.3304,13.3113),(-41.7666,-23.9909)]
triangle[(-1.43632,-13.1905),(-2.6757,-4.9751),(-15.739,-6.94586)]
triangle[(16.3489,-12.5728),(20.8439,-4.72275),(11.2876,0.749201)]
triangle[(-12.1323,-1.88651),(-14.3657,4.85421),(-27.199,0.602125)]
triangle[(-19.8265,9.97139),(18.4836,-2.89657),(31.9485,37.1907)]
triangle[(-7.93973,-18.8342),(0.554503,1.63911),(-36.7556,17.1188)]
triangle[(5.20066,2.19862),(7.02711,17.6464),(-19.3111,20.7605)]
triangle[(-13.1966,10.4473),(-0.376922,13.4936),(-3.51167,26.6853)]
triangle[(17.14,5.59525),(-15.7097,15.9261),(-26.8425,-19.4737)]
triangle[(18.1253,-2.08879),(-1.5987,4.00168),(-9.9889,-23.17)]
triangle[(-11.1842,-3.50814),(-14.0438,-1.6426),(-16.8336,-5.91899)]
triangle[(-18.5982,16.9326),(-1.48416,-20.0614),(45.6277,1.73328)]
triangle[(-20.6301,-10.2203),(16.7376,-7.65422),(14.0288,31.791)]
triangle[(0.707345,16.1368),(-14.6227,3.33768),(6.3621,-21.7968)]
triangle[(13.9806,9.7466),(18.7246,18.0469),(8.53862,23.8687)]
triangle[(-11.5673,-20.0183),(16.2667,-6.60387),(-2.41283,32.155)]
triangle[(-0.395692,9.13712),(-19.6913,-8.27417),(1.07725,-31.2905)]
triangle[(20.4289,-20.9366),(-5.92814,-3.63275),(-28.5703,-38.1211)]
triangle[(-8.5876,6.46413),(-12.0669,0.530893),(-5.89405,-3.08887)]
triangle[(-20.0604,18.7846),(4.83239,-1.49047),(42.3318,44.5495)]
triangle[(12.9738,18.8542),(14.4803,2.09135),(43.106,4.66387)]
triangle[(19.4135,-12.6173),(-17.292,-4.45524),(-31.205,-67.0232)]
triangle[(-18.7914,-6.53896),(10.5041,-18.5272),(23.7454,13.8304)]
triangle[(-16.1861,-16.5195),(11.8725,19.1199),(-29.9007,52.0075)]
triangle[(-7.19592,-18.578),(5.39967,18.2214),(-56.6934,39.4744)]
triangle[(-18.3368,3.51315),(3.73546,-6.9877),(16.3686,19.5666)]
triangle[(10.9797,-3.48505),(10.6197,16.0525),(-11.6431,15.6424)]
triangle[(-5.02132,-6.37369),(-20.5347,2.32055),(-37.9203,-28.7011)]
triangle[(-7.93155,-6.11552),(-10.6089,-12.5942),(-0.555276,-16.7489)]
triangle[(-12.0515,1.15095),(8.93271,-9.95169),(21.0122,12.8788)]
triangle[(20.5173,6.63425),(18.7576,-2.62312),(36.8834,-6.06861)]
triangle[(-15.7817,-19.9539),(-15.6926,11.4853),(-66.2966,11.6286)]
triangle[(2.17166,-2.39248),(10.275,9.65398),(-12.8858,25.2336)]
triangle[(18.9218,-18.864),(7.64476,-18.313),(6.68314,-37.993)]
triangle[(12.839,2.25508),(20.5473,0.249676),(23.276,10.7383)]
triangle[(-19.0335,-5.04337),(18.702,-7.65804),(21.8381,37.6028)]
triangle[(-7.91799,-9.27015),(-14.3986,-7.63897),(-16.9178,-17.6477)]
triangle[(10.9787,-14.0489),(-1.71088,-5.32005),(-17.1554,-27.7725)]
triangle[(-10.2723,9.46669),(16.7282,-20.3739),(48.5548,8.42369)]
triangle[(-0.789868,-10.0695),(-19.4204,-12.6316),(-16.3671,-34.834)]
triangle[(3.2931,-14.3713),(0.748207,0.854136),(-20.3218,-2.66767)]
triangle[(16.3798,-15.4712),(-6.32921,-18.5971),(-1.01231,-57.2238)]
triangle[(4.73888,-7.35969),(-16.0543,19.9554),(-52.9692,-8.14559)]
triangle[(4.5029,13.5036),(-10.8186,0.881775),(6.20022,-19.7773)]
triangle[(16.2994,14.7798),(-11.6196,7.82491),(1.07785,-43.1468)]
triangle[(6.10858,10.9912),(-6.04083,13.8128),(-11.6016,-10.1311)]
triangle[(-20.9694,5.69111),(-10.4062,12.3508),(-21.223,29.5077)]
triangle[(9.89554,-6.16621),(-3.91823,19.6513),(-43.2572,-1.39712)]
triangle[(18.1404,20.071),(-18.9368,3.86321),(5.91714,-52.9931)]
triangle[(-15.9395,-16.4732),(19.6212,3.09151),(-19.0004,73.29)]
triangle[(12.0855,3.27237),(-19.3559,8.8078),(-26.4097,-31.258)]
triangle[(18.1058,2.98471),(12.0401,13.9335),(-4.54649,4.74452)]
triangle[(4.60714,-17.373),(-2.64487,-0.589708),(-26.4521,-10.8767)]
triangle[(19.4253,-0.660495),(1.95473,-16.6434),(32.7335,-50.2869)]
triangle[(-4.73897,-14.5114),(-19.0476,-4.02929),(-33.7576,-24.1091)]
triangle[(1.00149,-14.717),(-6.48543,-19.6806),(-0.751018,-28.3302)]
triangle[(16.8992,-2.55681),(1.4272,6.09417),(-15.4765,-24.1376)]
triangle[(-14.0815,10.2121),(11.9682,7.69052),(15.0456,39.4832)]
triangle[(-3.24821,13.6554),(-19.9915,-18.8442),(44.7223,-52.1837)]
triangle[(19.7988,13.6771),(20.9097,-9.76878),(53.3386,-8.23225)]
triangle[(12.8508,7.01615),(16.3794,7.62402),(15.7124,11.4954)]
triangle[(13.5461,4.73652),(-3.33465,15.4011),(-14.9453,-2.97702)]
triangle[(12.5616,-5.78174),(-0.27459,-1.4452),(-8.30142,-25.2046)]
triangle[(15.2222,20.1168),(0.348143,-6.41439),(34.2952,-25.446)]
triangle[(-20.7592,-6.44046),(-8.65493,4.77573),(-21.7849,18.9453)]
triangle[(1.91792,-15.1909),(-9.95685,-10.432),(-15.0823,-23.2216)]
triangle[(-12.0654,9.22157),(6.18561,4.9473),(12.0325,29.9136)]
triangle[(-8.34321,-12.2722),(19.615,-13.9836),(22.3019,29.9115)]
triangle[(-14.7725,-13.8273),(-6.75503,1.33041),(-26.433,11.7389)]
triangle[(-8.62318,6.18079),(-15.3469,10.7861),(-23.86,-1.64297)]
triangle[(4.52568,-6.3912),(12.1252,-7.04891),(12.8814,1.68898)]
triangle[(-17.8419,-2.11199),(-16.6057,-14.5182),(3.58629,-12.5062)]
triangle[(11.4299,11.6285),(-14.3071,12.9434),(-16.7582,-35.031)]
triangle[(10.6164,-3.16322),(12.7427,9.31168),(-4.13765,12.189)]
triangle[(0.893108,11.0377),(8.3757,-0.109327),(20.5347,8.05253)]
triangle[(-18.8063,-13.5871),(5.25658,13.6886),(-46.1693,59.0571)]
triangle[(19.2861,18.3296),(-16.9209,15.5141),(-11.5691,-53.311)]
triangle[(14.9286,20.3933),(17.175,12.5116),(27.4917,15.4519)]
triangle[(8.08554,8.64652),(16.3781,-18.1316),(52.8447,-6.83873)]
triangle[(8.69871,10.0433),(-8.76382,8.77334),(-7.03832,-14.9524)]
triangle[(-15.9742,6.58795),(11.2861,0.528631),(17.5726,28.811)]
triangle[(14.3373,-11.6525),(0.681553,2.42057),(-23.9326,-21.4635)]
triangle[(-5.39878,-1.13191),(0.463768,17.2542),(-18.0995,23.1732)]
triangle[(-7.16403,-10.4237),(-17.1905,-12.7797),(-13.2083,-29.7276)]
triangle[(1.85859,-3.57473),(-16.9955,13.2264),(-38.0165,-10.3633)]
triangle[(10.3119,5.07721),(20.1483,12.3528),(12.11,23.2204)]
triangle[(20.0782,7.03096),(-12.9888,-5.60533),(0.80938,-41.7129)]
triangle[(-8.03882,8.82608),(15.7913,16.142),(6.6981,45.7611)]
triangle[(-12.3829,18.2758),(-8.83203,15.7646),(-6.30337,19.3403)]
triangle[(-17.5314,0.178465),(-0.571289,9.90701),(-13.6882,32.7743)]
triangle[(5.92708,-6.00357),(-6.95515,9.90667),(-31.911,-10.2996)]
triangle[(9.34342,12.1908),(15.9903,1.88525),(29.4023,10.5358)]
triangle[(10.2942,2.79607),(-13.8533,15.648),(-32.6911,-19.7462)]
triangle[(-19.4511,14.2756),(-10.826,10.0111),(-3.31097,25.2108)]
triangle[(-1.87515,-18.0948),(13.2361,7.43238),(-15.2215,24.2784)]
triangle[(-0.772917,-15.166),(-7.3457,17.3785),(-49.2188,8.92169)]
triangle[(16.2455,-2.96498),(-11.0148,-16.8585),(11.7777,-61.5792)]
triangle[(-15.5668,-7.08142),(0.118294,2.66864),(-14.8681,26.7776)]
triangle[(-11.0063,20.744),(-17.5062,10.6754),(0.298607,-0.818663)]
triangle[(19.2624,4.77264),(-16.8578,5.41836),(-17.7893,-46.6896)]
triangle[(-13.3513,11.8572),(0.165688,5.82249),(8.35234,24.1595)]
triangle[(5.27612,-4.41928),(-16.9555,9.87116),(-45.3006,-34.2253)]
triangle[(4.63829,1.83119),(-14.3834,-4.68838),(-1.56916,-42.0755)]
triangle[(16.4901,-3.75715),(19.2514,11.0889),(-4.36211,15.4809)]
triangle[(-20.3605,4.40453),(-9.30967,-19.5066),(35.9183,1.39602)]
triangle[(0.463692,4.05292),(-16.1142,0.817253),(-10.6536,-27.1602)]
triangle[(19.312,-20.3478),(13.7384,1.89435),(-22.016,-7.06523)]
triangle[(-9.14752,5.50078),(4.24467,-0.953637),(14.8729,21.0988)]
triangle[(19.7291,2.65884),(-7.46645,-18.6846),(31.9335,-68.8876)]
triangle[(4.17519,18.1369),(-16.8774,15.4922),(-13.9043,-8.17396)]
triangle[(-17.1772,-16.5086),(12.7532,-0.449895),(-6.67781,35.7657)]
triangle[(11.9548,-5.7666),(8.87979,-3.99583),(6.77881,-7.64422)]
triangle[(18.0591,-6.82567),(-19.0193,-8.11076),(-17.1792,-61.2023)]
triangle[(-16.6994,-7.51218),(15.5238,-15.5254),(31.5101,48.7597)]
triangle[(-7.1774,-1.39621),(17.0382,-16.611),(35.8646,13.3527)]
triangle[(11.0128,-16.9461),(20.1971,3.75696),(-18.2228,20.8008)]
triangle[(-15.6568,-6.33292),(13.7226,-17.7251),(28.4789,20.3302)]
triangle[(12.6331,-1.19056),(19.7938,-18.4744),(40.6082,-9.85092)]
triangle[(13.1047,-15.0132),(-16.2077,4.80032),(-39.6198,-29.8358)]
triangle[(-13.9108,10.7365),(20.9016,-4.84161),(37.1605,31.4922)]
triangle[(19.9282,-12.4675),(-17.7584,8.72636),(-46.1458,-41.7517)]
triangle[(3.55091,-20.5702),(11.8883,7.5113),(-36.0804,21.7532)]
triangle[(-5.60485,-4.26234),(-3.78696,3.75452),(-16.9253,6.73377)]
triangle[(2.27392,-7.04024),(17.3594,-13.2771),(23.9033,2.55115)]
triangle[(14.5745,7.30292),(-4.81168,12.5108),(-13.0367,-18.1069)]
triangle[(18.0288,-2.34242),(-1.21813,6.73187),(-15.0067,-22.5141)]
triangle[(14.2833,8.46544),(-20.6835,-18.9795),(31.4486,-85.3995)]
triangle[(-6.19275,-9.05842),(-1.64537,-7.42865),(-4.41974,0.312382)]
triangle[(17.2151,-5.5805),(9.43304,-14.7752),(18.7456,-22.657)]
triangle[(-18.2412,17.9644),(-10.1207,-9.20645),(40.8091,6.01492)]
triangle[(-17.1172,-17.9001),(-3.96554,1.82751),(-32.1229,20.5989)]
triangle[(8.58701,-8.48654),(-5.96494,16.6849),(-33.1154,0.988814)]
triangle[(3.13236,19.924),(9.43579,-8.09103),(64.9301,4.39528)]
triangle[(-8.56557,7.26004),(-15.9185,12.8185),(-25.6477,-0.0516071)]
triangle[(13.8867,7.12881),(-2.96332,-4.61784),(17.1417,-33.4577)]
triangle[(8.33467,17.7075),(12.2335,12.9184),(17.0858,16.8686)]
triangle[(-14.5404,20.2029),(-8.31911,-6.12751),(28.858,2.65658)]
triangle[(-16.3054,-19.4733),(6.59248,-11.6208),(-8.32175,31.8687)]
triangle[(10.0057,-17.9209),(3.81476,-2.32095),(-16.6847,-10.4563)]
triangle[(5.86546,7.92182),(-15.8037,9.14997),(-17.2284,-15.9874)]
triangle[(-13.8531,-8.75068),(-13.9719,-0.551151),(-29.3948,-0.774535)]
triangle[(12.7107,9.47902),(2.82954,-9.97825),(33.5726,-25.5907)]
triangle[(-15.7488,9.01058),(1.49587,6.89939),(4.74515,33.4402)]
triangle[(-1.86053,-19.4001),(-4.91977,-16.2391),(-9.88898,-21.0484)]
triangle[(-12.5634,1.56168),(-14.5667,13.3601),(-37.4861,9.46855)]
triangle[(9.74316,-4.94899),(-14.5995,-9.43193),(-8.78029,-41.0303)]
triangle[(18.4459,-9.20669),(14.3055,12.9165),(-9.88096,8.38985)]
triangle[(-7.73529,10.0615),(-13.2748,17.766),(-24.2691,9.86115)]
triangle[(-7.4617,-6.26408),(-8.03947,-3.25231),(-11.1631,-3.85154)]
triangle[(-17.802,12.5964),(-1.06749,-20.7538),(41.6353,0.673781)]
triangle[(2.80609,8.87285),(8.56681,11.7741),(4.31881,20.2089)]
triangle[(8.23574,-3.18011),(16.9117,-0.0956504),(13.5239,9.43358)]
triangle[(14.0189,-4.44228),(0.0881102,10.2302),(-20.5254,-9.34116)]
triangle[(4.77901,10.3746),(-8.39278,-2.39733),(13.2776,-24.7462)]
triangle[(-6.36933,12.3902),(7.08632,10.8847),(9.61327,33.4704)]
triangle[(11.4487,20.6634),(-15.6495,13.6348),(-7.98089,-15.9307)]
triangle[(16.0487,7.08654),(-18.4119,-6.32287),(2.812,-60.8656)]
triangle[(1.04,-14.911),(6.38776,-18.6193),(13.1235,-8.9058)]
triangle[(14.0501,-11.475),(-4.35015,19.2547),(-48.5569,-7.21529)]
triangle[(-1.68328,-17.7066),(-6.74769,-17.3596),(-7.35864,-26.274)]
triangle[(9.63295,5.55099),(6.03956,10.5181),(0.908502,6.80607)]
triangle[(4.42274,-17.1274),(-6.79044,12.2842),(-49.2741,-3.91263)]
triangle[(-16.8428,1.69332),(15.758,19.6862),(-14.5841,74.6622)]
triangle[(6.95086,13.0923),(-0.187119,12.7293),(0.408645,1.01515)]
triangle[(-15.5254,11.5367),(-13.2985,2.79403),(-3.28838,5.34382)]
triangle[(-6.37474,-9.05805),(-1.53998,8.97329),(-23.2127,14.7844)]
triangle[(12.7374,8.20266),(19.5565,-13.9875),(61.2855,-1.1641)]
triangle[(-10.2898,18.9549),(-6.16176,-11.4837),(47.1865,-4.24872)]
triangle[(-20.0337,14.1948),(5.54825,-18.2694),(46.6385,14.1099)]
triangle[(-9.53635,3.0796),(9.21691,-18.4454),(48.6659,15.9238)]
triangle[(-13.6551,-14.2608),(19.1524,1.09801),(-5.39937,53.5423)]
triangle[(-0.661213,6.83763),(4.14686,9.03159),(0.670428,16.6502)]
triangle[(6.03064,10.5862),(-11.4528,3.34077),(2.42746,-30.1528)]
triangle[(-8.22304,-11.2333),(11.6447,-17.9366),(24.2693,19.4812)]
triangle[(-19.6891,-0.76667),(-13.6359,-14.8137),(8.54963,-5.25327)]
triangle[(12.3985,-4.98123),(-11.0439,14.6586),(-49.1308,-30.8025)]
triangle[(9.49262,-20.4461),(18.7452,-6.49392),(3.23777,3.78995)]
triangle[(-2.15806,-1.76981),(-10.5375,-20.7879),(25.7997,-36.7982)]
triangle[(-9.88046,6.19874),(1.23529,13.7123),(-7.70139,26.9334)]
triangle[(5.61366,-15.4434),(20.3335,17.6522),(-19.3551,35.3044)]
triangle[(20.4878,-16.2657),(7.33771,-20.0792),(11.7818,-35.4036)]
triangle[(-3.05592,12.3385),(10.8754,-10.0904),(46.0743,11.7728)]
triangle[(6.00623,9.34175),(10.5012,-18.7147),(44.8648,-13.2092)]
triangle[(-20.0297,15.0125),(-15.4715,16.3785),(-17.9949,24.7982)]
triangle[(1.07667,17.6759),(9.11146,3.48971),(26.3799,13.2702)]
triangle[(-9.24967,19.051),(-5.24754,-6.89056),(24.6581,-2.27688)]
triangle[(-7.8474,3.16905),(-10.7045,-12.6751),(7.01842,-15.871)]
triangle[(-19.5548,14.5603),(-11.1814,0.533949),(15.099,16.2226)]
triangle[(-6.46883,10.5563),(15.1673,-13.0739),(40.5739,10.1887)]
triangle[(6.88831,8.95073),(-1.87243,6.05384),(2.01175,-5.69266)]
triangle[(10.5601,-20.4447),(-8.03978,-4.67935),(-28.2565,-28.5311)]
triangle[(19.2745,-17.0051),(-12.759,-9.8273),(-20.7281,-45.392)]
triangle[(-5.74739,-16.9969),(9.67274,-14.9089),(6.69018,7.11778)]
triangle[(-9.43905,13.1257),(-0.266743,-8.69015),(27.0894,2.81155)]
triangle[(-4.64192,5.09772),(16.0347,-3.60546),(32.4787,35.4614)]
triangle[(-7.4673,-14.9605),(15.657,-11.0671),(8.96627,28.6711)]
triangle[(15.4391,5.08152),(15.686,-8.12833),(36.7705,-7.73427)]
triangle[(18.0146,3.93594),(-19.3409,-14.8267),(10.7376,-74.7113)]
triangle[(2.81269,-2.438),(-5.45192,13.7446),(-27.5559,2.45586)]
triangle[(20.9095,-17.3785),(20.5068,11.9446),(-12.2889,11.4942)]
triangle[(-20.2508,-19.2484),(20.6761,12.594),(-18.0922,62.4226)]
triangle[(-1.79675,16.5985),(-6.28235,2.49388),(20.3681,-5.98161)]
triangle[(-13.1226,3.51687),(-14.5355,12.8886),(-24.17,11.4361)]
triangle[(15.7658,20.215),(14.6464,2.91317),(41.2388,1.1928)]
triangle[(13.1924,13.1851),(-1.22123,-3.35665),(18.4297,-20.4795)]
triangle[(19.7094,1.7793),(18.5932,-3.27413),(28.0778,-5.36909)]
triangle[(18.321,-9.74088),(-11.0804,16.6698),(-42.6725,-18.4997)]
triangle[(8.8319,5.71481),(-6.80408,-10.8913),(22.908,-38.8676)]
triangle[(-13.5537,-11.025),(-20.1115,9.61335),(-46.7007,1.16469)]
triangle[(10.9634,12.7412),(-0.436655,-15.3022),(53.3042,-37.1485)]
triangle[(-0.973407,13.9436),(-18.3631,4.38385),(-4.79709,-20.2934)]
triangle[(6.53383,1.44766),(16.6939,-17.825),(41.3407,-4.83179)]
triangle[(-1.7945,-7.85252),(-6.96305,11.5547),(-39.2905,2.94524)]
triangle[(-14.2705,6.33393),(4.89101,-12.6026),(34.8478,17.71)]
triangle[(8.18231,-1.09382),(5.76255,12.3943),(-13.9347,8.86065)]
triangle[(9.56443,3.73688),(7.31555,-13.1671),(31.7445,-16.4171)]
triangle[(13.9417,19.4681),(-3.60887,-11.7991),(36.6827,-34.4152)]
triangle[(13.412,11.3005),(4.51655,1.34939),(23.2721,-15.4165)]
triangle[(1.70105,0.45012),(-2.19937,3.00854),(-7.19425,-4.60636)]
triangle[(-3.53678,3.52109),(16.5079,-13.9493),(36.7777,9.30734)]
triangle[(4.09309,-4.97791),(10.7482,15.7013),(-15.3848,24.1116)]
triangle[(-20.6961,-17.6674),(9.048,-11.5598),(2.02208,22.6564)]
triangle[(-14.2348,11.3523),(13.8251,-15.5303),(64.4026,37.2622)]
triangle[(-3.28846,7.89116),(-11.5283,-3.14798),(10.3424,-19.4727)]
triangle[(7.78731,-7.54917),(-8.99525,15.2683),(-47.0975,-12.7565)]
triangle[(13.3561,-14.2604),(-12.9123,12.4248),(-64.9785,-38.8284)]
triangle[(4.32478,-8.77538),(-4.17129,-4.45189),(-10.3834,-16.6593)]
triangle[(-15.8968,1.0213),(-10.4084,-5.36761),(-2.26563,1.62746)]
triangle[(17.5489,2.57157),(9.62142,15.0765),(-10.3229,2.43287)]
triangle[(13.899,-7.57133),(16.0304,-1.02703),(4.98615,2.57012)]
triangle[(-3.19792,-9.21786),(-10.7654,-19.623),(2.13945,-29.0084)]
triangle[(6.70314,-9.07684),(-3.92576,14.8948),(-51.4707,-6.18629)]
triangle[(-1.80193,-20.7546),(19.0379,-19.4888),(17.1338,11.8595)]
triangle[(-6.83293,3.55962),(-0.376779,-5.709),(11.9762,2.89562)]
triangle[(-13.4695,-6.82746),(-12.0666,-17.8479),(4.30988,-15.7632)]
triangle[(17.2771,-2.87796),(1.62485,12.8706),(-22.1836,-10.7923)]
triangle[(-18.4892,9.037),(-11.6076,-14.0685),(26.6879,-2.66284)]
triangle[(20.0121,0.848893),(-12.286,-15.6228),(15.3392,-69.7909)]
triangle[(3.383,14.5697),(-0.745248,-4.90762),(22.2017,-9.77127)]
triangle[(-5.99748,5.91043),(3.17648,-1.26171),(14.9897,13.8487)]
triangle[(-19.6844,1.75029),(-10.5378,-3.72167),(-2.28818,10.0679)]
triangle[(7.3343,-11.1676),(13.2202,20.9906),(-45.9333,31.8174)]
triangle[(1.27317,17.3713),(9.58844,15.7648),(12.3504,30.0603)]
triangle[(19.5009,-1.39104),(-16.4431,-16.4384),(0.222903,-56.2488)]
triangle[(-5.48866,-20.126),(-14.275,-16.9345),(-19.0091,-29.9677)]
triangle[(-6.95379,-17.7967),(-17.5516,-9.68002),(-30.4582,-26.532)]
triangle[(4.91316,3.37185),(20.6757,-7.53655),(36.5731,15.435)]
triangle[(0.0368414,-18.4973),(-16.1918,-15.6698),(-19.1967,-32.9169)]
triangle[(4.3672,-8.92431),(-11.4282,-15.0049),(-0.8547,-42.4711)]
triangle[(-14.2833,-19.9968),(9.63914,2.82693),(-17.9442,31.7381)]
triangle[(-8.46917,14.0538),(-3.15176,-5.51052),(20.2317,0.844913)]
triangle[(12.9707,-16.8431),(3.50741,-1.66081),(-16.8263,-14.3351)]
triangle[(-18.9979,-16.9272),(17.8742,-12.8802),(12.02,40.4585)]
triangle[(13.6892,5.21101),(-12.16,-20.916),(27.1569,-59.8151)]
triangle[(-11.8195,-7.42205),(-18.3735,3.61392),(-32.4656,-4.75496)]
triangle[(-5.70701,-1.95836),(2.21105,19.8016),(-23.4185,29.1277)]
triangle[(3.49281,0.804589),(8.74852,6.44208),(2.07364,12.6649)]
triangle[(11.2704,0.305171),(9.65754,-1.77446),(12.9179,-4.30312)]
triangle[(9.1377,-1.89791),(14.4691,-15.8783),(29.8848,-9.9996)]
triangle[(5.76998,-16.9007),(-15.6499,-3.01547),(-31.4935,-27.4564)]
triangle[(-18.8125,-1.4272),(0.495924,-18.7474),(19.38,2.30444)]
triangle[(2.08357,6.20226),(11.8812,4.58922),(13.9622,17.2295)]
triangle[(-5.89558,3.36844),(-2.88886,-6.75114),(14.0603,-1.71521)]
triangle[(15.4732,13.8904),(-19.9356,10.7526),(-16.573,-27.1932)]
triangle[(-0.554376,15.882),(16.7867,20.3018),(8.29214,53.6301)]
triangle[(5.04826,-18.7627),(4.15248,0.380477),(-18.7635,-0.691852)]
triangle[(-13.3807,19.3234),(6.00428,12.8442),(18.9174,51.4786)]
triangle[(-12.6581,-10.0091),(15.6297,6.3884),(-3.07928,38.6638)]
triangle[(14.9251,-12.9789),(-4.40743,-6.20343),(-15,-36.4275)]
triangle[(-9.59384,-18.3624),(-16.7956,-10.8557),(-24.9841,-18.7116)]
triangle[(-0.978842,-7.46784),(4.71341,17.3009),(-30.4176,25.3745)]
triangle[(3.59041,20.853),(12.2626,12.9222),(20.6746,22.1206)]
triangle[(18.2809,12.2257),(-18.5456,6.08261),(-7.85053,-58.0316)]
triangle[(-16.3507,-0.573227),(16.4891,0.158545),(15.2468,55.9091)]
triangle[(-12.8955,0.215113),(4.10101,-3.95497),(11.337,25.5376)]
triangle[(-16.4701,5.02837),(17.3021,-14.0027),(42.6195,30.9252)]
triangle[(14.8353,-16.1953),(5.29985,-20.4126),(13.2595,-38.4098)]
triangle[(20.3204,-19.1472),(1.42188,1.66387),(-24.5269,-21.9002)]
triangle[(-0.847487,-11.426),(-5.9721,-9.68488),(-7.91119,-15.3923)]
triangle[(5.78036,-19.5099),(-7.68504,9.91458),(-41.0726,-5.36444)]
triangle[(-10.5289,8.21585),(20.3102,-20.7868),(51.8693,12.7707)]
triangle[(-5.84319,-19.8343),(-10.9333,-12.3899),(-21.9726,-19.9381)]
triangle[(-10.4588,2.86701),(1.31893,-12.4804),(17.0887,-0.378536)]
triangle[(5.46218,8.73079),(6.36549,20.2447),(-12.345,21.7126)]
triangle[(-18.9963,3.49066),(-19.2853,-7.47158),(-5.74589,-7.82844)]
triangle[(-1.51414,-9.40038),(-1.53454,8.69497),(-31.4627,8.66123)]
triangle[(15.1384,2.64747),(20.0834,18.9867),(-9.00522,27.7903)]
triangle[(15.6789,-10.8756),(1.90509,11.3752),(-26.4111,-6.15324)]
triangle[(-4.28914,7.40862),(-1.8196,-6.4475),(24.8937,-1.68645)]
triangle[(18.2516,-9.85291),(20.6402,-18.1766),(32.8032,-14.6864)]
triangle[(2.76422,16.1168),(8.56927,-16.3646),(42.6292,-10.2774)]
triangle[(18.502,18.5852),(10.1903,15.4897),(15.3492,1.63754)]
triangle[(18.7054,-6.06046),(-0.474166,3.24258),(-15.383,-27.4941)]
triangle[(4.64561,14.8659),(-14.7189,-5.18752),(18.7066,-37.4649)]
triangle[(0.892884,10.9088),(-0.25985,17.5585),(-13.2375,15.3089)]
triangle[(11.4937,-13.8726),(-7.23891,-11.1759),(-12.2666,-46.1)]
triangle[(7.77203,-5.15656),(-0.577876,19.5611),(-49.8023,2.93259)]
triangle[(-2.42819,-20.4469),(-12.6135,11.2456),(-60.515,-4.14894)]
triangle[(-3.77363,-11.5123),(-20.1878,20.0722),(-71.3704,-6.52692)]
triangle[(11.7222,-6.12671),(-20.7259,15.3535),(-54.1638,-35.1579)]
triangle[(5.33987,18.5672),(18.7348,-4.90684),(56.2364,16.4925)]
triangle[(3.96638,18.532),(17.959,-17.4691),(57.1551,-2.23461)]
triangle[(14.8121,-19.0955),(8.95139,8.87769),(-37.1722,-0.785808)]
triangle[(-4.42105,11.256),(-7.59401,-10.8123),(33.4015,-16.7066)]
triangle[(17.7331,-10.5968),(-16.9521,0.579856),(-31.6443,-45.0154)]
triangle[(-15.7987,5.99405),(-8.93088,17.3538),(-26.016,27.6831)]
triangle[(7.25512,-19.8861),(-14.2141,-8.84878),(-35.7568,-50.7525)]
triangle[(2.58463,-18.0126),(-5.73829,5.57876),(-37.6001,-5.66194)]
triangle[(16.5093,12.2059),(-7.36042,-19.4471),(54.5356,-66.1233)]
triangle[(-3.8964,-6.61879),(-1.57162,7.23855),(-28.0809,11.6859)]
triangle[(-8.21159,14.1045),(-5.45687,-20.9544),(54.1453,-16.2712)]
triangle[(-12.465,-8.95521),(-8.29596,-10.1459),(-6.55647,-4.05518)]
triangle[(10.9878,19.5904),(-3.98718,9.34703),(14.9929,-18.4003)]
triangle[(19.5516,10.0975),(-10.7418,-2.97079),(2.69194,-34.1112)]
triangle[(15.3482,-19.3893),(-19.5238,5.69079),(-46.33,-31.5812)]
triangle[(-0.843333,-0.568062),(-4.61474,-10.1086),(12.1769,-16.7464)]
triangle[(3.53864,9.3833),(13.062,0.945934),(22.2661,11.3347)]
triangle[(-6.82922,15.0281),(18.7823,-12.9059),(66.4152,30.7669)]
triangle[(5.11164,-13.7835),(14.6174,-10.6505),(10.0596,3.17777)]
triangle[(4.55902,2.65226),(10.5146,-5.20631),(25.4216,6.09095)]
triangle[(2.40269,-6.90518),(17.4769,-16.2013),(32.9316,8.85942)]
triangle[(13.4702,-14.0892),(16.5874,-17.7066),(21.1769,-13.7516)]
triangle[(-2.51829,-14.5378),(14.2559,5.88915),(-18.2339,32.5692)]
triangle[(-2.41556,17.3139),(-0.337897,5.9742),(13.6252,8.53253)]
triangle[(4.92187,-0.664103),(5.91313,-19.8855),(44.0717,-17.9176)]
triangle[(9.95915,16.924),(-18.8541,1.61797),(10.9983,-54.5785)]
triangle[(-15.1534,-14.4819),(4.16641,-15.7833),(5.53733,4.56954)]
triangle[(19.6789,-1.5232),(-15.2932,-20.3641),(18.3405,-82.7943)]
triangle[(5.13972,-1.24541),(-3.6037,10.5567),(-15.6523,1.63068)]
triangle[(20.7932,20.7095),(-12.0211,-9.86454),(46.5029,-72.6768)]
triangle[(-8.07976,-14.1903),(20.2887,13.3757),(-13.8646,48.5232)]
triangle[(11.3513,-8.44483),(-12.3314,-15.1569),(-1.17291,-54.5282)]
triangle[(15.8246,18.5664),(-5.01828,7.0361),(14.1475,-27.6092)]
triangle[(10.7799,12.2544),(-5.93341,14.6187),(-9.80922,-12.7794)]
triangle[(3.18606,18.2216),(1.78688,-9.20003),(51.7496,-11.7494)]
triangle[(-8.79618,-9.30841),(2.73854,1.33387),(-10.9236,16.1417)]
triangle[(20.0093,-15.3446),(-9.30825,-3.53217),(-32.6234,-61.3986)]
triangle[(0.422072,13.323),(18.9499,-16.412),(65.1494,12.3748)]
triangle[(-15.3533,16.315),(-2.52572,15.56),(-1.44139,33.9824)]
triangle[(-10.1809,14.2714),(5.70524,1.28434),(24.8668,24.7233)]
triangle[(-16.0403,-2.02588),(-13.4801,-10.8861),(4.00021,-5.83511)]
triangle[(-2.13614,16.798),(8.12216,-10.9395),(58.3529,7.63765)]
triangle[(-13.4083,-14.3628),(6.41331,14.3808),(-32.7774,41.4068)]
triangle[(0.16857,-4.64509),(10.365,-6.02602),(12.4435,9.32098)]
triangle[(11.2551,-6.94959),(-6.01252,3.46183),(-25.8965,-29.5164)]
triangle[(8.20883,11.8189),(-2.7224,-0.729026),(17.8465,-18.6479)]
triangle[(16.7332,-1.84129),(9.40682,19.7239),(-22.3378,8.93926)]
triangle[(10.843,9.78525),(5.90371,-15.1485),(46.1824,-23.1275)]
triangle[(0.798311,7.71501),(3.57358,5.38969),(6.26545,8.60243)]
triangle[(-9.08921,0.682857),(8.67532,-11.9021),(28.5179,16.1072)]
triangle[(16.6337,10.2277),(-11.9353,-4.86041),(13.5444,-53.1056)]
triangle[(13.155,-9.65785),(-13.5698,19.7296),(-43.4528,-7.44585)]
triangle[(6.58141,17.7358),(2.96254,8.56),(20.4629,1.65804)]
triangle[(-9.35656,-1.96881),(7.92999,20.1301),(-36.2386,54.6803)]
triangle[(-10.5267,-18.1257),(12.938,7.43739),(-21.2387,38.8085)]
triangle[(-14.434,-10.7771),(4.85884,2.87713),(-13.9537,29.4584)]
triangle[(17.1369,-11.0032),(11.1857,4.03878),(-6.75121,-3.05772)]
triangle[(8.69277,-5.37092),(-16.3456,3.29062),(-31.4307,-40.3166)]
triangle[(-19.2235,11.0846),(-17.7295,-17.4819),(34.9557,-14.7266)]
triangle[(6.21749,7.82523),(-10.5683,16.7677),(-28.2818,-16.4823)]
triangle[(6.24268,11.5862),(19.8198,-6.52644),(41.2563,9.54221)]
triangle[(17.596,-8.1592),(-18.3593,-17.0337),(-1.14253,-86.7881)]
triangle[(20.9487,0.533701),(13.2728,-17.4968),(38.7731,-28.3528)]
triangle[(-5.85387,-5.52314),(-14.809,11.4935),(-40.8524,-2.21203)]
triangle[(18.9081,-20.1449),(7.46074,14.3972),(-59.3204,-7.7342)]
triangle[(11.382,-16.4423),(-9.15662,11.4822),(-56.0811,-23.0311)]
triangle[(0.041938,16.2294),(-15.611,-5.95764),(16.6915,-28.747)]
triangle[(-19.7479,2.44283),(-0.928215,-8.1807),(18.5375,26.3028)]
triangle[(11.7232,-13.2166),(19.6129,0.766303),(-7.13195,15.8568)]
triangle[(6.67511,-8.0485),(-6.51089,17.2405),(-43.7609,-2.18223)]
triangle[(0.380003,13.6797),(14.3059,16.4956),(9.16959,41.8971)]
triangle[(12.8143,6.33403),(9.40009,12.7766),(0.436685,8.0265)]
triangle[(-1.43879,10.8688),(19.3919,15.4674),(10.8289,54.2566)]
triangle[(8.87626,-17.7213),(-0.369802,17.5101),(-64.2265,0.751676)]
triangle[(-9.34201,12.2932),(-13.2322,3.33336),(-0.0903916,-2.37254)]
triangle[(-9.15454,14.4517),(-10.8282,1.09522),(15.4317,-2.19528)]
triangle[(8.29081,-0.0808344),(7.61427,8.39459),(-2.08834,7.62009)]
triangle[(-14.8165,-9.17321),(12.4733,10.5289),(-20.1963,55.7802)]
triangle[(-18.109,14.5654),(-18.8266,-2.2946),(1.69863,-3.16825)]
triangle[(5.56628,-4.4028),(2.75901,2.62126),(-5.37643,-0.630184)]
triangle[(6.19229,-0.000676886),(-19.1973,-6.37311),(-6.8855,-55.4269)]
triangle[(13.9264,-10.6588),(10.881,-0.985291),(-6.92957,-6.59244)]
triangle[(-18.0758,5.19039),(5.87209,2.4417),(10.7056,44.5534)]
triangle[(-12.9497,6.05311),(8.69171,11.6303),(0.451066,43.6066)]
triangle[(0.474031,-7.92643),(-3.11349,9.71162),(-36.2366,2.97449)]
triangle[(-11.3974,0.817157),(-2.41588,4.69184),(-7.33304,16.0898)]
triangle[(2.71952,-4.24596),(9.02472,-2.96424),(7.46882,4.68978)]
triangle[(11.7547,-17.582),(1.35778,9.88015),(-47.0366,-8.44159)]
triangle[(4.97136,-16.559),(-13.9846,-3.93736),(-30.6082,-28.9039)]
triangle[(14.8445,19.3188),(14.8926,14.8597),(19.3571,14.9079)]
triangle[(-11.024,-4.19781),(-16.2189,-13.9721),(-3.38699,-20.7921)]
triangle[(1.09569,14.7974),(-1.44907,0.887826),(18.4421,-2.75126)]
triangle[(-9.38922,20.0626),(-15.057,0.72676),(13.9235,-7.76813)]
triangle[(12.8941,-16.1528),(-17.8539,18.825),(-71.0182,-27.9102)]
triangle[(19.1739,2.06698),(-9.31472,-18.9626),(28.3096,-69.9321)]
triangle[(5.84264,10.7396),(20.0645,-20.8652),(77.2418,4.86393)]
triangle[(-2.78745,-19.1037),(18.2075,4.51674),(-17.9563,36.6608)]
triangle[(9.36974,-9.61817),(-14.5866,-4.653),(-23.5184,-47.7477)]
triangle[(-2.84266,1.78712),(4.92628,9.02338),(-8.54076,23.4818)]
triangle[(-13.9435,-17.9966),(-15.9542,-16.554),(-18.7419,-20.4394)]
triangle[(9.65847,5.70316),(-0.882413,-13.5481),(26.2787,-28.4199)]
triangle[(-13.7163,-13.3891),(20.9475,12.5016),(-17.2831,63.6866)]
triangle[(6.74115,9.30089),(-2.16752,7.2515),(0.746149,-5.41419)]
triangle[(-15.9183,-10.114),(16.7373,1.28871),(3.52657,39.1225)]
triangle[(14.793,-4.47293),(13.3618,-10.513),(22.0271,-12.5662)]
triangle[(13.6821,17.7249),(3.28656,12.5858),(9.92137,-0.835353)]
triangle[(3.7809,17.8991),(-7.05028,-16.7076),(39.0989,-31.1513)]
triangle[(-10.4143,0.930187),(-2.55428,4.72023),(-7.06211,14.0689)]
triangle[(13.3254,9.487),(-6.25596,-12.5725),(19.9896,-35.8697)]
triangle[(18.7293,10.8731),(0.114938,-20.101),(58.3825,-55.1178)]
triangle[(10.3645,-3.60504),(-16.4313,-8.07884),(-11.8621,-35.4461)]
triangle[(10.792,2.78836),(5.73113,20.9036),(-28.4695,11.349)]
triangle[(2.90788,-20.2109),(8.06338,6.04928),(-23.6778,12.2808)]
triangle[(20.6324,3.08017),(-14.5443,-12.8872),(7.09846,-60.5669)]
triangle[(-6.32133,-5.17438),(11.6874,-11.3888),(21.4886,17.0141)]
triangle[(-3.17126,-16.6534),(13.3114,-16.2679),(12.5624,15.7527)]
triangle[(-14.8596,-4.76936),(2.86815,-7.46568),(6.23685,14.6828)]
triangle[(-9.01952,18.2479),(-14.0666,-12.8445),(26.8408,-19.4847)]
triangle[(-14.2136,7.96053),(-4.52002,-13.1343),(22.3514,-0.786297)]
triangle[(4.89633,-12.6971),(12.9384,0.725466),(-10.1623,14.5662)]
triangle[(-14.8711,-5.30101),(5.93876,-8.61965),(12.0468,29.6811)]
triangle[(-4.54844,8.74133),(-15.6289,-13.87),(14.4146,-28.5925)]
triangle[(-0.00899835,-12.0421),(-2.87791,19.2563),(-58.9953,14.1124)]
triangle[(-13.5173,19.39),(8.41602,-1.12567),(42.0137,34.7935)]
triangle[(0.903797,16.7741),(0.332742,3.16075),(15.2758,2.53392)]
triangle[(-5.51012,17.7585),(1.18255,-18.8671),(45.914,-10.6933)]
triangle[(6.22929,18.7967),(-15.2374,-3.53761),(10.5556,-28.3287)]
triangle[(10.8431,6.44167),(19.9244,4.9941),(22.6318,21.9789)]
triangle[(-3.01323,12.982),(19.9325,0.840751),(40.051,38.8625)]
triangle[(-10.4533,-6.42408),(11.6008,16.3034),(-30.1016,56.7703)]
triangle[(8.60922,3.42962),(10.7624,2.27179),(12.8823,6.21405)]
triangle[(-5.63077,9.89393),(6.11934,17.6828),(-5.16777,34.7103)]
triangle[(16.1121,-14.1133),(-16.0636,-18.8053),(-7.70425,-76.1302)]
triangle[(-19.6228,-14.276),(6.16687,3.09366),(-20.7414,43.0461)]
triangle[(6.54655,-16.7245),(4.42434,10.4416),(-31.3771,7.64475)]
triangle[(-17.8138,-0.287962),(-17.6468,10.7428),(-33.8261,10.9876)]
triangle[(-13.7739,19.964),(-5.30487,-7.24306),(48.6618,9.55573)]
triangle[(-16.9368,-10.2422),(-16.3688,10.0457),(-43.5632,10.807)]
triangle[(10.2391,-10.3526),(-2.02079,3.73867),(-22.7676,-14.3119)]
triangle[(15.5533,4.12025),(20.4585,20.3096),(-11.324,29.9395)]
triangle[(18.6479,-0.462856),(19.2916,11.0592),(5.74917,11.8157)]
triangle[(2.84176,0.353714),(-11.4013,-0.993651),(-9.46763,-21.4348)]
triangle[(2.81115,16.4587),(11.3488,15.2649),(13.7331,32.3167)]
triangle[(17.9829,18.4833),(-19.9554,-10.0641),(15.4542,-57.122)]
triangle[(-9.81216,-9.14966),(17.5731,-4.31144),(11.8664,27.9893)]
triangle[(19.0124,15.1488),(8.54,-12.0605),(45.5066,-26.2883)]
triangle[(3.0583,18.7324),(-19.4763,-15.2401),(15.7936,-38.6352)]
triangle[(2.1884,3.38005),(3.39215,12.0397),(-8.70182,13.7208)]
triangle[(-14.3106,14.449),(-8.30248,-0.879272),(9.26676,6.00728)]
triangle[(5.12632,-20.2127),(14.8991,7.46918),(-14.6377,17.8969)]
triangle[(10.8178,0.485235),(-18.8935,-7.90701),(-7.39393,-48.6191)]
triangle[(0.956761,16.0722),(6.07055,-16.465),(56.0431,-8.61098)]
triangle[(19.2977,-9.70492),(17.5369,-12.2364),(22.1585,-15.451)]
triangle[(-4.96679,-13.5002),(16.2485,-10.5),(11.6849,21.7711)]
triangle[(-7.15659,6.14914),(1.08313,19.4519),(-18.5929,31.6392)]
triangle[(-19.9969,17.1212),(-11.5473,1.70784),(16.8343,17.2667)]
triangle[(-9.636,13.3039),(-12.0261,-12.5472),(36.5733,-17.0404)]
triangle[(-16.3323,4.99166),(17.885,-12.5895),(40.8721,32.1489)]
triangle[(5.78546,-4.81623),(-20.0398,-0.670361),(-27.6559,-48.1121)]
triangle[(-2.07587,0.822007),(20.9724,1.8301),(19.1604,43.258)]
triangle[(-7.2468,-15.4978),(17.307,-7.96982),(6.01085,28.8748)]
triangle[(8.68592,-20.2498),(-10.5594,-20.8624),(-9.44569,-55.8529)]
triangle[(2.40937,-19.3774),(-13.5605,-11.3744),(-28.6571,-41.4993)]
triangle[(9.15817,-6.06942),(13.9276,-10.3505),(22.4567,-0.848504)]
triangle[(18.854,11.4544),(9.96807,-17.16),(46.3032,-28.4435)]
triangle[(-10.3689,-18.9342),(0.513698,-2.57915),(-21.1172,11.814)]
triangle[(-4.06882,4.6036),(-10.3284,10.1728),(-19.2082,0.192223)]
triangle[(-13.3339,0.297077),(-18.7966,16.7037),(-35.7089,11.0725)]
triangle[(-17.0021,7.96344),(-12.222,-19.2474),(33.5619,-11.2046)]
triangle[(15.7032,3.10481),(17.4514,-16.7042),(49.6258,-13.8648)]
triangle[(12.8587,6.66743),(18.3032,18.017),(1.85148,25.9092)]
triangle[(-18.8878,-16.6317),(-1.12792,-6.11145),(-13.1101,14.1164)]
triangle[(-10.0082,13.3062),(0.0260679,-17.8762),(40.9799,-4.69765)]
triangle[(12.6942,-4.33124),(-11.8367,-11.73),(-3.86749,-38.1523)]
triangle[(-12.5101,-13.8639),(17.34,-11.9715),(13.5646,47.5817)]
triangle[(-9.6857,20.4288),(-6.05508,10.8301),(7.91296,16.1133)]
triangle[(2.54649,-12.1886),(17.0538,-7.30125),(10.8871,11.0032)]
triangle[(-11.6014,11.063),(0.656589,-15.917),(45.6557,4.52775)]
triangle[(-12.4968,12.1033),(11.9453,7.30519),(21.3387,55.1564)]
triangle[(-1.54778,-20.265),(-7.5913,-1.31794),(-45.1666,-13.3033)]
triangle[(-12.1786,-5.70169),(15.9149,2.52535),(0.410062,55.4707)]
triangle[(-17.1742,12.6945),(17.3693,-11.7797),(50.3996,34.8401)]
triangle[(-13.7318,0.997106),(-4.27686,13.4852),(-21.501,26.5259)]
triangle[(7.98997,12.9368),(-2.16094,-12.4665),(34.1829,-26.9891)]
triangle[(-17.8386,-8.71661),(-4.66642,-4.50919),(-10.7269,14.4642)]
triangle[(-13.6074,2.28894),(-2.27802,20.2725),(-36.5531,41.8654)]
triangle[(-4.68285,-17.1015),(6.75638,13.8347),(-25.7395,25.8506)]
triangle[(-10.5091,-14.3981),(6.49273,-2.5777),(-12.1679,24.2627)]
triangle[(1.53847,4.09932),(8.37519,18.5937),(-20.1603,32.0534)]
triangle[(-12.4287,-5.87809),(-7.55045,13.2703),(-33.223,19.8106)]
triangle[(16.1,0.885104),(-11.0536,-14.7782),(19.6533,-68.011)]
triangle[(-8.78194,14.6927),(19.245,6.23216),(31.4908,46.7985)]
triangle[(11.4333,20.2404),(-13.9031,5.14946),(9.6349,-34.3686)]
triangle[(19.0542,-10.0038),(-20.0206,-6.93044),(-25.2332,-73.2048)]
triangle[(5.26131,-5.13347),(-14.1267,-13.6261),(1.66642,-49.6805)]
triangle[(-2.71413,-8.94193),(18.7078,15.2238),(-20.6694,50.1301)]
triangle[(4.65753,-17.8206),(15.9298,14.7473),(-25.2731,29.0083)]
triangle[(19.1286,3.03612),(-0.533244,3.83601),(-1.65082,-23.6349)]
triangle[(-9.12604,-15.5183),(8.84619,-11.5549),(2.96002,15.1361)]
triangle[(19.7001,12.7032),(10.3273,-1.46173),(36.5233,-18.7955)]
triangle[(14.8525,-11.0557),(8.05823,-19.2259),(20.5015,-29.5736)]
triangle[(3.72842,7.72163),(11.405,-3.32335),(27.9791,8.19613)]
triangle[(10.8968,16.0289),(6.22269,2.47016),(30.2148,-5.80069)]
triangle[(-16.3458,-0.202964),(20.6526,5.98997),(8.8803,76.3215)]
triangle[(-2.3977,19.0749),(9.76656,-5.28454),(51.83,15.7205)]
triangle[(-6.84453,18.9828),(-2.08074,-2.48201),(30.9436,4.84724)]
triangle[(-20.3805,2.73255),(0.435905,16.4197),(-15.1228,40.0825)]
triangle[(-9.31744,12.9229),(8.63066,17.1714),(4.02692,36.6203)]
triangle[(-9.33599,-17.0593),(-2.82594,-15.0275),(-6.49002,-3.288)]
triangle[(13.1233,-1.24739),(7.72249,-2.17128),(8.8019,-8.48119)]
triangle[(13.4716,5.68078),(8.57179,-7.2185),(33.1838,-16.5674)]
triangle[(-3.33731,-12.6745),(8.13007,-16.1782),(13.873,2.61807)]
triangle[(2.41511,-11.0473),(1.39173,11.5313),(-34.2806,9.9144)]
triangle[(11.6184,8.65329),(17.1217,5.49587),(21.6997,13.4754)]
triangle[(15.07,2.45992),(-3.60324,-7.40144),(13.8886,-40.5235)]
triangle[(0.340106,-14.4348),(17.8542,-14.0267),(17.3445,7.8482)]
triangle[(-16.0554,-0.233549),(13.8999,-7.95421),(26.1301,39.4976)]
triangle[(3.32255,-5.08117),(-18.4631,16.1883),(-40.3673,-6.24744)]
triangle[(11.5446,15.0268),(17.6803,-16.6911),(75.7692,-5.45392)]
triangle[(11.3806,-17.1344),(-0.153139,-19.738),(3.87125,-37.5657)]
triangle[(18.6831,4.96908),(16.0442,-0.265021),(24.3744,-4.4649)]
triangle[(-6.49656,-17.545),(16.776,15.8346),(-44.8474,58.7991)]
triangle[(10.6568,16.1584),(8.38555,20.6775),(1.44074,17.187)]
triangle[(-17.365,0.166163),(-8.46488,-14.1269),(8.21414,-3.741)]
triangle[(-13.2175,-1.49811),(-18.3694,-7.45054),(-10.5692,-14.2017)]
triangle[(-11.8895,-20.3718),(18.4747,-15.9574),(12.3451,26.2047)]
triangle[(-8.75864,-15.5782),(-8.21997,2.41699),(-32.8189,3.15334)]
triangle[(12.7152,-5.21776),(16.6928,-20.28),(32.8247,-16.02)]
triangle[(15.1057,6.57314),(-19.4448,16.9513),(-35.9763,-38.0846)]
triangle[(-9.12146,-2.03771),(9.27268,14.1666),(-18.6447,45.8567)]
triangle[(13.1434,18.5803),(1.69015,12.8442),(9.24201,-2.2346)]
triangle[(-18.9073,-20.4842),(-19.3149,-12.6588),(-30.2528,-13.2285)]
triangle[(-2.20997,-17.3978),(15.4116,-0.0777636),(-7.06758,22.7928)]
triangle[(16.7342,8.72255),(-20.2626,-0.903461),(-2.53011,-69.057)]
triangle[(16.094,-6.05513),(10.6408,7.54596),(-10.421,-0.898463)]
triangle[(-6.34337,11.669),(12.385,5.42702),(21.8585,33.8512)]
triangle[(17.5662,16.2051),(16.8598,19.2921),(12.9059,18.3873)]
triangle[(20.7713,-9.66686),(13.1515,11.1135),(-27.2822,-3.71266)]
triangle[(-7.36554,19.7479),(-13.2082,11.2595),(-2.38555,3.81025)]
triangle[(4.25018,1.83979),(-17.9438,17.3322),(-40.8953,-15.5474)]
triangle[(-6.73424,6.38738),(-14.8056,-6.00781),(8.96993,-21.4897)]
triangle[(-3.79621,15.1382),(-2.4739,-6.12571),(34.2459,-3.84227)]
triangle[(-12.4981,20.4884),(-8.03291,-17.1317),(65.4385,-8.41121)]
triangle[(-0.676644,-14.1071),(0.705427,18.7485),(-39.1535,20.4251)]
triangle[(1.53104,2.50919),(0.880307,-5.89265),(17.4952,-7.17948)]
triangle[(-13.5563,-4.97554),(-20.6225,1.05271),(-32.2981,-12.6333)]
triangle[(-6.65789,-5.51663),(-10.6327,-4.6717),(-12.2366,-12.217)]
triangle[(-8.56998,-5.7698),(8.52788,-19.6058),(23.0896,-1.61108)]
triangle[(-12.6314,-6.25745),(19.9564,6.95899),(3.79971,46.7965)]
triangle[(6.26235,-6.16549),(-4.73619,19.102),(-51.2286,-1.13545)]
triangle[(3.388,-19.5081),(-6.58011,16.4046),(-59.5691,1.6967)]
triangle[(-7.79401,9.35187),(2.32653,-0.0973036),(17.4804,16.1333)]
triangle[(0.591417,-2.89428),(-16.6246,19.2008),(-54.125,-10.0187)]
triangle[(-6.84603,11.7084),(4.01461,-1.29738),(28.2011,18.8998)]
triangle[(-6.60411,-17.3787),(15.145,-11.6851),(7.37421,17.9987)]
triangle[(10.0648,-6.82273),(-20.2336,14.3983),(-42.7917,-17.8091)]
triangle[(19.8848,10.4622),(-3.26907,12.7079),(-6.30056,-18.5465)]
triangle[(-1.08059,12.2156),(-1.71544,9.90226),(0.620213,9.26127)]
triangle[(18.3585,15.1005),(-20.2852,-13.8447),(10.2584,-54.6224)]
triangle[(-12.0539,15.379),(16.3989,-20.7079),(52.5261,7.77652)]
triangle[(7.06071,-11.9413),(10.2399,-3.90907),(-2.35148,1.07456)]
triangle[(-15.9989,12.9727),(19.6771,9.73607),(25.4804,73.7046)]
triangle[(3.91237,-9.48689),(18.5008,18.4673),(-30.5151,44.0472)]
triangle[(-8.46681,9.63458),(-10.5735,-13.5276),(24.8353,-16.7482)]
triangle[(-14.1254,14.8662),(-10.8035,16.889),(-14.0004,22.1391)]
triangle[(-12.734,-19.96),(18.5288,10.0751),(-22.3211,52.5949)]
triangle[(20.8394,15.6655),(11.5436,-0.0986032),(33.4803,-13.0343)]
triangle[(-5.11499,9.12746),(13.7878,15.7691),(4.47858,42.2639)]
triangle[(16.0426,-17.5508),(-20.1466,1.47244),(-40.4223,-37.0995)]
triangle[(-16.1306,2.57186),(-7.14525,-8.31518),(6.53213,2.97308)]
triangle[(1.37941,15.1322),(0.664151,5.32527),(17.0053,4.13344)]
triangle[(-1.47884,-0.779786),(-17.025,0.798795),(-18.8611,-17.2837)]
triangle[(13.2345,9.29674),(4.54816,20.7457),(-11.9979,8.19222)]
triangle[(17.7255,-15.4177),(-1.96463,-10.5285),(-8.18818,-35.5925)]
triangle[(-4.67402,3.49928),(4.59463,14.0282),(-16.1519,32.2915)]
triangle[(-18.4999,1.57037),(-11.9758,-11.3803),(4.29835,-3.18195)]
triangle[(-19.8045,18.9116),(-11.7404,-16.8828),(53.1277,-2.26875)]
triangle[(-20.8356,1.06354),(-4.77533,18.5584),(-34.7547,46.0794)]
triangle[(-11.3474,13.8174),(-18.5185,11.1154),(-15.687,3.60039)]
triangle[(9.20474,0.114773),(-12.1736,-15.5502),(14.0261,-51.3056)]
triangle[(-20.3481,-15.7413),(11.8844,14.9103),(-37.8302,67.189)]
triangle[(9.75514,8.0275),(20.9127,10.5752),(16.3902,30.3806)]
triangle[(8.9581,-9.87845),(-3.69011,-1.57134),(-17.003,-21.8413)]
triangle[(-17.4626,-9.60026),(-14.5046,3.88892),(-30.5431,7.40584)]
triangle[(-5.31873,-7.50062),(11.4204,-7.90604),(11.8667,10.5212)]
triangle[(-19.2257,10.2552),(-20.1243,-19.0153),(34.7448,-20.6997)]
triangle[(-11.1719,-1.94973),(-17.7628,-17.6873),(9.34539,-29.0404)]
triangle[(-15.6592,0.100344),(-5.58662,-14.9048),(11.623,-3.35238)]
triangle[(-9.67321,14.1623),(-6.5177,-0.725895),(19.6837,4.82742)]
triangle[(20.7935,-6.10658),(9.12221,14.4945),(-25.2633,-4.98605)]
triangle[(20.7928,-2.44287),(-13.6893,-18.9233),(14.8892,-78.7183)]
triangle[(17.4245,7.11831),(3.71204,-14.6651),(34.1909,-33.8512)]
triangle[(7.74843,-16.2329),(-7.55036,-0.202802),(-35.6892,-27.0579)]
triangle[(-2.57405,-9.98855),(-20.1574,17.0184),(-71.1581,-16.1864)]
triangle[(-7.44681,-10.9877),(-11.2568,10.1868),(-46.4906,3.84708)]
triangle[(-18.3199,-19.0098),(1.76977,-2.22623),(-27.6705,33.0133)]
triangle[(14.5491,-0.805606),(-0.62204,-16.0165),(27.8659,-44.4301)]
triangle[(11.0155,-5.18933),(-6.43096,-8.04333),(-1.84639,-36.0687)]
triangle[(15.4971,13.1479),(-5.89523,-14.5228),(27.9709,-40.7047)]
triangle[(-3.28799,-13.6577),(16.9587,10.6084),(-9.3437,32.5542)]
triangle[(-20.4582,12.9512),(-16.0606,16.6305),(-20.5722,22.0229)]
triangle[(-8.66017,14.6779),(-0.962229,-4.77366),(18.5736,2.95765)]
triangle[(18.7439,-11.4716),(-7.77272,-0.783725),(-25.1066,-43.7888)]
triangle[(10.5335,-13.2351),(-12.3913,18.6294),(-52.0056,-9.87086)]
triangle[(-2.31544,8.50761),(-6.48182,8.5087),(-6.48291,4.31429)]
triangle[(12.6049,10.5676),(-5.14883,-17.9511),(49.5513,-52.0035)]
triangle[(-0.664096,8.58412),(-16.6725,6.59372),(-12.7839,-24.6813)]
triangle[(1.82291,12.3228),(-2.77535,1.19866),(8.467,-3.44846)]
triangle[(-17.3314,11.1477),(-13.5651,4.11194),(-0.335622,11.1938)]
triangle[(-20.6713,-2.6987),(9.21493,-11.9067),(25.4532,40.7973)]
triangle[(10.1502,17.0291),(10.6292,-15.4257),(75.2414,-14.4721)]
triangle[(11.5305,-3.87527),(12.826,-20.1028),(31.2186,-18.6345)]
triangle[(10.6104,-13.8556),(13.3458,-0.324779),(-8.48816,4.08908)]
triangle[(12.9082,-0.360485),(20.7072,16.8311),(-6.07912,28.9827)]
triangle[(-11.4092,-15.0443),(-1.62315,-0.759856),(-20.6977,12.3078)]
triangle[(-11.3733,4.90439),(-8.43551,-13.0022),(17.6961,-8.71495)]
triangle[(15.7936,-17.8196),(12.4818,-18.9308),(14.2815,-24.2948)]
triangle[(-12.1189,7.49121),(11.6273,-5.6894),(29.1934,25.9577)]
triangle[(11.9288,8.38967),(18.7861,9.93241),(15.7056,23.6248)]
triangle[(-10.1027,-13.8988),(-14.1013,-8.89673),(-23.1418,-16.1237)]
triangle[(-15.4977,17.0575),(19.5218,-18.6596),(59.6796,20.7137)]
triangle[(-19.3194,-12.9013),(-19.4992,20.9157),(-83.3493,20.5762)]
triangle[(-18.7663,-8.52073),(-3.23465,18.762),(-31.6149,34.9184)]
triangle[(10.0631,-17.5395),(3.21509,20.4812),(-48.5181,11.1634)]
triangle[(-6.00801,6.34646),(1.33882,-0.414905),(11.2667,10.3727)]
triangle[(-8.10783,17.7454),(11.7396,18.7597),(10.4414,44.1629)]
triangle[(3.32569,13.6404),(3.34231,-12.0109),(39.1053,-11.9877)]
triangle[(7.49813,3.10063),(-2.68202,3.26031),(-2.92862,-12.4606)]
triangle[(-8.94884,14.6087),(-14.1755,5.77186),(0.118313,-2.68247)]
triangle[(-18.5196,6.20095),(16.2013,6.37007),(15.9303,62.018)]
triangle[(0.36729,-18.7234),(3.27857,-3.57231),(-12.394,-0.560823)]
triangle[(0.52789,-4.71903),(10.3178,9.58151),(-8.61462,22.5423)]
triangle[(15.641,0.798864),(-1.42083,-8.35301),(13.3248,-35.8433)]
triangle[(-4.75224,19.4011),(-19.3863,-14.01),(40.4694,-40.2269)]
triangle[(-2.06799,6.932),(11.9625,-2.96096),(27.0249,18.401)]
triangle[(16.9343,17.1956),(20.9568,0.738202),(48.1907,7.39471)]
triangle[(18.7503,-1.18612),(-18.4597,-19.0101),(14.687,-88.2084)]
triangle[(16.3114,3.89875),(-11.8635,-16.7075),(18.3468,-58.014)]
triangle[(-1.39026,-6.67953),(-17.8331,-17.7094),(-4.53965,-37.5266)]
triangle[(-10.1075,-4.08829),(-11.1521,-0.968959),(-15.2516,-2.34172)]
triangle[(14.8967,-11.0417),(-7.18707,-3.01301),(-22.7143,-45.7225)]
triangle[(12.7193,-17.734),(16.4886,11.8918),(-29.386,17.7284)]
triangle[(-13.6192,1.70974),(10.9738,-16.4411),(30.1814,9.58379)]
triangle[(-7.07041,5.55931),(15.3267,16.824),(0.633644,46.0375)]
triangle[(-9.48302,-20.958),(-13.876,-8.4068),(-34.6949,-15.6935)]
triangle[(-15.1576,17.7625),(15.5679,0.983492),(40.6848,46.9772)]
triangle[(-3.39811,-0.794068),(-0.28084,12.6643),(-27.1757,18.8938)]
triangle[(-13.5766,-8.42532),(-9.10684,7.37773),(-30.4302,13.4088)]
triangle[(-7.81801,0.929086),(20.7165,-18.1184),(39.8813,10.5918)]
triangle[(-3.6718,-2.07764),(9.60613,13.667),(-15.5629,34.8928)]
triangle[(1.92151,4.52565),(16.2037,-5.1581),(28.9662,13.6647)]
triangle[(11.0509,-17.4347),(-15.9037,-16.6744),(-17.2436,-64.1852)]
triangle[(4.32611,-5.68821),(-19.4085,13.3371),(-52.6158,-28.09)]
triangle[(-2.41065,-0.291402),(15.5966,6.88078),(8.28207,25.2454)]
triangle[(14.2787,15.215),(-20.1912,19.2195),(-28.0484,-48.4123)]
triangle[(-13.5138,-5.14016),(19.2982,-11.7318),(30.7786,45.4159)]
triangle[(10.3444,-5.97608),(15.6096,11.242),(-6.39179,17.9699)]
triangle[(-13.6038,6.69427),(19.1319,1.0955),(26.5979,44.7491)]
triangle[(-17.7341,5.58645),(16.1764,0.95655),(24.1467,59.3327)]
triangle[(-9.73293,10.8072),(-9.89407,2.42822),(0.87872,2.22104)]
triangle[(17.5999,-9.5226),(11.3369,-11.7246),(14.8332,-21.6688)]
triangle[(-3.8838,-11.9525),(-8.74617,-2.89168),(-23.6428,-10.8858)]
triangle[(2.78724,-4.83148),(-13.7504,-9.70362),(-7.25743,-31.7429)]
triangle[(9.91823,13.7725),(2.88732,-10.7619),(45.9468,-23.1016)]
triangle[(-18.2154,7.66943),(-7.50381,15.9361),(-21.4398,33.9936)]
triangle[(-4.60841,19.277),(15.7791,14.5522),(23.2351,46.7243)]
triangle[(-0.80105,8.97622),(19.0064,-10.2859),(45.9664,17.4374)]
triangle[(-7.24966,0.917447),(-11.5597,-12.5118),(2.0736,-16.8873)]
triangle[(-2.42451,-20.3994),(6.60964,-9.61854),(-8.69401,3.20563)]
triangle[(-12.5508,-1.87482),(8.78739,-20.5613),(36.1407,10.6736)]
triangle[(0.431446,1.60958),(13.6065,-20.0931),(35.5256,-6.78674)]
triangle[(3.97334,-20.3765),(8.88552,8.10745),(-45.8825,17.5524)]
triangle[(1.52233,-6.83211),(-14.979,-16.5889),(-2.73683,-37.2936)]
triangle[(5.4901,13.4253),(-6.12629,-17.9062),(42.6656,-35.9961)]
triangle[(-11.8506,13.7749),(-9.0573,-13.2468),(38.0234,-8.37992)]
triangle[(11.1681,-11.4304),(-2.96816,-10.5495),(-4.20052,-30.3253)]
triangle[(20.4785,2.67111),(8.71071,-17.623),(44.9857,-38.6576)]
triangle[(-9.82765,20.5544),(16.8341,-15.1363),(70.7431,25.1349)]
triangle[(-7.64578,-9.70749),(-6.63528,15.452),(-48.6892,17.1411)]
triangle[(-11.0237,-4.15026),(15.5998,-20.4125),(44.0859,26.2229)]
triangle[(7.95433,-17.3699),(-11.5817,-3.12701),(-28.5184,-26.3579)]
triangle[(3.78928,6.61981),(6.95378,-3.05354),(25.6998,3.07894)]
triangle[(11.1765,2.27122),(12.4311,-7.41587),(30.9176,-5.02174)]
triangle[(-16.0817,19.0581),(19.8097,-6.57623),(55.406,43.2634)]
triangle[(-7.44245,-12.9328),(-7.07081,-6.01832),(-16.1485,-5.5304)]
triangle[(2.48691,-16.5014),(4.37654,6.07343),(-25.7419,8.59449)]
triangle[(6.83513,-0.248446),(15.4126,-7.05074),(28.9674,10.0414)]
triangle[(10.373,-16.5344),(-11.6982,4.93104),(-50.3054,-34.7657)]
triangle[(17.3237,12.1219),(-3.75895,-20.3352),(49.5669,-54.9732)]
triangle[(4.99815,-12.9176),(-20.7663,-5.85204),(-34.6924,-56.6331)]
triangle[(18.8781,14.5339),(7.47559,-8.94323),(38.0136,-23.7751)]
triangle[(-11.2837,12.0267),(-18.5056,14.222),(-22.8554,-0.0879466)]
triangle[(-20.7001,13.656),(0.8514,-11.7441),(41.9054,23.0894)]
triangle[(-19.9139,-5.94781),(1.7415,-15.047),(15.3279,17.2878)]
triangle[(-12.0446,-10.207),(10.4467,-14.6755),(17.1413,19.0198)]
triangle[(-4.64264,12.1116),(-1.06299,-9.42526),(27.249,-4.71952)]
triangle[(12.9015,10.1856),(-8.97318,11.7142),(-11.2117,-20.3205)]
triangle[(-16.9277,-16.8214),(-3.38536,-1.5608),(-28.6779,20.884)]
triangle[(11.5824,4.30868),(10.6305,-2.55858),(23.0783,-4.2841)]
triangle[(-3.16652,-11.1002),(3.29712,12.5728),(-34.0837,22.7792)]
triangle[(19.8936,-18.8554),(1.21626,12.5115),(-47.4237,-16.4512)]
triangle[(-3.07569,8.81029),(6.27902,-14.9225),(41.7812,-0.928656)]
triangle[(-2.21014,-7.41954),(-11.1758,6.43466),(-32.7915,-7.55376)]
triangle[(5.78973,-18.386),(18.4925,4.09311),(-21.905,26.9214)]
triangle[(-5.24321,8.03767),(7.07414,6.5293),(9.41116,25.6134)]
triangle[(-5.43791,5.19182),(-17.4023,8.2505),(-21.2931,-6.96891)]
triangle[(-12.7803,-4.52262),(-18.7765,-19.3346),(1.1097,-27.3849)]
triangle[(13.4676,-0.267274),(-13.7054,-5.81585),(-3.3488,-56.535)]
triangle[(-15.8266,16.9825),(11.721,-8.76973),(50.1345,32.3218)]
triangle[(-14.879,-13.7391),(-19.1466,-8.48116),(-25.8673,-13.9361)]
triangle[(-5.24659,-10.4989),(-4.54067,20.2458),(-56.7424,21.4444)]
triangle[(12.828,-1.68291),(16.349,10.3126),(1.73935,14.6009)]
triangle[(1.18099,-11.0485),(16.2777,17.6444),(-26.5855,40.1967)]
triangle[(4.85947,9.54785),(-0.322328,8.11052),(1.17941,2.69648)]
triangle[(9.84234,11.7031),(9.43661,20.4864),(-1.25718,19.9924)]
triangle[(-14.0646,-18.1784),(-20.3786,-20.3063),(-16.7328,-31.124)]
triangle[(-5.31766,-8.11073),(-1.02986,-14.2677),(7.1096,-8.59919)]
triangle[(12.9763,-8.38713),(-17.6096,-16.0385),(-2.63095,-75.9149)]
triangle[(-2.62276,-11.1648),(-20.0382,2.35527),(-39.4507,-22.6503)]
triangle[(2.16248,19.8644),(5.39367,-11.3795),(38.015,-8.00586)]
triangle[(18.0447,-6.07729),(-14.4634,-7.23122),(-12.8997,-51.2831)]
triangle[(-9.97248,12.7856),(14.551,5.14348),(26.5517,43.6534)]
triangle[(12.7352,-6.73445),(19.1903,-17.6343),(38.0765,-6.44939)]
triangle[(17.4524,15.1552),(-0.477083,15.6664),(-1.47034,-19.1706)]
triangle[(-16.6744,-1.08438),(-15.2565,16.4046),(-33.9046,17.9165)]
triangle[(-2.09043,10.9207),(3.28864,-10.4766),(39.2124,-1.44573)]
triangle[(20.6964,14.7222),(3.32043,7.93974),(14.6558,-21.1005)]
triangle[(-3.03062,17.0981),(20.6485,-13.7861),(53.0527,11.0584)]
triangle[(-17.3374,-13.5276),(17.3207,1.70375),(-9.39473,62.4933)]
triangle[(15.0101,-6.95065),(-8.25601,-0.138288),(-18.5707,-35.3658)]
triangle[(-20.497,9.25865),(-16.7187,-9.08907),(12.9464,-2.98014)]
triangle[(7.52002,-16.0473),(-3.24125,-14.8609),(-4.44222,-25.7548)]
triangle[(-8.28655,-14.6346),(8.72182,1.45681),(-17.5816,29.2592)]
triangle[(-20.7254,18.0485),(3.17881,-18.2331),(52.2196,14.0776)]
triangle[(12.5755,3.9406),(19.8642,-6.18642),(37.4854,6.49615)]
triangle[(17.7644,-1.45768),(-20.978,-9.16938),(-10.0477,-64.0813)]
triangle[(2.82384,8.56976),(16.2302,-20.5975),(47.3964,-6.27243)]
triangle[(10.2529,-20.1654),(14.5226,20.6918),(-55.0144,27.9586)]
triangle[(13.4226,20.5998),(-15.007,-5.92762),(21.0295,-44.548)]
triangle[(0.0359424,17.8565),(-10.0309,7.05218),(1.27091,-3.47823)]
triangle[(-2.3092,-7.81308),(-15.9247,-1.11918),(-28.5879,-26.8763)]
triangle[(10.7719,0.678852),(-11.927,-8.98607),(5.69636,-50.3762)]
triangle[(-17.9475,-4.12779),(9.18059,-17.5311),(33.1353,30.9529)]
triangle[(-20.2933,-13.6472),(3.46729,-1.93842),(-17.3291,40.2635)]
triangle[(-4.3088,-14.4315),(13.9718,7.97413),(-23.5661,38.6011)]
triangle[(20.438,-11.373),(15.1761,-5.72562),(4.06584,-16.0776)]
triangle[(-6.6217,-11.3631),(-2.35973,-6.98452),(-7.4678,-2.01245)]
triangle[(17.3093,-19.5769),(8.59844,-20.6529),(10.3365,-34.7238)]
triangle[(-5.82281,-2.68),(-17.5319,-16.3392),(-1.85837,-29.775)]
triangle[(-14.4968,7.78776),(16.6753,-6.53643),(34.6086,32.4897)]
triangle[(-17.6865,-13.3093),(-16.9608,11.3885),(-65.8448,12.8249)]
triangle[(2.02811,6.44241),(-15.2235,2.96591),(-9.51887,-25.3422)]
triangle[(-6.41394,3.71778),(-2.81013,-10.1424),(21.2484,-3.88697)]
triangle[(6.90571,-9.19946),(20.8459,6.22417),(-5.718,30.2332)]
triangle[(12.1115,14.3663),(3.84506,20.2643),(-6.75155,5.41229)]
triangle[(4.96244,6.00161),(5.19577,-6.98736),(19.1577,-6.73655)]
triangle[(-2.1789,-18.8679),(-2.38393,-13.6535),(-10.8303,-13.9856)]
triangle[(-3.32294,-17.8084),(-13.2276,4.91743),(-49.6487,-10.956)]
triangle[(10.8802,8.32777),(-2.96535,9.04427),(-3.79554,-6.9981)]
triangle[(20.2957,-7.01068),(-12.9724,-11.2212),(-8.12386,-49.5306)]
triangle[(-19.4825,14.6037),(1.80321,14.8),(1.47718,50.1408)]
triangle[(7.9478,-20.2981),(-1.5231,19.7069),(-69.6533,3.57755)]
triangle[(-4.21324,4.7706),(0.592074,15.3144),(-19.9847,24.6922)]
triangle[(-9.9323,-20.5375),(-15.602,-6.77062),(-38.0527,-16.0166)]
triangle[(-4.59048,-4.71005),(-16.5639,19.9172),(-58.6617,-0.550079)]
triangle[(-18.0213,17.8643),(13.5816,-11.1585),(43.1561,21.0451)]
triangle[(18.179,4.04697),(-15.0349,9.88516),(-23.0401,-35.6567)]
triangle[(13.1282,-1.28695),(-0.902678,-1.81812),(-0.0232939,-25.0473)]
triangle[(1.97734,-20.9697),(15.4946,-10.4198),(3.88682,4.45303)]
triangle[(-4.64618,-15.2026),(17.9842,0.500831),(-7.48056,37.1984)]
triangle[(-0.374092,19.8047),(-2.20896,-5.83418),(26.9728,-7.9226)]
triangle[(-5.73174,-17.6931),(-19.3315,-20.3731),(-16.0104,-37.2266)]
triangle[(-7.11713,-10.7164),(12.2021,-6.58947),(5.10472,26.6353)]
triangle[(13.5748,12.5021),(10.7624,5.94259),(23.1275,0.640901)]
triangle[(-4.44273,-5.76002),(-8.29855,-6.39561),(-7.37476,-11.9998)]
triangle[(11.4873,0.20921),(-15.6633,-16.3123),(10.6234,-59.5104)]
triangle[(9.23491,19.3589),(19.469,-5.56047),(48.0954,6.19607)]
triangle[(-16.4,-4.87416),(-14.1824,-13.6318),(-3.02242,-10.8059)]
triangle[(5.1045,-1.84642),(-0.739745,-17.1626),(26.4666,-27.5438)]
triangle[(-2.68068,2.44284),(6.66169,-8.79973),(22.8942,4.68921)]
triangle[(-0.729774,5.63703),(-16.0706,-1.81126),(-1.64181,-31.5296)]
triangle[(-7.84237,20.5783),(9.26769,20.8987),(8.86331,42.4903)]
triangle[(-17.1293,-3.06984),(5.35286,17.9439),(-30.8741,56.7024)]
triangle[(-16.8002,8.59308),(-10.8954,14.257),(-19.7852,23.5251)]
triangle[(6.96566,14.8575),(2.89429,-11.1152),(29.2626,-15.2486)]
triangle[(-20.4908,-11.5067),(-5.22307,-19.5423),(9.24519,7.94742)]
triangle[(20.5744,-18.4226),(14.1553,-10.3384),(-1.56556,-22.8213)]
triangle[(1.64528,-7.91807),(16.7262,-19.1194),(33.2736,3.15929)]
triangle[(-5.98836,-19.878),(9.1832,-7.21829),(-4.15036,8.76079)]
triangle[(7.37648,3.78557),(2.9383,17.1588),(-13.7627,11.6162)]
triangle[(15.8929,-11.8606),(6.57816,-14.3618),(11.0572,-31.0423)]
triangle[(9.08918,-0.77747),(17.0387,11.6482),(-1.51149,23.516)]
triangle[(-19.3261,-0.384531),(-1.3478,-9.96713),(16.7508,23.9885)]
triangle[(-5.38075,-15.9537),(19.6905,-18.0842),(23.0701,21.687)]
triangle[(-17.3875,-14.8127),(-7.01826,1.5749),(-27.4429,14.4986)]
triangle[(2.02618,17.0237),(-12.4468,-18.766),(27.6305,-34.9727)]
triangle[(3.48912,-13.1089),(8.65119,0.760454),(-18.1409,10.7323)]
triangle[(8.94305,-11.7358),(16.2957,12.7695),(-22.059,24.2776)]
triangle[(13.5707,3.02366),(9.2872,17.7303),(-12.8425,11.2847)]
triangle[(2.63189,-13.4123),(-11.7645,15.1414),(-50.429,-4.35276)]
triangle[(-6.49688,-8.47727),(7.35501,-2.73814),(0.774078,13.1455)]
triangle[(17.1761,3.47869),(-0.902324,-4.39818),(11.3963,-32.6252)]
triangle[(-12.1086,-7.8148),(11.1478,20.954),(-29.3771,53.7138)]
triangle[(-2.60068,4.1317),(14.3712,-17.372),(44.6729,6.5438)]
triangle[(-7.02123,-5.56663),(-11.919,-6.68733),(-10.7923,-11.6111)]
triangle[(6.50037,-12.1338),(0.633525,16.6283),(-29.0936,10.5646)]
triangle[(-16.464,4.16594),(13.4212,18.134),(-13.5665,75.875)]
triangle[(-9.75858,10.0361),(18.4634,3.28656),(28.4922,45.2202)]
triangle[(-9.41447,-17.6408),(-6.6922,-1.39116),(-25.7078,1.79448)]
triangle[(7.311,13.7101),(-14.5894,-11.3082),(26.6232,-47.3846)]
triangle[(1.19437,1.03697),(-6.81362,8.1438),(-18.2922,-4.7903)]
triangle[(17.2816,-12.9909),(-2.05043,19.5922),(-62.6221,-16.3459)]
triangle[(9.24373,-10.1702),(18.8254,-14.2367),(24.423,-1.04737)]
triangle[(13.6834,11.1134),(-0.886714,9.63344),(1.74857,-16.3101)]
triangle[(3.12349,15.0509),(6.87161,-14.6148),(42.6249,-10.0975)]
triangle[(-6.48966,8.30959),(-13.8891,-13.2767),(11.4882,-21.9757)]
triangle[(-7.99759,-15.4809),(2.39503,-15.6742),(2.68988,0.178652)]
triangle[(18.4814,13.3299),(8.86114,15.8758),(4.65368,-0.0228959)]
triangle[(-4.91582,8.6843),(12.5943,5.93223),(16.4587,30.5199)]
triangle[(-0.253261,15.4286),(9.34081,16.9921),(7.75555,26.72)]
triangle[(-2.95703,-17.2099),(-13.6997,-14.6797),(-18.4778,-34.9668)]
triangle[(2.90719,-20.758),(-16.1236,-11.7421),(-31.0688,-43.2886)]
triangle[(4.60974,1.05527),(-10.1367,-12.9066),(6.08975,-30.045)]
triangle[(-10.409,-13.1551),(-2.18622,3.37593),(-23.6936,14.074)]
triangle[(3.05248,-11.7828),(-4.35646,9.93101),(-35.7841,-0.7924)]
triangle[(-20.687,5.95924),(-0.99047,14.5165),(-16.0752,49.2373)]
triangle[(17.526,-13.0369),(-9.61241,-13.1607),(-9.45286,-48.1522)]
triangle[(14.8985,-13.396),(2.15731,18.5926),(-40.863,1.45751)]
triangle[(-3.80528,10.9678),(-10.3036,-9.91884),(17.6974,-18.6306)]
triangle[(-15.6672,-3.89188),(10.0662,-18.5658),(30.896,17.9629)]
triangle[(10.1214,19.2774),(-18.029,19.9986),(-19.3266,-30.6474)]
triangle[(19.9781,10.9919),(18.3927,-17.9527),(69.953,-20.7768)]
triangle[(-16.1408,2.18701),(-12.237,-13.8),(11.9337,-7.89784)]
triangle[(17.5917,-7.76179),(-18.119,-0.103137),(-26.8731,-40.9218)]
triangle[(1.08082,6.89533),(17.3763,-1.93121),(31.2348,23.6542)]
triangle[(15.0912,-4.23748),(1.4518,-16.6594),(14.2523,-30.7145)]
triangle[(-6.13864,-8.02126),(20.6178,-16.1665),(30.2089,15.3396)]
triangle[(19.8987,-12.7147),(-19.8783,18.0972),(-69.6285,-46.1284)]
triangle[(-18.3916,-1.77866),(7.30784,9.94226),(-5.27609,37.5339)]
triangle[(10.9235,-6.16344),(-0.204595,13.4162),(-20.0009,2.16501)]
triangle[(-13.7728,-5.31417),(-20.0007,11.3901),(-50.3716,0.066709)]
triangle[(-20.0442,-10.3145),(14.3416,12.5512),(-20.51,64.9617)]
triangle[(20.5791,4.02619),(-5.83171,15.0563),(-17.0631,-11.8365)]
triangle[(-16.605,-6.35232),(-20.7825,-15.3817),(-4.90243,-22.7287)]
triangle[(3.03143,0.430145),(-7.23601,-10.1055),(13.7023,-30.5108)]
triangle[(18.3631,20.7718),(20.2202,18.597),(24.2821,22.0656)]
triangle[(-18.6913,-18.3881),(-2.2621,2.51791),(-34.8074,28.0941)]
triangle[(15.7539,-18.2401),(10.399,-6.565),(-2.71799,-12.5812)]
triangle[(-7.92755,-16.0042),(-17.0376,-14.7769),(-18.455,-25.2977)]
triangle[(12.4292,16.7464),(16.2678,-7.40443),(60.9964,-0.295047)]
triangle[(-2.64008,18.6613),(13.7458,2.90111),(38.6889,28.8345)]
triangle[(11.5843,1.78497),(4.6067,-6.23872),(14.2979,-14.6664)]
triangle[(-7.29935,15.8439),(-1.07877,3.02947),(15.1566,10.9107)]
triangle[(3.22947,-8.65614),(-2.10038,-9.39058),(-1.36,-14.7636)]
triangle[(-19.8985,-9.63438),(-7.35989,15.0593),(-55.608,39.558)]
triangle[(-5.0865,6.30611),(-13.3279,10.4561),(-19.6748,-2.14805)]
triangle[(6.89531,-4.34235),(5.83611,4.54919),(-11.9386,2.43179)]
triangle[(10.8838,-9.31402),(-9.76011,16.7669),(-54.3666,-18.5405)]
triangle[(5.215,-8.14591),(-14.7677,-2.60497),(-23.8643,-35.4108)]
triangle[(-18.069,-10.5085),(19.6984,-6.36286),(14.3927,41.974)]
triangle[(-13.8441,9.79016),(3.80667,-6.4801),(24.2719,15.7216)]
triangle[(9.66875,-12.0701),(3.14288,-7.75526),(-3.30659,-17.5095)]
triangle[(-16.5288,5.06244),(-2.27792,0.683576),(5.25491,25.1989)]
triangle[(4.57656,-7.27467),(-13.6758,8.71256),(-41.9332,-23.5485)]
triangle[(17.1922,-13.8251),(9.30542,9.33576),(-15.5714,0.864669)]
triangle[(0.459228,6.27643),(-13.5003,7.41837),(-15.0402,-11.406)]
triangle[(-19.9631,0.631052),(-5.7715,6.26945),(-13.7319,26.3055)]
triangle[(12.8614,-12.3953),(-11.0737,-13.1211),(-10.021,-47.8368)]
triangle[(0.145395,-0.984102),(-19.9557,20.2624),(-58.8808,-16.5642)]
triangle[(-19.7782,-20.1201),(-6.63986,0.694389),(-48.0663,26.8432)]
triangle[(-4.73952,3.21412),(-8.67837,-4.653),(1.4574,-9.72771)]
triangle[(-7.95199,-1.58664),(18.1961,12.2964),(-1.31173,49.0387)]
triangle[(16.4775,6.99865),(-14.1105,-2.58563),(-2.49757,-39.6481)]
triangle[(-2.42132,-8.60416),(-5.28744,17.6499),(-50.6236,12.7007)]
triangle[(18.776,-15.1507),(1.55916,0.319501),(-16.654,-19.95)]
triangle[(-5.38176,13.023),(9.27591,-17.1916),(68.8812,11.724)]
triangle[(2.38414,-7.54208),(-12.6633,-9.49276),(-9.88983,-30.8868)]
triangle[(-6.57029,8.6711),(20.0217,18.062),(1.95314,69.2265)]
triangle[(17.6344,3.14261),(-6.46793,-19.2731),(19.3269,-47.0088)]
triangle[(-11.6262,-13.3772),(11.505,16.3997),(-39.2929,55.8604)]
triangle[(-14.4926,6.93959),(-8.43787,-16.7641),(27.3339,-7.6268)]
