triangle[(12.0827,19.2199),(-3.59461,13.3621),(5.8854,-12.0092)]
triangle[(20.0787,-0.965843),(19.5462,-17.1525),(50.087,-18.1572)]
triangle[(-9.0994,8.24528),(-10.7719,-3.28415),(3.97159,-5.42294)]
triangle[(9.31259,-14.1471),(11.2787,-16.0376),(13.3058,-13.9294)]
triangle[(-12.1536,-18.9496),(0.462546,2.57663),(-21.2368,15.2943)]
triangle[(20.0939,-1.54683),(-3.64324,3.3689),(-11.8005,-36.021)]
triangle[(-3.95335,-2.52374),(15.0859,18.5899),(-16.7835,47.3281)]
triangle[(11.0219,-3.4423),(-8.71199,-3.24266),(-9.02532,-34.2145)]
triangle[(-11.2628,16.6594),(-12.7708,4.50271),(1.48581,2.73422)]
triangle[(19.6274,-17.0747),(-7.23372,7.61824),(-40.2842,-28.3342)]
triangle[(-20.9247,-9.74357),(-8.77411,12.1551),(-33.9103,26.102)]
triangle[(17.3579,4.35582),(9.15296,17.5818),(-16.6158,1.59575)]
triangle[(1.2778,-14.2867),(9.43003,-19.632),(17.8209,-6.83483)]
triangle[(-0.871255,11.5082),(11.6501,15.2545),(6.12889,33.7085)]
triangle[(6.85466,13.5799),(9.6589,15.2589),(6.75574,20.1078)]
triangle[(4.87001,7.32372),(8.52102,-14.2034),(38.1242,-9.18268)]
triangle[(6.82094,2.82556),(14.7105,7.73122),(7.42072,19.4551)]
triangle[(6.85669,10.5728),(11.4408,18.4436),(-0.0234551,25.1205)]
triangle[(-12.7907,9.02544),(0.676888,-16.3574),(33.1429,0.86833)]
triangle[(12.3946,-19.8776),(4.29614,-8.38995),(-17.6108,-23.8338)]
triangle[(-15.5266,-7.92177),(16.19,11.4052),(-20.3512,71.3713)]
triangle[(-8.39641,-9.17412),(-14.68,-12.414),(-10.0168,-21.4579)]
triangle[(-14.0729,-9.06816),(-5.87409,-5.19304),(-10.8022,5.23368)]
triangle[(-15.8832,15.301),(-2.74644,-16.048),(46.1457,4.44012)]
triangle[(-20.7324,6.81931),(16.3592,-11.7951),(36.4031,28.1449)]
triangle[(8.6338,-19.0244),(15.6562,13.2076),(-38.6623,25.0419)]
triangle[(-4.2927,19.9489),(-4.03022,-6.40691),(39.2859,-5.97552)]
triangle[(13.9183,14.681),(10.381,-19.2203),(75.5831,-26.0235)]
triangle[(3.36805,17.5498),(-3.40821,18.1303),(-4.52692,5.07017)]
triangle[(12.1491,3.22104),(6.15593,2.44679),(7.30476,-6.44598)]
triangle[(-20.593,9.70701),(6.07129,-12.1381),(48.9289,40.1743)]
triangle[(3.38734,10.1363),(13.0652,-12.5603),(55.1963,5.40442)]
triangle[(15.3698,20.7037),(20.4152,-1.56433),(56.5025,6.61227)]
triangle[(-16.0425,10.208),(-4.07924,0.776393),(10.5023,19.2719)]
triangle[(9.58624,13.7162),(5.20922,-6.60134),(32.9373,-12.5748)]
triangle[(-15.7428,-4.28591),(1.14814,-1.08596),(-2.166,16.4077)]
triangle[(-10.3469,-5.02378),(15.3063,2.58905),(4.53493,38.8857)]
triangle[(3.98906,-20.9203),(-19.2496,-11.6775),(-29.588,-37.6707)]
triangle[(13.4612,1.77342),(-20.3068,-1.20256),(-15.6245,-54.3314)]
triangle[(3.7445,-20.157),(0.19268,-11.3377),(-12.5179,-16.4566)]
triangle[(-6.20744,11.1421),(4.66105,0.743639),(20.2982,17.0877)]
triangle[(19.3685,8.83316),(-10.0553,-0.812472),(2.25449,-38.3631)]
triangle[(-2.16327,-1.28242),(20.2558,-5.45927),(27.5606,33.7491)]
triangle[(12.7539,16.0942),(-3.00691,17.3211),(-4.82979,-6.09525)]
triangle[(-6.16639,-4.055),(13.6046,17.5488),(-8.95294,38.1926)]
triangle[(-4.93464,12.0569),(15.4651,-19.5996),(73.1491,17.5724)]
triangle[(-17.4951,17.626),(10.1231,-18.3989),(54.0273,15.2599)]
triangle[(4.82831,13.3617),(4.39085,-13.4297),(32.7163,-13.8922)]
triangle[(-8.97213,4.22228),(-18.5312,6.12251),(-21.3588,-8.10179)]
triangle[(-10.7366,-20.9661),(0.523831,-14.0016),(-13.0982,8.023)]
triangle[(-14.3825,-3.3844),(6.0259,-5.68773),(9.2619,22.9845)]
triangle[(14.8132,18.3687),(-20.3398,14.2792),(-15.5194,-27.1571)]
triangle[(16.584,-16.6331),(-18.6488,14.5358),(-51.2861,-22.3568)]
triangle[(-19.8893,14.5612),(15.9941,-3.96615),(39.7524,42.0484)]
triangle[(-5.79117,-3.27334),(2.50817,-0.042765),(-1.2708,9.66542)]
triangle[(-8.00052,-13.7922),(-3.0075,-3.53744),(-17.774,3.65231)]
triangle[(7.34911,14.7758),(-7.67291,-1.83612),(22.6491,-29.2562)]
triangle[(11.6725,-12.6851),(17.2083,6.95199),(-3.08659,12.6732)]
triangle[(-1.42656,0.445173),(-20.2444,-10.0272),(-2.88786,-41.2154)]
triangle[(-11.7719,19.9509),(18.448,-16.1552),(76.4102,32.3578)]
triangle[(-16.3671,5.5537),(20.7958,-18.925),(65.3857,48.7702)]
triangle[(3.70249,16.0761),(14.9247,6.3877),(29.0293,22.7253)]
triangle[(-2.67374,-4.4783),(-10.174,-13.8139),(6.69318,-27.365)]
triangle[(-12.0827,-7.11971),(6.03145,-0.311303),(-7.5148,35.7293)]
triangle[(4.11768,10.7803),(-17.4756,17.2231),(-26.8054,-14.0462)]
triangle[(-12.1692,-15.9844),(17.3023,-10.1071),(8.80178,32.5186)]
triangle[(-6.0156,18.6826),(-1.3455,19.8201),(-3.10057,27.0259)]
triangle[(-4.4462,1.07967),(19.1247,-4.57772),(29.6443,39.2509)]
triangle[(2.36304,-19.6821),(20.7143,0.689837),(-7.00911,25.6635)]
triangle[(16.4701,13.407),(12.8877,8.71547),(19.9553,3.3188)]
triangle[(1.91663,12.2564),(18.2305,-15.8325),(48.5561,1.78047)]
triangle[(-19.9834,-15.4589),(4.20644,16.3582),(-34.852,46.0534)]
triangle[(2.43263,-9.4285),(5.39145,6.45909),(-21.7143,11.5071)]
triangle[(-9.69908,-13.6893),(5.97739,12.0866),(-40.9756,40.6426)]
triangle[(-20.6739,18.0996),(-0.203338,12.826),(5.72556,35.8399)]
triangle[(-2.91247,-2.53079),(-12.0222,13.3037),(-28.5578,3.7907)]
triangle[(-17.145,-17.7059),(-7.27396,-13.6398),(-11.8329,-2.57234)]
triangle[(17.5537,-12.6453),(-0.412458,-3.18874),(-18.7797,-38.0836)]
triangle[(-6.54232,16.8828),(-10.7413,0.0448142),(22.3466,-8.2064)]
triangle[(7.36517,9.03219),(20.162,16.8749),(8.79589,35.4207)]
triangle[(7.85593,1.90485),(18.2817,6.94744),(9.87484,24.329)]
triangle[(16.3097,-12.9694),(16.3463,-2.14449),(-4.37559,-2.07439)]
triangle[(1.00082,-5.71133),(19.129,3.33074),(4.17929,33.3029)]
triangle[(-16.6713,-14.6419),(10.0419,16.9188),(-32.9407,53.2997)]
triangle[(12.5435,0.823436),(5.14203,-16.1147),(28.8589,-26.4782)]
triangle[(-9.86698,3.08872),(-15.4404,-7.38825),(-0.704565,-15.2272)]
triangle[(-4.28272,11.9436),(-12.0447,-7.2063),(9.98143,-16.1341)]
triangle[(-16.3802,15.2857),(-9.21292,4.21457),(11.1456,17.3943)]
triangle[(12.0167,-3.3479),(-5.78634,-19.1116),(24.0734,-52.8342)]
triangle[(9.73392,13.7763),(-18.3554,-15.4555),(38.5625,-70.1489)]
triangle[(1.75266,18.402),(-16.4346,13.9605),(-11.7515,-5.21608)]
triangle[(-2.79965,-11.5704),(10.0907,-7.79882),(3.31085,15.3727)]
triangle[(-20.1082,14.205),(0.387444,14.6787),(-0.501858,53.1574)]
triangle[(-5.88828,20.4536),(-0.129269,-9.67176),(55.8652,1.03259)]
triangle[(-10.3922,-3.0259),(15.441,12.0738),(-2.08931,42.0654)]
triangle[(14.1658,2.71193),(0.566,-11.0462),(27.7964,-37.9634)]
triangle[(12.1045,16.7929),(12.4473,-1.85657),(31.5903,-1.50471)]
triangle[(-4.41615,-5.29829),(14.2507,-15.2475),(33.1185,20.1525)]
triangle[(14.7722,13.4658),(-1.88988,-4.73931),(27.4363,-31.5799)]
triangle[(17.845,2.5019),(-0.40491,-11.6492),(23.83,-42.9035)]
triangle[(19.1499,13.1306),(3.17527,-5.61268),(27.1398,-26.0372)]
triangle[(6.01356,15.8008),(-15.0079,18.9317),(-21.2603,-23.0484)]
triangle[(-20.5662,-0.320608),(6.39862,3.02484),(0.105749,53.7464)]
triangle[(15.0068,-6.01769),(1.73022,5.34269),(-10.9813,-9.51292)]
triangle[(-17.7883,-4.68164),(2.34913,-20.1433),(27.0539,12.0324)]
triangle[(2.35653,20.2069),(16.9972,1.73012),(36.2084,16.9527)]
triangle[(-18.3085,-3.15916),(0.861081,-17.5057),(25.6066,15.5589)]
triangle[(17.5512,12.0775),(-12.6664,14.4058),(-16.9987,-41.8208)]
triangle[(-1.78809,16.701),(20.6016,-17.7633),(62.4833,9.44513)]
triangle[(11.2984,18.6608),(-7.35446,-16.1186),(44.3343,-43.8403)]
triangle[(-4.60812,9.03475),(10.7123,-17.4999),(47.0531,3.48241)]
triangle[(19.8428,2.17016),(-10.6155,-17.8427),(27.7663,-76.2573)]
triangle[(7.2456,19.0139),(-4.28127,12.373),(7.09921,-7.38034)]
triangle[(-6.15063,-1.16178),(10.0581,-17.4999),(39.1712,11.3826)]
triangle[(20.128,15.6836),(5.48624,-9.00311),(39.2341,-29.0191)]
triangle[(2.78641,-9.4055),(-6.79896,20.2736),(-52.6499,5.46528)]
triangle[(2.08067,-8.50809),(6.1149,-17.2116),(20.6089,-10.4934)]
triangle[(5.35453,14.1088),(-17.1518,-12.553),(17.6173,-41.9029)]
triangle[(-12.8707,10.7091),(13.2383,-14.215),(57.7569,32.4201)]
triangle[(4.95989,7.20443),(10.2457,-20.7359),(39.7115,-15.1615)]
triangle[(-13.5992,19.5981),(-11.2454,-13.1969),(25.0455,-10.5921)]
triangle[(-5.13092,-14.0669),(-7.63683,-10.0094),(-14.4494,-14.2168)]
triangle[(0.082149,11.0324),(17.9506,-3.53326),(38.686,21.904)]
triangle[(-19.4837,-8.65697),(-18.9717,7.14085),(-40.6534,7.8435)]
triangle[(-20.1162,-18.3588),(11.5106,13.7475),(-26.5173,51.2076)]
triangle[(13.9366,-6.81472),(13.1184,-2.79223),(8.13134,-3.80669)]
triangle[(-16.6275,-18.6011),(-11.8631,9.33523),(-57.7561,17.162)]
triangle[(3.47862,-1.71168),(6.78876,-16.5134),(33.3627,-10.5706)]
triangle[(-9.73309,-5.41457),(2.52157,-5.1078),(2.05816,13.4039)]
triangle[(-1.10385,12.2504),(-5.19677,8.9468),(1.19158,1.03207)]
triangle[(10.8166,-15.4049),(-0.827577,0.522604),(-17.7785,-11.8698)]
triangle[(10.5192,-8.99976),(3.92529,-11.4451),(7.38399,-20.7715)]
triangle[(11.1541,13.3966),(-19.088,-15.2945),(37.1834,-74.6078)]
triangle[(10.8486,8.67281),(-17.8372,11.4397),(-22.5061,-36.9663)]
triangle[(8.10999,2.09611),(9.64877,17.5004),(-21.0244,20.5644)]
triangle[(11.6557,17.7261),(0.558684,-6.50728),(33.0514,-21.3865)]
triangle[(13.1659,6.12544),(20.499,-6.33132),(41.7207,6.16153)]
triangle[(-15.0516,0.230295),(-5.93151,1.0747),(-7.10949,13.7977)]
triangle[(-5.17394,8.34016),(-14.3979,-4.74151),(2.32954,-16.5361)]
triangle[(-0.605319,6.97225),(-4.63441,-16.4549),(31.7896,-22.7193)]
triangle[(-4.82179,1.25812),(-5.12477,-6.45658),(6.09495,-6.8972)]
triangle[(12.5591,-6.20009),(-12.204,-2.12522),(-19.2569,-44.9859)]
triangle[(13.205,3.7208),(-6.52855,-14.8314),(21.6231,-44.7758)]
triangle[(-18.1638,-17.276),(-7.10353,13.2842),(-39.3788,24.9652)]
triangle[(11.4435,18.3183),(-6.02614,18.5787),(-6.40257,-6.6758)]
triangle[(-4.51856,-5.23193),(-19.9419,-18.5896),(-4.17065,-36.7997)]
triangle[(9.00116,-16.1939),(4.34314,-19.0104),(8.58275,-26.022)]
triangle[(-3.15151,-17.4674),(10.5434,-10.8916),(-2.56741,16.4134)]
triangle[(-17.7578,20.3829),(-4.09444,15.9104),(3.24349,38.3278)]
triangle[(16.1099,-8.80464),(-20.6886,1.69996),(-35.7232,-50.9675)]
triangle[(20.8529,13.1612),(17.9632,-9.4726),(58.7166,-14.6756)]
triangle[(-9.70899,-0.809663),(-18.9542,-5.58845),(-11.4161,-20.1717)]
triangle[(-7.49427,-7.95222),(0.940962,-4.37226),(-5.2236,10.1529)]
triangle[(-16.0065,-1.55475),(6.31731,18.7706),(-17.7434,45.197)]
triangle[(-12.4121,17.7622),(2.04061,8.84572),(11.572,24.2952)]
triangle[(-16.5348,5.31798),(0.831133,3.4452),(4.18909,34.583)]
triangle[(-11.5121,13.9492),(13.9492,-0.653838),(32.1641,31.1048)]
triangle[(20.0332,-19.5464),(7.58647,20.4841),(-51.3302,2.16504)]
triangle[(-19.9721,-11.5312),(13.6403,14.4295),(-21.5273,59.9624)]
triangle[(-17.8478,6.11852),(-13.2372,20.6837),(-38.5884,28.7087)]
triangle[(2.89004,20.6483),(-3.79997,-6.10901),(30.1504,-14.5975)]
triangle[(-13.0677,19.6819),(-14.6841,-16.6752),(53.8291,-19.7211)]
triangle[(2.80237,1.91468),(-7.53643,6.33748),(-16.3654,-14.3013)]
triangle[(-5.00263,7.27402),(-5.12408,-8.25204),(22.981,-8.4719)]
triangle[(18.8416,8.50984),(-5.92963,-18.2198),(25.1245,-46.9986)]
triangle[(3.93364,-2.19475),(13.0076,7.72173),(2.97198,16.9046)]
triangle[(-18.6864,-12.2461),(-3.68006,3.47874),(-31.2656,29.8038)]
triangle[(-6.18186,3.03961),(13.003,0.466012),(16.6013,27.2894)]
triangle[(18.7688,11.4196),(8.12849,14.2499),(4.44328,0.395245)]
triangle[(20.0881,10.93),(13.127,0.397729),(31.3557,-11.6502)]
triangle[(2.54886,18.0795),(-2.62561,-3.98173),(20.9349,-9.50786)]
triangle[(14.6005,-13.9256),(12.445,-9.88836),(4.60435,-14.0746)]
triangle[(7.8724,-8.21472),(-4.53696,13.8779),(-38.0138,-4.92592)]
triangle[(16.9043,3.04268),(3.55509,-8.88061),(26.157,-34.1856)]
triangle[(-7.84972,16.0899),(-1.39153,-0.513459),(24.9072,9.71589)]
triangle[(2.31135,6.60733),(8.17004,-4.7477),(29.9057,6.46692)]
triangle[(2.86327,-6.39076),(9.18649,-16.9459),(21.8557,-9.35618)]
triangle[(0.498645,0.548062),(-9.3033,-5.71721),(-1.3948,-18.09)]
triangle[(-9.11027,8.94775),(16.3978,13.8524),(9.95688,47.3502)]
triangle[(-2.04994,15.5),(-14.4268,15.3365),(-14.1381,-6.51196)]
triangle[(17.8052,-15.9954),(15.2627,-10.2027),(7.98572,-13.3967)]
triangle[(-0.417683,17.6457),(-2.86998,-3.06725),(19.5637,-5.72328)]
triangle[(5.24451,10.1859),(9.01316,0.0592171),(19.9026,4.11173)]
triangle[(-1.06204,-4.5897),(19.5619,17.7137),(-7.40967,42.6544)]
triangle[(2.40481,4.1719),(-17.0035,-14.2503),(7.35413,-39.9118)]
triangle[(-5.23889,-8.5249),(-15.8439,14.1131),(-58.6807,-5.95421)]
triangle[(9.27065,-10.9748),(13.3056,-12.3518),(14.952,-7.52795)]
triangle[(-2.77579,-18.0267),(14.2958,-0.778248),(-10.027,23.2951)]
triangle[(16.5163,-17.4639),(14.5414,-4.9172),(-0.345722,-7.26049)]
triangle[(-18.6536,14.0998),(-5.17931,-12.2619),(32.7889,7.14485)]
triangle[(-14.7338,8.16259),(-1.63045,0.939906),(10.8144,23.5173)]
triangle[(15.5628,-9.90797),(20.4891,-18.5429),(36.1383,-9.61472)]
triangle[(17.3085,18.0027),(-5.90434,-9.62135),(31.2792,-40.867)]
triangle[(-10.6633,-2.64423),(11.4742,14.663),(-16.3463,50.2481)]
triangle[(2.67356,-0.591843),(-9.18657,-15.96),(13.1722,-33.215)]
triangle[(3.8912,-10.5988),(11.5246,-7.55452),(8.26246,0.62528)]
triangle[(-2.06886,5.57679),(18.639,-2.46793),(32.2238,32.5005)]
triangle[(-7.62654,-11.5229),(8.507,-18.3854),(16.955,1.47551)]
triangle[(-19.0101,14.8801),(-5.96332,-11.4374),(43.5357,13.1016)]
triangle[(-17.8601,-13.6047),(11.6809,-10.7041),(8.09021,25.8643)]
triangle[(-6.57473,12.1861),(-16.0336,-0.486226),(3.42488,-15.0103)]
triangle[(0.425339,-7.94257),(-5.65227,-3.1831),(-15.0267,-15.1538)]
triangle[(-20.1824,19.5823),(18.9143,5.64345),(36.3212,54.4674)]
triangle[(11.8795,-16.2794),(3.47258,-4.60143),(-11.1466,-15.1258)]
triangle[(3.38931,15.3694),(-17.5627,1.97947),(5.24776,-33.7135)]
triangle[(-11.0614,-8.01538),(-12.1048,13.3221),(-47.8069,11.5763)]
triangle[(-16.5892,10.0495),(12.2816,-12.303),(36.8178,19.3883)]
triangle[(-2.41436,14.2576),(-13.4029,-8.64097),(19.5503,-24.4546)]
triangle[(17.9975,13.8278),(-1.82514,-19.3337),(42.527,-45.8457)]
triangle[(-3.33969,-8.00699),(10.3836,15.1471),(-30.2405,39.2248)]
triangle[(-6.79927,11.7165),(12.7642,3.26087),(23.8505,28.9108)]
triangle[(-8.81932,-19.5213),(-5.86754,-0.0392041),(-35.4397,4.44135)]
triangle[(6.5659,0.36065),(7.77514,13.4704),(-13.432,15.4266)]
triangle[(-8.89196,-3.13301),(-9.16701,19.4701),(-40.7797,19.0854)]
triangle[(16.3695,12.6721),(-16.3288,-5.38083),(16.7297,-65.2581)]
triangle[(5.22746,-8.58836),(5.71336,-1.97166),(-6.94902,-1.04179)]
triangle[(-9.87651,9.30105),(4.87333,-9.55625),(33.4828,12.8216)]
triangle[(19.0504,16.9817),(-13.2001,8.42),(-0.463442,-39.5567)]
triangle[(-20.3672,-14.9281),(0.327227,1.02422),(-21.7591,29.6761)]
triangle[(-11.7018,-19.485),(-7.24828,-17.8244),(-10.2083,-9.88619)]
triangle[(4.39721,-19.4908),(-3.12071,-2.07617),(-25.2727,-11.6392)]
triangle[(-9.99169,1.85841),(-15.8262,-0.624884),(-11.5176,-10.7479)]
triangle[(-4.54503,11.8787),(-5.31621,-4.5505),(11.959,-5.3614)]
triangle[(4.7906,-9.12803),(-2.07556,-16.9156),(7.90186,-25.7125)]
triangle[(-13.6524,13.267),(-2.76421,3.53656),(12.6529,20.7881)]
triangle[(-1.72877,12.0546),(-13.2199,7.67968),(-8.01785,-5.98377)]
triangle[(11.2413,-7.12701),(-15.7611,5.89007),(-32.9608,-29.7886)]
triangle[(16.8132,12.6125),(4.90826,16.7296),(-2.60663,-5.00051)]
triangle[(-7.64507,3.23149),(-17.7423,6.17146),(-21.7711,-7.66554)]
triangle[(8.57818,-11.1196),(-12.9853,20.3005),(-70.3202,-19.0481)]
triangle[(-1.04153,-3.78445),(-0.228359,6.13663),(-10.5504,6.98267)]
triangle[(14.368,7.95727),(-20.6496,-11.1903),(11.2141,-69.4635)]
triangle[(-19.5071,0.16708),(3.32599,-2.78331),(7.12415,26.6107)]
triangle[(-2.67063,-1.03111),(-3.41651,-9.63562),(12.3615,-11.0033)]
triangle[(-14.5288,20.1644),(19.5412,2.75321),(53.8623,69.9124)]
triangle[(18.3089,-14.6453),(9.30615,20.107),(-58.7007,2.48937)]
triangle[(15.3211,6.07669),(10.507,15.0705),(1.3214,10.1538)]
triangle[(-11.0003,-10.8499),(19.6796,-13.1999),(23.0859,31.2709)]
triangle[(12.4099,-18.0371),(11.8113,-20.3372),(14.8329,-21.1236)]
triangle[(17.4488,10.1442),(-2.98226,-18.8832),(35.4355,-45.9237)]
triangle[(-8.92554,13.5518),(17.6872,-16.2182),(52.5311,14.9304)]
triangle[(-16.1977,7.66817),(-17.9627,14.656),(-31.8636,11.1448)]
triangle[(19.5836,16.7843),(12.2344,2.15105),(33.4469,-8.50229)]
triangle[(5.94374,-17.0229),(-12.4915,12.4831),(-54.3256,-13.6546)]
triangle[(-3.50732,20.5982),(-15.3393,-13.3074),(22.6056,-26.549)]
triangle[(-5.19806,-19.1291),(-7.35107,2.4324),(-32.5988,-0.0886945)]
triangle[(-11.4682,18.0687),(-16.3225,20.9475),(-20.2981,14.244)]
triangle[(-14.1047,-1.53936),(-17.1238,3.53362),(-23.1539,-0.0550635)]
triangle[(-9.06694,-3.17984),(-18.72,0.330288),(-23.4416,-12.6544)]
triangle[(-15.2135,3.74075),(6.5946,-12.6728),(26.3538,13.5805)]
triangle[(-14.8068,-4.29421),(20.447,14.2835),(-14.1557,79.9471)]
triangle[(17.3854,-9.99241),(2.34792,-9.24877),(1.03088,-35.8815)]
triangle[(-18.0358,17.8834),(-13.5354,6.02785),(-0.581336,10.9453)]
triangle[(-7.55117,8.36659),(-13.3871,-8.00352),(12.5437,-17.2479)]
triangle[(12.578,2.01518),(2.87605,-12.3904),(24.8558,-27.1935)]
triangle[(16.6532,6.95012),(6.83143,7.79058),(5.86621,-3.48902)]
triangle[(2.11414,7.81005),(7.38259,5.09091),(10.9998,12.0995)]
triangle[(-16.8469,2.27874),(-13.1064,-0.250603),(-9.01741,5.79642)]
triangle[(-0.912389,9.89894),(-13.0927,-8.21631),(22.1438,-31.9085)]
triangle[(18.3083,-4.12215),(18.5261,-8.69486),(26.4929,-8.31541)]
triangle[(4.9693,16.1075),(-15.6239,-0.365373),(5.48363,-26.7525)]
triangle[(15.9249,6.0501),(-0.49283,2.80397),(2.97184,-14.7191)]
triangle[(8.35264,-6.03909),(19.3111,-1.52409),(10.9815,18.693)]
triangle[(2.62314,-11.1566),(7.41496,7.13888),(-24.1702,15.4114)]
triangle[(5.44158,15.9397),(13.4713,-14.1593),(60.9404,-1.49569)]
triangle[(1.11729,-0.89535),(14.756,2.48438),(10.6855,18.9106)]
triangle[(17.7684,-12.9807),(0.144832,-9.76475),(-5.29184,-39.5576)]
triangle[(-3.14335,11.5991),(-7.10483,-12.8722),(27.7208,-18.5098)]
triangle[(-2.39133,-11.3981),(15.2384,9.03007),(-9.46477,30.3491)]
triangle[(-14.6194,14.4826),(5.16578,-6.32444),(36.1328,23.1218)]
triangle[(3.41183,-6.69734),(-10.8151,3.20071),(-25.2011,-17.4769)]
triangle[(10.0375,-9.40025),(-15.4241,-6.4128),(-21.2262,-55.8635)]
triangle[(-9.64047,-6.37392),(-14.4822,0.892201),(-24.9076,-6.05466)]
triangle[(16.0546,13.7429),(-4.96424,12.5914),(-3.5785,-12.7029)]
triangle[(-9.47575,17.6422),(15.3986,-20.2968),(71.4852,16.4758)]
triangle[(-10.7602,-0.274417),(-16.751,10.0483),(-32.5144,0.899833)]
triangle[(6.18137,-9.27403),(-10.0869,-4.99882),(-18.5144,-37.0677)]
triangle[(0.26865,-16.1658),(-8.42927,-10.2752),(-20.0517,-27.4367)]
triangle[(18.3458,4.38713),(10.6286,-7.23062),(26.8768,-18.0236)]
triangle[(20.0762,-6.05359),(-16.0429,3.38111),(-33.6118,-63.8783)]
triangle[(-4.00173,19.0516),(-20.8276,3.9981),(0.292776,-19.6091)]
triangle[(-20.1794,3.18033),(3.25024,-20.3332),(49.4369,25.6885)]
triangle[(20.8409,-16.4258),(18.9584,12.103),(-32.7097,8.69352)]
triangle[(12.2397,-13.4505),(-7.67742,9.78769),(-32.1382,-11.1773)]
triangle[(-10.603,0.966241),(-7.23153,-14.577),(9.75525,-10.8924)]
triangle[(0.506949,-18.3422),(10.4394,11.6556),(-25.0919,23.4202)]
triangle[(-17.5297,-6.45235),(-16.5968,18.598),(-65.1943,20.4078)]
triangle[(-1.48195,0.100723),(8.43601,-10.7801),(27.966,7.02172)]
triangle[(-6.43595,-15.951),(-14.552,1.04122),(-46.486,-14.2115)]
triangle[(-12.8676,13.6084),(-18.5164,5.66213),(-9.96814,-0.414573)]
triangle[(4.13593,-11.8966),(-6.9606,19.2858),(-45.6774,5.50804)]
triangle[(17.0729,-8.47304),(-4.38988,18.4913),(-34.7051,-5.6387)]
triangle[(-12.8795,-12.4759),(-10.9382,-1.48498),(-31.0672,2.07038)]
triangle[(17.4385,-18.5048),(-13.512,-17.5294),(-15.122,-68.615)]
triangle[(13.3111,2.90702),(-8.78005,-2.58777),(-2.79895,-26.6341)]
triangle[(10.143,-4.96838),(-10.5638,-4.23415),(-11.9846,-44.3035)]
triangle[(-18.6333,16.7535),(-8.03888,15.8037),(-6.28991,35.3131)]
triangle[(-17.641,-15.1415),(-18.7572,-0.935676),(-45.0131,-2.99866)]
triangle[(-0.680749,14.9618),(-20.1808,1.5685),(3.84175,-33.4073)]
triangle[(10.8706,20.3944),(8.2602,-13.8467),(45.838,-16.7115)]
triangle[(9.41669,-19.231),(7.01391,-18.1888),(5.20989,-22.3479)]
triangle[(5.49959,18.9558),(-10.2667,8.89423),(2.93037,-11.7852)]
triangle[(-10.6003,-15.6515),(-8.40595,19.9761),(-61.3961,23.2398)]
triangle[(8.38158,1.78968),(18.0493,-15.1916),(44.8338,0.0571896)]
triangle[(19.0887,20.1392),(-16.9364,-9.54557),(31.8191,-68.7149)]
triangle[(-6.0991,-18.3925),(-3.90646,14.8741),(-58.6959,18.4853)]
triangle[(-8.43165,-19.7877),(-19.5782,13.2759),(-76.567,-5.93633)]
triangle[(6.39016,-10.3549),(16.8411,-19.1617),(27.8317,-6.11928)]
triangle[(-6.48431,-18.8389),(16.6832,14.1832),(-40.9209,54.5969)]
triangle[(-5.38223,-1.4438),(0.01291,10.0362),(-22.6126,20.6693)]
triangle[(1.49774,-13.1467),(-12.3855,15.5818),(-64.8277,-9.76124)]
triangle[(-14.5081,-20.0474),(-15.6865,8.54307),(-60.9262,6.67841)]
triangle[(10.964,6.57469),(14.8535,19.8118),(-5.22693,25.712)]
triangle[(11.7241,-14.9054),(-13.3625,-18.5912),(-8.60846,-50.9494)]
triangle[(20.1128,17.849),(13.9522,-15.4214),(54.4886,-22.9274)]
triangle[(-7.53071,-17.6405),(4.99573,-9.09629),(-8.42507,10.5796)]
triangle[(-8.44583,-12.8458),(11.9775,-11.1306),(9.48419,18.5575)]
triangle[(7.1464,-16.2917),(0.629286,15.5214),(-42.9342,6.59719)]
triangle[(-20.239,10.2898),(10.1856,2.08384),(23.5988,51.815)]
triangle[(18.0158,-12.4621),(-9.00159,8.96631),(-50.9635,-43.9402)]
triangle[(5.24483,-18.1265),(-0.568694,4.82847),(-35.4983,-4.0177)]
triangle[(15.7484,-4.53335),(-13.113,-6.23611),(-10.9161,-43.4731)]
triangle[(-8.42421,2.63818),(11.9307,-12.5905),(30.311,11.9769)]
triangle[(-1.05754,3.21384),(-0.144046,6.55964),(-4.77193,7.82318)]
triangle[(-11.0259,-2.21407),(-9.29604,6.52257),(-26.1479,9.85923)]
triangle[(20.1563,-5.81113),(-9.88655,1.52875),(-18.8765,-35.2678)]
triangle[(13.2636,-14.2731),(19.6448,9.78896),(-9.46765,17.5094)]
triangle[(17.5652,-7.73599),(15.9074,16.8744),(-26.3181,14.03)]
triangle[(2.48897,17.9957),(20.2483,-13.252),(67.7676,13.7552)]
triangle[(17.0628,-12.4721),(-4.84967,1.86879),(-20.2457,-21.6559)]
triangle[(-10.7049,-0.869479),(-20.5567,14.0033),(-45.847,-2.74899)]
triangle[(-6.15298,19.9113),(-9.59005,11.5035),(-0.74707,7.88854)]
triangle[(8.45675,8.00489),(3.20622,1.90231),(13.6663,-7.09733)]
triangle[(-10.2826,6.9219),(15.2328,-0.600525),(25.5167,34.2816)]
triangle[(-8.86653,-7.6213),(-5.45702,-11.6698),(1.01752,-6.21713)]
triangle[(-12.1924,-19.2419),(-7.30974,-11.2352),(-19.0381,-4.08299)]
triangle[(11.63,14.8831),(-12.9361,14.1224),(-11.4899,-32.5852)]
triangle[(-13.3705,-7.34574),(-9.82798,11.2457),(-29.5186,14.9977)]
triangle[(-5.62136,2.61732),(-17.5738,13.7113),(-38.1879,-8.498)]
triangle[(7.24583,14.961),(-4.72964,-17.9557),(59.9211,-41.4764)]
triangle[(17.3573,8.68304),(-5.98007,-18.684),(39.4428,-57.4186)]
triangle[(10.1364,0.241134),(-4.61205,-13.4148),(21.1957,-41.2873)]
triangle[(-9.40432,-16.3941),(13.7378,-1.75585),(-5.35109,28.4224)]
triangle[(15.3961,-19.5261),(18.7943,4.04096),(-19.9709,9.63054)]
triangle[(-12.7002,2.71068),(-16.5999,-1.48866),(-8.90734,-8.63246)]
triangle[(-19.7903,-11.0995),(-1.11933,11.4779),(-39.1231,42.9061)]
triangle[(13.1588,-3.86103),(-14.4852,-13.9772),(3.79423,-63.9284)]
triangle[(2.83392,-12.5001),(18.7435,12.0322),(-27.8383,42.2412)]
triangle[(-0.537383,-16.1227),(-10.9281,-18.8328),(-7.92401,-30.3507)]
triangle[(-11.0589,-6.02831),(-9.72121,-16.1262),(9.66823,-13.5577)]
triangle[(-4.35439,-13.9998),(-20.9944,-3.66259),(-37.1389,-29.6506)]
triangle[(7.15732,-9.55793),(-5.70526,1.01482),(-21.7747,-18.5349)]
triangle[(6.98012,6.6428),(7.53495,18.2875),(-4.64755,18.868)]
triangle[(-18.9167,15.1813),(-3.92955,-6.18425),(32.5741,19.4216)]
triangle[(-20.8332,-15.5505),(11.0801,-2.76333),(-8.21236,45.3855)]
triangle[(18.6676,3.55535),(-6.18316,14.767),(-23.355,-23.2945)]
triangle[(2.51148,-20.7906),(-11.9286,-19.5582),(-13.7329,-40.6996)]
triangle[(14.699,-6.89904),(-20.4009,0.0801257),(-27.7078,-36.6679)]
triangle[(-16.2709,15.5018),(-13.0302,-15.9043),(23.1112,-12.175)]
triangle[(1.21325,6.52342),(20.4703,-15.7614),(59.2241,17.727)]
triangle[(-13.0936,0.770759),(4.78257,19.4728),(-17.4419,40.7159)]
triangle[(2.55926,-9.46718),(13.3815,-1.96214),(4.01924,11.5381)]
triangle[(12.7285,-8.6104),(12.8358,-4.76707),(6.56956,-4.59215)]
triangle[(-9.48776,11.3582),(-6.09704,13.7764),(-10.8684,20.4667)]
triangle[(-9.10387,20.8466),(-16.7211,-18.5582),(58.2395,-33.0485)]
triangle[(-18.9808,-7.22475),(8.21368,-7.26714),(8.29675,46.0271)]
triangle[(-17.1808,4.88538),(-1.36068,-18.212),(44.5099,13.2064)]
triangle[(17.4589,3.74313),(-8.51639,11.6424),(-18.7797,-22.1068)]
triangle[(15.3815,15.7083),(0.728089,-0.356789),(18.1341,-16.2332)]
triangle[(-4.53092,18.1616),(-7.11925,15.2219),(-3.79321,12.2934)]
triangle[(7.44874,-5.46109),(20.0991,20.7867),(-27.1188,43.5437)]
triangle[(2.77797,11.391),(16.9723,-14.0311),(58.851,9.35173)]
triangle[(2.55421,-19.9067),(-5.45088,13.5654),(-47.3604,3.5424)]
triangle[(-9.37682,-20.9124),(1.85759,7.23719),(-36.2039,22.4274)]
triangle[(8.68638,-5.79753),(-18.4422,-12.9466),(-8.03052,-52.4558)]
triangle[(12.0646,-3.34547),(-6.06827,-4.56346),(-4.08887,-34.0321)]
triangle[(9.64299,7.79871),(3.20783,20.5019),(-18.5291,9.49045)]
triangle[(6.57121,10.2498),(-9.25787,-19.1084),(37.9669,-44.5706)]
triangle[(-13.9247,-16.9536),(9.94489,-3.90952),(-9.47086,31.6198)]
triangle[(-12.4493,16.8469),(-10.2995,6.05627),(5.49879,9.20367)]
triangle[(20.3772,-9.08996),(11.8497,8.37),(-6.53573,-0.609528)]
triangle[(-14.139,0.732321),(4.66915,7.50808),(-2.5487,27.5434)]
triangle[(15.2387,-12.6121),(19.6669,-5.74182),(11.7614,-0.64629)]
triangle[(-11.8029,-8.20945),(-13.6074,4.37657),(-30.208,1.99639)]
triangle[(2.73255,-19.203),(-20.5496,9.69286),(-72.7406,-32.3588)]
triangle[(-1.12814,13.9385),(12.2712,7.89547),(19.1504,23.149)]
triangle[(-12.5507,12.1949),(-2.6207,13.3486),(-3.81186,23.6008)]
triangle[(8.15188,15.8995),(-3.2107,3.766),(19.5032,-17.5047)]
triangle[(2.73561,-8.96079),(13.9216,-14.6788),(22.4066,1.91994)]
triangle[(4.59224,20.5494),(-2.99909,20.8337),(-3.48353,7.89521)]
triangle[(-9.5152,15.2774),(2.42249,-1.20256),(24.6401,14.8914)]
triangle[(12.229,-18.7059),(-4.79334,8.90258),(-44.7257,-15.7182)]
triangle[(2.86846,15.1256),(-2.83959,4.2568),(9.62823,-2.29103)]
triangle[(6.20033,3.75771),(-12.536,-19.1639),(23.5461,-48.6578)]
triangle[(-20.3265,3.32557),(17.5608,20.1253),(-10.7829,84.0469)]
triangle[(4.36641,-7.85021),(-18.6358,-3.86485),(-23.7676,-33.4836)]
triangle[(2.29091,-9.15959),(12.062,11.6812),(-14.2843,24.0334)]
triangle[(-16.9602,20.6501),(-12.9861,-14.1811),(25.6749,-9.77008)]
triangle[(-1.12922,-0.777047),(2.82487,-17.0501),(31.1452,-10.1688)]
triangle[(11.8486,6.60865),(-7.85616,9.00094),(-11.1293,-17.9587)]
triangle[(-19.7434,-13.1145),(17.2734,-17.2579),(21.6961,22.255)]
triangle[(11.6603,-11.6552),(-14.3531,-16.9363),(-8.07322,-47.8692)]
triangle[(-17.6882,-15.8672),(-2.73861,-1.94616),(-26.3554,23.4155)]
triangle[(4.52343,-18.547),(-15.9196,20.0043),(-79.3801,-13.6477)]
triangle[(-17.8971,-5.1365),(-8.22605,2.02347),(-20.1575,18.1395)]
triangle[(-16.8188,-14.0397),(-20.3916,-14.4501),(-19.8612,-19.0676)]
triangle[(13.8948,-6.76654),(-10.2938,-11.3684),(-4.12937,-43.7702)]
triangle[(12.166,20.9166),(-11.0695,-8.51819),(41.9564,-50.3763)]
triangle[(11.4571,-1.64394),(-3.29168,-20.5068),(21.5386,-39.9215)]
triangle[(12.282,17.2213),(2.22693,3.13487),(26.5148,-14.2021)]
triangle[(-8.58379,-11.837),(-4.15875,-15.908),(1.10706,-10.1841)]
triangle[(-14.2027,11.7973),(5.6577,12.8083),(3.76594,49.9699)]
triangle[(4.06389,-17.7008),(-14.2478,-11.3786),(-23.2487,-37.4489)]
triangle[(4.18061,-2.07197),(20.1626,-10.0841),(31.9103,13.3495)]
triangle[(-12.1082,10.2794),(13.248,16.3452),(1.43861,65.7107)]
triangle[(10.1744,16.9398),(-4.41634,6.58501),(13.9513,-19.2965)]
triangle[(20.9579,-18.9064),(2.50171,11.6899),(-36.6394,-11.9207)]
triangle[(11.6135,-17.5374),(-18.2943,0.9626),(-38.5464,-31.7778)]
triangle[(-9.85017,9.07941),(2.54033,9.21789),(2.33696,27.4141)]
triangle[(-7.66806,4.71563),(-16.9656,18.1116),(-31.8555,7.77708)]
triangle[(17.2646,-10.258),(-18.2465,7.4762),(-46.3475,-48.7933)]
triangle[(17.3864,-8.12075),(2.5387,12.0965),(-24.7131,-7.91743)]
triangle[(-6.31966,8.1043),(0.0198849,3.63276),(5.3947,11.2529)]
triangle[(13.6969,-3.09037),(-1.20298,-3.80387),(-0.193019,-24.8948)]
triangle[(-10.3606,-1.77992),(-6.67604,-12.4779),(13.342,-5.58341)]
triangle[(-0.894044,-4.54689),(-10.0752,8.71056),(-36.2768,-9.43481)]
triangle[(-9.9058,14.3789),(-5.31971,16.6373),(-8.92122,23.9508)]
triangle[(-11.0857,2.81688),(20.0524,0.970359),(22.535,42.8347)]
triangle[(-2.11636,13.9476),(17.5281,-8.33843),(52.3988,22.399)]
triangle[(-13.4408,5.43393),(-12.0595,-4.79629),(6.59262,-2.27792)]
triangle[(14.3845,11.0691),(6.01903,-3.15337),(33.5714,-19.3593)]
triangle[(4.42743,-7.23871),(12.825,-7.15988),(12.7077,5.33655)]
triangle[(9.09959,0.364291),(-15.5817,19.1638),(-47.1761,-22.3155)]
triangle[(-13.9992,-14.2357),(-2.30015,-11.9184),(-6.45407,9.0532)]
triangle[(13.8656,13.2639),(20.3237,13.4826),(20.0277,22.226)]
triangle[(-16.7956,17.3361),(-13.4761,-0.0992354),(11.501,4.65601)]
triangle[(0.533404,15.1881),(1.10492,17.9589),(-2.40683,18.6833)]
triangle[(-6.78327,0.981718),(-13.5891,15.1087),(-29.6643,7.36423)]
triangle[(10.7624,3.71697),(-4.22441,-7.72572),(9.56022,-25.7798)]
triangle[(-10.8176,7.93511),(1.9679,-18.721),(48.0373,3.37598)]
triangle[(-11.0282,17.2312),(18.3419,0.853913),(42.6433,44.4345)]
triangle[(-2.03728,-5.20391),(15.4907,-10.4136),(24.5693,20.1312)]
triangle[(-13.3471,-6.86409),(0.520636,-7.96049),(2.57966,18.0828)]
triangle[(-10.9241,-5.37496),(6.07414,19.8253),(-32.6001,45.9121)]
triangle[(10.1605,1.94906),(-9.5755,-15.4462),(14.8376,-43.1444)]
triangle[(-1.84631,4.04656),(-4.66,-1.38267),(2.85025,-5.27485)]
triangle[(2.55717,11.9096),(17.795,3.02479),(28.0452,20.6043)]
triangle[(-15.089,16.7374),(15.3873,8.54335),(31.6615,69.072)]
triangle[(7.95582,3.54452),(-17.0777,6.89805),(-23.3672,-40.0519)]
triangle[(-0.0352609,16.9548),(11.7024,5.11627),(23.9151,17.225)]
triangle[(9.78678,-8.0741),(6.21882,0.797344),(-5.97627,-4.10734)]
triangle[(2.59639,-15.1487),(5.66769,-15.6242),(6.59237,-9.65187)]
triangle[(-20.2795,7.37384),(-7.3589,-11.6038),(23.1076,9.13873)]
triangle[(-8.18286,9.9669),(-5.81352,0.159678),(8.87653,3.70866)]
triangle[(7.0247,14.2864),(-15.9218,10.6285),(-9.1514,-31.8431)]
triangle[(2.48084,-4.84591),(12.5411,9.90539),(-15.377,28.9454)]
triangle[(6.94816,-6.04281),(-9.81111,7.32506),(-25.3185,-12.1165)]
triangle[(-13.6114,8.34649),(3.59567,-7.52795),(28.0741,19.0054)]
triangle[(4.33187,-9.78686),(-0.865146,6.48624),(-30.4056,-2.94787)]
triangle[(0.702446,-8.44055),(-1.39455,7.66404),(-27.2468,4.29779)]
triangle[(19.1644,-7.59417),(-7.40966,5.261),(-32.9336,-47.5019)]
triangle[(3.39921,-12.8359),(-14.5277,-11.6527),(-16.623,-43.398)]
triangle[(-9.63974,-6.19206),(-15.9699,-12.8505),(-6.02009,-22.3097)]
triangle[(19.1587,12.8444),(12.1509,-18.7511),(71.1378,-31.8343)]
triangle[(19.5991,-4.1408),(1.98804,12.1414),(-15.8202,-7.1203)]
triangle[(15.5235,-18.7917),(-10.7539,-13.2528),(-16.7029,-41.4752)]
triangle[(-15.0973,-20.0057),(14.7798,-14.2985),(5.24048,35.6395)]
triangle[(-15.6511,7.57291),(12.7866,-5.93842),(33.1513,36.9237)]
triangle[(-0.650624,14.7864),(19.0327,4.10338),(35.2662,34.0133)]
triangle[(-18.0051,-14.1029),(-10.1053,15.0451),(-64.5454,29.7996)]
triangle[(-19.8051,9.00765),(8.57772,14.7714),(-1.15091,62.6788)]
triangle[(5.99992,10.2645),(-3.68138,9.32421),(-2.41701,-3.69405)]
triangle[(-1.75108,10.8092),(-14.5645,-2.53005),(-0.253917,-16.2765)]
triangle[(3.74902,1.90665),(-20.6728,7.30094),(-27.028,-21.4712)]
triangle[(-13.1528,-10.7716),(-18.3073,15.197),(-57.6397,7.38988)]
triangle[(-0.459797,16.3536),(2.89168,-17.4288),(58.9657,-11.8658)]
triangle[(11.7332,-1.9338),(-1.96127,-7.66054),(8.13731,-31.8095)]
triangle[(10.7403,15.8976),(-7.45184,-5.95569),(33.1026,-39.7159)]
triangle[(-5.0398,4.84794),(18.6648,4.51233),(19.1793,40.8527)]
triangle[(10.4604,-7.16191),(14.162,-15.0604),(23.2449,-10.8037)]
triangle[(18.9515,-5.35895),(12.1903,-3.61478),(9.82682,-12.7768)]
triangle[(11.8234,1.45372),(-13.2722,14.0748),(-32.6571,-24.4701)]
triangle[(14.8393,-4.1827),(3.94124,12.5665),(-22.799,-4.83234)]
triangle[(15.139,8.67575),(12.0964,-16.5947),(60.5986,-22.4346)]
triangle[(13.2653,2.24666),(-19.7407,3.29837),(-21.7398,-59.441)]
triangle[(-19.7531,-0.317513),(-4.15157,-19.0806),(33.175,11.9564)]
triangle[(-15.3815,-18.0286),(4.58789,-3.18006),(-22.5542,33.3226)]
triangle[(-0.680548,6.01225),(-2.24018,-18.2578),(38.2736,-20.8613)]
triangle[(4.96057,13.393),(0.538989,14.4777),(-0.900566,8.60946)]
triangle[(6.90965,-8.11125),(9.21487,-11.8477),(16.1829,-7.54863)]
triangle[(-9.0493,-0.270729),(10.9339,16.7338),(-10.9738,42.479)]
triangle[(-7.8451,1.46547),(14.2007,-18.5334),(52.0607,23.2016)]
triangle[(-10.6786,-5.96665),(-9.62029,13.8768),(-34.5397,15.2058)]
triangle[(-9.13277,1.22375),(3.51886,-9.20781),(18.8053,9.33186)]
triangle[(-5.02885,6.42893),(-3.52372,18.0842),(-16.4766,19.7569)]
triangle[(-10.7335,-8.84901),(4.86411,-17.7681),(19.7045,8.18463)]
triangle[(14.1695,17.5451),(0.584774,16.2114),(2.0191,1.6015)]
triangle[(3.6538,14.9945),(-10.6701,-8.0216),(33.8348,-35.7191)]
triangle[(9.62795,16.5307),(19.7596,-20.5527),(79.4433,-4.24642)]
triangle[(16.5077,-10.5756),(-16.3224,-6.96169),(-23.5047,-72.2095)]
triangle[(-9.59787,-20.5516),(1.75323,-13.7518),(-11.792,8.85961)]
triangle[(-3.11914,9.41565),(5.44033,20.9378),(-11.3152,33.385)]
triangle[(2.97728,9.92448),(-17.5165,-0.188534),(2.64245,-41.0402)]
triangle[(-12.3417,-5.83407),(7.75491,-14.4281),(24.0736,23.7325)]
triangle[(-9.97671,-13.733),(19.5906,-6.18633),(11.1658,26.8216)]
triangle[(-7.49797,-9.76548),(3.28048,2.9969),(-10.4733,14.6126)]
triangle[(5.86251,-3.78126),(15.0261,-8.61481),(22.3541,5.27777)]
triangle[(12.7522,14.9447),(3.38907,-12.9369),(36.7398,-24.1367)]
triangle[(-16.3759,13.3418),(14.6497,-16.6155),(63.2206,33.6875)]
triangle[(-15.7963,-10.9707),(-1.60441,13.3543),(-30.0937,29.9758)]
triangle[(15.5827,-1.49883),(11.8741,15.5554),(-18.1978,9.01604)]
triangle[(-13.6684,-11.8312),(13.6505,-14.5599),(16.6637,15.6072)]
triangle[(19.0169,5.17387),(-11.4119,15.484),(-29.2188,-37.0705)]
triangle[(7.17706,0.400079),(0.930047,-12.2372),(23.0774,-23.1853)]
triangle[(10.4444,-0.192537),(-20.0453,13.65),(-44.4838,-40.1787)]
triangle[(11.0953,5.32432),(-2.91628,-6.13092),(18.9031,-32.8196)]
triangle[(-5.41912,7.77467),(6.65927,19.0539),(-7.18769,33.882)]
triangle[(-7.13269,-12.9696),(-10.8065,-19.7359),(-1.45105,-24.8156)]
triangle[(2.82219,-18.32),(19.59,8.88392),(-12.0612,28.3928)]
triangle[(7.89513,-2.80679),(-5.96066,6.39179),(-20.8849,-16.0885)]
triangle[(5.83705,-6.5978),(-3.53027,-7.02255),(-2.87755,-21.4173)]
triangle[(-18.0822,0.881444),(-3.62808,18.5366),(-36.694,45.6074)]
triangle[(-19.1652,-6.90568),(-16.5263,-6.73634),(-16.8544,-1.62365)]
triangle[(-19.9131,-13.0286),(17.1682,8.85662),(-20.7217,73.0554)]
triangle[(-4.02358,5.7667),(4.67884,-14.2216),(31.6178,-2.49301)]
triangle[(-5.15837,11.9361),(18.7901,4.94037),(28.6253,38.6092)]
triangle[(19.2123,-14.8309),(1.45639,18.8026),(-36.9154,-1.45473)]
triangle[(6.14208,-11.7792),(-4.13961,2.52236),(-26.3448,-13.4414)]
triangle[(18.1118,-15.2096),(10.4048,-20.9245),(18.9957,-32.5101)]
triangle[(15.3227,-9.71152),(-17.677,-18.4193),(-0.990289,-81.6564)]
triangle[(-12.1005,19.2521),(-4.62377,-10.9734),(26.0993,-3.37366)]
triangle[(11.3994,-1.13879),(-17.4435,-8.43613),(-9.86491,-38.3907)]
triangle[(-2.25015,-15.3027),(12.9679,-6.79201),(0.891563,14.8017)]
triangle[(-1.57757,16.7106),(-5.12605,17.5314),(-6.10562,13.2966)]
triangle[(14.4504,8.43131),(4.21746,19.8798),(-13.5641,3.98617)]
triangle[(-18.8492,-17.3379),(-14.7407,-11.898),(-22.3838,-6.12555)]
triangle[(-8.84736,0.000309875),(6.32034,-17.5554),(29.1221,2.14487)]
triangle[(-9.57573,-10.8532),(-4.5063,11.6678),(-34.5654,18.4341)]
triangle[(-1.09572,-17.563),(-18.0499,12.6437),(-61.0346,-11.4823)]
triangle[(-20.2021,0.603694),(6.16727,2.16247),(4.28552,33.9954)]
triangle[(-2.27032,-16.4401),(-20.2436,1.95415),(-41.792,-19.101)]
triangle[(-10.8319,-11.7383),(17.6799,10.9801),(-10.1123,45.8596)]
triangle[(17.4314,-16.3175),(17.3462,17.5323),(-27.1184,17.4205)]
triangle[(4.92882,-20.2767),(-19.3089,-0.820702),(-56.5062,-47.1602)]
triangle[(2.33856,-20.7505),(-6.22887,9.66083),(-45.7844,-1.48269)]
triangle[(12.1972,20.2624),(-20.3174,2.73736),(-0.0788959,-34.8114)]
triangle[(13.2437,9.23943),(-3.4967,0.558808),(10.2591,-25.9689)]
triangle[(-11.7511,-13.9337),(13.5621,12.181),(-30.7451,55.1284)]
triangle[(-2.46217,2.29953),(-12.0999,-9.67636),(8.69672,-26.4126)]
triangle[(-9.79666,-10.2822),(-19.1583,3.78353),(-44.6749,-13.1995)]
triangle[(3.64018,-11.6115),(-1.04367,16.2719),(-48.5535,8.29121)]
triangle[(-19.4399,-9.71137),(-17.9778,2.2237),(-41.3126,5.0823)]
triangle[(12.1761,-8.8165),(13.5956,-4.20302),(6.37197,-1.98055)]
triangle[(-10.4058,-12.3945),(6.53589,19.1082),(-44.3172,46.4562)]
triangle[(-10.9038,4.88305),(19.7413,-3.5685),(28.2184,27.1692)]
triangle[(17.3381,16.5342),(4.95028,-6.17752),(28.5835,-19.0679)]
triangle[(17.9899,17.5453),(4.75634,-11.4691),(50.3259,-32.2535)]
triangle[(-1.67715,3.12067),(-10.6876,-0.540901),(-5.21362,-14.0112)]
triangle[(-12.5445,-20.5971),(-14.1563,19.5014),(-76.7056,16.9872)]
triangle[(-11.4544,-16.5582),(16.8407,-1.04324),(-5.71994,40.1014)]
triangle[(0.763737,-20.0854),(9.73046,19.5137),(-46.1883,32.1758)]
triangle[(12.0194,-9.93854),(17.9472,10.8885),(-5.45023,17.5479)]
triangle[(6.9028,6.50102),(19.4521,-17.1547),(60.8722,4.81863)]
triangle[(1.77518,-12.1887),(15.8647,3.06515),(-13.013,29.7387)]
triangle[(18.9925,4.99496),(-8.40187,-5.05685),(8.18453,-50.26)]
triangle[(16.2837,-17.598),(7.21042,-12.2317),(-2.95024,-29.4115)]
triangle[(11.7798,9.67252),(19.5037,-5.03347),(40.7317,6.11589)]
triangle[(-5.20277,9.63986),(6.73082,-4.60583),(28.3235,13.4823)]
triangle[(-5.84198,14.5334),(-9.04865,-0.912691),(15.403,-5.98895)]
triangle[(19.044,2.8494),(2.10954,-5.56809),(18.875,-39.2972)]
triangle[(-19.261,11.4067),(5.70778,-2.72085),(21.7582,25.6463)]
triangle[(-3.58861,14.6687),(14.581,-18.5519),(78.231,16.2607)]
triangle[(-16.073,-15.6738),(16.1401,-13.4837),(13.2094,29.6233)]
triangle[(-19.391,15.4447),(6.55992,-3.98213),(40.9163,41.9121)]
triangle[(-7.64764,-1.23612),(-13.0902,3.28799),(-21.6919,-7.05997)]
triangle[(10.2093,-6.06468),(10.8254,-0.801764),(5.39735,-0.166425)]
triangle[(-9.74944,6.44063),(-8.19066,-7.63102),(13.4493,-5.23387)]
triangle[(9.36719,19.8133),(-16.1249,-2.69351),(14.5923,-37.4851)]
triangle[(19.3249,-13.9935),(2.96127,-1.782),(-16.7126,-28.1453)]
triangle[(11.6165,-17.9857),(12.6664,7.03569),(-18.8839,8.35956)]
triangle[(5.16184,12.0292),(18.1254,-5.08946),(36.2792,8.65801)]
triangle[(5.7063,-20.5045),(-6.61393,4.38892),(-51.4575,-17.805)]
triangle[(18.9154,-4.62972),(0.0895786,4.22987),(-16.361,-30.7262)]
triangle[(-18.0812,17.2182),(-19.2024,-11.5863),(20.2823,-13.1233)]
triangle[(-10.9677,11.5426),(-13.2756,6.48495),(-3.91608,2.21406)]
triangle[(3.57875,-11.4376),(0.723385,6.44518),(-30.1555,1.5147)]
triangle[(8.72798,19.6565),(7.93885,-11.5523),(55.9646,-12.7667)]
triangle[(11.7959,19.16),(-3.34211,-14.3808),(57.7674,-41.9614)]
triangle[(-12.8044,-10.0472),(2.77777,1.57007),(-13.8557,23.8805)]
triangle[(-11.3639,-8.22525),(-3.36387,-0.875671),(-11.9905,8.51449)]
triangle[(-7.48048,18.3819),(4.24911,-13.3211),(44.1005,1.42325)]
triangle[(9.45498,-19.948),(-6.71479,-2.70645),(-24.5428,-19.4262)]
triangle[(-4.43037,-14.3167),(8.52301,-12.4006),(5.59081,7.42258)]
triangle[(0.365158,-0.520778),(-4.91893,4.84296),(-11.4155,-1.55714)]
triangle[(-1.49291,-14.3465),(6.81201,6.07569),(-19.3933,16.7324)]
triangle[(4.33662,12.0773),(-7.06703,-9.24873),(28.6686,-28.3576)]
triangle[(-11.6936,-1.12603),(12.018,-10.0106),(21.7893,16.0675)]
triangle[(-1.74878,1.85861),(-19.9225,-10.5106),(-1.08188,-38.1925)]
triangle[(2.15342,19.6933),(-6.18946,2.72112),(15.8885,-8.1316)]
triangle[(17.6084,0.521436),(-20.0693,1.70221),(-22.0766,-62.3495)]
triangle[(13.8248,-13.7831),(-3.0702,-11.6403),(-6.73987,-40.5733)]
triangle[(-7.01658,0.75374),(19.1191,16.0501),(2.28263,44.8172)]
triangle[(20.8586,11.4931),(0.299044,-10.3013),(30.5198,-38.8098)]
triangle[(-14.0808,20.4656),(-19.4976,5.33899),(0.759629,-1.91502)]
triangle[(-1.7764,-14.0636),(5.58666,-12.5289),(3.53741,-2.69663)]
triangle[(6.19948,5.43086),(-16.383,-2.03783),(-3.68783,-40.4233)]
triangle[(-18.3754,-2.01333),(3.29241,18.5064),(-25.1735,48.565)]
triangle[(-8.73862,-17.5481),(14.0514,-20.9846),(18.2499,6.85846)]
triangle[(19.3765,-10.864),(-18.9365,16.2593),(-52.19,-30.713)]
triangle[(13.979,4.34828),(14.3657,-6.78815),(33.4327,-6.12619)]
triangle[(18.4208,6.05771),(0.3801,-1.58145),(11.2436,-27.2366)]
triangle[(18.3544,9.10242),(12.2657,3.24826),(19.9217,-4.71456)]
triangle[(-18.162,13.466),(-15.0279,-15.6172),(34.4336,-10.287)]
triangle[(-8.53741,-11.5257),(-18.6989,19.7685),(-63.5763,5.19635)]
triangle[(-1.58911,13.1728),(-18.9749,7.71644),(-8.40439,-25.9647)]
triangle[(-3.05367,17.8385),(14.6064,7.60447),(30.7469,35.4568)]
triangle[(9.66089,-18.2169),(-19.55,-17.7926),(-20.0989,-55.5838)]
triangle[(5.52227,-17.497),(-8.2904,17.6061),(-63.5305,-4.13024)]
triangle[(-9.90166,7.45171),(18.0571,7.17151),(18.5673,58.0736)]
triangle[(-15.7034,-1.08826),(-4.82912,2.2576),(-10.9454,22.136)]
triangle[(8.49908,20.1322),(-8.51103,-6.57353),(24.9998,-27.9181)]
triangle[(-18.9389,18.3281),(-10.7379,9.37151),(1.08994,20.2015)]
triangle[(18.408,16.6623),(-14.1743,-5.5602),(25.6435,-63.9407)]
triangle[(20.0568,-4.4852),(-6.34029,9.28544),(-33.7059,-43.1721)]
triangle[(-8.32458,19.4167),(5.2491,8.90976),(26.2469,36.0363)]
triangle[(-8.62832,14.7902),(16.5171,-8.13125),(53.8887,32.8663)]
triangle[(17.7803,-7.23555),(0.216131,10.3516),(-23.3602,-13.1939)]
triangle[(3.50825,-13.3176),(-18.373,-11.0019),(-21.2156,-37.8611)]
triangle[(0.322291,-11.4161),(0.517776,20.5037),(-34.1357,20.716)]
triangle[(17.8999,6.51545),(-9.83889,8.05141),(-11.5615,-23.0579)]
triangle[(-5.00896,5.577),(-15.6711,13.257),(-27.5983,-3.30158)]
triangle[(-2.7797,-5.43153),(-6.03642,7.07234),(-23.1157,2.62393)]
triangle[(-20.6777,-1.88504),(3.60053,9.02193),(-13.7341,47.6076)]
triangle[(-7.49468,-8.90374),(6.02316,-17.2763),(22.2354,8.89884)]
triangle[(14.5242,-18.1066),(-15.2656,6.68735),(-41.9093,-25.3249)]
triangle[(18.9481,3.47252),(-1.6743,-14.9657),(32.1414,-52.7871)]
triangle[(-9.24005,-13.6687),(14.3502,19.1203),(-50.1674,65.538)]
triangle[(-2.93378,2.37974),(9.60509,-3.53033),(15.9448,9.92001)]
triangle[(-8.73101,14.8669),(19.0889,-19.6075),(85.6381,34.0959)]
triangle[(12.0751,-4.43718),(-14.4979,-1.44658),(-20.1982,-52.0965)]
triangle[(-0.854816,-2.44244),(-11.7235,-7.7981),(-3.36288,-24.765)]
triangle[(-1.0553,10.502),(-3.41868,3.72158),(4.98496,0.792384)]
triangle[(-15.9264,5.10965),(17.1014,-2.28161),(31.5663,62.3545)]
triangle[(-13.2045,-7.87988),(17.3532,-2.99206),(9.27215,47.5286)]
triangle[(3.53336,14.6371),(-2.8458,-13.9351),(26.6147,-20.5125)]
triangle[(-1.85707,9.61549),(-7.84747,-3.83626),(18.1367,-15.4076)]
triangle[(2.77023,5.38884),(-2.26269,2.49513),(0.870434,-2.95419)]
triangle[(20.9166,-20.7392),(-5.16262,5.63315),(-49.4949,-38.2063)]
triangle[(8.67475,16.3182),(-6.12967,2.36078),(16.6751,-21.8279)]
triangle[(-2.6779,-15.3362),(-11.5314,-13.3902),(-13.7896,-23.6642)]
triangle[(-9.84099,5.98712),(-14.7156,8.65734),(-17.4752,3.61964)]
triangle[(0.417951,3.96809),(-15.9477,9.34221),(-25.7881,-20.6243)]
triangle[(18.8759,19.9649),(-8.24845,-11.8465),(38.6578,-51.8416)]
triangle[(20.9666,18.8974),(-10.5412,12.546),(0.0883647,-40.1851)]
triangle[(-1.38671,16.7156),(8.01333,-10.1317),(56.9288,6.99499)]
triangle[(11.8965,-2.10218),(-15.1583,10.9248),(-32.4475,-24.9819)]
triangle[(17.4742,18.5444),(-2.90275,11.5213),(8.12228,-20.4669)]
triangle[(19.4706,-2.41007),(-3.34821,-2.81998),(-2.68064,-39.9822)]
triangle[(-9.22632,16.3295),(0.198403,5.61885),(16.4247,19.897)]
triangle[(-11.8157,-18.9439),(-19.574,-1.60638),(-48.764,-14.6686)]
triangle[(-18.2941,-9.06029),(-19.5488,9.69326),(-42.6037,8.15071)]
triangle[(4.41134,-6.26037),(-18.3409,16.8255),(-50.3773,-14.7478)]
triangle[(10.4498,17.2998),(1.77183,18.2367),(0.18851,3.57115)]
triangle[(-19.2328,-2.47582),(4.27297,-0.532635),(0.756595,42.0032)]
triangle[(-11.721,16.4109),(6.57992,20.248),(1.3225,45.3226)]
triangle[(-17.0008,-5.76361),(1.33027,-9.23975),(5.69016,13.7517)]
triangle[(3.03427,18.5932),(17.9413,-1.3371),(50.8541,23.2803)]
triangle[(4.84809,-15.5061),(-18.3628,11.8899),(-46.2885,-11.7697)]
triangle[(10.6954,-9.6378),(1.94587,18.3012),(-42.8601,4.2695)]
triangle[(6.02337,-7.91525),(-3.79734,-19.931),(20.1149,-39.475)]
triangle[(17.0416,-5.42392),(-1.37576,-6.19549),(0.124795,-42.0137)]
triangle[(17.4613,6.06773),(4.92697,-4.60954),(20.3456,-22.7099)]
triangle[(9.45274,5.30572),(5.04438,1.58273),(8.98735,-3.0861)]
triangle[(20.7103,20.5766),(-8.79852,0.387056),(17.9247,-38.6713)]
triangle[(-4.76094,-13.4325),(-3.32681,4.28832),(-33.8712,6.76026)]
triangle[(-10.114,11.2574),(11.1394,-7.59231),(37.4877,22.116)]
triangle[(7.34348,-7.86687),(8.30039,-12.4825),(13.3207,-11.4417)]
triangle[(8.83921,3.16107),(0.98629,11.1377),(-10.9873,-0.650035)]
triangle[(-11.4701,19.3666),(10.3649,-5.68188),(41.3832,21.3571)]
triangle[(-11.8078,14.592),(-4.25058,-4.03942),(17.9885,4.98111)]
triangle[(15.4821,15.6761),(-11.1077,19.8428),(-16.5232,-14.7159)]
triangle[(12.5532,1.29336),(4.08043,6.26787),(-2.11583,-4.28587)]
triangle[(0.902506,-13.9583),(-11.3035,15.4183),(-48.9796,-0.236264)]
triangle[(-9.81853,-6.2996),(-0.215229,19.3925),(-33.684,31.9026)]
triangle[(-1.49825,-5.42843),(15.4442,-13.3579),(25.2422,7.57697)]
triangle[(16.9654,3.73433),(-7.84386,-18.7781),(29.5908,-60.0319)]
triangle[(10.4202,-15.802),(-7.98219,11.6822),(-51.0057,-17.1248)]
triangle[(-9.95494,-17.5173),(8.30732,17.2032),(-39.2861,42.2364)]
triangle[(9.711,6.95459),(-9.16347,-1.41155),(2.25845,-27.1801)]
triangle[(-1.02058,-3.32702),(16.1572,-10.5028),(30.2071,23.1308)]
triangle[(2.42896,7.63777),(1.05911,-3.9024),(22.1012,-6.40014)]
triangle[(17.9216,-6.2159),(-5.82834,2.36477),(-18.8596,-33.7038)]
triangle[(-6.94978,-4.96686),(9.31408,1.50546),(-0.162789,25.3192)]
triangle[(14.9557,16.4778),(-16.3147,13.6158),(-12.4953,-28.1159)]
triangle[(8.893,17.8052),(9.17592,-15.0936),(71.9653,-14.5536)]
triangle[(-14.4622,-17.8039),(2.87403,-20.6151),(6.41725,1.23556)]
triangle[(0.308835,-6.9489),(2.5186,2.99616),(-7.64793,5.25515)]
triangle[(-13.9076,0.0759732),(-12.3122,-2.77667),(-6.91342,0.242713)]
triangle[(20.6137,20.7919),(8.63059,-10.604),(64.191,-31.8101)]
triangle[(1.00331,-7.7892),(1.27164,11.4475),(-19.0067,11.7303)]
triangle[(14.6006,3.31831),(13.648,20.5932),(-7.77575,19.4117)]
triangle[(-10.2039,-0.949568),(-15.2968,12.5533),(-39.2468,3.51998)]
triangle[(2.41457,-4.63372),(3.25676,4.35042),(-8.37462,5.44077)]
triangle[(11.2301,18.1068),(7.60751,14.5841),(14.1406,7.86575)]
triangle[(15.7544,12.6835),(4.60897,-14.4299),(34.9575,-26.9052)]
triangle[(19.501,-19.4034),(5.62503,5.80834),(-25.0556,-11.0776)]
triangle[(-2.3975,-12.9728),(-6.40768,7.1306),(-36.0852,1.2106)]
triangle[(-2.46617,-20.0252),(-20.1838,7.76084),(-55.4132,-14.703)]
triangle[(4.63316,-13.0372),(-17.4548,12.2452),(-62.1028,-26.7614)]
triangle[(-6.11665,12.8957),(-15.7469,10.9315),(-12.0274,-7.30491)]
triangle[(4.04461,5.6953),(-20.8807,0.030596),(-11.2332,-42.4194)]
triangle[(20.66,-11.2114),(-14.4428,-7.66746),(-19.7558,-60.2926)]
triangle[(-12.0905,-4.58215),(-1.93286,-11.4371),(10.6345,7.18531)]
triangle[(6.39797,13.4389),(-8.20881,-20.9052),(55.2594,-47.8986)]
triangle[(-2.5451,-6.3561),(-5.64892,-16.1663),(7.77558,-20.4136)]
triangle[(-12.4044,-1.70532),(-14.3719,-0.660685),(-16.0217,-3.76788)]
triangle[(-16.8192,18.8789),(-13.7913,5.77608),(9.9841,11.2704)]
triangle[(-1.50044,18.7007),(-0.11247,8.61621),(10.5643,10.0857)]
triangle[(20.8881,8.71192),(12.9425,5.69479),(16.4179,-3.45767)]
triangle[(-18.6502,20.2945),(-13.0985,-14.5967),(51.4455,-4.32689)]
triangle[(-0.960123,13.6016),(-18.1866,2.50186),(-6.52924,-15.5899)]
triangle[(12.989,-12.0942),(-3.64427,2.75982),(-32.1301,-29.1381)]
triangle[(19.8393,-17.3728),(0.97348,17.1597),(-34.9614,-2.47233)]
triangle[(4.90286,4.54248),(8.56888,-12.631),(36.2122,-6.72999)]
triangle[(-13.3842,2.45929),(18.2174,-6.8231),(28.2507,27.335)]
triangle[(-16.7963,17.417),(-0.0108682,1.80805),(18.4954,21.7091)]
triangle[(-5.6501,18.1326),(15.2814,-14.3045),(61.7883,15.7061)]
triangle[(-0.57899,6.4077),(-18.0852,20.7572),(-34.2548,1.03046)]
triangle[(2.07794,-13.638),(-19.235,20.128),(-76.074,-15.7485)]
triangle[(-11.8611,4.06577),(-2.32252,-11.4481),(21.7643,3.36149)]
triangle[(-9.15886,9.65297),(6.1207,-16.4648),(45.4522,6.54502)]
triangle[(8.31648,-2.47734),(-13.6197,16.7052),(-48.7285,-23.4434)]
triangle[(15.9201,-15.1782),(-1.22744,-2.64667),(-17.0131,-24.2469)]
triangle[(1.8934,2.3364),(-8.42986,-19.9532),(35.8635,-40.4673)]
triangle[(-18.6638,13.3063),(-3.3832,14.1501),(-4.32266,31.1635)]
triangle[(14.8665,13.6271),(-17.5812,17.806),(-22.1672,-17.802)]
triangle[(20.7507,7.45222),(14.3223,5.93066),(16.8937,-4.93282)]
triangle[(-5.18682,-2.49549),(-14.3851,-16.7189),(1.23092,-26.8177)]
triangle[(-2.24983,6.1061),(8.7558,-3.25618),(27.247,18.4807)]
triangle[(-9.45317,3.1063),(17.2673,-16.1918),(43.1961,19.7097)]
triangle[(-13.1123,14.4977),(6.8567,10.7187),(11.8572,37.1421)]
triangle[(-1.61777,-11.4883),(18.9008,20.6211),(-35.802,55.5772)]
triangle[(-17.0459,2.165),(16.4872,-13.2057),(47.1447,53.6775)]
triangle[(10.3199,13.945),(-8.77383,-7.08546),(17.0574,-30.5379)]
triangle[(18.545,8.33736),(-18.352,4.07306),(-12.9663,-42.5265)]
triangle[(1.89393,-2.02636),(-5.32301,-3.14072),(-3.16847,-17.0942)]
triangle[(12.0898,-1.21891),(9.87128,15.7297),(-15.5159,12.4066)]
triangle[(-9.45152,17.4872),(18.3586,15.1728),(20.8077,44.601)]
triangle[(20.4371,15.683),(-13.8982,5.2425),(6.62221,-62.2421)]
triangle[(-12.1353,-8.86651),(2.3256,20.3108),(-34.7572,38.6898)]
triangle[(15.4233,7.64058),(-5.23323,1.8349),(4.74699,-33.6745)]
triangle[(-7.94662,-9.7387),(-11.0604,-11.7485),(-7.4867,-17.2852)]
triangle[(-9.92635,-20.8141),(-13.5914,19.8708),(-77.8463,14.0824)]
triangle[(0.341505,5.64135),(-10.7464,5.19498),(-9.94663,-14.6713)]
triangle[(-4.26046,14.3937),(15.756,20.716),(9.21118,41.4369)]
triangle[(-18.2087,-5.24813),(20.6439,-4.16853),(18.6452,67.7601)]
triangle[(8.6997,-18.2108),(13.589,-14.1667),(8.7086,-8.26619)]
triangle[(18.7857,-5.55648),(-2.0169,-5.8203),(-1.58311,-40.0244)]
triangle[(-16.5486,-6.28168),(13.47,-3.16896),(8.46902,45.0597)]
triangle[(18.3539,-0.532203),(-19.7041,-13.1923),(0.692089,-74.506)]
triangle[(-16.4805,3.56478),(-8.31485,9.51669),(-18.6828,23.7408)]
triangle[(12.2832,5.45047),(4.46509,-19.4797),(30.0551,-27.5047)]
triangle[(6.42027,8.42274),(-13.2116,-4.70062),(8.93001,-37.8232)]
triangle[(3.92739,20.0959),(-17.4713,9.47751),(2.32348,-30.414)]
triangle[(4.78351,-19.0343),(4.08046,10.836),(-54.2054,9.46418)]
triangle[(15.6944,1.1208),(0.963753,19.2071),(-28.9365,-5.14568)]
triangle[(-12.3194,-1.64704),(-20.2987,13.2766),(-47.0535,-1.02855)]
triangle[(-7.35938,-20.8232),(-14.6967,-8.77961),(-29.6079,-17.864)]
triangle[(2.4055,-17.248),(20.119,-18.1618),(21.5483,9.54367)]
triangle[(20.2156,12.261),(-10.4137,-1.66017),(10.0452,-46.674)]
triangle[(-1.23161,-0.550383),(8.91264,8.40274),(-1.45635,20.1512)]
triangle[(-12.9999,20.1172),(-1.51717,4.15586),(20.7111,20.1471)]
triangle[(12.8057,-11.5614),(7.12439,-19.124),(21.4671,-29.8988)]
triangle[(0.458527,-5.79412),(-9.32045,16.5901),(-46.3455,0.414966)]
triangle[(4.65798,14.3222),(11.7415,-10.5487),(46.3957,-0.678745)]
triangle[(-13.5325,19.7095),(-2.69548,-14.4365),(37.8023,-1.58361)]
triangle[(-7.78268,15.366),(-13.2415,-14.941),(39.3136,-24.4072)]
triangle[(13.0642,7.57838),(11.2747,-5.7036),(35.397,-8.95365)]
triangle[(14.9606,0.171877),(0.361746,-9.51118),(18.0064,-36.1135)]
triangle[(11.6215,12.3409),(-20.7003,-10.1333),(5.75676,-48.1831)]
triangle[(5.00765,-10.5035),(-10.9346,9.80212),(-40.3864,-13.321)]
triangle[(10.8497,-7.57693),(12.9899,5.92151),(-1.5832,8.23217)]
triangle[(-13.0062,19.7406),(-16.4418,14.2283),(-6.44616,7.99851)]
triangle[(-4.2873,5.57857),(11.8033,-3.88783),(29.1303,25.5638)]
triangle[(2.18807,-8.92801),(12.8562,18.6344),(-20.6655,31.609)]
triangle[(15.7118,-6.36651),(-0.346436,-6.36114),(-0.356763,-37.2275)]
triangle[(1.67091,-20.5532),(7.45531,-14.7355),(-0.42708,-6.89818)]
triangle[(-16.4675,20.917),(12.586,2.54814),(35.7997,39.2647)]
triangle[(-1.43759,4.15616),(-20.802,6.5205),(-25.0725,-28.4558)]
triangle[(-14.399,10.4217),(-16.0584,-9.19871),(16.9289,-11.9886)]
triangle[(-15.5882,-0.28033),(-13.5629,8.67123),(-23.3463,10.8846)]
triangle[(4.85055,5.07669),(12.491,5.94934),(11.4119,15.3975)]
triangle[(20.6047,5.54217),(-7.6939,0.122523),(-1.38071,-32.8418)]
triangle[(-14.5224,-2.81453),(-11.5687,5.1232),(-20.2464,8.35226)]
triangle[(-8.68483,7.14537),(19.706,-1.79682),(33.8007,42.9527)]
triangle[(10.2154,8.85175),(9.06704,4.68949),(15.7975,2.83254)]
triangle[(-11.2592,-12.8711),(-16.8734,7.65436),(-39.235,1.53789)]
triangle[(-9.72815,-5.41737),(-16.4008,10.0738),(-39.2301,0.240317)]
triangle[(-16.8302,17.466),(4.08884,-19.8851),(45.8619,3.51056)]
triangle[(13.9216,-9.72315),(-14.806,16.8903),(-66.7583,-39.1889)]
triangle[(-15.2765,-14.1607),(12.7622,-16.3993),(16.4313,29.5568)]
triangle[(-3.68738,15.8046),(13.2302,-19.8127),(71.3331,7.78514)]
triangle[(16.5988,-6.65787),(-17.9453,-7.04149),(-17.3007,-65.0852)]
triangle[(-9.46757,-7.91709),(13.3584,-11.6573),(19.6216,26.5658)]
triangle[(-13.4312,-3.96168),(-20.0721,4.30928),(-29.1784,-3.00242)]
triangle[(10.1624,12.4663),(-18.3606,-13.9026),(14.0534,-48.9646)]
triangle[(18.5958,-4.60956),(-14.887,-20.3878),(12.7021,-78.9341)]
triangle[(8.4995,8.31211),(20.8802,-4.98798),(34.6779,7.85597)]
triangle[(-15.1984,9.37802),(-19.6849,-18.7154),(12.9766,-23.9313)]
triangle[(17.6656,-19.2669),(2.3487,20.7593),(-44.4015,2.86942)]
triangle[(9.51382,-3.1257),(15.8365,15.5826),(-9.2017,24.0446)]
triangle[(12.2967,-19.189),(-13.8713,3.53277),(-42.1403,-29.0238)]
triangle[(17.03,5.35759),(-12.1244,-5.41727),(7.69921,-59.0554)]
triangle[(6.74721,-9.89325),(-2.86451,-0.579968),(-21.4845,-19.7967)]
triangle[(-5.886,10.8027),(-2.86857,12.3672),(-4.7252,15.9482)]
triangle[(-19.9826,19.9279),(17.005,-10.8345),(67.3423,49.6891)]
triangle[(-2.6298,10.3462),(9.28654,7.24289),(14.8265,28.5161)]
triangle[(-11.4684,20.0195),(14.3054,19.9598),(14.4028,61.9726)]
triangle[(-12.9771,14.2488),(0.581148,9.56598),(8.40984,32.2327)]
triangle[(12.6914,17.1186),(8.63093,-5.95152),(54.4893,-14.0229)]
triangle[(-17.8168,3.70768),(16.1655,14.935),(2.24539,57.0673)]
triangle[(-17.5457,-2.46796),(11.1568,9.24434),(-8.60053,57.6622)]
triangle[(-20.1566,-1.87755),(13.8382,-0.457388),(11.2914,60.5072)]
triangle[(16.0251,18.6853),(-1.52743,8.71223),(13.6989,-18.0861)]
triangle[(12.7627,-17.6602),(19.8281,17.415),(-40.9856,29.6652)]
triangle[(20.0315,10.7738),(-20.3236,-15.578),(28.0207,-89.6123)]
triangle[(-8.78023,-12.5256),(16.0372,4.58418),(-18.1119,54.1169)]
triangle[(18.289,-17.6534),(-13.3931,-18.7616),(-12.2548,-51.3022)]
triangle[(16.4004,4.42388),(-5.33901,7.19992),(-8.48462,-17.4336)]
triangle[(-3.00483,-3.13601),(-5.09122,10.4226),(-23.2762,7.62434)]
triangle[(-11.3559,20.3615),(3.82338,-9.86618),(44.2068,10.413)]
triangle[(16.4986,14.9646),(-17.1608,17.6867),(-20.2433,-20.429)]
triangle[(-0.348149,6.93991),(-8.78447,-2.91171),(3.81055,-13.6973)]
triangle[(2.49604,-0.68397),(-7.58308,-3.12998),(-3.86162,-18.4647)]
triangle[(-3.48484,19.718),(-18.0488,4.23878),(5.00096,-17.448)]
triangle[(-12.9871,7.30813),(-12.4804,17.4486),(-31.1734,18.3828)]
triangle[(19.7409,-15.2184),(-3.78851,10.7192),(-52.506,-33.475)]
triangle[(20.6542,-11.0096),(-15.5355,-17.3408),(-6.2583,-70.3706)]
triangle[(-1.93841,15.4656),(-14.051,-11.62),(14.9135,-24.5729)]
triangle[(12.2467,16.322),(-18.9128,9.79762),(-10.2697,-31.4811)]
triangle[(10.6341,9.8531),(-17.5552,14.5597),(-25.5465,-33.3024)]
triangle[(9.01707,-18.0605),(-16.7676,-18.1089),(-16.6827,-63.3888)]
triangle[(17.4988,-19.6806),(-2.72039,8.21827),(-35.8882,-15.8194)]
triangle[(11.0301,-20.0912),(-15.7488,19.6445),(-61.3274,-11.0721)]
triangle[(9.44814,8.36997),(-13.8838,-10.2626),(7.18405,-36.644)]
triangle[(-5.42392,17.0006),(19.7345,-9.40571),(50.4823,19.8891)]
triangle[(-19.485,10.8285),(6.42531,-19.2187),(53.4471,21.3292)]
triangle[(4.2681,10.8689),(17.3043,20.7927),(4.60438,37.4755)]
triangle[(3.12781,-1.8546),(14.8358,11.407),(-0.663661,25.0908)]
triangle[(-0.16291,-10.487),(6.47419,-16.986),(17.5497,-5.6751)]
triangle[(-18.045,18.6109),(-20.0774,-12.8926),(18.1897,-15.3614)]
triangle[(12.0778,-9.29879),(-2.02983,-14.7799),(5.61966,-34.4688)]
triangle[(-12.5457,-6.99483),(-13.9628,0.152131),(-22.5175,-1.54405)]
triangle[(-19.3202,8.78255),(17.0324,8.36678),(17.6945,66.2521)]
triangle[(-11.9201,4.60797),(-17.798,-4.90449),(1.12859,-16.5995)]
triangle[(-14.5928,-18.1532),(3.89634,17.8584),(-57.2778,49.2665)]
triangle[(7.03679,-2.55794),(1.4907,-0.291113),(-1.61282,-7.88426)]
triangle[(-6.72943,15.0123),(16.094,18.035),(11.2429,54.6646)]
triangle[(-10.8377,-6.85014),(12.7458,19.6997),(-33.0451,60.3746)]
triangle[(-1.53996,-12.162),(3.78748,18.0972),(-54.1506,28.2978)]
triangle[(-6.55662,-20.3708),(12.3846,-18.557),(9.84931,7.91806)]
triangle[(-18.5553,-13.5598),(-6.09097,-18.255),(-0.428535,-3.22295)]
triangle[(-14.795,-5.55433),(7.35223,7.84514),(-6.34676,30.4874)]
triangle[(-0.670895,-4.97438),(-15.2639,13.0041),(-45.9717,-11.9212)]
triangle[(-14.016,12.9422),(6.17938,-2.74983),(34.1486,33.246)]
triangle[(11.9501,-6.19055),(0.514396,19.7378),(-48.1425,-1.72238)]
triangle[(-8.19798,15.1384),(19.572,2.4023),(34.8108,35.6293)]
triangle[(18.6827,-12.8623),(-16.0784,-7.49158),(-26.0994,-72.3499)]
triangle[(19.6489,13.6928),(-17.1448,12.2716),(-15.2811,-35.9773)]
triangle[(17.9568,13.1411),(18.0583,-1.61309),(45.6063,-1.42364)]
triangle[(-4.87895,11.6974),(14.3735,-16.9524),(47.6551,5.41259)]
triangle[(-10.9661,5.08903),(-16.5217,-0.422584),(-9.87167,-7.12566)]
triangle[(-2.91636,7.1451),(11.6009,11.6315),(5.6134,31.0061)]
triangle[(-2.92733,-3.77713),(-10.8831,7.73671),(-30.2289,-5.63074)]
triangle[(3.73594,-11.4228),(-11.0935,-6.48962),(-18.7158,-29.4027)]
triangle[(1.21769,11.6638),(-5.03743,-12.0144),(29.1767,-21.0528)]
triangle[(1.88239,15.9286),(-7.21399,12.1029),(-2.61988,1.17949)]
triangle[(20.3118,6.77434),(-15.5679,4.94308),(-13.1363,-42.7)]
triangle[(16.9569,-14.0611),(6.22439,1.94068),(-19.0587,-15.0169)]
triangle[(-0.444678,-11.3248),(-8.65918,17.4403),(-56.504,3.77714)]
triangle[(-17.5651,8.31151),(-4.78032,-14.2356),(31.6403,6.41594)]
triangle[(-15.029,17.6661),(-6.64735,14.3576),(-2.37273,25.1866)]
triangle[(9.79954,18.6507),(19.437,-11.3854),(78.5151,7.57061)]
triangle[(14.6287,-6.22744),(19.5195,11.8716),(-6.80561,18.9852)]
triangle[(8.23296,3.41837),(-9.41063,13.02),(-24.9434,-15.5226)]
triangle[(-11.8444,13.5537),(-19.8168,8.06985),(-9.51633,-6.90484)]
triangle[(-5.73563,19.4744),(10.6193,8.85384),(26.737,33.674)]
triangle[(-5.07421,6.26688),(0.207335,10.8271),(-8.46778,20.8745)]
triangle[(17.1544,-1.8746),(15.4262,-10.7466),(28.3382,-13.2617)]
triangle[(-5.23231,20.0188),(-9.12046,6.19805),(7.49997,1.52227)]
triangle[(-11.1133,-10.2583),(-0.122647,16.1931),(-26.6781,27.227)]
triangle[(-5.63761,11.4719),(-3.14753,12.8927),(-5.30659,16.6766)]
triangle[(-19.7128,-11.5791),(11.0458,-9.03798),(7.76935,30.6222)]
triangle[(2.55336,-2.60832),(14.279,-19.0084),(44.5053,2.60272)]
triangle[(12.6614,-10.1108),(-18.0356,1.75258),(-35.3043,-42.9308)]
triangle[(12.6205,14.5866),(-3.70288,8.69031),(8.03871,-23.8152)]
triangle[(-3.00336,-10.0048),(20.8159,-12.3287),(24.3011,23.3927)]
triangle[(17.6115,4.45077),(1.20591,3.64056),(2.22769,-17.0492)]
triangle[(-10.4736,6.87466),(12.3326,1.86859),(21.2493,42.4906)]
triangle[(13.3741,-17.9372),(-3.19634,-8.89214),(-20.8298,-41.1965)]
triangle[(-15.312,10.4922),(-18.2367,9.3913),(-16.9952,6.09279)]
triangle[(-4.32594,5.08793),(-3.62878,-14.6981),(26.924,-13.6216)]
triangle[(-18.3463,-15.4012),(-0.480574,-20.5739),(7.99608,8.70364)]
triangle[(18.7725,16.9115),(5.47478,9.18447),(15.6919,-8.39841)]
triangle[(-2.89321,-0.201159),(-19.4988,19.2987),(-39.3248,2.41534)]
triangle[(9.29272,1.89907),(-2.66621,5.0145),(-7.03163,-11.7426)]
triangle[(8.83101,-20.1614),(-1.56199,-10.0899),(-16.3901,-25.3912)]
triangle[(-6.35237,-19.7091),(5.08556,13.4963),(-59.1557,35.6248)]
triangle[(-7.35089,1.24091),(-0.806263,-17.6995),(25.5497,-8.59249)]
triangle[(-9.15074,-9.84833),(2.71012,20.8157),(-51.0968,41.6283)]
triangle[(10.0493,-11.5367),(-19.0029,-13.858),(-15.8717,-53.0457)]
triangle[(-1.22532,-18.7984),(3.07547,3.10977),(-19.7057,7.58194)]
triangle[(-18.0436,-15.3975),(-14.2925,-4.49027),(-32.2526,1.68647)]
triangle[(-15.7124,16.9554),(-8.43921,6.10047),(3.13562,13.856)]
triangle[(8.20743,-0.4046),(-4.76326,-6.10186),(4.42404,-27.0182)]
triangle[(20.7125,-8.10623),(-5.73513,12.4774),(-36.7164,-27.3301)]
triangle[(12.2801,9.3738),(-5.45159,-7.56917),(28.1189,-42.7025)]
triangle[(4.49284,-3.87272),(0.0997313,3.21416),(-7.71529,-1.63032)]
triangle[(5.44269,-3.7916),(-9.40424,-20.3579),(10.5216,-38.2157)]
triangle[(-0.196242,-20.8588),(15.0511,-8.50773),(-3.85388,14.8305)]
triangle[(-14.1234,-18.398),(7.15165,2.70614),(-17.6002,27.6585)]
triangle[(-5.8112,-0.646545),(10.1807,14.7702),(-10.5767,36.3019)]
triangle[(19.6396,17.9687),(-10.3132,17.9477),(-10.2809,-28.0758)]
triangle[(-10.6066,-8.03617),(-8.57205,18.0954),(-49.8332,21.3079)]
triangle[(18.8287,18.0357),(0.990716,6.80554),(19.9418,-23.2964)]
triangle[(-13.1283,-13.2426),(12.35,20.1203),(-32.8163,54.6126)]
triangle[(16.6913,13.5995),(9.56216,-17.6288),(43.4575,-25.3668)]
triangle[(-3.35461,-9.58838),(-2.18383,-12.8662),(3.58428,-10.806)]
triangle[(19.0055,-15.9097),(16.5026,-18.5556),(20.7819,-22.6037)]
triangle[(-13.6993,-11.1072),(-14.7258,17.7162),(-52.2531,16.3797)]
triangle[(-13.3743,4.41655),(-11.2068,-3.34148),(-0.712229,-0.409472)]
triangle[(-0.650499,11.4717),(-16.6549,-4.04133),(6.64088,-28.075)]
triangle[(2.64561,12.3095),(-9.28623,-11.2748),(16.237,-24.1876)]
triangle[(-6.26325,-10.3984),(20.3592,0.309741),(7.59684,32.0391)]
triangle[(-6.11833,-0.988672),(14.8253,-15.8167),(30.7939,6.73793)]
triangle[(-18.126,-12.5437),(-6.00266,-15.9344),(-2.59334,-3.7445)]
triangle[(2.8299,7.75194),(-0.536751,-14.5167),(41.6572,-20.8957)]
triangle[(-5.26746,6.65281),(5.95156,14.9008),(-6.9979,32.5148)]
triangle[(19.6094,8.82518),(4.35776,-8.93808),(37.1624,-37.1043)]
triangle[(8.27524,17.4217),(10.4178,20.5244),(6.3151,23.3576)]
triangle[(-4.28894,-12.8529),(7.61686,9.16909),(-28.3511,28.6146)]
triangle[(20.9068,-20.5311),(20.7233,-12.741),(6.34509,-13.0799)]
triangle[(1.36328,-14.0954),(-7.47986,-8.37215),(-14.7507,-19.6065)]
triangle[(11.4539,13.2063),(-5.58271,-8.79518),(18.7261,-27.6184)]
triangle[(13.0942,-14.8767),(-19.7258,2.65415),(-49.7809,-53.6127)]
triangle[(4.97732,-7.18035),(9.52459,-19.1237),(33.3369,-10.0575)]
triangle[(18.2266,20.4876),(14.103,-20.0506),(70.2278,-25.7598)]
triangle[(15.1831,-4.95562),(-3.80629,20.0429),(-49.8363,-14.9224)]
triangle[(-14.2411,-2.41597),(-6.86716,6.64067),(-22.6579,19.4976)]
triangle[(17.3561,5.28067),(12.7544,0.302573),(20.5478,-6.90158)]
triangle[(19.3506,-11.7995),(-16.0766,-12.7074),(-14.4718,-75.3356)]
triangle[(17.1571,-19.9086),(-17.3331,-2.38588),(-36.7483,-40.6011)]
triangle[(2.04155,-12.9563),(20.8455,-7.58692),(11.4695,25.2485)]
triangle[(-6.62431,9.99755),(1.87992,8.9057),(3.65785,22.7537)]
triangle[(-6.14434,-3.17894),(8.89309,-18.7661),(29.4817,1.09643)]
triangle[(-1.52624,0.985279),(-13.2776,-18.014),(10.4569,-32.6942)]
triangle[(4.6385,-14.7595),(-2.67231,12.1163),(-37.5614,2.62566)]
triangle[(4.72741,3.48628),(19.5149,11.8996),(8.44268,31.3604)]
triangle[(20.6389,18.6854),(8.63763,17.3436),(11.206,-5.62842)]
triangle[(6.71771,-9.98014),(-6.70409,-4.41412),(-14.5415,-23.3131)]
triangle[(-4.90596,-11.2374),(-7.34304,-17.7758),(3.65612,-21.8756)]
triangle[(8.09129,-2.45082),(-0.509937,-3.79654),(1.5846,-17.1838)]
triangle[(7.0294,10.681),(-15.7712,1.91333),(-1.24349,-35.8665)]
triangle[(8.16275,15.197),(11.6196,-13.3706),(64.1139,-7.01851)]
triangle[(14.0981,3.39206),(-2.3729,-4.05295),(10.9603,-33.5508)]
triangle[(16.6334,17.5953),(-17.7992,-8.38702),(20.0361,-58.5276)]
triangle[(10.9963,-3.91508),(1.64924,5.23359),(-15.9574,-12.755)]
triangle[(3.03118,10.5844),(1.27938,-14.5667),(48.5754,-17.8609)]
triangle[(14.9524,16.273),(10.8865,-16.6996),(60.5857,-22.8281)]
triangle[(-7.46725,16.2452),(-8.30327,-0.410846),(15.4266,-1.60192)]
triangle[(4.5398,-5.22427),(-15.8291,13.6304),(-37.1982,-9.45477)]
triangle[(16.1711,-6.61903),(1.28443,20.6421),(-32.5184,2.18323)]
triangle[(-19.5754,13.2229),(6.91914,-11.9587),(52.3056,35.7939)]
triangle[(9.80134,-18.1728),(-18.0974,13.104),(-64.7998,-28.5542)]
triangle[(16.6532,-3.36862),(19.6543,10.4662),(-4.88655,15.7898)]
triangle[(-8.56292,12.0259),(3.43318,-18.6801),(45.6325,-2.19388)]
triangle[(11.5639,4.11715),(5.30528,-12.9184),(33.0778,-23.1216)]
triangle[(1.1728,15.1677),(6.26178,0.416277),(25.8672,7.17982)]
triangle[(-0.16815,-2.65019),(-2.77208,1.83442),(-9.7034,-2.19016)]
triangle[(-10.9408,-8.92972),(-6.05616,19.6068),(-48.0136,26.7887)]
triangle[(-9.39371,-14.4153),(-15.4545,1.18804),(-38.8882,-7.91428)]
triangle[(11.7235,14.4617),(19.1594,-0.576989),(41.6339,10.5356)]
triangle[(13.1249,-4.4177),(8.51922,-5.39695),(10.0349,-12.5257)]
triangle[(17.1032,-3.03169),(-10.9803,-2.27385),(-11.8839,-35.7598)]
triangle[(13.4341,-14.7383),(-17.719,16.1493),(-68.3153,-34.882)]
triangle[(-1.87566,11.8545),(-7.38028,-8.17398),(17.9657,-15.1401)]
triangle[(-0.375334,19.0811),(17.1497,0.482741),(35.9174,18.1673)]
triangle[(1.68696,12.1638),(-17.2868,0.757944),(-2.84865,-23.2601)]
triangle[(6.10267,13.2596),(-7.33932,16.0026),(-10.3432,1.28184)]
triangle[(4.15935,0.108503),(17.0212,15.1164),(-1.04599,30.6)]
triangle[(13.1264,9.81863),(6.15253,-0.595959),(23.0871,-11.9358)]
triangle[(12.3414,18.4267),(3.96409,17.1048),(5.62852,6.55732)]
triangle[(12.3867,7.3793),(5.42605,19.1743),(-17.8896,5.41487)]
triangle[(9.06213,-2.3944),(-8.14612,0.231985),(-10.8771,-17.6617)]
triangle[(11.3037,-0.07937),(-13.5002,10.607),(-24.7957,-15.6105)]
triangle[(-16.5351,4.54),(1.66289,-11.1826),(23.2194,13.7677)]
triangle[(-2.20784,-1.73028),(-16.8728,-17.3628),(5.46341,-38.3165)]
triangle[(14.8292,18.3691),(15.0074,-7.32978),(58.9833,-7.02488)]
triangle[(4.76027,-15.2486),(2.01393,4.46612),(-19.0703,1.52899)]
triangle[(5.19591,-10.8788),(-0.345226,-8.33751),(-4.33059,-17.0275)]
