triangle[(18.9081,15.2939),(-0.566998,17.399),(-3.44648,-9.23985)]
triangle[(17.6738,-14.8686),(-17.5452,1.77345),(-37.6947,-40.8684)]
triangle[(-10.4291,-16.3367),(-20.635,8.23108),(-45.3893,-2.05233)]
triangle[(-16.6417,-14.3079),(-10.9634,6.68612),(-37.5942,13.8891)]
triangle[(-18.1273,3.46808),(5.10291,0.141472),(9.02866,27.5556)]
triangle[(18.3226,10.0924),(7.54518,-19.0512),(59.1718,-38.1429)]
triangle[(-0.517222,-3.14782),(12.7427,-2.6927),(12.2186,12.5745)]
triangle[(-16.5288,-11.8108),(-19.7482,12.1017),(-53.1121,7.60984)]
triangle[(20.1168,19.3669),(-9.68627,-10.7931),(48.2864,-68.0798)]
triangle[(11.0771,-8.21138),(17.8096,-10.8327),(22.0107,-0.0426956)]
triangle[(1.51642,-17.8753),(19.0951,-8.90309),(6.64808,15.4836)]
triangle[(-4.18227,-11.3236),(19.9579,19.7869),(-22.1178,52.4355)]
triangle[(-14.0133,-2.5955),(3.20679,-1.82586),(2.31833,18.0525)]
triangle[(-10.0308,1.27023),(-8.24898,10.6955),(-20.5399,13.019)]
triangle[(16.443,6.00274),(-1.53798,-0.0615957),(7.93427,-28.1472)]
triangle[(-3.63122,-11.2999),(15.3343,4.10032),(-6.3854,30.8485)]
triangle[(14.7758,-7.45264),(7.0071,5.04214),(-14.9097,-8.58475)]
triangle[(12.563,7.51386),(2.55689,11.1829),(-1.50306,0.110498)]
triangle[(10.0818,2.98999),(-18.7858,-19.5033),(3.79222,-48.4796)]
triangle[(18.3183,-20.2652),(14.6186,-19.4797),(13.1984,-26.1691)]
triangle[(-0.560641,6.01048),(20.6438,16.9969),(1.43893,54.0633)]
triangle[(12.4276,8.72828),(15.5445,3.23068),(26.3196,9.33967)]
triangle[(-12.5518,-7.00083),(-3.15466,10.1243),(-30.3961,25.0727)]
triangle[(3.05077,17.8293),(14.9409,2.77269),(44.1391,25.8304)]
triangle[(11.2045,-0.588601),(12.5845,-9.79765),(26.2086,-7.75609)]
triangle[(16.5981,-18.9767),(-8.59722,20.822),(-69.7652,-17.9014)]
triangle[(9.46408,-6.69914),(-8.19018,3.24509),(-24.9339,-26.4805)]
triangle[(16.3488,17.3505),(10.6407,-14.4264),(69.5916,-25.0158)]
triangle[(3.5882,20.4611),(-4.72847,-6.79528),(33.4493,-18.4443)]
triangle[(11.9657,-4.76236),(-2.11243,11.5621),(-23.3365,-6.74139)]
triangle[(16.0251,7.95669),(-1.49329,5.90963),(1.44656,-19.2491)]
triangle[(-19.9065,-16.9545),(17.136,-8.22778),(-0.129912,65.0613)]
triangle[(-4.49218,-3.87039),(-14.675,18.9125),(-51.6404,2.39082)]
triangle[(-16.2685,4.66727),(-5.34508,1.01905),(0.815791,19.4657)]
triangle[(12.1003,9.40208),(5.64675,-7.60883),(35.9771,-19.1154)]
triangle[(-13.2082,13.8438),(16.8879,-8.67335),(52.4317,38.8341)]
triangle[(19.5683,-14.9271),(-0.552258,-1.13815),(-19.5557,-28.8678)]
triangle[(-20.373,-4.12904),(-6.78845,-20.9288),(10.5995,-6.86854)]
triangle[(-9.34085,19.8341),(9.67985,18.4385),(11.5762,44.2844)]
triangle[(-3.87,6.21498),(10.4799,-3.90722),(27.2694,19.8947)]
triangle[(-19.1239,-2.18911),(19.1566,-10.6101),(34.8098,60.5471)]
triangle[(13.2262,-3.23152),(-16.0399,-11.1382),(-2.51816,-61.188)]
triangle[(-8.25747,-2.18764),(-17.7289,-13.1091),(-2.08923,-26.6724)]
triangle[(1.62634,0.703168),(-12.5864,6.89924),(-22.0755,-14.8672)]
triangle[(-20.7447,2.385),(-10.529,15.2959),(-26.9931,28.3229)]
triangle[(-11.2002,6.87589),(3.78059,3.83184),(8.47068,26.9133)]
triangle[(-17.8673,-19.6564),(10.6255,8.37771),(-43.0486,62.93)]
triangle[(-12.8064,9.29197),(-0.31134,8.40663),(1.37707,32.2358)]
triangle[(12.3041,-20.1017),(-13.8978,-12.2848),(-28.7574,-62.0932)]
triangle[(-14.5131,-14.8328),(-18.6504,-11.9165),(-23.8402,-19.279)]
triangle[(-8.59198,-10.4414),(-17.2894,6.17939),(-39.8472,-5.62479)]
triangle[(19.8434,-14.2784),(7.20032,-7.22463),(-4.22513,-27.7035)]
triangle[(5.03396,-15.7531),(-0.867357,-18.0036),(2.78033,-27.5686)]
triangle[(-1.74702,-16.7121),(1.8955,13.9245),(-48.3625,19.8999)]
triangle[(-6.52948,17.1514),(7.23702,-8.61028),(41.303,9.59389)]
triangle[(-7.3568,1.64105),(5.76075,11.6257),(-5.22886,26.0636)]
triangle[(13.0719,-8.89749),(-5.36415,-13.4054),(2.79567,-46.7767)]
triangle[(3.42015,5.24632),(-18.442,-6.04501),(3.86093,-49.2278)]
triangle[(-0.125311,-16.8816),(9.26149,16.7555),(-57.8837,35.4931)]
triangle[(-3.87382,-14.4332),(6.60524,-4.86327),(-7.53248,10.6175)]
triangle[(6.06697,-13.5287),(-15.3547,-1.14923),(-28.9215,-24.6253)]
triangle[(1.7524,0.918927),(4.61843,-1.33844),(7.30364,2.07081)]
triangle[(16.273,11.2806),(1.26678,3.55301),(13.1754,-19.5723)]
triangle[(11.626,15.7655),(4.52662,6.4284),(21.8275,-6.72611)]
triangle[(-15.3055,1.63544),(7.77055,20.731),(-26.4392,62.0719)]
triangle[(-1.22016,10.476),(-13.8781,-4.09254),(9.02847,-23.9949)]
triangle[(0.739833,6.0176),(-2.09421,-11.3408),(15.6138,-14.2319)]
triangle[(2.75159,-14.8568),(-15.4039,1.24115),(-35.2184,-21.1059)]
triangle[(4.66738,18.3431),(-20.5932,-14.8194),(32.7659,-55.4642)]
triangle[(19.8048,20.888),(8.60407,-0.812672),(38.0341,-16.0029)]
triangle[(20.6384,-19.1936),(-11.5664,-17.0365),(-14.0125,-53.5563)]
triangle[(-9.79986,12.9239),(-0.692696,-2.29901),(24.1446,12.56)]
triangle[(9.53097,10.4512),(16.1683,-12.2521),(54.8378,-0.94707)]
triangle[(5.62466,10.2934),(15.9047,-0.618497),(35.2078,17.5668)]
triangle[(-3.38679,1.08938),(-18.0843,6.84458),(-24.2968,-9.02083)]
triangle[(-2.29688,-8.95458),(-15.1483,-17.0912),(-5.58798,-32.1913)]
triangle[(4.34978,15.5243),(3.90369,-6.34167),(28.1819,-6.83698)]
triangle[(-19.047,-16.4273),(16.8512,9.19807),(-17.3332,57.0865)]
triangle[(-18.9653,-2.02992),(1.82405,-18.6259),(19.6572,3.7132)]
triangle[(-11.3031,-4.34909),(-7.38731,19.6643),(-47.877,26.2669)]
triangle[(-14.9414,11.9233),(-17.2313,18.1637),(-25.3811,15.1731)]
triangle[(0.570055,9.6797),(-16.2108,15.7079),(-24.535,-7.46445)]
triangle[(11.9574,-11.6702),(-9.47455,-15.4965),(-4.46994,-43.528)]
triangle[(-16.6283,-18.9722),(-0.947357,-19.4297),(-0.159238,7.57975)]
triangle[(-5.01022,18.8731),(5.10751,-14.8259),(48.4662,-1.808)]
triangle[(18.7405,7.14521),(-13.8266,7.74482),(-14.4871,-28.1305)]
triangle[(-6.99966,-5.38594),(-19.3053,10.5176),(-46.2451,-10.3274)]
triangle[(17.4345,-16.5634),(7.27212,12.5505),(-39.3394,-3.71948)]
triangle[(12.3639,-11.2076),(-16.1123,0.61377),(-32.8707,-39.7551)]
triangle[(19.1687,-0.0286218),(14.817,4.6646),(6.71574,-2.84706)]
triangle[(-15.655,0.763041),(17.1712,1.31371),(16.5785,36.6451)]
triangle[(4.56266,16.5736),(8.02317,1.59104),(36.4565,8.15826)]
triangle[(18.0357,15.8565),(-13.2587,7.39518),(3.17628,-53.3896)]
triangle[(-1.45485,1.49828),(-10.9193,-8.95934),(5.04226,-23.4051)]
triangle[(-18.2929,-7.58401),(-15.001,-9.58335),(-12.0943,-4.79748)]
triangle[(-14.6335,12.023),(-11.2983,-19.3268),(37.4601,-14.1395)]
triangle[(-13.7836,4.21063),(5.62099,6.26114),(1.68689,43.4905)]
triangle[(9.20831,3.42568),(-6.11132,-7.95442),(13.9056,-34.9008)]
triangle[(5.22499,-11.9549),(3.4476,16.1128),(-35.87,13.623)]
triangle[(15.0558,12.1096),(20.8682,11.235),(21.9144,18.188)]
triangle[(-18.2369,0.671431),(-0.388204,19.3091),(-23.3902,41.3373)]
triangle[(13.7542,2.08643),(-14.2122,2.50136),(-14.748,-33.6137)]
triangle[(-15.434,2.48205),(14.539,3.64707),(12.4132,58.3388)]
triangle[(-12.8042,17.4341),(14.3411,-1.39663),(40.7818,36.7188)]
triangle[(18.3954,4.37114),(9.1975,-7.30855),(22.3511,-17.6672)]
triangle[(-6.7166,13.9382),(-18.1071,12.8444),(-16.8251,-0.506306)]
triangle[(7.37528,-3.61606),(-16.5738,18.2517),(-49.6295,-17.9503)]
triangle[(-19.6257,-12.8802),(18.8186,17.978),(-36.4282,86.8063)]
triangle[(-19.3486,13.6614),(-15.1455,-12.9479),(31.1713,-5.63182)]
triangle[(5.51805,7.17977),(18.2871,16.6606),(4.76887,34.8673)]
triangle[(-5.2956,2.15779),(3.77974,3.42521),(1.86048,17.168)]
triangle[(17.9143,11.3127),(-0.251138,-13.0348),(44.9335,-46.7467)]
triangle[(-3.32211,17.5194),(-4.68877,-3.07579),(24.6236,-5.02092)]
triangle[(5.51318,-4.05706),(-11.5657,-12.7963),(-1.85973,-31.7645)]
triangle[(17.1516,-16.8713),(5.44879,17.9409),(-56.2446,-2.79864)]
triangle[(11.1804,-3.4488),(17.6171,-8.41897),(23.4329,-0.887059)]
triangle[(-1.26003,-16.6098),(-18.9765,-5.92869),(-31.1025,-26.0418)]
triangle[(-2.98442,7.34016),(-8.56047,1.24929),(-0.0475424,-6.54411)]
triangle[(-16.3313,-5.59427),(-12.6246,7.28658),(-32.3758,12.9704)]
triangle[(-6.30775,-16.6126),(-11.1299,3.64237),(-38.6569,-2.91104)]
triangle[(12.936,-12.1505),(8.65346,-17.0203),(17.9191,-25.1685)]
triangle[(-19.8878,14.9671),(2.77949,-6.25762),(31.6173,24.5401)]
triangle[(-19.2698,15.779),(11.8535,-14.5505),(53.4819,28.1674)]
triangle[(16.9454,3.0254),(11.2606,17.2931),(-15.0343,6.8162)]
triangle[(5.55441,-10.0534),(18.9737,-17.2412),(29.3142,2.06384)]
triangle[(2.23309,15.0729),(5.3539,6.58415),(18.5136,11.4222)]
triangle[(3.43856,14.9708),(19.4809,-14.1044),(59.0695,7.73884)]
triangle[(2.21101,10.2344),(3.52163,-2.16629),(17.2416,-0.716227)]
triangle[(-6.93477,-15.0705),(-9.70862,-9.68813),(-15.3522,-12.5966)]
triangle[(13.492,-15.2169),(-8.62878,-14.9588),(-8.98398,-45.3985)]
triangle[(8.35846,1.78649),(5.18856,15.6494),(-21.0399,9.65201)]
triangle[(-19.6011,9.89902),(-1.41674,6.28599),(5.67266,41.967)]
triangle[(-1.50266,6.85106),(-6.7423,2.403),(-0.254663,-5.23918)]
triangle[(-8.55318,18.4514),(-12.696,-11.026),(34.2695,-17.6266)]
triangle[(10.7392,-19.1795),(18.1944,16.0959),(-43.5786,29.1511)]
triangle[(-7.22308,9.44337),(-14.5229,0.964871),(1.98716,-13.2501)]
triangle[(-15.4438,-18.1734),(1.7959,17.2881),(-65.7058,50.1043)]
triangle[(-0.622419,-16.7275),(18.1632,20.3039),(-29.6501,44.559)]
triangle[(16.4835,19.1573),(4.04342,17.5529),(6.28796,0.149817)]
triangle[(-20.2167,3.47108),(-4.9573,-10.035),(12.0831,9.21744)]
triangle[(-0.187656,-10.4652),(14.4972,-7.77821),(10.098,16.2645)]
triangle[(-10.1075,3.25332),(-6.60285,1.40714),(-3.70653,6.90531)]
triangle[(-13.9391,-17.1984),(-6.82621,-12.2628),(-14.8022,-0.768391)]
triangle[(13.5199,-12.748),(0.481407,-14.3926),(2.37293,-29.3885)]
triangle[(12.9851,-15.5985),(19.3401,-20.3341),(27.0238,-10.0229)]
triangle[(-2.28383,-0.587453),(11.667,20.6606),(-14.4708,37.8219)]
triangle[(-17.6688,7.23126),(12.1278,13.7797),(0.180962,68.1402)]
triangle[(8.77557,14.6491),(12.2328,-8.60248),(41.3689,-4.27033)]
triangle[(-2.80183,17.4921),(7.84783,18.5013),(6.36295,34.1698)]
triangle[(9.00039,-16.1052),(15.2196,-15.9874),(15.101,-9.72506)]
triangle[(3.97061,-3.80224),(0.622553,-5.01466),(2.36527,-9.82713)]
triangle[(19.9543,4.31795),(0.720909,-20.0852),(32.1824,-44.8817)]
triangle[(-11.4873,-15.7175),(-19.0706,-9.76199),(-30.8996,-24.8243)]
triangle[(19.9071,-3.04914),(9.57154,-11.4914),(18.0577,-21.8807)]
triangle[(-11.4525,-6.23676),(-2.25098,-5.748),(-3.13273,10.8523)]
triangle[(-4.1044,12.0928),(-1.39006,-1.12063),(16.4731,2.54889)]
triangle[(15.5652,-17.1006),(-3.84279,-14.1441),(-7.53924,-38.4098)]
triangle[(-10.6846,17.6576),(-5.00761,15.6773),(-2.99573,21.4448)]
triangle[(16.7164,-16.7791),(6.71998,16.0417),(-44.2419,0.519892)]
triangle[(-4.92148,-10.2508),(6.25379,-5.80941),(0.579026,8.46937)]
triangle[(-8.22794,12.7138),(1.19784,10.5595),(5.37434,28.833)]
triangle[(-16.565,-9.54721),(8.25562,7.73972),(-23.1199,52.7887)]
triangle[(-8.57773,-15.4427),(-12.9817,-4.26766),(-33.7736,-12.4615)]
triangle[(20.1489,16.9884),(20.0642,3.65164),(37.5406,3.54071)]
triangle[(-18.0864,-13.4279),(-4.71988,-14.6322),(-3.12905,3.02422)]
triangle[(20.7216,-20.3927),(17.1476,-3.09242),(-15.6785,-9.87376)]
triangle[(-11.0929,0.757846),(-4.49099,-9.79478),(6.5802,-2.86842)]
triangle[(16.4593,-20.8195),(-6.78211,-3.05212),(-28.7127,-31.7393)]
triangle[(-6.50787,-19.0198),(-14.3084,-10.2425),(-26.1361,-20.7539)]
triangle[(-14.0109,-11.6708),(11.5946,-19.1481),(25.1545,27.2873)]
triangle[(9.83887,17.8859),(6.91601,-11.1071),(53.0761,-15.7607)]
triangle[(-15.4902,19.8156),(-20.2301,8.71088),(-4.58993,2.03517)]
triangle[(18.7196,-15.1701),(16.1553,9.79158),(-13.0223,6.79411)]
triangle[(8.29481,-6.5759),(16.3369,12.3791),(-6.38941,22.0212)]
triangle[(7.09456,-9.27474),(-3.53287,19.9428),(-34.9658,8.50957)]
triangle[(0.40182,-11.408),(-18.3634,15.3342),(-56.223,-11.2321)]
triangle[(9.68205,4.78178),(17.3504,-5.46543),(34.955,7.70875)]
triangle[(20.2312,9.21563),(15.6064,17.6261),(3.28878,10.8527)]
triangle[(13.4166,20.636),(-14.4381,-12.7615),(42.6573,-60.381)]
triangle[(2.72016,5.75265),(4.99263,7.63539),(2.60406,10.5184)]
triangle[(-12.3884,5.37393),(13.5469,-8.05811),(34.4167,32.2383)]
triangle[(-12.3993,12.0608),(17.9407,8.06272),(24.6936,59.3078)]
triangle[(-10.8937,14.6038),(-14.5524,-18.1263),(29.3716,-23.0363)]
triangle[(-10.889,17.7776),(18.4895,-15.6229),(61.9657,22.6179)]
triangle[(18.3482,-4.29407),(-5.01725,20.694),(-36.9153,-9.13277)]
triangle[(-6.67338,-7.36911),(4.05959,-8.83062),(6.09847,6.14242)]
triangle[(-4.01628,8.32895),(-14.4494,7.57034),(-13.1579,-10.1912)]
triangle[(11.551,-7.81293),(-10.0295,1.87685),(-20.7689,-22.0412)]
triangle[(-3.84731,-4.60009),(1.79519,-14.3044),(19.8179,-3.82529)]
triangle[(-0.275084,20.0747),(-6.03762,-12.2469),(31.0992,-18.8679)]
triangle[(4.13142,-6.06015),(13.3448,-0.350495),(7.20559,9.55596)]
triangle[(-1.54459,-11.8634),(7.36037,19.7834),(-50.8501,36.163)]
triangle[(-20.2822,-3.28064),(-9.97206,16.5395),(-48.5131,36.5879)]
triangle[(19.3444,20.1083),(7.56369,-20.9828),(79.0091,-41.4661)]
triangle[(7.92919,-15.6141),(-20.1177,-13.7523),(-23.6863,-67.5107)]
triangle[(18.3874,-4.54),(-13.3177,-8.43931),(-5.86294,-69.0541)]
triangle[(-20.8767,1.91371),(10.5659,14.8225),(-7.87319,59.7356)]
triangle[(17.0836,4.6851),(-8.74345,17.5349),(-33.833,-32.8929)]
triangle[(-16.9578,13.2971),(6.40163,3.4226),(20.3679,36.4615)]
triangle[(-10.0449,-2.29047),(3.61563,-1.17751),(2.19088,16.3098)]
triangle[(-14.3172,12.9515),(8.48692,13.0033),(8.39535,53.2657)]
triangle[(-11.0443,20.6178),(20.4114,-19.1106),(91.4231,37.1141)]
triangle[(-12.7087,-1.1374),(-2.84072,-7.45145),(8.48382,10.2472)]
triangle[(-14.7093,-13.7659),(-12.4971,10.742),(-51.7323,14.2834)]
triangle[(-11.0771,-1.8446),(6.99082,1.67292),(0.535073,34.8333)]
triangle[(-15.2729,-17.8629),(8.24714,5.52604),(-26.5228,40.4909)]
triangle[(-16.1278,-3.19495),(-19.4528,5.63195),(-30.6234,1.42403)]
triangle[(-8.30228,13.9919),(7.1342,15.0111),(5.85493,34.3865)]
triangle[(11.2322,-14.3993),(7.52713,-2.19293),(-4.97007,-5.98629)]
triangle[(-4.40353,-14.8795),(20.1004,7.05182),(-5.84958,36.0458)]
triangle[(11.6699,3.96027),(-9.00233,-9.26341),(7.29917,-34.7471)]
triangle[(-20.2191,11.59),(-2.96935,12.8828),(-4.62768,35.0093)]
triangle[(-5.0471,-3.10752),(13.4487,-10.7239),(24.5095,16.1365)]
triangle[(-1.06511,-3.51997),(-6.40508,6.64252),(-23.7005,-2.44553)]
triangle[(-11.8808,1.23783),(-9.53759,-4.29972),(-0.669351,-0.547125)]
triangle[(-9.38047,-12.2755),(-2.63699,-14.987),(1.39963,-4.94801)]
triangle[(-2.30725,9.783),(9.86183,14.636),(4.23448,28.7469)]
triangle[(5.45773,-16.1799),(-11.0848,-15.6349),(-11.652,-32.853)]
triangle[(-4.48367,13.6177),(14.1652,-5.91503),(46.7519,25.1971)]
triangle[(-11.3976,-2.44259),(-14.2251,4.35713),(-24.3659,0.140321)]
triangle[(-9.49038,13.2113),(9.16216,-14.3014),(46.8313,11.2369)]
triangle[(-6.14832,-19.4247),(-5.68082,-2.09078),(-38.3288,-1.21025)]
triangle[(-13.536,3.28285),(-5.07862,-10.2879),(16.4129,3.10564)]
triangle[(-0.84668,-6.42103),(-5.25441,20.4131),(-48.0878,13.3774)]
triangle[(4.76663,16.7056),(-3.61238,0.324693),(20.3303,-11.9222)]
triangle[(2.23371,-14.5491),(0.265624,1.52113),(-20.3315,-1.00135)]
triangle[(-15.1885,3.91229),(11.5249,-6.3824),(26.7563,33.1412)]
triangle[(15.8058,-9.50837),(4.71563,-4.71959),(-2.65943,-21.7992)]
triangle[(18.6734,-8.86363),(3.62978,3.16363),(-19.4003,-25.6422)]
triangle[(2.93379,0.89692),(16.7032,1.47155),(15.9356,19.864)]
triangle[(-1.06771,20.9859),(18.154,5.39168),(36.3339,27.8005)]
triangle[(-1.59349,-10.5343),(12.3542,-5.82569),(2.99208,21.9063)]
triangle[(8.7581,-15.4033),(-12.5731,20.0225),(-54.4697,-5.20505)]
triangle[(-5.0683,8.32619),(-8.27568,1.23671),(1.90987,-3.37137)]
triangle[(11.9091,5.74434),(-17.5916,11.8478),(-25.4738,-26.2505)]
triangle[(17.135,7.63445),(-8.96126,3.51981),(-3.15187,-33.3251)]
triangle[(-11.0141,-1.94886),(0.625957,-8.61322),(8.12008,4.47607)]
triangle[(-3.37571,-9.95659),(-2.34134,-6.33855),(-7.01256,-5.00308)]
triangle[(7.0916,-14.4166),(-6.6753,-0.823831),(-33.8243,-28.3206)]
triangle[(20.7153,10.7137),(7.3861,12.6572),(5.05276,-3.34548)]
triangle[(-8.93352,-0.789356),(-7.8054,15.7086),(-27.7287,17.071)]
triangle[(17.0775,5.98506),(-19.4588,9.21414),(-24.8206,-51.4542)]
triangle[(18.7103,-20.1474),(16.8658,19.6579),(-48.1522,16.6451)]
triangle[(-10.0323,16.2189),(19.1538,16.0069),(19.3937,49.0418)]
triangle[(-2.21741,-9.67565),(18.2976,-5.95389),(12.1364,28.0081)]
triangle[(5.67495,-2.18754),(-8.28648,-16.4161),(10.8414,-35.1849)]
triangle[(-14.2696,-4.14832),(7.75521,4.0181),(-5.47782,39.7076)]
triangle[(5.46724,19.8561),(5.4333,9.84126),(19.2448,9.79446)]
triangle[(19.8727,-20.9473),(12.3822,-11.2619),(-0.239753,-21.0234)]
triangle[(20.4156,-3.43626),(-4.09984,-17.0323),(22.102,-64.2776)]
triangle[(12.8743,-4.29628),(3.7061,-15.8994),(17.7635,-27.0068)]
triangle[(-3.33913,-0.306302),(-15.7755,-11.818),(5.32412,-34.6125)]
triangle[(10.3829,17.1397),(-16.2734,-11.4583),(13.4156,-39.1316)]
triangle[(-16.8198,10.3899),(18.4352,-15.7524),(52.38,30.0248)]
triangle[(-9.44427,7.13992),(19.0502,4.15351),(24.5514,56.6423)]
triangle[(7.05112,-14.1283),(0.359525,-8.85203),(-7.86292,-19.2801)]
triangle[(-13.4377,-4.86796),(2.66677,-18.9379),(24.456,6.00215)]
triangle[(8.06303,-15.6),(-5.44215,-5.09594),(-19.2749,-22.8808)]
triangle[(0.947501,-1.03544),(-7.62402,13.2628),(-29.5224,0.135055)]
triangle[(0.931784,-7.73868),(-9.75212,-11.0746),(-6.37748,-21.8826)]
triangle[(20.5211,-20.0306),(8.49787,-2.38358),(-16.8001,-19.6196)]
triangle[(13.6919,-7.82265),(12.0654,15.687),(-19.5498,13.4997)]
triangle[(-7.74955,9.19529),(-5.96357,-4.5453),(19.6686,-1.21367)]
triangle[(-13.4061,-19.9764),(9.29997,-19.483),(8.34084,24.6559)]
triangle[(-17.541,-12.9775),(-7.83805,-20.031),(3.08179,-5.00955)]
triangle[(-16.5647,17.109),(-5.81653,-16.5491),(57.2507,3.59042)]
triangle[(-7.3479,1.14991),(-12.658,-4.25188),(-5.46817,-11.3197)]
triangle[(-5.33855,11.4058),(-8.73961,-0.131608),(8.64916,-5.25757)]
triangle[(-7.95737,20.5339),(0.0239633,-19.7434),(42.5312,-11.3202)]
triangle[(-14.0161,-3.90753),(-19.0573,12.0155),(-46.1764,3.42964)]
triangle[(-16.5927,10.6131),(16.2118,-11.3466),(57.1228,49.7682)]
triangle[(-3.78947,-1.72074),(14.0104,-16.6987),(39.532,13.6313)]
triangle[(5.00171,-5.68763),(-17.5977,-15.76),(-6.1793,-41.3793)]
triangle[(-6.27727,6.7151),(-3.71918,-2.0862),(8.54083,1.47716)]
triangle[(-19.7566,-12.6057),(-6.88818,19.1597),(-44.5261,34.4071)]
triangle[(6.0532,-18.0929),(-19.5815,-14.1209),(-24.5887,-46.4361)]
triangle[(-9.83139,9.51678),(5.34409,10.1358),(4.20962,37.9486)]
triangle[(6.92179,11.1835),(15.9809,-7.78497),(52.7788,9.78933)]
triangle[(-3.97299,15.9939),(19.0175,-8.51689),(47.9004,18.5745)]
triangle[(11.4548,13.7509),(-20.7489,18.2461),(-26.992,-26.4796)]
triangle[(0.35659,7.41075),(14.7164,-3.65902),(31.4734,18.0783)]
triangle[(-18.0606,-9.53506),(-4.99148,6.02126),(-34.1932,30.5541)]
triangle[(-0.439946,11.3933),(3.066,-5.25988),(22.4589,-1.17716)]
triangle[(-18.9694,-9.22486),(5.33008,-18.1298),(16.9683,13.6281)]
triangle[(5.21507,15.9587),(-3.85658,-14.1323),(50.1179,-30.4042)]
triangle[(-7.7487,-12.905),(8.98151,-3.21531),(-8.752,27.4033)]
triangle[(-20.1699,-15.4673),(8.79316,-11.6624),(2.64872,35.1091)]
triangle[(20.2352,18.8122),(-16.3988,9.43939),(-6.82824,-27.9678)]
triangle[(6.95123,8.60724),(14.0188,10.9503),(11.5276,18.4647)]
triangle[(-18.5463,17.5779),(3.78795,-6.51672),(30.0201,17.799)]
triangle[(17.7383,7.65737),(3.85936,-11.3023),(26.9251,-28.187)]
triangle[(-9.06719,4.92358),(-15.1765,-13.7625),(14.2959,-23.3984)]
triangle[(-6.98968,4.31368),(-6.47942,-16.6372),(15.608,-16.0992)]
triangle[(20.0508,16.2554),(12.2538,-20.9835),(65.2903,-32.0882)]
triangle[(-12.676,-0.238768),(16.5696,-8.20024),(28.8102,36.7642)]
triangle[(-0.646554,4.37885),(8.38356,-10.6677),(25.1235,-0.621294)]
triangle[(-9.44007,18.2527),(-7.02606,-9.2214),(35.6229,-5.47404)]
triangle[(-11.5757,6.09007),(-7.50437,6.4329),(-7.87024,10.7778)]
triangle[(-5.96672,7.07824),(15.9209,-15.3261),(40.7984,8.97772)]
triangle[(13.5298,-13.8637),(-5.53336,-1.48819),(-20.8541,-25.0882)]
triangle[(-6.45447,-3.51022),(-15.7507,-14.1981),(0.763251,-28.5618)]
triangle[(-12.5652,-9.36539),(-18.5703,6.33829),(-40.5668,-2.0732)]
triangle[(9.30893,0.196913),(-3.11521,7.70149),(-11.6217,-6.38143)]
triangle[(1.56912,19.9082),(-1.5427,-15.9124),(69.5184,-22.0857)]
triangle[(-17.1993,-12.655),(-18.9393,-9.17303),(-24.3691,-11.8865)]
triangle[(-4.8837,0.130921),(12.8722,-16.4901),(41.0811,13.645)]
triangle[(0.950294,-16.8661),(7.45763,16.9344),(-34.1219,24.9394)]
triangle[(6.18795,-13.3379),(6.15755,-0.906131),(-8.72499,-0.942526)]
triangle[(-18.5857,15.3222),(-17.7563,19.6877),(-23.2245,20.7266)]
triangle[(-7.34896,10.9554),(-20.6699,12.4941),(-22.8486,-6.36847)]
triangle[(-12.7014,-14.2148),(-9.62185,14.5142),(-60.5522,19.9735)]
triangle[(-13.2988,19.0864),(-8.62593,11.2027),(5.53947,19.5989)]
triangle[(10.9144,-0.313401),(-2.86089,-0.67049),(-2.20223,-26.0794)]
triangle[(-5.57311,6.04642),(11.9685,-20.8702),(41.9907,-1.30469)]
triangle[(20.2128,13.5464),(-8.8704,10.7389),(-5.26781,-26.5809)]
triangle[(-14.4304,18.2372),(-17.7455,19.9049),(-20.4202,14.5882)]
triangle[(-2.9096,2.95525),(-20.0854,11.0075),(-33.2563,-17.0867)]
triangle[(6.30339,-5.3288),(20.8963,-3.68947),(18.5551,17.152)]
triangle[(-14.2161,13.4977),(10.483,13.4572),(10.5448,51.1791)]
triangle[(-8.71501,6.65724),(14.814,-1.48373),(24.6142,26.8409)]
triangle[(-15.1358,-3.61768),(16.876,15.8386),(-6.31103,53.9886)]
triangle[(16.8196,5.4414),(10.2127,6.16685),(9.00956,-4.79048)]
triangle[(12.9076,0.62439),(-2.72853,-3.91707),(4.80096,-29.8408)]
triangle[(-12.982,-5.38071),(2.26889,-16.9253),(23.6466,11.3156)]
triangle[(-7.70776,-3.93723),(10.7725,20.2381),(-19.3047,43.23)]
triangle[(1.53202,7.38813),(-4.3328,19.4887),(-22.9099,10.4849)]
triangle[(13.5151,-1.79973),(-17.4434,-7.9263),(-6.8311,-61.5519)]
triangle[(13.8475,-9.92946),(-19.8022,17.8584),(-49.1608,-17.6936)]
triangle[(4.92957,-20.8686),(2.41651,-14.2007),(-10.2346,-18.9688)]
triangle[(5.91208,3.78604),(-6.7586,11.2509),(-16.7029,-5.62825)]
triangle[(-15.1124,20.4009),(-17.5802,-16.4181),(40.5985,-20.3174)]
triangle[(5.68278,12.1114),(-14.5547,10.4631),(-12.3299,-16.8534)]
triangle[(14.1419,18.6854),(-7.86383,3.28263),(8.6709,-20.3403)]
triangle[(-2.45561,-3.5958),(1.71291,-5.61984),(3.78368,-1.35509)]
triangle[(6.21073,17.6054),(-19.6243,13.1291),(-12.6335,-27.2187)]
triangle[(14.4992,3.96483),(18.3153,-20.2544),(46.1848,-15.863)]
triangle[(15.6752,-8.32444),(-15.8341,-15.8278),(-2.60663,-71.3746)]
triangle[(-8.76874,-2.91547),(3.66154,7.89657),(-14.3756,28.6333)]
triangle[(-10.572,-0.860003),(8.386,20.8039),(-30.7261,55.0308)]
triangle[(16.2169,-5.20716),(16.4749,6.42122),(0.318043,6.77966)]
triangle[(5.31444,-17.1564),(8.01912,5.70018),(-20.4455,9.06848)]
triangle[(-18.0268,1.32835),(-18.6113,20.6591),(-45.9518,19.8324)]
triangle[(-8.5031,-12.1262),(5.65939,-12.9648),(6.80259,6.34227)]
triangle[(0.320965,-16.9627),(17.671,-17.0201),(17.759,9.58724)]
triangle[(-12.5637,-0.741636),(5.24829,7.42979),(-6.88394,33.8754)]
triangle[(-17.4769,-11.465),(13.4215,3.97928),(-7.43177,45.6991)]
triangle[(-18.5662,-18.089),(-16.2388,-13.0623),(-22.4466,-10.1879)]
triangle[(-8.65171,15.3373),(-2.47831,-2.23887),(31.7878,9.79663)]
triangle[(6.22847,8.64687),(7.60212,-4.44144),(31.7986,-1.90196)]
triangle[(18.7494,-17.0932),(-14.8929,-8.187),(-32.0187,-72.8783)]
triangle[(5.8825,9.51665),(-9.38912,13.8654),(-14.1431,-2.82917)]
triangle[(-2.11234,-8.76382),(-3.27565,-1.52437),(-12.8696,-3.06602)]
triangle[(16.3119,16.0887),(12.1529,15.0969),(13.6111,8.98213)]
triangle[(9.97806,-8.18301),(-8.78002,-15.4763),(-0.21085,-37.516)]
triangle[(-9.40149,-6.88654),(16.4782,-20.1863),(38.4317,22.5325)]
triangle[(4.11412,-17.8766),(-8.60772,-11.3862),(-21.3616,-36.3852)]
triangle[(7.49021,4.25993),(9.1481,18.1457),(-8.2864,20.2273)]
triangle[(-18.1213,-14.1049),(-20.6147,-20.7585),(-8.25544,-25.3901)]
triangle[(18.9517,1.87112),(-14.0455,0.900962),(-13.0282,-33.697)]
triangle[(2.30385,-6.16998),(20.4252,15.5504),(-13.1097,43.5285)]
triangle[(-11.1644,-7.99411),(3.23707,7.1706),(-23.8433,32.8879)]
triangle[(-0.458687,-7.70544),(-10.2023,-16.2267),(3.66064,-32.0784)]
triangle[(-9.4638,18.0665),(3.92431,-2.01269),(37.5361,20.3986)]
triangle[(-4.74974,6.87974),(-10.675,-12.5593),(9.27849,-18.6413)]
triangle[(-2.00792,-14.0629),(12.3008,1.71949),(-13.1117,24.7591)]
triangle[(1.90323,19.7808),(1.99938,-2.99431),(40.7867,-2.83055)]
triangle[(-0.816723,-19.3734),(-15.6254,1.26392),(-53.5493,-25.949)]
triangle[(-16.3834,9.72316),(16.74,-0.76146),(28.0777,35.0571)]
triangle[(-0.752628,-4.70304),(-8.28413,-3.27612),(-9.8723,-11.6587)]
triangle[(13.4192,13.3752),(-18.1176,14.346),(-19.7458,-38.5506)]
triangle[(9.73666,14.6587),(15.9161,-9.99698),(61.2133,1.35589)]
triangle[(10.546,-15.007),(-4.62043,-7.79147),(-18.7283,-37.4448)]
triangle[(-5.33694,-3.35368),(-3.5704,-4.93532),(-1.13444,-2.21457)]
triangle[(16.0879,16.526),(6.75448,15.8039),(8.05923,-1.06163)]
triangle[(3.12922,-3.79666),(-7.6778,-12.759),(6.32833,-29.648)]
triangle[(-7.93513,1.46245),(-18.4249,11.4076),(-35.2276,-6.31521)]
triangle[(17.9671,-2.17274),(20.1676,-18.0854),(39.1743,-15.457)]
triangle[(9.28591,-3.28124),(-7.94399,1.60284),(-14.2776,-20.7406)]
triangle[(2.60741,-7.0879),(14.6901,6.17323),(-3.71626,22.9439)]
triangle[(-10.6065,13.6602),(11.1036,8.51796),(17.9274,37.3273)]
triangle[(-0.829369,-13.4919),(-16.0413,6.06383),(-39.4349,-12.1335)]
triangle[(18.6746,-19.8383),(-2.78818,-11.8415),(-14.0106,-41.9617)]
triangle[(-19.9949,-3.98497),(-6.57209,-13.9988),(8.41167,6.08574)]
triangle[(-13.5923,0.722604),(-7.38331,-9.32325),(9.00587,0.806297)]
triangle[(-8.98887,16.9574),(20.2705,-9.26862),(64.0426,39.5661)]
triangle[(-4.59662,15.6454),(1.15173,-17.1078),(60.4247,-6.7051)]
triangle[(-11.0678,16.7293),(-2.55767,-17.5528),(41.577,-6.59689)]
triangle[(-2.68735,-19.1522),(6.19775,-6.38033),(-10.4415,5.19528)]
triangle[(-11.1823,6.56373),(-5.64382,16.9694),(-18.7855,23.9641)]
triangle[(19.4641,4.76891),(-11.2414,8.85848),(-17.5558,-38.5514)]
triangle[(-16.4733,-12.3427),(3.0873,11.8478),(-33.3109,41.2797)]
triangle[(-0.747632,-4.1737),(16.4832,-6.02478),(18.9197,16.6558)]
triangle[(11.4594,1.53462),(-13.9213,-1.72385),(-10.3305,-29.6929)]
triangle[(17.345,-18.0322),(3.24108,18.8548),(-66.7308,-7.89936)]
triangle[(15.8147,-20.5822),(9.46559,-1.46112),(-18.2548,-10.6656)]
triangle[(-0.714836,-18.259),(5.4381,-9.89382),(-4.00688,-2.94667)]
triangle[(13.1252,8.21219),(15.2925,-1.02655),(25.7217,1.4201)]
triangle[(-15.694,9.98915),(-17.1492,4.22635),(-9.23428,2.22766)]
triangle[(11.5433,12.8147),(3.72504,13.1517),(3.34005,4.22063)]
triangle[(20.0428,11.7521),(-20.9027,5.88262),(-12.4781,-52.8877)]
triangle[(4.50865,-9.64275),(18.705,-18.1492),(33.7999,7.0427)]
triangle[(19.4327,-14.9583),(15.8952,-14.6218),(15.3437,-20.4199)]
triangle[(-20.619,8.39963),(10.3577,-8.33997),(36.705,40.4157)]
triangle[(13.4411,19.9597),(-13.0518,19.3695),(-12.4544,-7.44735)]
triangle[(-10.7584,16.7329),(0.439247,11.6833),(6.66916,25.4983)]
triangle[(15.5562,-19.4986),(-13.5006,1.29842),(-38.7752,-34.0143)]
triangle[(-7.02012,6.71838),(-8.2651,12.2362),(-18.6781,9.88666)]
triangle[(-10.414,6.02803),(-10.5787,10.8318),(-17.8875,10.5811)]
triangle[(10.599,16.4822),(1.07296,-8.6439),(29.8856,-19.5677)]
triangle[(18.0237,-1.95087),(-6.3874,-15.5685),(11.2306,-47.1506)]
triangle[(-1.15486,-3.66467),(2.21609,-12.3646),(11.5801,-8.73632)]
triangle[(18.2387,-7.44932),(-16.4485,14.0682),(-47.7362,-36.3691)]
triangle[(-4.23478,2.55352),(20.1523,-4.66588),(34.3425,43.2685)]
triangle[(-18.0007,20.5365),(8.24914,-3.24608),(35.1659,26.4631)]
triangle[(-2.3318,11.4302),(15.2456,-16.2343),(57.8598,10.8418)]
triangle[(-4.84274,-19.5608),(13.5822,15.18),(-50.002,48.9022)]
triangle[(-2.08438,4.30106),(-19.865,-8.61296),(1.44404,-37.9522)]
triangle[(19.7673,-13.8937),(11.7756,-8.60714),(2.02615,-23.3454)]
triangle[(-0.38331,19.9855),(14.4135,-13.6807),(70.1791,10.8291)]
triangle[(8.89955,-7.8749),(4.88492,-8.02601),(5.18008,-15.8674)]
triangle[(-2.19728,3.7958),(-10.3681,14.8026),(-27.9374,1.76015)]
triangle[(11.5839,16.9763),(17.8097,-9.6292),(64.7439,1.35349)]
triangle[(-18.1461,8.80359),(16.3942,-10.2719),(53.4716,56.8646)]
triangle[(6.67923,-4.08683),(15.1122,-2.62778),(12.3064,13.5892)]
triangle[(9.35391,10.2372),(-7.77762,10.8516),(-8.51053,-9.58532)]
triangle[(17.499,6.68511),(-1.38508,19.4273),(-24.8479,-15.345)]
triangle[(-15.7427,5.17886),(12.3982,3.20357),(15.8933,52.9972)]
triangle[(-10.6616,15.6112),(-19.4421,12.5797),(-15.8837,2.27318)]
triangle[(18.421,-11.5985),(-10.9649,13.7086),(-39.8364,-19.8161)]
triangle[(-14.3216,18.5896),(-20.8675,-3.63141),(20.3793,-15.7819)]
triangle[(0.267718,-5.67566),(-13.8823,16.2198),(-50.7364,-7.59735)]
triangle[(-7.6335,-5.84208),(-13.1395,-8.53716),(-8.40413,-18.2115)]
triangle[(-0.724188,-2.86039),(-11.7981,1.83172),(-19.6046,-16.5924)]
triangle[(12.6117,10.3981),(-3.7082,11.9156),(-6.50172,-18.1263)]
triangle[(-19.5439,6.43611),(-0.0405811,-12.3762),(19.1074,7.47513)]
triangle[(-19.7318,-13.5182),(19.4589,2.08872),(1.74301,46.5752)]
triangle[(-8.64393,-9.75059),(9.88325,-16.5705),(21.5932,15.2412)]
triangle[(12.6144,20.3667),(18.6695,20.6482),(18.1788,31.2021)]
triangle[(20.1651,-8.96542),(7.89294,0.552277),(-11.0208,-23.8352)]
triangle[(-18.7401,-14.426),(-3.43472,-5.08007),(-15.7038,15.0124)]
triangle[(-1.4549,-20.9207),(1.83734,-11.1664),(-9.73249,-7.26138)]
triangle[(20.9789,8.57496),(-14.157,-6.95403),(1.59404,-42.5923)]
triangle[(0.583067,-18.6034),(14.4417,-14.9954),(8.60498,7.42384)]
triangle[(15.0422,11.1112),(7.86556,7.33168),(11.8042,-0.147023)]
triangle[(-4.99681,4.57595),(8.18188,8.85799),(3.36593,23.6799)]
triangle[(-4.05581,-9.97374),(2.9179,19.2204),(-27.5002,26.4865)]
triangle[(19.933,-17.6863),(4.82413,14.1954),(-52.3795,-12.9135)]
triangle[(-10.0584,-2.66864),(-11.146,13.5021),(-38.3378,11.6733)]
triangle[(-4.54364,11.1046),(8.92336,16.1677),(0.121579,39.579)]
triangle[(-8.07027,1.45522),(-4.39233,-11.8636),(10.8368,-7.65816)]
triangle[(-15.3371,-11.9735),(15.4732,2.0674),(-7.84506,53.2352)]
triangle[(-7.27724,5.87444),(5.40089,-2.31392),(16.9499,15.5676)]
triangle[(8.73959,-9.47238),(-14.951,-12.5302),(-11.5187,-39.122)]
triangle[(-11.4751,8.36481),(19.8747,18.6881),(8.08592,54.4882)]
triangle[(18.4779,8.33214),(3.82515,-7.19253),(23.4362,-25.7021)]
triangle[(0.684083,-18.9756),(-5.80713,1.25765),(-39.576,-9.57607)]
triangle[(-20.4703,0.858828),(20.3226,-1.25405),(22.9654,49.7716)]
triangle[(-12.3382,1.51285),(-0.233484,-16.1102),(19.2249,-2.74478)]
triangle[(14.0971,10.8984),(-10.1884,-20.2469),(44.8131,-63.1343)]
triangle[(15.2157,-15.4268),(-19.4834,-14.6885),(-20.9308,-82.7127)]
triangle[(1.46231,11.7612),(13.1819,-13.5787),(48.1043,2.57272)]
triangle[(10.4683,2.56105),(-19.1565,-4.08878),(-12.1887,-35.1299)]
triangle[(-20.2098,2.96527),(5.10018,2.01027),(6.45643,37.9542)]
triangle[(-7.52382,5.60875),(-4.88803,4.11899),(-2.07711,9.09228)]
triangle[(8.23099,19.3495),(-2.79678,6.83302),(13.203,-7.26377)]
triangle[(-18.8379,-14.1985),(0.760526,-20.3204),(7.46015,1.1275)]
triangle[(-19.8894,9.40968),(19.8168,19.4874),(1.23714,92.6912)]
triangle[(-18.8241,-11.4447),(-2.56391,5.21212),(-35.3613,37.2285)]
triangle[(-4.28725,7.63604),(-5.49025,11.4845),(-9.74817,10.1534)]
triangle[(10.479,6.85225),(-9.07604,1.27624),(-0.234655,-29.7304)]
triangle[(10.0233,2.05856),(-3.0779,4.28777),(-5.73452,-11.3253)]
triangle[(16.3841,12.0394),(-9.71835,6.59047),(0.182625,-40.8392)]
triangle[(12.3496,13.6954),(-13.4733,16.2757),(-16.5666,-14.6812)]
triangle[(-12.1653,7.44267),(-3.85499,-11.2013),(14.8776,-2.85155)]
triangle[(-3.7642,9.05999),(-9.28961,-6.58176),(18.248,-16.3094)]
triangle[(-9.70594,18.2049),(-15.203,5.46465),(5.37426,-3.41384)]
triangle[(3.22224,-6.81838),(-2.09444,-3.63154),(-7.43795,-12.5462)]
triangle[(-14.588,-14.3001),(-2.56083,19.7453),(-63.9114,41.4186)]
triangle[(-8.88793,1.77847),(-17.6543,-11.7344),(3.33747,-25.3526)]
triangle[(-9.59224,6.40425),(15.1438,-0.250606),(25.2372,37.2666)]
triangle[(14.8579,-9.61821),(18.306,12.3605),(-12.9257,17.2602)]
triangle[(-2.4554,1.7148),(18.494,4.34652),(14.647,34.9701)]
triangle[(6.78604,-4.92367),(-16.0214,-6.86602),(-13.6991,-34.1347)]
triangle[(8.76868,19.8912),(-14.4941,-17.9452),(36.0473,-49.0193)]
triangle[(11.0298,17.096),(18.8102,9.66964),(31.7302,23.2056)]
triangle[(13.6318,3.71408),(20.2116,12.4577),(10.2578,19.9483)]
triangle[(-14.4783,6.82702),(-19.9303,3.17071),(-13.939,-5.76307)]
triangle[(9.67405,-16.7696),(-6.70257,-2.83245),(-33.279,-34.0607)]
triangle[(-3.19758,-6.2878),(-12.6047,10.631),(-44.2204,-6.94786)]
triangle[(8.38224,12.5398),(18.2471,-12.9268),(58.8373,2.79642)]
triangle[(-10.0606,17.3666),(2.76486,17.3286),(2.83829,42.0974)]
triangle[(-6.04608,-5.05366),(-1.86834,15.4455),(-41.3607,23.4941)]
triangle[(-0.365653,-12.1067),(-4.50117,-18.4632),(4.8739,-24.5625)]
triangle[(-20.9496,-18.937),(2.50725,-6.24335),(-21.9865,39.0193)]
triangle[(-17.3203,12.7052),(14.0127,14.3366),(12.0341,52.338)]
triangle[(2.21789,5.45211),(-11.7908,-3.03563),(0.479665,-23.2876)]
triangle[(-5.15541,20.4059),(13.0894,3.333),(42.6656,34.9393)]
triangle[(18.0991,20.339),(7.54269,-8.25219),(44.7726,-21.9982)]
triangle[(5.10604,1.88072),(-0.532125,-5.56873),(10.5346,-13.9446)]
triangle[(-16.8845,15.9347),(-10.4847,16.9865),(-11.5495,23.466)]
triangle[(-13.3806,-5.79789),(-18.4675,11.7916),(-50.1201,2.63765)]
triangle[(-1.65296,-5.66736),(-15.6075,15.7019),(-55.5609,-10.3885)]
triangle[(-16.5774,-8.41894),(10.0101,12.2305),(-16.8688,46.8388)]
triangle[(-0.00659447,12.0078),(-19.4673,7.13969),(-12.5883,-20.3595)]
triangle[(-14.6418,-1.39479),(-19.8395,20.3012),(-59.6976,10.7523)]
triangle[(-11.1461,0.294225),(-7.62878,-2.303),(-3.51173,3.27254)]
triangle[(-16.4997,-12.2524),(-0.568477,19.9914),(-37.5509,38.2638)]
triangle[(-14.4895,-13.9306),(4.60294,-4.91332),(-6.91612,19.4762)]
triangle[(19.1881,5.04308),(-7.39424,-6.21916),(10.6229,-48.7452)]
triangle[(0.457128,9.53965),(18.9608,-13.3425),(60.5743,20.3084)]
triangle[(16.6926,-19.8768),(17.0368,14.8433),(-43.9836,15.4482)]
triangle[(-17.3782,-0.390457),(-13.6825,20.7761),(-49.0409,26.9499)]
triangle[(2.26206,-5.69212),(-14.9945,-12.3256),(-7.00214,-33.1172)]
triangle[(15.3977,13.5897),(9.75576,-8.88869),(43.129,-17.2652)]
triangle[(-11.7104,-8.13099),(19.8299,-6.4465),(17.7018,33.4)]
triangle[(9.72224,-9.23091),(-11.8053,-17.0349),(-2.16966,-43.6153)]
triangle[(-0.194122,-7.12516),(8.63784,14.8015),(-14.237,24.0154)]
triangle[(2.83523,-13.2295),(20.097,6.69452),(-15.9693,37.9417)]
triangle[(-4.32474,-4.95263),(7.02051,-1.27101),(2.45416,12.8006)]
triangle[(-18.8219,-2.54986),(-6.005,-17.5508),(17.4179,2.46182)]
triangle[(-9.82204,-3.75085),(-15.3076,1.43939),(-23.2272,-6.93085)]
triangle[(7.26191,4.51006),(17.775,-5.34636),(33.3689,11.2865)]
triangle[(3.01618,2.39185),(-6.48777,18.1121),(-31.8642,2.77029)]
triangle[(11.4301,0.650382),(13.2187,-8.54245),(24.1666,-6.41242)]
triangle[(20.8777,-4.79944),(11.4139,-8.77679),(19.0846,-27.0286)]
triangle[(18.9805,1.43324),(-19.8359,-5.0842),(-12.0092,-51.6986)]
triangle[(-10.1621,14.1387),(-2.56012,9.92899),(5.81726,25.057)]
triangle[(-4.36502,-0.236563),(20.6178,-6.08035),(31.5573,40.687)]
triangle[(-3.85373,5.04497),(11.7206,-19.1505),(51.1868,6.25342)]
triangle[(-12.6192,20.8243),(14.0866,-3.67061),(53.534,39.3373)]
triangle[(6.88271,7.45003),(3.23866,20.6765),(-16.6909,15.1857)]
triangle[(-16.7259,-3.71189),(1.19864,-0.615172),(-1.92154,17.4452)]
triangle[(-10.809,18.3721),(10.8514,2.57755),(41.2684,44.291)]
triangle[(8.68112,7.60067),(-18.7224,-12.1015),(9.89468,-51.9046)]
triangle[(12.1938,-19.2045),(15.994,-4.60736),(-5.11497,0.888222)]
triangle[(5.02887,16.2896),(-5.18196,-4.71607),(19.1774,-16.5572)]
triangle[(-3.70464,6.35957),(-7.18964,-5.62684),(10.1814,-10.6774)]
triangle[(17.844,6.73035),(-12.2053,20.8406),(-28.3708,-13.5857)]
triangle[(-7.84921,-3.61293),(4.673,20.1355),(-42.5777,45.0501)]
triangle[(14.4352,20.2809),(-15.5263,-14.6535),(49.4495,-70.3801)]
triangle[(-6.25384,-13.6101),(16.907,0.773126),(-3.90503,34.2861)]
triangle[(7.97829,-13.9239),(-10.7228,-10.001),(-17.9613,-44.5082)]
triangle[(9.17325,-11.6272),(9.98696,-14.7243),(15.6342,-13.2405)]
triangle[(-16.8792,-16.745),(-18.9102,-12.4905),(-24.387,-15.105)]
triangle[(14.0522,7.5717),(3.37092,1.28045),(13.7954,-16.4182)]
triangle[(2.61095,-13.3298),(12.9509,14.9662),(-27.3795,29.7038)]
triangle[(-9.48557,-14.4933),(-1.54031,-1.12362),(-21.6579,10.8318)]
triangle[(15.7587,-8.0019),(18.8668,3.29357),(5.74683,6.90378)]
triangle[(4.32213,6.14883),(20.2948,-18.2182),(47.6916,-0.259465)]
triangle[(-12.5239,20.1639),(-19.1839,4.03334),(2.51244,-4.92464)]
triangle[(-9.93104,13.1509),(-16.2182,5.32312),(-3.7934,-4.65625)]
triangle[(-13.9259,10.8642),(-20.1351,-9.4103),(9.54944,-18.5014)]
triangle[(19.0967,-15.9268),(-19.0491,-3.36305),(-40.8698,-69.6146)]
triangle[(10.5482,-8.30891),(5.83204,-20.1247),(19.0267,-25.3912)]
triangle[(11.0715,20.7355),(16.996,17.0404),(24.0095,28.2852)]
triangle[(-9.58821,-6.57184),(14.9788,0.133258),(4.43735,38.7567)]
triangle[(12.522,-7.5619),(14.9643,16.7787),(-32.111,21.502)]
triangle[(-9.64287,-4.06344),(3.38455,13.8522),(-32.1912,39.7212)]
triangle[(5.86091,-13.1854),(-5.31395,-15.0843),(-2.00438,-34.5617)]
triangle[(20.082,-10.8104),(-5.11997,9.74378),(-41.4404,-34.7898)]
triangle[(13.4299,-5.08098),(8.37695,-7.36983),(11.1621,-13.5183)]
triangle[(-12.0544,-4.904),(-16.3966,-4.55363),(-17.0204,-12.2851)]
triangle[(-12.4656,-20.5527),(-6.68621,0.29509),(-36.2603,8.49357)]
triangle[(7.07082,-15.9342),(-4.05885,-17.3334),(-1.33406,-39.0068)]
triangle[(-3.71354,2.26025),(9.03305,-12.5133),(34.8515,9.76288)]
triangle[(19.4505,-17.6552),(7.46898,3.8128),(-18.3575,-10.6012)]
triangle[(-15.349,-6.14401),(-6.11638,18.6727),(-55.59,37.0786)]
triangle[(16.4265,-5.48606),(-1.84361,-2.90145),(-5.15499,-26.3089)]
triangle[(-1.80096,15.5205),(0.113107,12.4316),(5.55764,15.8053)]
triangle[(8.10408,8.61206),(-0.571404,18.8921),(-12.9843,8.41666)]
triangle[(3.20671,13.5956),(1.34264,16.9054),(-4.51937,13.6039)]
triangle[(15.2222,14.9496),(9.34838,14.8077),(9.53903,6.91548)]
triangle[(-18.4033,5.94679),(-7.53226,17.7498),(-24.2381,33.1366)]
triangle[(-15.3846,7.21928),(10.9376,3.87827),(15.696,41.3674)]
triangle[(-13.1101,-19.5862),(-0.765635,-14.4207),(-8.42898,3.89313)]
triangle[(3.32087,0.804752),(13.0671,-20.4272),(36.239,-9.79051)]
triangle[(1.88532,13.5029),(11.1045,15.1573),(8.31169,30.7201)]
triangle[(-14.3186,20.6296),(13.3928,12.8453),(21.3598,41.207)]
triangle[(3.90658,11.0909),(-0.538673,10.6532),(0.244729,2.69729)]
triangle[(19.499,9.07334),(-2.50935,-4.39619),(18.2852,-38.3731)]
triangle[(-2.81475,14.5971),(15.7706,14.8859),(15.4465,35.7372)]
triangle[(5.89695,2.69585),(12.2795,19.4884),(-17.1699,30.6816)]
triangle[(-4.47418,-13.2622),(7.52909,-7.48348),(-3.72593,15.8947)]
triangle[(10.0728,-10.063),(-7.00385,-19.2065),(9.72767,-50.4548)]
triangle[(-19.1505,-8.76663),(13.3945,-15.8247),(26.8665,46.2948)]
triangle[(-1.38708,-11.4068),(3.32853,3.655),(-16.4842,9.85806)]
triangle[(16.447,-19.3719),(13.8565,-20.3464),(15.6639,-25.1507)]
triangle[(12.5282,20.8987),(19.8427,-4.14933),(56.4927,6.55321)]
triangle[(2.72673,-13.177),(-0.698662,12.2088),(-44.8606,6.24993)]
triangle[(-1.03047,5.71367),(-6.74057,-17.2766),(20.9479,-24.1536)]
triangle[(-6.20164,-6.22474),(-15.9856,19.9578),(-59.7835,3.59135)]
triangle[(3.37383,-7.76426),(-9.69937,-18.7582),(8.43894,-40.327)]
triangle[(19.6878,-11.8956),(6.51467,-9.75014),(2.32968,-35.4465)]
triangle[(-12.8736,16.0607),(12.6991,-2.00596),(41.2341,38.3844)]
triangle[(8.10412,15.8512),(-9.71938,19.8986),(-16.9361,-11.8814)]
triangle[(0.372906,6.56134),(12.5178,-3.3123),(29.8296,17.9818)]
triangle[(-7.71079,15.815),(-9.84951,-10.1872),(39.2648,-14.2269)]
triangle[(16.3076,-18.8804),(-19.8501,-20.6927),(-17.9348,-58.9084)]
triangle[(-18.026,-13.5316),(6.86238,18.3707),(-27.8528,45.4536)]
triangle[(17.2795,17.2173),(17.9029,-1.19561),(49.4504,-0.127386)]
triangle[(-13.2731,-0.140004),(4.10721,9.50058),(-7.92549,31.1934)]
triangle[(-11.1154,-10.9588),(6.1181,-3.00812),(-3.21093,17.213)]
triangle[(-11.3269,1.98242),(2.15341,3.3021),(0.46113,20.5884)]
triangle[(11.8993,0.421195),(11.2964,20.5367),(-12.0823,19.8359)]
triangle[(-7.35907,18.5534),(13.9091,-1.43466),(43.0996,29.6254)]
triangle[(-17.6348,3.40778),(14.3797,-4.45987),(25.8016,42.0174)]
triangle[(-5.75638,-8.16308),(9.37895,13.6933),(-34.2673,43.9179)]
triangle[(16.199,5.27913),(9.61849,6.04446),(8.54285,-3.20411)]
triangle[(-17.6512,16.4755),(-14.4653,11.8452),(-5.22136,18.2054)]
triangle[(8.69952,-1.37965),(-0.701463,-8.77886),(10.9485,-23.5805)]
triangle[(-19.0679,-11.0474),(18.8785,7.50803),(-11.0667,68.7469)]
triangle[(-19.2296,11.721),(5.87671,19.0453),(-8.08205,66.8937)]
triangle[(-12.3413,11.414),(-10.6607,-10.956),(23.898,-8.35977)]
triangle[(5.11224,-7.35328),(-19.9921,0.13065),(-31.676,-39.0623)]
triangle[(10.8318,8.56409),(11.709,-7.55176),(28.586,-6.63316)]
triangle[(8.36538,-18.6577),(18.5965,7.65144),(-15.3435,20.85)]
triangle[(8.32323,-2.63117),(-17.3567,6.80338),(-29.1518,-25.3017)]
triangle[(-18.3485,4.11514),(9.20971,12.6642),(-6.84831,64.4279)]
triangle[(1.35447,17.5135),(-9.57276,-18.3515),(41.747,-33.9874)]
triangle[(-5.8018,13.2923),(11.3221,-1.16364),(27.2638,17.7202)]
triangle[(6.34761,12.0105),(-16.3292,-10.2225),(24.5256,-51.8927)]
triangle[(-18.4601,-14.24),(-14.5652,14.2271),(-45.7507,18.4939)]
triangle[(-7.38527,-20.4094),(-19.087,-7.43063),(-36.7628,-23.3672)]
triangle[(-9.70613,-15.4223),(20.0527,-14.723),(19.1611,23.2149)]
triangle[(-13.7079,16.6524),(-9.54936,-15.2278),(52.2136,-7.17139)]
triangle[(-10.5061,-15.7662),(8.45601,0.875571),(-23.6828,37.4955)]
triangle[(16.5158,4.99013),(10.83,-3.95401),(24.8199,-12.8474)]
triangle[(7.58271,-9.81267),(-6.82329,-15.3598),(3.88809,-43.1774)]
triangle[(18.3065,-8.87557),(-17.6815,-16.2247),(-9.1413,-58.0452)]
triangle[(-19.2121,16.4628),(15.6389,-11.14),(68.6899,55.8414)]
triangle[(-4.4545,2.60788),(-10.3405,-14.033),(14.0044,-22.6441)]
triangle[(-13.7505,8.13394),(-2.52206,-5.97985),(14.7162,7.7343)]
triangle[(-14.3575,-8.65606),(10.5097,-19.821),(29.5136,22.5055)]
triangle[(11.01,-18.2081),(-14.895,1.908),(-37.2336,-26.8591)]
triangle[(13.4001,-7.41996),(-10.799,4.55045),(-22.8562,-19.8241)]
triangle[(-9.29539,-12.0214),(1.74276,5.19855),(-18.5439,18.2025)]
triangle[(-9.5371,13.2466),(9.84995,1.70946),(21.4865,21.2636)]
triangle[(11.7603,-6.56405),(-7.97804,16.6069),(-38.1711,-9.11327)]
triangle[(12.3218,-1.34926),(-19.8035,10.6393),(-42.5531,-50.3218)]
triangle[(0.789476,0.491487),(-5.64284,-13.7587),(14.771,-22.9732)]
triangle[(11.9329,14.8922),(15.31,-1.42841),(38.0064,3.26802)]
triangle[(20.69,-18.3186),(-8.98968,-2.03041),(-36.4608,-52.0871)]
triangle[(9.86162,12.5876),(20.0834,-13.4238),(64.8456,4.1667)]
triangle[(-12.6899,11.1742),(-19.8749,-8.81889),(8.69557,-19.0863)]
triangle[(-19.0757,-9.66335),(-8.69318,0.35446),(-24.003,16.2216)]
triangle[(-20.6296,5.31855),(-15.2088,14.3731),(-26.8566,21.3464)]
triangle[(0.432583,-1.65044),(-7.17633,-0.0723795),(-10.3218,-15.2389)]
triangle[(20.4331,-17.771),(-17.6489,10.8896),(-62.7119,-48.9865)]
triangle[(-3.68098,-13.8367),(-19.9279,-20.4354),(-9.09031,-47.1192)]
triangle[(15.2789,5.69765),(-3.54446,16.5443),(-23.3617,-17.8467)]
triangle[(6.78489,-15.661),(17.8985,15.4851),(-27.6326,31.7316)]
triangle[(-17.2559,-7.14071),(-9.99209,5.98611),(-24.5892,14.0635)]
triangle[(12.7357,2.93694),(-1.13709,13.6347),(-21.5196,-12.7971)]
triangle[(11.5387,14.9225),(-4.82737,6.90195),(10.3643,-24.0972)]
triangle[(8.91876,-9.85066),(-20.2532,13.3415),(-52.2399,-26.8925)]
triangle[(8.89373,-20.3422),(9.96281,14.3517),(-45.3861,16.0573)]
triangle[(16.224,-0.780819),(20.1696,-14.5825),(37.628,-9.59149)]
triangle[(-12.216,15.7611),(-18.8955,-19.7079),(32.1263,-29.3163)]
triangle[(-16.3218,14.9045),(18.868,-7.02421),(56.622,53.561)]
triangle[(-19.2716,-14.0132),(-10.3325,3.01463),(-34.7293,15.8224)]
triangle[(1.99066,-11.9559),(-6.51056,-15.1225),(-2.80208,-25.0786)]
triangle[(7.57073,12.1609),(-0.615463,6.13418),(9.86642,-8.1035)]
triangle[(-5.98703,-20.8558),(15.705,6.13583),(-25.206,39.0143)]
triangle[(-2.1003,2.48242),(-18.1747,-17.5589),(10.0503,-40.1971)]
triangle[(-19.6963,-19.1747),(-9.37107,8.79339),(-49.9413,23.771)]
triangle[(4.97542,1.11625),(-12.3565,17.061),(-39.8831,-12.8606)]
triangle[(-16.694,-14.1678),(16.9924,-19.9804),(26.7377,36.4981)]
triangle[(20.4808,-17.5179),(16.2541,-2.50385),(0.950776,-6.81198)]
triangle[(-11.3222,14.3963),(1.84725,-9.86604),(44.8547,13.4782)]
triangle[(-8.95082,18.6734),(9.68745,2.98598),(37.2254,35.7038)]
triangle[(6.74877,-8.46526),(-2.46052,20.0741),(-48.0845,5.35178)]
triangle[(-14.1447,16.8932),(-20.8168,17.2062),(-21.441,3.90239)]
triangle[(5.17401,-16.3833),(-7.20921,-4.99012),(-21.0048,-19.9845)]
triangle[(-13.9338,14.483),(-10.2209,-16.7901),(34.1525,-11.5219)]
triangle[(-15.0984,5.9294),(17.4196,0.479794),(27.6008,61.2315)]
triangle[(-20.2423,-8.2401),(18.3053,-20.4591),(35.3894,33.4366)]
triangle[(14.2073,1.51516),(-0.922788,-16.9975),(26.5578,-39.4569)]
triangle[(-4.84873,11.689),(-12.3979,20.1181),(-26.1897,7.76617)]
triangle[(3.00619,-7.38792),(-18.4538,9.8694),(-47.5699,-26.3373)]
triangle[(-2.64749,9.24744),(-12.816,20.2786),(-32.7016,1.94799)]
triangle[(19.1447,15.4706),(-10.7193,-19.6509),(25.6246,-50.5544)]
triangle[(4.94276,-2.2786),(-19.5536,-16.7535),(-1.27039,-47.6948)]
triangle[(-1.50197,11.2515),(-9.44329,16.1495),(-18.6645,1.19856)]
triangle[(20.5108,-2.14039),(-6.68444,0.0494504),(-9.7335,-37.8164)]
triangle[(-18.2665,6.17605),(16.7065,6.58746),(16.0242,64.5903)]
triangle[(-16.3984,2.74193),(13.1634,13.3705),(0.420221,48.8137)]
triangle[(6.32982,-10.9738),(-6.67939,11.8829),(-35.163,-4.329)]
triangle[(-15.5737,-9.57505),(-7.12411,-12.297),(-4.00383,-2.61079)]
triangle[(-5.71979,2.43579),(-11.8422,1.50248),(-10.8062,-5.29334)]
triangle[(-8.82554,2.1414),(10.0013,-17.9821),(31.4524,2.08678)]
triangle[(20.1967,-11.3969),(5.7667,11.0719),(-26.9277,-9.92533)]
triangle[(2.6924,-18.4585),(11.4162,5.32742),(-21.6124,17.441)]
triangle[(0.189404,-20.169),(-5.41328,-8.00897),(-21.804,-15.5609)]
triangle[(14.9961,16.2564),(20.3214,3.56023),(34.4162,9.47224)]
triangle[(14.6563,-7.73301),(2.29332,-6.73376),(0.329901,-31.0258)]
triangle[(1.4238,19.0852),(-0.271008,-20.7437),(79.3306,-24.1309)]
triangle[(16.56,-17.2846),(-7.71711,-20.4091),(-3.76385,-51.1263)]
triangle[(-13.2198,-8.7127),(6.31085,-16.9556),(17.9,10.5034)]
triangle[(-15.4532,-5.96339),(-3.19719,-16.4144),(10.8606,0.0714364)]
triangle[(-8.57024,2.91037),(0.875104,6.31528),(-5.08071,22.8369)]
triangle[(18.4326,19.846),(-19.9415,-13.7335),(33.1998,-74.4625)]
triangle[(-2.45487,4.7304),(15.8529,-3.63646),(25.3784,17.2067)]
triangle[(4.47178,6.26042),(-0.0432803,1.83324),(5.51055,-3.83084)]
triangle[(-10.3349,-5.05271),(-18.3941,-5.17415),(-18.175,-19.7096)]
triangle[(14.314,14.0056),(11.3935,17.4997),(7.03997,13.8608)]
triangle[(13.9784,19.9507),(18.034,-9.32529),(50.764,-4.79124)]
triangle[(-19.0537,-7.60364),(18.171,11.1551),(-11.7507,70.5313)]
triangle[(4.30144,14.322),(14.4361,-15.1021),(48.1218,-3.49968)]
triangle[(5.88516,2.52526),(18.6435,-7.12198),(33.0034,11.8689)]
triangle[(-20.2498,-18.9599),(13.2669,15.2114),(-31.2905,58.9153)]
triangle[(8.47058,15.6921),(13.1956,-10.2391),(50.5177,-3.43856)]
triangle[(-11.4945,11.8605),(-16.0285,20.2575),(-26.6956,14.4978)]
triangle[(17.3658,-7.67667),(-6.101,15.3303),(-40.8429,-20.106)]
triangle[(-18.5301,-6.59443),(6.8764,6.11038),(-18.5197,56.8963)]
triangle[(-11.3961,20.6896),(3.26575,16.5495),(9.83739,39.8221)]
triangle[(17.8985,-1.50509),(-7.91544,-14.0636),(16.7283,-64.7187)]
triangle[(-1.68097,0.177438),(6.27815,14.1476),(-10.0281,23.4376)]
triangle[(3.5612,0.277393),(17.9081,13.9934),(-5.47193,38.4489)]
triangle[(-14.6167,19.4588),(-11.441,-4.81559),(14.9324,-1.36533)]
triangle[(7.89413,-12.7649),(4.80407,-3.25419),(-8.93166,-7.71696)]
triangle[(5.88841,13.9185),(-8.63111,15.784),(-12.0419,-10.763)]
triangle[(2.39057,16.9747),(-16.8014,-11.6392),(25.9874,-40.3386)]
triangle[(-18.7692,-10.8681),(5.41347,-1.82347),(-11.1919,42.5745)]
triangle[(0.430131,5.06128),(-19.6855,-6.85607),(-5.9255,-30.082)]
triangle[(-20.3414,-20.9309),(-18.8636,-0.687113),(-49.4778,1.54774)]
triangle[(18.3027,19.7311),(6.11831,-13.9428),(41.5918,-26.7783)]
triangle[(-12.2437,19.5303),(-13.8919,12.384),(-1.77384,9.58916)]
triangle[(-17.8456,6.64178),(9.7427,13.4835),(-2.61886,63.33)]
triangle[(7.66546,17.6593),(-4.58728,19.6085),(-6.77938,5.82885)]
triangle[(-6.80395,2.97344),(15.345,17.6171),(-5.86094,49.6917)]
triangle[(-2.38707,-19.8519),(-4.07817,12.8866),(-45.5165,10.7461)]
triangle[(-7.14163,-12.1277),(16.1412,20.8195),(-26.0396,50.6273)]
triangle[(0.920116,16.7274),(9.21267,16.8575),(9.0646,26.2991)]
triangle[(-13.1676,-3.18111),(-1.57046,-5.77914),(2.53492,12.5465)]
triangle[(10.2673,-3.69762),(-3.44531,-10.0439),(5.9667,-30.3808)]
triangle[(-0.462745,18.2905),(-7.67909,18.0161),(-7.39831,10.6312)]
triangle[(6.29039,11.9852),(-7.14256,2.0187),(6.8146,-16.7929)]
triangle[(-0.353856,-10.3306),(11.2918,-7.15282),(7.02489,8.4842)]
triangle[(0.811562,20.1814),(0.979429,-12.3453),(42.213,-12.1325)]
triangle[(0.862768,2.50894),(-20.7702,-18.7777),(10.629,-50.6878)]
triangle[(12.0637,17.1361),(1.36053,-2.07477),(36.4725,-21.637)]
triangle[(12.5702,12.165),(8.84971,10.1402),(11.2495,5.73066)]
triangle[(0.323891,16.2186),(-18.3467,18.9469),(-21.9957,-6.02455)]
triangle[(-4.67409,-15.4236),(1.8291,11.1897),(-27.924,18.4601)]
triangle[(2.05509,-18.8476),(-10.1515,-17.3874),(-12.0777,-33.4897)]
triangle[(11.2768,-5.39064),(8.80673,-5.34438),(8.72667,-9.61965)]
triangle[(-11.4043,-3.23857),(19.6222,-16.4047),(37.615,25.9958)]
triangle[(17.7139,-3.25673),(-12.8311,1.6136),(-19.8145,-42.1838)]
triangle[(-10.5552,8.77918),(14.0843,-11.374),(41.9465,22.6907)]
triangle[(-6.12305,5.19316),(1.60168,20.8593),(-22.79,32.8865)]
triangle[(0.398644,8.43346),(19.2426,16.7973),(6.61839,45.2398)]
triangle[(0.604669,-20.3132),(11.7135,18.5335),(-58.5081,38.6144)]
triangle[(10.8698,2.01218),(18.9207,17.0102),(-2.37684,28.4426)]
triangle[(-2.60088,-1.62427),(14.7751,-10.27),(31.3065,22.9547)]
triangle[(10.0236,13.4548),(-15.0522,19.2329),(-22.4292,-12.7821)]
triangle[(10.4453,15.415),(16.7075,-0.166138),(38.7359,8.68718)]
triangle[(-13.1642,7.79446),(2.95497,10.5328),(-1.0305,33.9929)]
triangle[(-2.39003,18.006),(-8.15895,7.09344),(9.27909,-2.12513)]
triangle[(13.8551,-3.26134),(4.46441,-10.7657),(15.9812,-25.1774)]
triangle[(-14.4456,6.668),(15.8352,2.02306),(22.8827,47.9668)]
triangle[(16.129,14.3397),(0.968485,-13.255),(53.872,-42.3203)]
triangle[(-14.4413,-5.18719),(-16.0438,-1.40322),(-21.2432,-3.60511)]
triangle[(12.8708,-7.29442),(-3.20661,-9.02086),(-0.369052,-35.4456)]
triangle[(3.62717,-12.4767),(16.9706,9.69119),(-6.01414,23.5263)]
triangle[(-3.33451,-6.40675),(16.2649,-17.7214),(28.1811,2.92)]
triangle[(-3.30031,-13.3846),(-18.8905,-15.3107),(-15.4308,-43.3142)]
triangle[(-16.259,-8.61605),(-20.8192,-9.90877),(-18.3829,-18.5032)]
triangle[(-14.1709,-18.7128),(13.6356,2.54899),(-26.1379,54.5653)]
triangle[(14.7652,1.22357),(14.7597,17.244),(-12.3976,17.2347)]
triangle[(15.3691,-6.91183),(0.158378,8.70467),(-15.8889,-6.92564)]
triangle[(-0.0472679,8.34277),(-1.8884,-7.46303),(24.8103,-10.573)]
triangle[(-7.07401,-15.4999),(20.9867,15.0146),(-17.8697,50.7464)]
triangle[(0.335682,16.3235),(-6.70506,17.0161),(-7.67439,7.1622)]
triangle[(-9.12862,-20.7374),(9.26833,-6.10359),(-6.15883,13.2907)]
triangle[(-15.6625,1.48652),(-15.3743,16.6235),(-38.968,17.0728)]
triangle[(-11.279,14.4503),(-12.0169,20.4352),(-18.6771,19.614)]
triangle[(6.92338,7.18151),(13.4076,3.92663),(19.2366,15.5388)]
triangle[(-6.79637,-9.57426),(12.9003,-11.0977),(15.0338,16.4862)]
triangle[(-15.9702,16.2068),(-6.16215,0.314035),(20.9552,17.0492)]
triangle[(12.4087,18.6121),(-2.72891,-9.61274),(32.1987,-28.3451)]
triangle[(12.2956,4.05283),(12.9985,-17.8756),(37.3867,-17.0939)]
triangle[(-18.9969,0.074298),(-12.345,-8.47607),(2.40009,2.99511)]
triangle[(-14.5062,18.4947),(3.22242,18.4306),(3.33584,49.8087)]
triangle[(-15.6219,15.7855),(-7.27326,-8.225),(27.3686,3.82024)]
triangle[(11.1299,-4.30711),(20.5659,-5.46306),(21.7326,4.06059)]
triangle[(-14.2605,-19.8151),(12.9559,-6.23756),(-11.3711,42.5261)]
triangle[(-17.4853,-15.3589),(20.3901,-13.3027),(16.3725,60.7018)]
triangle[(-15.9389,-11.2109),(-9.74153,10.9885),(-49.4256,22.067)]
triangle[(-18.5531,10.5504),(1.25607,-12.196),(36.4615,18.4634)]
triangle[(19.7652,-4.31095),(-6.83269,-7.93738),(-3.03975,-35.7566)]
triangle[(2.21667,6.28282),(-19.1238,8.29655),(-21.2981,-14.7454)]
triangle[(-20.7502,20.2447),(-17.2487,14.5729),(-8.15446,20.1872)]
triangle[(-5.96701,-5.18644),(-7.17764,11.8377),(-24.5579,10.6017)]
triangle[(17.2456,18.0389),(-20.8871,-18.6265),(37.2865,-79.1282)]
triangle[(12.4491,-1.29947),(-9.91054,-16.4034),(15.7905,-54.4507)]
triangle[(17.0089,4.38371),(6.62282,-10.6162),(24.3117,-22.8641)]
triangle[(-10.4691,-13.0761),(16.3213,13.6508),(-14.5341,44.5794)]
triangle[(15.1976,12.5765),(-18.3948,-4.55327),(0.495493,-41.5982)]
triangle[(-0.593234,3.16222),(-9.71779,14.1085),(-30.3907,-3.12384)]
triangle[(-9.3826,6.6641),(18.2496,20.2371),(1.09783,55.155)]
triangle[(-0.565404,-15.1456),(-20.3618,3.82806),(-53.7284,-30.9855)]
triangle[(4.12402,6.96724),(-9.04608,-6.62582),(9.84877,-24.9328)]
triangle[(3.42606,7.71423),(8.1871,-5.53217),(22.653,-0.332832)]
triangle[(-18.7587,4.37888),(15.4112,17.0554),(-9.11286,83.1607)]
triangle[(15.8652,5.49739),(5.33255,7.25498),(3.19539,-5.55231)]
triangle[(-11.4817,1.74471),(-9.2217,-14.263),(7.58492,-11.8902)]
triangle[(13.7366,20.1366),(-11.2745,-8.28839),(31.306,-45.755)]
triangle[(-4.22312,-11.4691),(16.6188,16.068),(-11.0407,37.0027)]
triangle[(4.89981,0.642072),(-20.4147,-0.85665),(-17.7534,-45.8095)]
triangle[(-6.62357,2.94688),(-12.7252,-0.102927),(-7.45717,-10.6426)]
triangle[(19.719,-18.1912),(-10.8395,-15.9168),(-14.4387,-64.276)]
triangle[(-15.5732,14.6783),(-12.3737,17.7297),(-16.2875,21.8336)]
triangle[(-7.92294,20.8807),(-3.08126,-12.5631),(44.4846,-5.67703)]
triangle[(8.19804,-16.6058),(-16.0056,-8.27942),(-26.1818,-37.8602)]
triangle[(-6.28248,-19.6834),(1.8417,-5.93015),(-17.8949,5.72847)]
triangle[(20.3549,-1.08878),(-3.10842,-11.7706),(8.45394,-37.1681)]
triangle[(-9.79306,-13.0581),(-4.01727,11.0255),(-31.0073,17.4983)]
triangle[(0.347225,18.4015),(8.12147,-19.9304),(77.999,-5.75829)]
triangle[(-7.91876,-9.96969),(2.54525,-11.1096),(4.37872,5.72062)]
triangle[(-14.6609,-6.52141),(20.4933,-18.6251),(41.3519,41.9574)]
triangle[(5.60236,0.472715),(-8.73674,-2.62961),(-2.83565,-29.9048)]
triangle[(2.81526,6.63454),(9.23792,4.24839),(13.2225,14.9736)]
triangle[(-14.6865,13.2215),(14.6275,4.91539),(23.0579,34.6683)]
triangle[(14.7875,14.6205),(-16.6102,20.1893),(-23.6208,-19.3368)]
triangle[(-7.94326,15.3078),(1.73358,-8.15155),(33.5348,4.96625)]
triangle[(20.5169,5.04814),(8.45291,1.03349),(13.484,-14.0849)]
triangle[(-15.0156,-20.3271),(20.6281,17.672),(-38.6705,73.2949)]
triangle[(5.29483,17.5698),(2.06596,16.6481),(3.41111,11.9361)]
triangle[(3.25882,-2.95544),(-4.76949,-6.47185),(1.30372,-20.3376)]
triangle[(-5.47439,-6.60516),(-2.90262,8.4694),(-18.057,11.0548)]
triangle[(-0.50958,-11.0328),(14.2231,-16.3617),(21.6469,4.16265)]
triangle[(-15.1522,18.1935),(7.01939,11.8558),(15.6966,42.2116)]
triangle[(11.8094,-14.3976),(-14.093,-6.73182),(-28.7322,-56.1967)]
triangle[(3.11775,-19.2309),(-16.2458,13.7394),(-79.6517,-23.4991)]
triangle[(-11.0197,12.9416),(8.68959,-3.16876),(26.1096,18.1427)]
triangle[(17.6502,-13.2391),(1.0145,6.7869),(-34.5226,-22.7341)]
triangle[(18.9238,8.61205),(15.5281,17.5755),(-1.89909,10.9732)]
triangle[(13.7476,-1.47516),(0.136122,-4.72898),(3.45392,-18.608)]
triangle[(-17.821,6.68024),(-16.3439,-19.5487),(25.502,-17.1922)]
triangle[(-6.58723,13.045),(-3.99125,10.0994),(0.705832,14.2389)]
triangle[(-7.84958,-3.38987),(-17.757,15.8562),(-39.1577,4.83954)]
triangle[(17.8027,-18.7852),(1.80061,5.89566),(-28.013,-13.4343)]
triangle[(5.35469,3.98472),(-13.6989,0.995928),(-9.89779,-23.2366)]
triangle[(8.38238,-15.778),(8.60725,-18.5231),(12.886,-18.1726)]
triangle[(-19.7955,-13.5603),(-2.66233,3.57095),(-21.9992,22.9099)]
triangle[(20.7426,-16.761),(4.14421,18.8398),(-50.8387,-6.7951)]
triangle[(-6.82875,-6.5864),(-18.725,14.3094),(-52.2581,-4.78148)]
triangle[(-1.36403,-4.29465),(20.7291,-3.88672),(20.1974,24.9134)]
triangle[(5.22292,-6.32024),(-4.55868,20.5736),(-52.9414,2.97623)]
triangle[(1.92195,-11.1334),(5.62883,7.32869),(-23.7457,13.2266)]
triangle[(-7.019,-14.1954),(-1.03964,-3.70287),(-20.5173,7.39686)]
triangle[(2.12996,-2.14184),(16.904,13.0668),(-0.0276943,29.5146)]
triangle[(8.95103,0.671336),(-16.3406,-20.5631),(24.2091,-68.8605)]
triangle[(-0.840778,0.228745),(-11.5414,-8.41321),(2.30162,-25.5538)]
triangle[(16.3254,-13.5932),(-10.929,-15.3269),(-8.25352,-57.3879)]
triangle[(1.47838,2.31003),(-7.25179,14.004),(-23.7046,1.72118)]
triangle[(-3.18967,-16.9854),(-15.0905,3.79921),(-45.6831,-13.7175)]
triangle[(-15.6663,-1.11379),(12.7092,12.8741),(-9.81497,58.5661)]
triangle[(13.2085,-4.04516),(-11.6079,-1.96586),(-15.0438,-42.9729)]
triangle[(-18.187,-4.39731),(-1.32933,15.9291),(-37.9461,46.2971)]
triangle[(9.78622,3.17828),(5.11166,-2.3113),(10.6538,-7.03059)]
triangle[(-17.2984,10.8602),(18.9163,7.49744),(24.186,64.2478)]
triangle[(-14.8915,15.6335),(12.8421,13.9491),(15.9554,65.2098)]
triangle[(-20.4763,-15.8535),(-10.3246,12.6719),(-40.7947,23.5157)]
triangle[(-15.5789,17.2215),(18.098,-17.8097),(64.2015,26.5114)]
triangle[(18.5973,-14.8207),(2.71752,14.3785),(-35.1083,-6.19285)]
triangle[(-14.9645,-12.463),(-5.80311,-13.8639),(-4.17952,-3.24663)]
triangle[(12.0281,20.3488),(-15.0711,15.7171),(-6.8917,-32.1389)]
triangle[(8.58471,14.1697),(-18.0131,-19.5837),(44.0558,-68.4943)]
triangle[(-7.09006,3.37259),(1.23311,13.1523),(-17.2255,28.8617)]
triangle[(-2.0145,3.78683),(19.7902,-11.2249),(37.2293,14.1057)]
triangle[(20.4009,-9.8878),(-3.33989,-11.5807),(-1.61682,-35.7444)]
triangle[(4.96308,-7.3607),(-2.92874,5.68914),(-18.4696,-3.7091)]
triangle[(-12.9542,12.0354),(10.1317,13.9327),(8.08053,38.8902)]
triangle[(13.548,0.278871),(16.5127,10.3153),(-2.21059,15.846)]
triangle[(-14.7075,16.6844),(15.0249,-0.573874),(37.5847,38.292)]
triangle[(11.3782,-6.79652),(2.49826,0.722193),(-5.84669,-9.13358)]
triangle[(-3.58274,19.144),(-5.25537,13.0235),(4.55525,10.3425)]
triangle[(-20.0343,-10.2031),(7.33987,9.14032),(-21.541,50.0114)]
triangle[(-3.64448,4.90774),(-5.84475,20.475),(-36.1212,16.1957)]
triangle[(20.7915,-18.0178),(0.879362,-5.26931),(-14.5935,-29.4368)]
triangle[(4.2866,-4.60031),(-12.9736,19.399),(-52.6789,-9.15684)]
triangle[(18.3136,-2.26038),(16.7084,-6.7739),(24.4712,-9.53467)]
triangle[(12.0087,3.18353),(-17.5621,19.2908),(-48.1562,-36.8761)]
triangle[(-11.7984,16.4306),(-5.54596,8.97592),(4.45834,17.3667)]
triangle[(19.9937,-0.096612),(-19.1943,-8.39805),(-8.68607,-58.0037)]
triangle[(-16.0317,2.82863),(-8.44309,15.7908),(-21.885,23.6603)]
triangle[(13.3916,-14.9388),(0.685561,-2.60039),(-15.8684,-19.6474)]
triangle[(10.2035,9.39051),(-12.0999,-13.4496),(18.8773,-43.6988)]
triangle[(-12.3543,18.8534),(-20.7384,-15.0157),(15.4098,-23.964)]
triangle[(-2.70288,-13.3267),(16.8224,9.65826),(-24.9751,45.1644)]
triangle[(-5.00803,-3.71621),(18.8267,3.35887),(5.64534,47.7647)]
triangle[(0.573225,-17.4232),(-17.2258,5.26624),(-53.5159,-23.202)]
triangle[(19.3318,20.1657),(-13.7959,13.6279),(-6.40792,-23.8073)]
triangle[(11.0416,-16.9031),(9.24772,0.156769),(-14.7862,-2.37046)]
triangle[(-1.35516,17.4807),(-8.94483,4.93156),(5.25506,-3.65647)]
triangle[(12.069,-12.866),(15.8826,2.40347),(-13.6512,9.77954)]
triangle[(2.82734,-6.43658),(0.622243,-4.11362),(-2.84919,-7.40891)]
triangle[(19.6834,9.87884),(7.54646,19.3881),(-9.26712,-2.07165)]
triangle[(-20.8645,20.4268),(1.13387,18.1321),(4.99075,55.1072)]
triangle[(9.32375,-6.33589),(5.79274,-12.9235),(18.5281,-19.7497)]
triangle[(-1.55028,-15.0051),(20.2883,-11.7473),(16.8338,11.4102)]
triangle[(-13.9416,-19.9659),(-5.73127,11.8077),(-59.11,25.6008)]
triangle[(-18.171,15.8844),(-0.214864,-4.07454),(29.1977,22.3865)]
triangle[(13.0838,-6.20298),(-9.32636,-17.8942),(6.90557,-49.0083)]
triangle[(-20.9769,-1.34345),(3.97575,14.0656),(-19.4603,52.0167)]
triangle[(-19.0279,15.505),(2.61064,-10.1006),(45.5552,26.1906)]
triangle[(19.3479,-4.414),(15.8571,11.5268),(-9.50985,5.97184)]
triangle[(-11.3246,14.3564),(13.0617,-9.53065),(45.885,23.9787)]
triangle[(-0.198397,4.9048),(13.943,11.8791),(2.20067,35.6882)]
triangle[(20.2471,-0.854406),(16.6082,-19.999),(37.1191,-23.8977)]
triangle[(-3.39473,-3.29036),(-0.663225,5.67731),(-16.341,10.4527)]
triangle[(0.0424015,-7.05632),(-15.2696,8.01644),(-38.628,-15.7128)]
triangle[(-10.4392,9.49959),(14.1506,-12.6083),(42.4338,18.8503)]
triangle[(18.4864,8.34128),(-7.90024,9.67151),(-10.2841,-37.6157)]
triangle[(15.7928,-4.11979),(-10.3339,-18.4109),(9.6949,-55.0274)]
triangle[(-19.5072,-9.76536),(-5.296,2.02348),(-21.6,21.6776)]
triangle[(10.7275,16.5329),(-20.3311,-19.9561),(47.0008,-77.2674)]
triangle[(14.2928,18.9583),(-19.2185,-16.1404),(24.0135,-57.4172)]
triangle[(2.70573,-10.6272),(19.5119,-9.11574),(16.787,21.1843)]
triangle[(-15.7362,18.9881),(3.17461,10.8515),(17.2599,43.5881)]
triangle[(-2.37307,7.20237),(13.815,-8.85984),(42.2168,19.7646)]
triangle[(2.09115,-15.1322),(-18.9892,17.5933),(-68.6919,-14.423)]
triangle[(-15.706,13.3315),(-9.43776,-17.2408),(47.7042,-5.52497)]
triangle[(-12.8125,3.60769),(12.6877,-13.8719),(31.9758,14.2667)]
triangle[(-7.57905,-13.1868),(-1.21981,6.42184),(-34.3663,17.1715)]
triangle[(12.2037,7.94517),(-11.1323,-16.0063),(13.5562,-40.0605)]
triangle[(5.30882,-12.5557),(-20.8028,-14.467),(-17.8311,-55.0662)]
triangle[(16.7843,-18.5928),(7.25524,-11.7574),(-4.07061,-27.5465)]
triangle[(4.64591,0.441732),(13.1304,-7.90037),(26.224,5.41667)]
triangle[(-8.65536,13.662),(-16.4154,-16.0468),(22.9968,-26.3414)]
triangle[(4.48329,7.29529),(6.28423,13.3443),(-0.830795,15.4626)]
triangle[(16.4984,8.2522),(-6.38113,-11.6157),(19.7552,-41.7139)]
triangle[(-10.2931,7.93468),(2.1988,-1.73983),(18.1904,18.9088)]
triangle[(-16.4499,-8.09561),(-10.0035,-5.91655),(-14.1028,6.21048)]
triangle[(-17.7759,-4.08751),(11.5946,10.2919),(-13.6614,61.8784)]
triangle[(7.00011,16.6273),(9.10863,-14.0019),(62.3725,-10.3352)]
triangle[(-19.7504,7.75398),(-8.19999,3.0747),(-0.0157009,23.2769)]
triangle[(-3.04082,-6.04204),(-7.4404,-5.46742),(-8.33563,-12.3217)]
triangle[(17.5451,18.2017),(-1.49967,3.30079),(15.2676,-18.1293)]
triangle[(-18.8577,10.2391),(19.5984,2.39096),(33.6827,71.4038)]
triangle[(8.56153,20.3559),(15.7445,12.9807),(27.6366,24.563)]
triangle[(-0.915839,9.78332),(-11.6635,-6.6434),(14.0739,-23.4828)]
triangle[(20.0951,-4.50855),(-0.422299,-10.9924),(11.233,-47.8742)]
triangle[(11.8147,2.12502),(20.6307,-8.03074),(33.6731,3.29106)]
triangle[(-10.0512,-2.76169),(14.405,8.6411),(-5.78275,51.939)]
triangle[(7.89741,-2.06537),(-0.117238,13.4119),(-19.8789,3.1787)]
triangle[(-1.54049,-8.1277),(6.70869,-15.421),(20.9506,0.687703)]
triangle[(-12.461,-18.9029),(-18.9844,6.871),(-57.0243,-2.75701)]
triangle[(-6.83622,3.02633),(-9.14751,-10.7301),(11.3471,-14.1735)]
triangle[(-4.98044,20.5552),(-5.66039,-18.1576),(51.0466,-19.1536)]
triangle[(-18.3198,-11.8521),(15.805,10.0077),(-19.8121,65.6087)]
triangle[(6.87395,1.70723),(-12.075,18.8865),(-39.4434,-11.3011)]
triangle[(-10.2531,0.747148),(12.7249,9.22847),(-1.53452,47.8609)]
triangle[(-10.8663,7.90451),(-17.7167,3.52788),(-11.3428,-6.44867)]
triangle[(-11.0443,4.42371),(5.44201,-8.309),(25.8913,18.1687)]
triangle[(-0.330276,9.91226),(5.51059,9.28275),(6.23939,16.0448)]
triangle[(1.33437,-13.6852),(-16.3044,-20.7246),(-5.57414,-47.6115)]
triangle[(-7.16233,3.62093),(-7.4824,0.763481),(-2.79445,0.238368)]
triangle[(4.95169,15.8326),(10.2324,-3.38265),(30.9621,2.31428)]
triangle[(-2.31249,7.63618),(-14.855,16.5784),(-26.0964,0.810918)]
triangle[(-3.03897,-5.59524),(-8.57089,-19.94),(12.3453,-28.0061)]
triangle[(-9.00038,-15.7653),(-18.6145,12.8041),(-61.6634,-1.68267)]
triangle[(1.32166,19.2726),(18.7607,-0.869406),(52.4672,28.3138)]
triangle[(9.1834,-15.3796),(-6.89121,-5.95614),(-24.8286,-36.5539)]
triangle[(-12.2101,16.2951),(-8.39525,-20.6008),(63.0708,-13.2116)]
triangle[(-16.0914,-10.313),(2.69312,3.69035),(-17.3093,30.5222)]
triangle[(13.2875,10.8048),(-6.13841,2.17149),(7.19471,-27.8297)]
triangle[(18.4411,5.34671),(16.6609,-7.97028),(31.3024,-9.92763)]
triangle[(0.4791,-19.3593),(2.94038,14.7351),(-48.0155,18.4136)]
triangle[(-19.1678,-19.963),(-10.3169,-8.27753),(-26.14,3.70728)]
triangle[(4.18121,-1.03491),(-3.01738,15.6328),(-33.2517,2.57489)]
triangle[(-2.60809,4.7015),(3.27995,16.8835),(-13.4458,24.9677)]
triangle[(16.1401,11.9937),(-15.7376,16.7049),(-23.6083,-36.5512)]
triangle[(1.78763,-5.98981),(-8.50973,-9.64555),(-4.60897,-20.6331)]
triangle[(6.21454,6.17152),(17.7265,2.42202),(22.5402,17.2014)]
triangle[(-15.321,8.16776),(-6.48893,12.4907),(-11.0043,21.7159)]
triangle[(-9.12566,15.8808),(-2.16074,14.5996),(-0.366835,24.3513)]
triangle[(5.35089,-18.1743),(18.5555,15.5937),(-29.3339,34.3203)]
triangle[(-11.7199,13.6185),(-16.831,-10.8275),(20.4246,-18.6167)]
triangle[(-13.6244,0.642879),(-15.5412,-6.12773),(-7.86812,-8.29996)]
triangle[(-3.42265,3.47287),(1.4673,-11.6761),(28.0723,-3.08824)]
triangle[(16.0229,-2.06811),(16.574,-6.00805),(21.1453,-5.3686)]
triangle[(-20.135,17.5334),(8.309,-18.3053),(57.4609,20.7049)]
triangle[(12.3983,-4.6937),(12.8439,1.54538),(5.78641,2.04942)]
triangle[(-2.28983,3.63057),(-20.6802,-15.5125),(7.46049,-42.5467)]
triangle[(15.2075,-14.4319),(13.685,-1.58856),(-1.60131,-3.40061)]
triangle[(20.202,-17.2353),(-6.54037,-15.1768),(-9.21991,-49.9864)]
triangle[(3.57451,-7.2971),(4.9672,16.8455),(-28.234,18.7608)]
triangle[(14.5978,-8.19676),(15.3731,7.96101),(-6.01078,8.98711)]
triangle[(-13.5939,13.1908),(-14.9449,5.65632),(-5.62395,3.98494)]
triangle[(-13.7833,-17.7154),(-11.3593,14.3772),(-57.3548,17.8513)]
triangle[(5.57332,11.1673),(19.2663,0.263962),(33.6792,18.3644)]
triangle[(-14.1315,-17.2954),(12.0752,-14.4588),(7.64132,26.5061)]
triangle[(13.4719,2.21783),(-5.60369,13.948),(-27.3411,-21.4014)]
triangle[(-1.13824,-19.5951),(-2.07705,-6.1421),(-18.049,-7.25669)]
triangle[(-15.2612,-5.46075),(10.3088,18.2695),(-31.6006,63.4279)]
triangle[(-19.6955,-7.65983),(-7.47422,14.2048),(-43.7489,34.4806)]
triangle[(10.6709,14.3193),(5.51182,-9.30415),(45.0348,-17.9355)]
triangle[(-5.32715,14.5729),(-20.6234,9.78363),(-12.0495,-17.6005)]
