triangle[(-6.23094,-4.01493),(-17.3748,16.3134),(-56.4942,-5.13163)]
triangle[(11.6485,-2.14038),(-16.5223,7.71344),(-31.4297,-34.9049)]
triangle[(-17.1712,-19.7334),(-17.5726,2.95596),(-57.6378,2.24722)]
triangle[(1.83616,-18.2107),(-4.43113,10.4902),(-53.5076,-0.226427)]
triangle[(-8.06265,-15.7709),(-5.58442,-15.8556),(-5.47358,-12.6114)]
triangle[(13.5088,8.69807),(-9.26758,-15.1126),(14.8625,-38.1945)]
triangle[(19.1151,18.1005),(-4.55533,16.0488),(-2.46635,-8.05103)]
triangle[(-6.72466,-2.68639),(-6.58086,14.0628),(-33.3217,14.2924)]
triangle[(-10.7931,8.74077),(16.9335,-15.8566),(65.5356,38.9287)]
triangle[(-3.67587,8.32992),(20.2553,-13.5619),(42.2695,10.503)]
triangle[(-6.64353,14.17),(13.1245,19.1084),(5.05854,51.3954)]
triangle[(2.82146,-14.5171),(0.178428,-8.33596),(-8.37209,-11.9921)]
triangle[(16.2927,-2.50197),(2.98913,-4.01261),(5.97978,-30.35)]
triangle[(-17.6916,-17.6185),(6.56546,5.83892),(-36.9404,50.8278)]
triangle[(-17.5178,20.6318),(16.8866,-1.28147),(51.8398,53.5959)]
triangle[(-14.1013,-6.54634),(19.5612,-2.87302),(12.7451,59.5899)]
triangle[(0.575651,10.1806),(-20.3835,-13.8882),(23.0402,-51.7018)]
triangle[(-3.43973,-15.1477),(18.7133,9.34738),(-8.55269,34.0063)]
triangle[(10.2054,-7.86103),(-14.3361,4.1739),(-26.5856,-20.8052)]
triangle[(-9.88903,15.5242),(-4.10143,-18.5694),(34.1364,-12.0783)]
triangle[(-14.89,0.181569),(18.0413,-1.71936),(20.9071,47.9275)]
triangle[(8.87976,-3.97352),(1.38917,-15.9688),(18.7789,-26.828)]
triangle[(-14.4825,-7.81737),(7.27135,-10.4444),(11.0962,21.228)]
triangle[(12.4846,19.8341),(-7.47067,13.8449),(3.00593,-21.0618)]
triangle[(17.0786,-8.39644),(3.50285,18.5606),(-36.0666,-1.36687)]
triangle[(0.500179,-9.03635),(-15.7231,11.3727),(-56.1279,-20.7454)]
triangle[(-16.1153,3.2733),(-2.09173,-9.4339),(11.8527,5.95503)]
triangle[(-20.0943,13.7098),(-14.6303,18.6076),(-24.1189,29.1931)]
triangle[(8.59476,14.1038),(4.20571,-7.39609),(26.64,-11.9759)]
triangle[(9.77246,-8.2243),(5.7337,-7.30205),(4.4125,-13.0879)]
triangle[(-10.742,-12.5868),(-12.2683,20.7544),(-47.3829,19.147)]
triangle[(6.55416,-15.5231),(-5.98913,0.0466767),(-30.4604,-19.6678)]
triangle[(14.4784,5.72395),(5.24006,3.17726),(9.08352,-10.7653)]
triangle[(-18.5524,19.0749),(-18.9442,-13.2141),(26.4579,-13.765)]
triangle[(-11.9032,7.24723),(16.7922,-11.2715),(45.6444,33.4359)]
triangle[(6.90474,11.1652),(-2.56829,0.48694),(17.5304,-17.3432)]
triangle[(7.80954,-13.7176),(-13.9288,-11.1799),(-18.2769,-48.4253)]
triangle[(9.52852,-7.00075),(-11.5118,11.691),(-32.531,-11.9692)]
triangle[(-3.77477,19.3706),(12.9115,4.03284),(28.733,21.2453)]
triangle[(-18.4521,16.3452),(13.0687,-2.19164),(49.1349,59.1365)]
triangle[(-17.42,1.79412),(9.07539,-16.4053),(36.0016,22.7948)]
triangle[(15.4276,18.3213),(-16.6553,17.0097),(-14.5553,-34.3563)]
triangle[(-11.1022,6.67603),(14.2003,-4.5902),(29.4419,29.6406)]
triangle[(-10.3507,-18.71),(15.1604,7.61863),(-27.8313,49.2752)]
triangle[(-3.80552,11.0872),(17.8926,-10.9428),(54.2503,24.8672)]
triangle[(20.3222,8.29578),(-5.36777,8.84915),(-6.1263,-26.3659)]
triangle[(-15.5665,6.58383),(17.9794,-0.534178),(31.2984,62.2355)]
triangle[(1.26739,20.5069),(-18.3138,-19.5294),(50.3261,-53.1002)]
triangle[(11.4725,9.87945),(-1.66292,-13.9441),(23.2305,-27.6694)]
triangle[(-9.21032,15.3813),(1.33251,-9.27877),(37.7354,6.28438)]
triangle[(4.67646,17.1347),(-8.89225,1.71605),(7.85728,-13.0238)]
triangle[(15.4082,-6.95162),(-3.07113,19.6856),(-33.8225,-1.64787)]
triangle[(11.1256,9.24941),(-15.4356,20.2922),(-35.5238,-28.0259)]
triangle[(-8.94413,15.2652),(-5.80077,3.11498),(17.0315,9.02185)]
triangle[(-13.1844,17.2687),(-19.1336,13.8557),(-14.8471,6.38388)]
triangle[(13.7957,-1.59872),(-6.07661,5.10248),(-18.3117,-31.1805)]
triangle[(10.1732,9.66297),(4.32578,17.0195),(-9.12085,6.33132)]
triangle[(5.97407,-18.7551),(14.0605,19.2526),(-28.2605,28.2567)]
triangle[(3.87017,-5.61838),(-4.47237,19.143),(-45.3551,5.36894)]
triangle[(17.7406,6.27563),(3.00192,-6.1956),(20.3588,-26.7081)]
triangle[(-2.96577,18.6019),(-11.8282,0.598702),(22.6736,-16.3856)]
triangle[(-14.9998,-19.8065),(-4.12765,4.02661),(-33.6003,17.4714)]
triangle[(2.76687,-7.93712),(-13.4403,15.5585),(-42.9996,-4.83136)]
triangle[(10.5201,12.7169),(4.15628,-16.9353),(62.1205,-29.3752)]
triangle[(20.2975,-10.0665),(-20.6859,3.0289),(-37.7959,-50.5182)]
triangle[(4.61807,16.604),(2.51657,-7.50539),(29.2338,-9.83419)]
triangle[(-13.2198,-13.7262),(-6.14313,-14.6791),(-4.24817,-0.606732)]
triangle[(-10.1004,-13.2598),(-18.296,-7.98838),(-24.3034,-17.3282)]
triangle[(9.72771,10.5015),(5.55562,-2.30882),(27.0902,-9.32226)]
triangle[(5.22796,2.31668),(4.13354,18.7226),(-21.8262,16.9909)]
triangle[(-0.648692,18.7136),(9.92829,-5.06389),(34.9568,6.06959)]
triangle[(-15.7334,-0.330728),(-13.181,8.10218),(-22.0204,10.7776)]
triangle[(2.76028,-14.8567),(-2.21706,-20.3856),(8.16387,-29.731)]
triangle[(13.0904,-9.39056),(-2.5978,-12.7946),(2.0567,-34.2458)]
triangle[(17.6973,5.58703),(1.47922,-19.9361),(30.3804,-38.3007)]
triangle[(-6.6046,4.27254),(0.355171,17.9281),(-26.1518,31.4378)]
triangle[(12.3083,15.5545),(18.0174,-17.996),(58.4966,-11.108)]
triangle[(-18.3653,-14.3554),(-12.0284,-13.3832),(-13.3438,-4.80883)]
triangle[(18.3937,-19.5692),(-19.4298,-1.21648),(-51.4999,-67.3105)]
triangle[(-0.643676,1.961),(-17.8868,-6.49758),(-6.48135,-29.7479)]
triangle[(11.2351,0.828733),(-2.16267,-5.17873),(6.99985,-25.613)]
triangle[(6.88183,9.75116),(-4.95602,15.5012),(-16.0913,-7.42345)]
triangle[(-4.93575,-4.08147),(-3.30076,7.52178),(-15.6843,9.26672)]
triangle[(-13.6221,-19.9192),(10.9163,18.3416),(-32.1244,45.9455)]
triangle[(10.8586,-16.3293),(-9.89946,8.0919),(-39.484,-17.055)]
triangle[(8.19716,18.0401),(-3.69887,-13.627),(57.2221,-36.5125)]
triangle[(7.05753,-10.8704),(3.94946,-19.6052),(14.3765,-23.3154)]
triangle[(5.09561,-0.0927024),(-13.2818,1.85294),(-16.7242,-30.6615)]
triangle[(13.3336,12.9302),(3.90254,11.4123),(5.49059,1.54507)]
triangle[(7.17671,11.5042),(-20.6649,13.9654),(-23.9886,-23.6329)]
triangle[(14.098,-7.51666),(-17.8229,-10.8725),(-12.0456,-65.8273)]
triangle[(-14.7348,-3.42336),(14.4203,-1.37819),(10.6778,51.9734)]
triangle[(5.09181,18.8943),(1.04556,-18.5841),(48.8236,-23.7423)]
triangle[(-17.7605,-16.8224),(-18.2335,5.32751),(-58.4233,4.46929)]
triangle[(14.1905,-5.13243),(-6.84737,16.985),(-37.6115,-12.2776)]
triangle[(6.23523,-7.19783),(-1.70609,6.81536),(-24.1297,-5.89215)]
triangle[(-13.8365,17.0483),(14.3462,16.3911),(15.2865,56.7121)]
triangle[(10.9847,-1.299),(-19.6074,19.6887),(-57.0688,-34.9157)]
triangle[(-13.9965,-5.35484),(-17.5355,-12.6724),(-3.12981,-19.6395)]
triangle[(-13.8755,-0.187214),(-15.2721,12.4658),(-28.069,11.0533)]
triangle[(6.66564,-10.3536),(17.0892,8.6965),(-7.43919,22.1175)]
triangle[(2.33191,15.5202),(14.3046,-15.4271),(55.32,0.440746)]
triangle[(14.2156,-2.91787),(5.64357,-10.2087),(17.1562,-23.7445)]
triangle[(11.9076,13.7956),(10.4003,2.33966),(30.9006,-0.357727)]
triangle[(16.3101,11.7517),(8.46862,18.7859),(-0.12125,9.21028)]
triangle[(-14.2857,16.5346),(-4.44709,-10.405),(27.7497,1.35356)]
triangle[(-0.901328,0.495223),(14.51,20.129),(-9.74305,39.1661)]
triangle[(-12.5497,13.7025),(-8.42805,-1.46516),(10.5512,3.69229)]
triangle[(0.32958,-6.93438),(-8.55759,-5.82472),(-9.83213,-16.0324)]
triangle[(20.5337,17.9863),(13.0165,16.7689),(14.6612,6.61324)]
triangle[(-0.617578,-15.7805),(11.1305,-17.8508),(15.1863,5.16438)]
triangle[(7.82146,-20.4524),(-17.1149,-0.504793),(-55.0191,-47.8886)]
triangle[(-12.166,7.77187),(4.44204,14.0142),(-3.09081,34.0558)]
triangle[(-4.25828,-17.5224),(1.94848,13.4342),(-56.8438,25.222)]
triangle[(-17.6755,-7.57657),(-0.0336162,-13.4666),(9.3052,14.505)]
triangle[(-6.81607,-15.8181),(17.977,-18.0886),(22.2591,28.6708)]
triangle[(-18.159,9.68185),(-1.71124,-11.3297),(38.2246,19.9319)]
triangle[(5.15592,-8.48661),(1.5382,-2.80892),(-8.17448,-8.99767)]
triangle[(-16.957,7.39089),(-5.68391,-6.04903),(15.2885,11.5421)]
triangle[(12.813,-8.83105),(-5.24249,-10.0911),(-3.24289,-38.7437)]
triangle[(7.4154,2.66042),(1.44899,9.40322),(-11.4748,-2.03251)]
triangle[(-11.6241,12.7339),(-5.34806,5.78067),(1.62414,12.0738)]
triangle[(14.8142,13.5412),(-11.9001,17.8034),(-16.8818,-13.4202)]
triangle[(16.2061,16.2865),(-3.45532,-0.739192),(25.3448,-33.9979)]
triangle[(18.3031,-15.6247),(15.991,-3.93177),(-0.379949,-7.16883)]
triangle[(-9.28914,-14.2133),(-14.8484,10.281),(-44.7282,3.4995)]
triangle[(-3.34499,7.80728),(-1.24996,15.158),(-15.2399,19.1453)]
triangle[(-5.38614,-6.29081),(12.8179,-9.59321),(19.0448,24.7319)]
triangle[(12.3095,14.2639),(-16.6104,-19.1162),(21.7925,-52.3877)]
triangle[(-18.3815,-7.27454),(-15.4506,13.1874),(-46.7522,17.6709)]
triangle[(-8.77872,-7.41896),(16.127,-14.458),(30.0017,34.6337)]
triangle[(8.91806,17.0794),(-13.2583,19.5929),(-16.9093,-12.6189)]
triangle[(-10.5348,-8.88527),(13.7546,0.257883),(3.07435,28.6307)]
triangle[(-19.9194,2.78884),(17.2129,8.12745),(10.0945,57.639)]
triangle[(8.50503,11.857),(1.00643,-15.7196),(53.8818,-30.0974)]
triangle[(-19.4725,8.72151),(0.489605,15.9141),(-11.3506,48.775)]
triangle[(6.1704,7.09823),(-14.2263,20.3821),(-36.7493,-14.2008)]
triangle[(18.0667,-11.7913),(-19.4942,-12.257),(-18.8706,-62.554)]
triangle[(17.2655,-17.8578),(-7.04038,18.7913),(-73.4714,-25.2661)]
triangle[(9.49182,-17.3869),(-7.48505,-14.2633),(-10.9775,-33.245)]
triangle[(-17.4486,-7.01584),(8.80272,4.13567),(-2.88314,31.6449)]
triangle[(-19.3248,-11.032),(8.52957,-3.64167),(-0.77771,31.4378)]
triangle[(-4.53884,2.35301),(12.9546,-0.728389),(17.8457,27.0388)]
triangle[(11.1241,2.31006),(4.36629,1.92315),(5.05151,-10.045)]
triangle[(-0.0915559,-12.9367),(1.35035,3.97678),(-19.3669,5.74297)]
triangle[(-5.2581,13.4182),(-1.76461,-15.4984),(54.737,-8.67235)]
triangle[(-12.6186,20.9127),(15.9895,19.7079),(18.2463,73.2931)]
triangle[(0.674494,6.26335),(8.64589,-1.3273),(19.6119,10.1888)]
triangle[(-8.31404,17.0612),(8.10366,13.5136),(14.9241,45.077)]
triangle[(-10.11,-16.1103),(6.14518,-10.0834),(-2.79849,14.0387)]
triangle[(0.0620056,-12.3058),(19.9887,9.05819),(-18.0741,44.5603)]
triangle[(8.23563,0.754682),(8.8405,-15.368),(35.7936,-14.3568)]
triangle[(-10.0984,5.39394),(-8.86465,8.16561),(-12.3922,9.73579)]
triangle[(12.0212,-19.3217),(-20.1081,2.59229),(-59.5148,-55.1841)]
triangle[(9.75348,-9.02444),(16.6084,-7.00393),(12.8827,5.63615)]
triangle[(-9.49022,-0.240674),(-20.5419,-20.3784),(1.38681,-32.413)]
triangle[(-4.0955,-19.2034),(-0.147624,-18.667),(-1.06474,-11.9165)]
triangle[(-18.6397,16.4293),(3.56171,0.935999),(22.6997,28.3601)]
triangle[(-12.3549,13.306),(-17.9103,-19.0493),(25.0876,-26.432)]
triangle[(-15.5216,19.0559),(-3.21395,4.01315),(20.5589,23.4636)]
triangle[(3.09248,-15.423),(-0.133284,8.12079),(-34.1607,3.45865)]
triangle[(-14.676,-13.4212),(-6.26643,-15.7205),(-2.7227,-2.75929)]
triangle[(17.5262,-15.3452),(15.4961,-0.591326),(-3.64398,-3.2249)]
triangle[(14.1579,20.6131),(-18.1224,19.3388),(-16.0716,-32.6088)]
triangle[(-11.0685,-18.5852),(-13.6273,1.92169),(-48.4243,-2.42008)]
triangle[(0.530717,-7.06335),(5.45303,1.40849),(-7.35189,8.84842)]
triangle[(-14.148,5.10703),(8.16808,-13.5715),(37.4707,21.4378)]
triangle[(-19.4671,-2.51798),(19.4968,-5.56424),(23.9795,51.7728)]
triangle[(-5.04994,7.74636),(17.6159,2.7094),(26.7436,43.783)]
triangle[(-5.20052,-15.3511),(6.9492,-20.7305),(13.9597,-4.89661)]
triangle[(7.93785,-18.314),(-2.43547,6.69359),(-42.9388,-10.1075)]
triangle[(17.4493,-0.59589),(-17.3892,-8.92676),(-8.36169,-46.6783)]
triangle[(6.95933,-8.06939),(-7.63307,15.4998),(-32.312,0.220434)]
triangle[(13.0825,20.0118),(19.79,-17.3448),(58.2114,-10.4461)]
triangle[(-8.65617,-3.80048),(-5.8335,-5.61402),(-3.12559,-1.3993)]
triangle[(-18.3123,11.0626),(-2.43378,-12.358),(27.1218,7.67987)]
triangle[(-2.50053,-12.4983),(-10.8397,-14.9736),(-7.38484,-26.6128)]
triangle[(9.34984,18.4481),(16.7651,-5.94758),(45.2845,2.72113)]
triangle[(-11.1229,9.80557),(-16.0806,-8.28545),(3.73172,-13.7149)]
triangle[(-4.43112,-12.6592),(9.85363,2.49399),(-7.70574,19.047)]
triangle[(17.705,14.6989),(-12.9925,10.9433),(-7.89685,-30.7072)]
triangle[(6.3863,18.9375),(20.8765,-11.7557),(79.1328,15.7469)]
triangle[(17.2477,-10.5114),(7.84169,3.92119),(-11.0357,-8.38157)]
triangle[(-20.6695,-8.60153),(5.18567,-14.8977),(11.9302,12.7989)]
triangle[(-0.181917,7.24283),(-20.1753,20.2788),(-44.7185,-17.3633)]
triangle[(2.65118,17.1749),(8.46234,8.55701),(22.596,18.0876)]
triangle[(-6.009,20.0264),(3.31932,-17.1168),(55.5087,-4.00979)]
triangle[(8.72737,-20.0671),(-12.166,-15.4498),(-19.5042,-48.6552)]
triangle[(-9.71095,-3.2404),(20.8755,-18.8313),(41.969,22.5502)]
triangle[(2.29607,-10.0333),(2.7135,-5.77852),(-5.60753,-4.96215)]
triangle[(20.3303,-2.5935),(4.22126,10.7595),(-20.4291,-18.9785)]
triangle[(10.24,-9.12089),(-17.2749,-10.7209),(-14.6372,-56.0797)]
triangle[(12.9594,-20.4635),(-6.8349,4.37662),(-37.867,-20.3519)]
triangle[(7.27661,12.1585),(4.05986,5.79891),(13.6732,0.936347)]
triangle[(-11.699,-16.7646),(7.18956,-6.58907),(-5.29461,16.585)]
triangle[(-1.74567,13.5526),(16.1598,10.7634),(19.7441,33.7724)]
triangle[(10.8623,-4.59148),(-1.0282,-5.19976),(-0.412956,-17.2265)]
triangle[(1.62435,-8.01813),(-13.3958,-14.0615),(-5.52307,-33.6281)]
triangle[(5.56367,14.6442),(-9.95077,20.7153),(-16.9107,2.92927)]
triangle[(-2.54736,19.4231),(-11.9346,6.452),(1.27807,-3.1101)]
triangle[(6.57741,-4.72028),(-11.1102,10.9149),(-27.25,-7.34352)]
triangle[(6.61297,15.2532),(-6.0123,-2.6052),(21.4111,-21.9926)]
triangle[(-16.9231,14.56),(-13.812,4.05362),(-0.946185,7.86336)]
triangle[(-20.7492,1.56568),(-14.5374,-1.59233),(-9.4438,8.42672)]
triangle[(15.7818,14.9024),(-6.14075,-19.4123),(40.6515,-49.3064)]
triangle[(14.0332,15.3613),(12.6882,0.236306),(30.5748,-1.35422)]
triangle[(-18.6004,-7.92245),(6.67352,-12.045),(13.2077,28.0137)]
triangle[(11.7414,-6.88328),(-2.26221,19.29),(-31.4473,3.67494)]
triangle[(-1.65875,14.5018),(14.2409,-2.21542),(36.3661,18.8277)]
triangle[(-17.2236,19.3783),(20.9067,1.65646),(42.428,47.9616)]
triangle[(13.9324,-20.5762),(8.5387,-9.65986),(-7.01946,-17.347)]
triangle[(-20.3628,14.2971),(10.5268,18.022),(5.32181,61.1853)]
triangle[(-4.18202,14.7203),(5.05586,20.0309),(-3.46387,34.8512)]
triangle[(3.98867,-11.5308),(-12.4333,-19.2852),(1.67761,-49.1687)]
triangle[(17.2056,-18.7009),(14.1925,16.7401),(-40.9176,12.0547)]
triangle[(3.65475,-0.925614),(-8.19448,-1.45901),(-7.40768,-18.9374)]
triangle[(-0.95745,-4.89877),(13.3587,15.334),(-20.3458,39.1825)]
triangle[(-15.2736,-17.0016),(18.2339,12.8113),(-39.2678,77.4389)]
triangle[(-2.85524,-4.8336),(-13.304,-3.59005),(-15.3487,-20.7703)]
triangle[(-11.7684,-8.16213),(-18.393,8.56388),(-41.7665,-0.693573)]
triangle[(-9.74174,18.1867),(-9.15225,-5.36544),(26.2459,-4.47945)]
triangle[(11.4891,-8.21093),(-2.3597,17.5365),(-33.2764,0.907301)]
triangle[(17.0009,0.712091),(9.19674,13.1706),(-7.82267,2.50944)]
triangle[(5.02194,11.2274),(-1.94014,-4.52673),(17.4598,-13.1)]
triangle[(-9.31897,-0.247932),(-7.94663,13.885),(-30.8317,16.1072)]
triangle[(16.3392,1.23846),(15.6264,15.2843),(-11.2527,13.9202)]
triangle[(-5.25978,10.0575),(1.37912,-0.183136),(20.5272,12.2304)]
triangle[(7.88391,0.212985),(13.1884,7.4498),(2.1079,15.5716)]
triangle[(1.90084,-10.3704),(10.5217,1.9121),(-13.2998,18.6321)]
triangle[(-19.7894,-3.93461),(-3.99799,16.3178),(-26.6971,34.017)]
triangle[(-5.56598,7.01226),(-1.15907,12.0427),(-7.21123,17.3447)]
triangle[(-8.35826,19.2807),(-0.841795,1.69944),(24.0945,12.3604)]
triangle[(-3.27616,5.73538),(15.0406,1.05016),(22.0218,28.3429)]
triangle[(9.45084,-11.0212),(10.0316,-5.29376),(0.698189,-4.34729)]
triangle[(1.55379,5.07798),(0.552067,12.4959),(-14.1799,10.5065)]
triangle[(-3.75066,-15.6819),(0.676833,15.0611),(-39.2639,20.8132)]
triangle[(-15.0943,14.2622),(-3.30147,-6.21993),(18.5719,6.37389)]
triangle[(-17.6916,1.07182),(9.32164,-12.3994),(32.9692,35.0198)]
triangle[(-17.1509,8.01803),(11.806,-13.273),(35.5395,19.0059)]
triangle[(-9.993,5.98148),(-2.0285,10.8799),(-8.27269,21.0325)]
triangle[(-3.32724,-14.9883),(3.07643,12.2218),(-32.1626,20.515)]
triangle[(-0.316746,-3.38634),(-12.03,10.565),(-29.7893,-4.34533)]
triangle[(-14.1589,8.07189),(3.43865,-20.3235),(38.5722,1.45)]
triangle[(9.45735,2.66454),(-7.76952,-11.6124),(19.8362,-44.9221)]
triangle[(-17.3123,-14.6331),(-5.93396,-2.00018),(-24.16,14.4158)]
triangle[(14.7878,9.47187),(-10.0828,-20.7417),(21.1752,-46.472)]
triangle[(18.809,16.3823),(8.26346,-19.4213),(67.1366,-36.7617)]
triangle[(1.48694,-15.6853),(0.502139,12.2305),(-49.5722,10.464)]
triangle[(-13.6841,15.7443),(6.15265,4.33619),(22.9744,33.5865)]
triangle[(-20.7077,6.54255),(-6.23018,-8.0517),(9.52841,7.5808)]
triangle[(17.0814,5.00796),(-11.2074,16.6543),(-31.9203,-33.6571)]
triangle[(17.9529,-19.2855),(-14.0158,-4.65488),(-35.6462,-51.9186)]
triangle[(-6.65927,-17.2514),(-20.4212,-6.54386),(-31.3522,-20.5931)]
triangle[(-6.51749,2.19094),(11.6065,-2.43388),(19.7136,29.3367)]
triangle[(12.9503,-5.5928),(-3.37946,7.02291),(-27.2446,-23.8681)]
triangle[(-15.8382,-11.4848),(3.3255,13.6206),(-26.047,36.0414)]
triangle[(12.7672,2.06099),(-10.2784,-17.4553),(14.5053,-46.7208)]
triangle[(3.33793,12.7406),(-20.7842,-10.4154),(14.2117,-46.8712)]
triangle[(-13.1601,9.56727),(-6.11719,2.21002),(2.88197,10.8247)]
triangle[(-0.167317,18.7604),(18.044,-12.3894),(54.8791,9.14576)]
triangle[(-14.4114,-3.15682),(-15.636,-12.8073),(-1.99956,-14.5377)]
triangle[(10.7377,7.32162),(-2.11565,-0.0649584),(8.82252,-19.0984)]
triangle[(18.6673,-9.8996),(3.40805,-10.9255),(4.47187,-26.7495)]
triangle[(6.77917,12.1848),(-17.9974,-19.6098),(39.2649,-64.2325)]
triangle[(-9.66159,6.40913),(-6.29259,15.1289),(-22.201,21.2753)]
triangle[(16.0194,-8.76598),(15.0951,-14.0303),(21.611,-15.1743)]
triangle[(18.7869,8.29602),(14.4145,-12.4003),(45.8587,-19.0433)]
triangle[(-16.6254,-18.434),(2.52983,9.09163),(-27.7379,30.1551)]
triangle[(2.02121,-7.03471),(5.00192,-1.85114),(-0.67721,1.41453)]
triangle[(-17.4114,-5.2099),(-13.2273,14.7883),(-48.6144,22.1923)]
triangle[(-7.47719,10.3911),(-3.42838,-20.4166),(33.1981,-15.6031)]
triangle[(1.65923,12.6196),(13.7057,20.0802),(1.47966,39.8213)]
triangle[(18.6097,-20.7221),(-14.0704,-7.64338),(-28.3484,-43.3204)]
triangle[(16.201,-3.45746),(6.74266,-2.70622),(5.91931,-13.0725)]
triangle[(19.435,-5.39333),(-2.13282,7.5079),(-21.3933,-24.6911)]
triangle[(5.9986,-19.1686),(-14.5757,-2.45187),(-35.1156,-27.7316)]
triangle[(-12.6879,7.40776),(-19.7341,1.5849),(-11.3142,-8.60406)]
triangle[(-3.03573,7.04612),(0.0478947,-0.752393),(12.975,4.35915)]
triangle[(20.0126,19.3872),(-5.04745,9.32483),(6.42543,-19.248)]
triangle[(5.15784,-0.983271),(20.4224,-11.042),(39.9424,18.5805)]
triangle[(10.2045,6.92785),(20.1378,9.5556),(15.7774,26.0388)]
triangle[(1.55289,-13.814),(-17.9202,-14.7449),(-16.8211,-37.7354)]
triangle[(17.0019,19.2744),(-18.34,16.4728),(-14.4875,-32.1248)]
triangle[(-18.1128,-1.50678),(4.34904,12.657),(-11.8491,38.3451)]
triangle[(14.3301,-1.23291),(1.71889,5.72162),(-10.6833,-16.7681)]
triangle[(6.14285,18.5429),(-10.6436,-2.07867),(24.5055,-30.691)]
triangle[(-10.5967,17.8298),(4.60822,3.80129),(26.0291,27.0185)]
triangle[(19.9845,8.5281),(14.7361,2.4745),(21.5671,-3.44776)]
triangle[(-13.555,-5.88763),(9.89366,0.947966),(-1.05984,38.5225)]
triangle[(4.09547,4.1917),(-2.92274,-2.79089),(9.40322,-15.1797)]
triangle[(17.1606,-17.1732),(19.602,2.57105),(-17.1886,7.12029)]
triangle[(-1.84531,-2.8318),(-1.19221,-7.49009),(6.78445,-6.37175)]
triangle[(13.8139,7.90096),(-12.7519,19.0821),(-24.034,-7.72381)]
triangle[(4.73695,14.4679),(13.2322,18.2395),(6.45274,33.5097)]
triangle[(-14.3894,-10.6577),(6.01547,-1.92503),(-8.67402,32.3986)]
triangle[(-2.08911,15.6646),(17.0569,13.6972),(19.8695,41.0693)]
triangle[(-14.8328,-15.7311),(-13.8718,-20.7351),(-4.05951,-18.8505)]
triangle[(-19.8531,-15.6394),(-1.15235,-13.4349),(-5.15609,20.5295)]
triangle[(10.6983,-17.0258),(14.6589,3.31685),(-16.1211,9.3096)]
triangle[(5.74485,20.0824),(4.65745,-19.1187),(56.7991,-20.5651)]
triangle[(-7.84403,8.37957),(19.1371,14.2481),(9.66163,57.8121)]
triangle[(20.147,12.696),(3.49393,-18.7152),(43.8813,-40.127)]
triangle[(8.72333,11.8765),(19.8784,2.94887),(34.2586,20.917)]
triangle[(-18.8566,15.7081),(0.658238,-4.73254),(22.0595,15.6994)]
triangle[(14.324,6.76621),(-17.2453,15.2219),(-26.3613,-18.8129)]
triangle[(11.9049,-15.6004),(-1.81766,-14.9635),(-2.70203,-34.0159)]
triangle[(14.4715,13.0682),(-9.66633,-16.849),(23.0155,-43.2175)]
triangle[(12.6436,-6.95411),(-9.64866,15.1059),(-38.6268,-14.1772)]
triangle[(-19.0385,-19.7895),(4.53157,-14.133),(-4.08909,21.7884)]
triangle[(3.2498,-13.1838),(-11.2288,3.09391),(-32.199,-15.5586)]
triangle[(-13.0473,16.3866),(17.2585,-10.1405),(57.7687,36.1402)]
triangle[(-10.5851,5.71222),(-17.088,12.2282),(-26.5812,2.75412)]
triangle[(-0.440988,13.9663),(-18.0633,16.2202),(-20.9685,-6.49484)]
triangle[(-3.57287,-6.95916),(9.60011,-11.2922),(14.6727,4.12906)]
triangle[(-1.24824,7.98723),(1.80798,20.1194),(-21.888,26.0886)]
triangle[(20.3367,2.84663),(18.7718,-17.2797),(49.941,-19.7031)]
triangle[(15.599,12.6056),(-13.8373,9.93464),(-10.9709,-21.6557)]
triangle[(-8.76404,13.9719),(16.7085,9.2665),(24.1766,49.6946)]
triangle[(20.1527,-10.9758),(9.0625,-14.0752),(12.4309,-26.128)]
triangle[(18.0155,20.0467),(-15.19,-18.2858),(52.4405,-76.8708)]
triangle[(9.85755,3.83051),(10.8699,-19.0587),(43.8653,-17.5993)]
triangle[(13.5361,8.77937),(-1.86395,13.1352),(-8.02701,-8.65429)]
triangle[(-6.10491,-5.49927),(3.38712,-18.8782),(17.4267,-8.91744)]
triangle[(-2.01186,-16.8223),(19.7805,6.55015),(-19.059,42.7639)]
triangle[(-3.15168,-10.0142),(3.87763,-10.6551),(5.03734,2.06466)]
triangle[(18.0901,15.6931),(4.92988,-4.06471),(44.3809,-30.3422)]
triangle[(1.71474,4.97877),(-9.99868,-3.47312),(2.21703,-20.4028)]
triangle[(5.65926,-5.07414),(14.9946,-17.6267),(30.3289,-6.22252)]
triangle[(-19.4068,13.077),(-7.93848,7.39571),(1.46896,26.3856)]
triangle[(3.13083,-0.771023),(17.4719,-8.5206),(25.3468,6.05244)]
triangle[(18.4861,-11.7471),(-8.06575,-5.3009),(-20.4028,-56.1167)]
triangle[(-13.8033,-1.43414),(14.0584,5.25623),(0.804721,60.4504)]
triangle[(-7.60361,-19.2754),(-18.3516,11.9287),(-68.2095,-5.24452)]
triangle[(-6.64179,-13.3478),(8.23631,14.4675),(-44.4276,42.6368)]
triangle[(16.9888,-2.32288),(9.03402,14.9896),(-8.77104,6.80845)]
triangle[(15.946,20.0728),(17.4099,14.3423),(28.3383,17.134)]
triangle[(-20.5505,14.2642),(12.1768,12.9237),(14.381,66.7369)]
triangle[(-6.34608,-6.21804),(-3.34555,-3.69558),(-8.12896,1.99441)]
triangle[(-16.1472,12.2328),(-6.6107,-9.65854),(17.9021,1.01987)]
triangle[(20.5539,-4.0914),(-18.7299,-9.96177),(-10.3375,-66.1224)]
triangle[(11.696,-9.78863),(-3.4731,-8.46354),(-5.95285,-36.8506)]
triangle[(1.17454,0.435883),(-15.954,13.9502),(-42.3849,-19.5493)]
triangle[(12.9592,-17.3814),(-13.1566,-8.55543),(-24.7663,-42.9082)]
triangle[(7.54772,-5.2857),(-0.0155841,14.1201),(-36.4851,-0.0936149)]
triangle[(9.94873,-9.13294),(-5.63449,-8.83601),(-5.94945,-25.3658)]
triangle[(15.901,-4.66523),(-4.17194,-0.416346),(-12.5629,-40.0578)]
triangle[(-12.0399,8.22808),(19.0674,-14.031),(53.9058,34.6561)]
triangle[(-16.8568,-6.87429),(-7.09675,15.8303),(-49.3298,33.9852)]
triangle[(1.46901,-8.40339),(11.0664,6.19434),(-6.73582,17.8986)]
triangle[(13.3046,3.38684),(-8.42437,-8.73037),(8.74743,-39.5234)]
triangle[(-9.19799,9.05817),(-6.03669,-10.8851),(23.0781,-6.26994)]
triangle[(9.37904,12.7947),(15.8311,7.22002),(25.6448,18.5782)]
triangle[(-10.4468,-11.6914),(-20.9341,-1.94144),(-34.8334,-16.8918)]
triangle[(-7.54427,-5.71354),(20.0654,-20.6268),(48.9694,32.8849)]
triangle[(15.5202,-3.1231),(-7.14406,14.0403),(-27.0715,-12.2739)]
triangle[(-5.68097,7.04799),(-11.2626,6.79802),(-10.8718,-1.92788)]
triangle[(6.2162,19.0271),(-4.19895,0.484026),(32.1928,-19.9562)]
triangle[(-18.2959,18.5166),(-10.4009,-4.86529),(26.0143,7.43046)]
triangle[(-9.45134,13.7049),(-14.701,16.1244),(-19.2248,6.30884)]
triangle[(12.1712,-3.70556),(19.2579,20.5928),(-28.1344,34.4148)]
triangle[(2.66011,-20.1569),(-16.3678,12.3416),(-50.7415,-7.78423)]
triangle[(1.91905,17.2218),(-19.0814,-12.9575),(28.6059,-46.1411)]
triangle[(-16.8555,-5.69875),(18.0941,-1.81435),(11.6359,56.2925)]
triangle[(-3.64434,-13.9007),(-17.1205,-6.88765),(-30.2206,-32.0605)]
triangle[(19.8154,14.2771),(-19.0309,3.47349),(-3.47668,-52.4545)]
triangle[(-2.57112,-20.2669),(-13.1975,6.22398),(-62.4601,-13.5369)]
triangle[(-15.8514,-5.49474),(-11.0101,-3.33456),(-15.0612,5.74456)]
triangle[(-11.2763,6.72061),(9.25499,19.2639),(-13.0271,55.7359)]
triangle[(-8.35684,-19.5822),(13.0929,3.79815),(-20.4086,34.5334)]
triangle[(3.82888,-6.00725),(-7.93674,15.6162),(-37.9577,-0.718528)]
triangle[(4.48471,-1.48516),(-11.3805,-2.84076),(-8.90167,-31.8518)]
triangle[(-15.1337,-11.8432),(20.8095,18.5607),(-13.9656,59.6715)]
triangle[(14.5158,-1.9084),(8.89839,-9.49703),(23.7509,-20.4914)]
triangle[(-10.688,19.271),(-14.8439,15.9168),(-8.47776,8.02929)]
triangle[(9.64338,-14.4426),(-10.2752,-18.6065),(-4.2786,-47.292)]
triangle[(-16.3635,4.63813),(-11.3399,2.06578),(-6.72313,11.0819)]
triangle[(-9.98997,-13.165),(-0.311145,11.0318),(-44.3955,28.6657)]
triangle[(-12.8005,15.9562),(10.5475,-13.5634),(48.2243,16.2364)]
triangle[(15.094,-18.8279),(13.0156,-17.8218),(11.1644,-21.6463)]
triangle[(-7.81548,16.8768),(20.2602,-20.7671),(77.7685,22.1239)]
triangle[(-19.64,8.43333),(-4.00022,-20.7755),(44.0356,4.94515)]
triangle[(10.5767,-6.3361),(-11.3698,4.69033),(-32.7628,-37.8894)]
triangle[(15.3441,7.91259),(3.47606,-20.3593),(53.7869,-41.4789)]
triangle[(-13.792,-7.14059),(-3.126,15.7522),(-34.2281,30.243)]
triangle[(-15.1776,15.8789),(20.1845,-13.57),(72.2829,48.9894)]
triangle[(18.8992,-14.5312),(-12.2347,-6.89152),(-23.0402,-50.9272)]
triangle[(18.3631,-7.71958),(14.8308,14.7245),(-18.1393,9.53547)]
triangle[(-7.19978,-8.18731),(1.54983,-6.61404),(-0.752814,6.19194)]
triangle[(-4.8932,1.8474),(5.27577,0.831771),(6.56258,13.7159)]
triangle[(10.1717,16.2467),(-6.11592,1.63422),(19.3768,-26.7809)]
triangle[(17.5493,-5.18354),(17.2536,-20.903),(36.4886,-21.2649)]
triangle[(-1.3977,-16.5309),(12.2014,17.8522),(-26.1521,33.0216)]
triangle[(-13.6213,16.8104),(-8.10576,-12.3157),(30.4498,-5.01447)]
triangle[(14.8612,-7.1799),(8.914,5.07457),(-5.24037,-1.79462)]
triangle[(-12.2704,-0.335244),(7.9522,16.0125),(-24.7365,56.4495)]
triangle[(14.6569,11.4622),(-2.52425,9.62528),(0.156501,-15.448)]
triangle[(-4.49998,-12.3531),(15.1257,3.10683),(-13.2548,39.1347)]
triangle[(15.9599,-15.1597),(-14.5222,-19.3751),(-6.98373,-73.8877)]
triangle[(-10.9844,-8.95774),(-2.60513,-16.5971),(9.94615,-2.83024)]
triangle[(1.40921,8.97608),(-4.31649,-4.99889),(19.3295,-14.6869)]
triangle[(20.9178,3.43329),(18.1225,-8.24742),(30.5537,-11.2222)]
triangle[(12.6551,-10.1813),(-11.5453,20.5587),(-66.2561,-22.5132)]
triangle[(8.1414,2.49058),(8.95788,-9.33601),(24.6602,-8.25195)]
triangle[(14.3643,15.0556),(-3.63008,5.80161),(10.5723,-21.815)]
triangle[(19.1239,-16.7929),(15.8181,-15.0288),(12.8181,-20.6506)]
triangle[(7.02413,-7.34595),(5.36874,-17.4933),(17.8012,-19.5215)]
triangle[(-4.03599,18.316),(6.36924,3.93654),(25.0449,17.4506)]
triangle[(-11.229,-19.2069),(10.0133,-19.8214),(10.6794,3.20076)]
triangle[(-17.0057,6.57986),(20.11,10.8219),(13.3251,70.1862)]
triangle[(-6.65916,-17.0555),(-10.1147,-0.295513),(-35.2001,-5.46754)]
triangle[(18.7928,3.35664),(12.5,-0.804672),(17.4039,-8.22027)]
triangle[(15.3469,-2.02824),(-20.5043,-17.9572),(5.75583,-77.0604)]
triangle[(1.63984,11.9991),(-7.28698,-4.47008),(10.5247,-14.1246)]
triangle[(7.53572,-16.1601),(18.2928,-16.5706),(19.0738,3.898)]
triangle[(-5.19902,7.90586),(10.6943,0.803522),(19.149,19.7232)]
triangle[(13.8615,10.1405),(-20.1947,-17.8458),(9.11901,-53.5173)]
triangle[(0.61108,16.4863),(11.4999,-14.9557),(65.1485,3.62369)]
triangle[(15.9903,4.6587),(8.57086,-2.12161),(18.4845,-12.9697)]
triangle[(-12.9563,5.70249),(-16.6461,15.8001),(-30.8952,10.5933)]
triangle[(10.0582,-20.8869),(16.4236,19.7015),(-25.6817,26.3048)]
triangle[(-14.0187,-14.4542),(-7.91527,9.8939),(-37.2008,17.235)]
triangle[(11.478,10.6154),(-8.47307,10.2867),(-7.91855,-23.3712)]
triangle[(-16.769,-17.327),(-6.07299,-2.10366),(-22.7133,9.58795)]
triangle[(-18.5539,8.35571),(7.15132,2.11861),(16.1119,39.0483)]
triangle[(17.4438,-18.6059),(18.2498,11.2731),(-20.0727,12.3069)]
triangle[(14.752,6.35969),(-17.503,7.25402),(-19.0768,-49.5062)]
triangle[(-19.6661,-19.4013),(-19.0061,-10.3565),(-31.0991,-9.47405)]
triangle[(-10.8993,-12.8198),(16.6851,19.4688),(-36.4854,64.8927)]
triangle[(-15.7826,-8.98952),(-4.03911,-7.37541),(-5.82323,5.60504)]
triangle[(-16.9656,12.0313),(12.4973,-19.3486),(46.731,12.7937)]
triangle[(14.8129,12.5549),(-4.51903,-6.04422),(18.3048,-29.7674)]
triangle[(-15.2957,2.09752),(9.29774,-0.00212898),(13.2625,46.4378)]
triangle[(-3.75629,-17.2917),(14.3561,-19.4264),(16.8561,1.78523)]
triangle[(5.69614,9.26538),(0.423817,14.9022),(-8.10471,6.9251)]
triangle[(-5.45378,-4.01304),(-7.37522,-19.0156),(15.8982,-21.9964)]
triangle[(9.51838,-4.23371),(-18.5494,-5.19419),(-16.6311,-61.2546)]
triangle[(-17.896,-10.8415),(-9.94705,9.16575),(-45.357,23.2342)]
triangle[(15.8947,11.5687),(-13.6038,10.0734),(-10.7507,-46.2107)]
triangle[(0.40628,-3.31935),(-11.5348,0.316815),(-17.0415,-17.7669)]
triangle[(-2.29134,0.735085),(-17.5177,-0.0436471),(-16.5137,-19.6759)]
triangle[(-6.13363,-11.0681),(17.3965,-19.8493),(32.1834,19.7735)]
triangle[(-6.95077,-10.3201),(-2.57934,-20.5202),(8.85387,-15.6203)]
triangle[(-18.9578,-11.351),(-3.48431,8.29086),(-37.4517,35.0497)]
triangle[(13.6961,-6.00768),(-7.24601,-9.44181),(-3.5719,-31.8473)]
triangle[(16.7864,-11.201),(-4.6456,-17.8508),(4.17012,-46.2635)]
triangle[(9.12357,-1.48828),(-11.7114,18.4297),(-51.4375,-23.1254)]
triangle[(-4.7197,-0.118356),(-13.7901,0.187984),(-14.2521,-13.4893)]
triangle[(13.8678,-17.1636),(-2.1698,-17.3251),(-1.88269,-45.8377)]
triangle[(-17.5059,15.9781),(-11.3594,-13.8869),(27.5768,-5.87346)]
triangle[(12.4119,14.1686),(-16.7094,12.5132),(-14.824,-20.6538)]
triangle[(4.9273,1.23982),(-6.14381,7.2295),(-17.6454,-14.0296)]
triangle[(-2.68819,-17.1506),(-3.67727,-14.5486),(-7.43489,-15.977)]
triangle[(7.91949,14.2822),(-1.79763,-11.6571),(37.1211,-26.2364)]
triangle[(18.958,16.6248),(-11.4374,-13.1529),(25.2932,-50.6453)]
triangle[(-8.88865,-6.38743),(8.48613,15.0772),(-25.2482,42.3838)]
triangle[(15.0692,18.9175),(-4.33122,20.4713),(-7.36732,-17.4374)]
triangle[(9.23749,20.9217),(-8.08192,-5.34346),(26.4836,-28.1362)]
triangle[(-17.3883,19.9935),(3.5688,-16.9777),(43.5545,5.68817)]
triangle[(-3.71128,-14.995),(-10.233,18.985),(-44.5027,12.4077)]
triangle[(-0.224657,9.40954),(19.3805,11.7603),(16.6384,34.6292)]
triangle[(15.7756,12.8612),(-5.48211,-16.8404),(41.8495,-50.716)]
triangle[(-9.35,8.92114),(0.661666,18.2552),(-11.4248,31.2191)]
triangle[(7.17357,13.8154),(11.5269,-6.56481),(33.6935,-1.82991)]
triangle[(-13.7405,9.91521),(16.9509,8.47535),(19.6326,65.6374)]
triangle[(-5.7455,4.78892),(-0.0456008,14.6228),(-13.1603,22.2243)]
triangle[(-13.2555,-2.57164),(5.01178,6.8499),(-12.812,41.4082)]
triangle[(19.8354,-1.71913),(-17.914,8.73108),(-36.8992,-59.8493)]
triangle[(12.0631,12.515),(-18.1553,-20.7918),(33.4157,-67.5807)]
triangle[(8.89886,9.5602),(-11.3384,-15.1519),(24.0485,-44.131)]
triangle[(2.84656,-16.3964),(0.136838,-11.6772),(-9.2923,-17.0913)]
triangle[(16.5399,-2.6444),(-16.4826,8.31657),(-36.9587,-53.3728)]
triangle[(7.22998,11.4266),(5.69536,-14.0869),(48.8665,-16.6837)]
triangle[(-15.3954,0.383081),(3.57492,17.0153),(-22.9485,47.2674)]
triangle[(-14.3273,-16.8167),(12.6993,0.407653),(-10.9348,37.4916)]
triangle[(16.5198,11.0406),(4.80436,-3.98708),(24.1096,-19.0372)]
triangle[(-5.92997,3.40789),(20.7715,-11.8003),(47.8154,35.6814)]
triangle[(17.3342,-2.06318),(6.04754,2.49808),(-0.886471,-14.6599)]
triangle[(-10.4538,1.13396),(15.9854,8.65952),(3.96906,50.8761)]
triangle[(5.21547,-20.6452),(12.1227,-0.402887),(-13.801,8.443)]
triangle[(-11.1667,-3.86662),(6.38968,13.3104),(-26.4595,46.8851)]
triangle[(5.2547,-20.606),(-11.6432,8.60045),(-65.4053,-22.5045)]
triangle[(18.0872,7.75547),(12.3203,-20.3876),(66.0858,-31.4049)]
triangle[(16.5946,-5.24741),(20.8258,-5.65625),(21.4489,0.792568)]
triangle[(11.1987,-15.1067),(12.6905,2.94843),(-13.6801,5.12728)]
triangle[(4.6539,-18.4816),(18.2001,-19.2308),(19.2614,-0.0417433)]
triangle[(9.29771,20.002),(-5.04732,2.82813),(13.0169,-12.2606)]
triangle[(-0.674243,20.1892),(11.5642,11.6744),(23.3966,28.6815)]
triangle[(12.9279,-12.355),(15.4238,-11.2674),(13.417,-6.662)]
triangle[(-7.28189,-13.546),(14.8644,-11.0755),(11.6619,17.6332)]
triangle[(11.5017,12.3415),(20.7391,1.2369),(42.5585,19.3875)]
triangle[(4.16048,4.29255),(14.4847,-3.11714),(22.7888,8.45336)]
triangle[(16.7484,7.14495),(11.1646,3.90441),(16.5356,-5.35029)]
triangle[(-10.3277,20.5288),(-13.8012,-14.3158),(31.6638,-18.8481)]
triangle[(-1.32681,-10.1377),(-4.94163,0.28116),(-23.0034,-5.98538)]
triangle[(-2.08772,18.627),(15.5655,-19.8554),(90.4909,14.5154)]
triangle[(20.1185,-18.2147),(12.8148,16.2905),(-51.7652,2.62081)]
triangle[(-1.81774,-0.476113),(-5.89517,12.9754),(-30.7054,5.45485)]
triangle[(-8.6482,11.6718),(-17.2905,-7.48511),(7.09642,-18.4869)]
triangle[(-10.444,-20.4866),(19.2818,-4.62733),(-4.11498,39.2265)]
triangle[(-1.73782,11.7666),(-13.646,13.5544),(-16.1546,-3.15456)]
triangle[(3.57582,9.02147),(-2.78279,-6.25897),(14.1605,-13.3095)]
triangle[(9.42386,9.07272),(-20.3317,-19.431),(16.387,-57.7623)]
triangle[(3.75668,5.42826),(5.59773,0.442908),(13.1783,3.24237)]
triangle[(-17.6491,13.0665),(13.939,10.6674),(18.1527,66.1472)]
triangle[(-17.6476,7.53255),(10.6143,-16.6642),(57.9509,38.6251)]
triangle[(7.07922,12.2759),(5.01261,-3.09899),(27.5941,-6.13427)]
triangle[(13.9009,15.5927),(-13.4823,2.49345),(9.11683,-44.7488)]
triangle[(4.43838,6.45696),(10.2191,-15.6809),(33.1982,-9.68046)]
triangle[(3.33325,-1.93562),(11.4212,-15.3587),(30.0387,-4.14093)]
triangle[(9.40311,15.7797),(-2.94739,15.183),(-1.83698,-7.80036)]
triangle[(-14.0539,-12.8874),(-11.2365,0.0321286),(-32.7069,4.71435)]
triangle[(-16.4013,19.7273),(-4.6342,1.10174),(24.4808,19.4958)]
triangle[(-1.866,-6.44482),(9.33836,-7.57548),(11.3475,12.3339)]
triangle[(-8.05384,3.93248),(6.88938,12.734),(-6.28993,35.1098)]
triangle[(20.8328,-3.20061),(-1.1242,15.9608),(-37.9449,-26.2318)]
triangle[(18.2559,-0.478191),(-11.2584,15.2911),(-27.4854,-15.0799)]
triangle[(-13.6885,-8.97718),(-20.7256,10.9643),(-55.6465,-1.35889)]
triangle[(-0.810205,-3.01669),(11.7864,-18.8401),(33.2771,-1.73181)]
triangle[(-8.35056,-20.811),(5.86061,9.02566),(-36.1956,29.0569)]
triangle[(14.9363,-14.5679),(-16.8257,-16.2127),(-13.9306,-72.1189)]
triangle[(-13.8257,-13.9101),(-18.9736,19.2619),(-65.2425,12.0816)]
triangle[(-1.68922,18.5343),(7.16913,19.33),(5.68012,35.9067)]
triangle[(4.83389,0.865032),(12.4168,14.3195),(-2.93219,22.9702)]
triangle[(8.74916,5.06307),(-7.80203,-13.2282),(13.9386,-32.9006)]
triangle[(15.8495,6.49312),(-5.98281,15.7122),(-21.596,-21.2627)]
triangle[(20.8848,17.4988),(11.9639,20.3997),(7.88424,7.85401)]
triangle[(-6.78712,4.5852),(-5.74143,19.939),(-21.2795,20.9972)]
triangle[(-12.6549,-8.55489),(1.99848,-13.6395),(11.9717,15.1023)]
triangle[(-10.9619,19.6677),(16.2822,-15.3486),(57.8146,16.9653)]
triangle[(16.0429,1.52996),(-16.4539,0.355701),(-14.3581,-57.6432)]
triangle[(-0.523262,2.42076),(-12.0139,0.785439),(-8.85784,-21.391)]
triangle[(-3.28181,8.62145),(14.63,-10.9273),(51.8275,23.1556)]
triangle[(2.35289,-2.09258),(-15.8249,4.75482),(-28.8192,-29.7411)]
triangle[(-1.55682,3.62504),(-17.7007,-19.3137),(12.1427,-40.317)]
triangle[(-17.9879,-12.2176),(-19.0982,-15.7373),(-14.8496,-17.0775)]
triangle[(19.9384,0.317069),(-8.54941,-11.7451),(15.3364,-68.1575)]
triangle[(4.22349,4.05028),(-17.6035,7.7738),(-22.7739,-22.5347)]
triangle[(10.2598,14.1764),(10.6029,-11.1313),(47.7209,-10.6282)]
triangle[(-1.69301,-18.8558),(-8.18698,2.87441),(-46.6751,-8.62759)]
triangle[(2.02533,-3.81009),(-2.45908,-6.52825),(2.83451,-15.2616)]
triangle[(-12.2002,6.64874),(-8.59283,16.4464),(-23.2765,21.8527)]
triangle[(-12.7632,-1.12646),(20.1016,18.3292),(-6.24555,62.8351)]
triangle[(14.5042,-7.69404),(2.09445,11.433),(-25.2694,-6.32096)]
triangle[(6.75211,0.715601),(-10.664,9.17829),(-19.2146,-8.41868)]
triangle[(3.82762,-17.1375),(-14.3066,-11.9044),(-22.519,-40.3625)]
triangle[(18.4595,-20.7172),(-10.2408,-6.33416),(-25.4428,-36.6685)]
triangle[(10.2163,-17.2991),(20.917,8.44095),(-7.37682,20.2033)]
triangle[(-7.75474,-18.7798),(11.732,20.6234),(-28.9374,40.7363)]
triangle[(3.18202,-20.7348),(-6.67015,-4.77711),(-36.3869,-23.124)]
triangle[(6.93782,6.19929),(-10.8343,-13.4048),(24.1062,-45.0802)]
triangle[(14.0185,-10.7725),(9.04158,10.0685),(-26.6037,1.55637)]
triangle[(-14.256,-16.3971),(18.4482,4.58353),(-20.4153,65.1633)]
triangle[(-15.724,17.928),(-19.2322,-16.348),(39.5394,-22.3635)]
triangle[(-3.95382,12.5007),(10.2739,-19.3362),(52.2057,-0.597092)]
triangle[(-0.672859,9.4971),(-7.67243,2.05576),(3.75648,-8.69466)]
triangle[(4.69635,5.36498),(-11.5774,-6.42141),(7.00451,-32.078)]
triangle[(-14.692,16.8578),(-1.22988,-10.7718),(33.4734,6.13678)]
triangle[(9.30316,7.9519),(5.4702,8.88406),(4.23295,3.79657)]
triangle[(-7.193,14.4063),(-18.6012,10.5649),(-11.3724,-10.9034)]
triangle[(12.8624,-2.20326),(-2.15246,12.9768),(-28.1698,-12.7574)]
triangle[(14.5523,1.40009),(-10.0234,-2.37916),(-3.76805,-43.0561)]
triangle[(-19.8777,1.72884),(-20.2291,-14.376),(7.57341,-14.9826)]
triangle[(16.5575,17.7594),(6.55932,-14.7401),(65.8847,-32.991)]
triangle[(-11.0282,8.62705),(2.75348,-4.66017),(16.1199,9.20365)]
triangle[(-12.8052,12.1622),(-20.7355,7.35029),(-12.2611,-6.61607)]
triangle[(-10.6766,8.99521),(2.65607,16.2458),(-10.2713,40.0173)]
triangle[(-3.57798,-14.9458),(11.1172,18.2295),(-48.7221,44.7357)]
triangle[(15.6983,-16.597),(17.4102,6.52274),(-28.5056,9.92258)]
triangle[(-5.69613,-4.25186),(12.0302,-17.1786),(36.6475,16.5787)]
triangle[(0.100903,11.3095),(-19.526,10.5897),(-18.3353,-21.8773)]
triangle[(14.1837,-3.35743),(13.8689,13.8183),(-4.52334,13.4813)]
triangle[(-10.8994,-13.6291),(-14.128,0.378147),(-31.362,-3.59422)]
triangle[(-17.7009,16.4482),(19.5284,-8.64596),(49.0853,35.2042)]
triangle[(19.7989,9.9105),(-17.3275,-6.58575),(10.5822,-69.3991)]
triangle[(-10.8038,9.06895),(1.34072,15.2551),(-8.78371,35.1312)]
triangle[(7.35728,-7.53577),(-3.40525,8.14361),(-22.1373,-4.71432)]
triangle[(3.23191,-17.3163),(19.1341,-10.869),(7.11165,18.7845)]
triangle[(6.50863,-0.525214),(-20.6999,-15.0638),(7.28129,-67.4299)]
triangle[(20.297,4.77527),(3.66471,12.3357),(-10.4615,-18.7407)]
triangle[(7.46401,-13.9183),(-6.68253,-17.8879),(0.501349,-43.489)]
triangle[(-5.76705,2.09754),(2.40812,-2.00182),(8.81141,10.768)]
triangle[(13.834,13.8494),(2.87247,-3.92953),(31.0163,-21.2814)]
triangle[(5.40256,-13.8046),(-11.696,0.761387),(-40.3517,-32.8767)]
triangle[(-14.0101,8.59405),(10.2144,13.716),(3.7107,44.4755)]
triangle[(15.9937,-16.6816),(-15.1135,-13.9246),(-20.056,-69.6923)]
triangle[(-2.70125,-2.63105),(-1.50672,-9.0216),(8.34838,-7.17946)]
triangle[(9.72815,-10.0252),(5.6613,-7.60693),(2.50126,-12.9212)]
triangle[(-17.7976,9.85518),(11.7746,-2.56828),(33.4293,48.9775)]
triangle[(19.5457,-5.47702),(-16.604,4.7515),(-29.6694,-41.4245)]
triangle[(-10.8236,-16.061),(-6.64532,20.2542),(-70.0366,27.5478)]
triangle[(-20.5087,-2.61263),(5.23275,6.86219),(-8.44854,44.0318)]
triangle[(-10.5258,-18.5073),(20.1157,7.16204),(-9.70968,42.7646)]
triangle[(5.68094,4.49778),(-2.54726,16.2109),(-22.369,2.2867)]
triangle[(-0.323147,7.55021),(1.22615,-19.4303),(55.1195,-16.3356)]
triangle[(-4.43703,18.7575),(1.88842,-0.0322569),(34.0814,10.8053)]
triangle[(-18.3564,-16.9697),(4.85204,10.8258),(-25.8414,36.454)]
triangle[(13.4622,15.9424),(12.304,-7.18305),(43.9307,-8.76696)]
triangle[(16.3475,12.9127),(18.2873,12.1334),(19.0728,14.0885)]
triangle[(9.7314,-20.3217),(20.4456,-11.3829),(6.91573,4.83425)]
triangle[(2.42629,14.1693),(15.0658,-14.703),(44.1131,-1.98691)]
triangle[(20.4481,10.8999),(-14.1313,-18.5604),(32.6424,-73.4616)]
triangle[(-8.34698,-17.9455),(-12.8921,-8.31021),(-26.7441,-14.8444)]
triangle[(16.1296,-14.2892),(17.2073,-9.0852),(9.69101,-7.52873)]
triangle[(-10.3107,-8.35291),(6.24646,5.4365),(-12.8004,28.3064)]
triangle[(11.7703,16.1331),(-7.35087,16.1067),(-7.32437,-3.07339)]
triangle[(-18.1802,-14.8488),(2.63698,-20.7001),(13.3185,17.3015)]
triangle[(17.9972,-4.88774),(20.1569,13.3172),(-0.0526524,15.7147)]
triangle[(-6.02843,-4.93245),(4.64346,14.8747),(-27.8926,32.4048)]
triangle[(-15.9175,14.3105),(9.88408,-3.15845),(34.1901,32.7415)]
triangle[(4.60313,-6.8931),(9.7333,6.46316),(-12.2204,14.8956)]
triangle[(9.01587,-1.15268),(2.02581,16.1957),(-24.4978,5.50874)]
triangle[(-17.7035,20.6583),(19.1744,-18.3585),(63.5899,23.6222)]
triangle[(-18.2662,19.3315),(5.43496,-12.713),(65.1873,31.4818)]
triangle[(-13.3545,19.8545),(-19.3289,-9.00262),(12.871,-15.6691)]
triangle[(20.9515,1.05867),(19.2808,-0.456727),(21.6469,-3.06522)]
triangle[(3.32656,10.865),(-5.56954,-3.47995),(11.3404,-13.9667)]
triangle[(-11.1341,20.8172),(17.8269,-19.1806),(84.8139,29.3223)]
triangle[(19.1728,-17.3258),(2.16815,18.1897),(-59.5568,-11.3639)]
triangle[(-17.9489,-20.365),(-6.25261,-5.65403),(-32.0549,14.8606)]
triangle[(-10.2779,1.53619),(19.8003,12.3329),(8.21176,44.617)]
triangle[(18.6761,-11.7401),(-2.92467,12.9209),(-48.8492,-27.305)]
triangle[(1.37817,-19.7387),(-10.6187,-16.509),(-14.0204,-29.1448)]
triangle[(-20.286,-4.56054),(13.7338,1.35348),(3.83385,58.3017)]
triangle[(6.36021,-9.30571),(12.7584,-11.4399),(14.9096,-4.99054)]
triangle[(9.1597,11.3634),(-3.271,-1.00581),(20.3811,-24.7754)]
triangle[(-7.16789,-15.8186),(-0.897608,-16.7103),(0.767794,-4.99941)]
triangle[(14.2925,19.4507),(-9.93632,15.4855),(-2.87174,-27.6818)]
triangle[(-19.0807,15.2046),(0.457968,3.80155),(18.2595,34.3037)]
triangle[(7.09662,14.5673),(-8.22137,-14.5283),(24.4678,-31.7382)]
triangle[(11.4961,-1.19375),(5.40775,-10.6501),(21.7298,-21.1589)]
triangle[(14.9081,-19.7777),(8.47543,-4.52515),(-10.1098,-12.3634)]
triangle[(-14.7467,4.17194),(13.2681,-13.2778),(46.4043,39.9208)]
triangle[(15.7036,0.12276),(-1.88295,6.84725),(-15.1302,-27.7983)]
triangle[(-0.174644,3.25176),(3.14972,3.51854),(2.64975,9.74863)]
triangle[(-7.02267,-15.9652),(10.7373,-17.7646),(13.0818,5.37603)]
triangle[(-2.30762,6.34972),(2.30303,16.025),(-7.54869,20.7197)]
triangle[(14.4743,0.405099),(-1.7082,19.6537),(-38.3845,-11.1805)]
triangle[(14.1775,1.56995),(-4.00916,-13.8835),(16.315,-37.8024)]
triangle[(-5.34254,2.12985),(19.8264,-18.355),(44.7714,12.294)]
triangle[(2.35305,-7.10072),(13.7791,17.3969),(-34.2804,39.8125)]
triangle[(-11.6586,-14.6881),(-18.0472,20.9201),(-88.5114,8.27772)]
triangle[(4.69236,5.54719),(8.50399,15.9041),(-6.0562,21.2627)]
triangle[(17.3782,-10.9938),(3.44931,-19.6151),(15.0108,-38.2943)]
triangle[(8.14754,12.1518),(19.6484,-19.1358),(71.6514,-0.0203146)]
triangle[(-9.55651,-3.17377),(-8.14576,-8.79232),(0.219362,-6.69194)]
triangle[(8.44547,-8.8836),(-4.32615,-7.99518),(-5.85701,-30.0024)]
triangle[(-3.11587,-14.4407),(18.7654,-0.650373),(1.93613,26.0528)]
triangle[(-17.2894,-17.4009),(-12.6302,12.3247),(-57.2072,19.3118)]
triangle[(-2.65901,9.39499),(-7.24454,18.5081),(-21.2555,11.458)]
triangle[(20.454,-9.62787),(-7.91986,15.5634),(-39.5934,-20.1115)]
triangle[(-0.693908,14.1858),(14.0614,-15.1239),(60.2396,8.12343)]
triangle[(3.12295,-17.1274),(-0.966322,-8.7721),(-15.4601,-15.8656)]
triangle[(-18.2163,-8.36114),(-12.5145,12.7927),(-35.6009,19.0154)]
triangle[(-0.192005,13.5927),(20.5102,10.0684),(24.2722,32.1669)]
triangle[(-8.65483,-6.42051),(-11.1714,8.21164),(-38.6376,3.48771)]
triangle[(12.4574,-13.5273),(11.8805,3.96199),(-18.4588,2.96114)]
triangle[(-17.0845,-1.58123),(11.6272,-9.36021),(21.5732,27.3497)]
triangle[(10.7408,-17.9564),(-8.79602,-7.98922),(-28.6554,-46.916)]
triangle[(-5.47779,13.7787),(-10.8425,-16.132),(29.6809,-23.4002)]
triangle[(4.24552,-20.7259),(13.2002,-16.2884),(7.14204,-4.06338)]
triangle[(4.28688,14.3714),(-0.712668,11.172),(2.74037,5.77602)]
triangle[(-2.0026,17.859),(6.32658,19.3847),(4.62786,28.6585)]
triangle[(7.66874,-1.78925),(-1.90351,-15.9828),(13.9401,-26.6679)]
triangle[(4.27414,20.2686),(-6.30615,18.2034),(-2.30983,-2.27061)]
triangle[(17.6666,9.73889),(-19.3963,0.585375),(-1.1816,-73.1666)]
triangle[(9.44225,-2.05306),(18.4314,16.0061),(-14.4145,32.3555)]
triangle[(-18.5628,-13.4998),(-4.31492,-0.0971616),(-18.2794,14.748)]
triangle[(-0.863579,-12.6443),(18.7556,-17.2698),(26.0749,13.776)]
triangle[(-12.9262,-9.09827),(-1.94774,-0.991808),(-10.7227,10.892)]
triangle[(3.77853,-0.779909),(8.25662,-18.4491),(41.3652,-10.058)]
triangle[(-15.0298,-20.7858),(1.37477,10.0889),(-43.3282,33.8407)]
triangle[(-7.41778,-14.3696),(14.9978,-4.04336),(-3.29569,35.6668)]
triangle[(-12.6712,19.6179),(14.8332,-12.9978),(74.4474,37.2741)]
triangle[(14.2854,-14.5168),(-5.254,-8.66651),(-13.3897,-35.839)]
triangle[(15.6392,16.1731),(-8.40692,4.66809),(10.6026,-35.0629)]
triangle[(-16.8093,-13.3257),(-7.00278,16.2502),(-43.6413,28.3985)]
triangle[(-2.81159,-10.4549),(19.7275,14.076),(-4.83945,36.6481)]
triangle[(1.6368,-12.54),(11.6985,17.2805),(-29.0038,31.0139)]
triangle[(-0.437886,2.89057),(19.8761,2.44129),(20.7479,41.8573)]
triangle[(-9.42487,-8.19324),(-19.5059,19.6979),(-73.008,0.359862)]
triangle[(-19.1127,-5.88809),(-2.49333,-11.0516),(6.83461,18.9716)]
triangle[(20.3243,16.133),(7.54632,-14.3127),(40.9725,-28.3415)]
triangle[(13.291,8.16142),(-7.33198,19.8708),(-23.6173,-8.81169)]
triangle[(6.98859,5.25136),(1.047,11.1906),(-6.85476,3.28583)]
triangle[(-19.7975,-1.62843),(7.70496,-20.5097),(29.3491,11.017)]
triangle[(11.0163,8.50778),(6.42653,-19.918),(59.9272,-28.5564)]
triangle[(8.01821,1.30215),(-10.6407,0.976835),(-10.1935,-24.6716)]
triangle[(-18.9151,20.9883),(-6.45846,-13.246),(55.3707,9.25146)]
triangle[(19.7906,14.0151),(-17.8658,11.9197),(-14.5519,-47.6351)]
triangle[(-2.71085,-6.09502),(2.42795,18.0411),(-44.5406,28.0411)]
triangle[(-18.5456,-6.22913),(2.55552,4.11874),(-17.1604,44.3229)]
triangle[(-17.6289,9.73694),(11.532,-6.87621),(31.306,27.8329)]
triangle[(1.95729,1.20142),(1.85035,-20.8104),(41.879,-21.0048)]
triangle[(-7.64744,-20.9064),(2.29573,-18.2252),(-1.55164,-3.95742)]
triangle[(-15.0642,-1.63965),(18.3146,-1.97975),(18.9211,57.5364)]
triangle[(-5.27228,-18.5748),(8.9704,-8.44357),(-2.37011,7.49916)]
triangle[(10.4174,-13.7783),(0.321813,4.26521),(-19.7192,-6.94798)]
triangle[(15.989,17.8379),(-1.49353,3.56955),(14.9592,-16.5894)]
triangle[(1.33475,-14.171),(-5.85195,-4.60989),(-21.0486,-16.0326)]
triangle[(-7.45041,-1.35888),(-14.101,1.82031),(-18.7512,-7.90751)]
triangle[(0.0640021,14.5947),(16.745,0.30786),(40.3134,27.8258)]
triangle[(-20.3158,3.36261),(16.8283,20.5477),(-9.25861,76.9324)]
triangle[(6.25184,10.9389),(-16.4979,5.7915),(-8.1167,-31.2507)]
triangle[(9.42825,10.0903),(-8.66357,-5.5443),(17.8133,-36.1823)]
triangle[(-11.1547,20.3049),(19.563,-10.3512),(66.0694,36.2488)]
triangle[(-20.0275,-8.0512),(-18.8589,-4.08104),(-25.3619,-2.16678)]
triangle[(18.0673,10.4546),(-20.2782,-13.2928),(24.9672,-86.3517)]
triangle[(0.390314,16.377),(16.6704,-17.5985),(81.5115,13.4716)]
triangle[(-11.4921,-5.66654),(19.6401,-16.8995),(40.27,40.2764)]
triangle[(-5.91563,16.7527),(-2.95891,-17.4228),(54.0954,-12.4868)]
triangle[(16.2447,-17.909),(1.91097,-5.89042),(-17.783,-29.3781)]
triangle[(20.9195,-4.58486),(4.80362,-12.0361),(17.034,-38.4886)]
triangle[(-12.8924,5.96146),(10.6621,-8.83681),(38.3655,35.259)]
triangle[(17.1386,-2.28606),(-10.3863,10.0091),(-23.5827,-19.5336)]
triangle[(-8.78082,-16.7447),(11.899,-9.77032),(0.154336,25.0538)]
triangle[(-18.6959,14.5313),(-10.7411,3.67762),(8.75124,17.9637)]
triangle[(-1.65028,9.7825),(16.5961,13.0617),(12.137,37.8729)]
triangle[(4.69534,-12.7231),(0.705408,17.0628),(-50.1117,10.2557)]
triangle[(-18.5665,-4.60679),(-16.5665,2.10252),(-25.7987,4.85453)]
triangle[(7.13784,-15.8699),(20.0238,16.7327),(-30.0276,36.5152)]
triangle[(-2.19905,9.36895),(-19.9874,5.71274),(-15.8221,-14.5523)]
triangle[(11.3853,-18.1635),(-13.0755,-0.492439),(-42.019,-40.5568)]
triangle[(6.57156,-17.968),(-2.55374,-14.0853),(-10.2621,-32.2019)]
triangle[(5.57817,15.2596),(-9.44695,-13.0318),(46.9081,-42.961)]
triangle[(10.9474,-1.07517),(12.514,6.07068),(0.0398938,8.80542)]
triangle[(-6.63535,-0.274389),(-10.3947,-9.31837),(2.17981,-14.5454)]
triangle[(14.8948,-5.56189),(-13.4157,-16.9816),(5.77085,-64.5469)]
triangle[(3.2083,-11.162),(15.8955,-11.6327),(16.6941,9.89292)]
triangle[(-9.56455,17.4943),(12.3414,3.43615),(32.0141,34.091)]
triangle[(8.24387,8.94077),(-19.9358,17.0601),(-31.1767,-21.9535)]
triangle[(4.77,0.55483),(20.26,17.2716),(-10.5052,45.7792)]
triangle[(14.6697,7.02346),(-17.585,11.9803),(-24.0424,-30.0389)]
triangle[(-1.25514,-14.2767),(-6.39242,15.0212),(-55.7354,6.36905)]
triangle[(13.1119,9.82335),(3.8898,9.73406),(4.00909,-2.58716)]
triangle[(-4.61989,-8.82634),(13.3818,-10.8985),(16.7269,18.1627)]
triangle[(4.38353,-4.16898),(4.77679,-12.0644),(14.4415,-11.5831)]
triangle[(4.78486,-14.2471),(-14.7139,13.5789),(-64.6047,-21.3815)]
triangle[(-4.14146,-18.6144),(2.46178,20.8758),(-57.3849,30.8829)]
triangle[(-6.78299,10.1668),(13.1844,-8.37285),(39.6657,20.1478)]
triangle[(-6.4643,10.996),(18.3551,7.42387),(25.0787,54.1403)]
triangle[(17.7566,8.42811),(-4.65848,-12.1784),(18.6407,-37.5226)]
triangle[(-3.80615,-16.0764),(0.185297,-12.0015),(-6.86734,-5.09326)]
triangle[(-3.37724,-11.2098),(12.6808,8.65877),(-10.9418,27.7509)]
triangle[(-12.4961,12.2339),(3.60899,13.8777),(1.6731,32.8451)]
triangle[(14.5573,-0.602333),(14.931,-17.1444),(44.6536,-16.4729)]
triangle[(5.02949,-8.545),(-20.091,14.6083),(-65.7445,-34.924)]
triangle[(13.1628,-9.58228),(18.2768,-17.7245),(31.2584,-9.57092)]
triangle[(20.3822,-11.4865),(18.8377,-9.64212),(15.1936,-12.6936)]
triangle[(15.3874,8.38966),(-0.130208,-15.0985),(24.9054,-31.6384)]
triangle[(-20.0747,-15.4183),(-10.0082,4.51284),(-36.9939,18.1423)]
triangle[(18.102,19.9353),(-3.45858,-9.27884),(46.8808,-46.4302)]
triangle[(18.3788,-10.4811),(5.70882,-7.22775),(1.62535,-23.1306)]
triangle[(15.5256,-16.5304),(18.0483,16.7044),(-24.5844,19.9404)]
triangle[(-12.4959,-19.6824),(-6.57646,-0.624905),(-31.9891,7.26847)]
triangle[(17.3959,-17.5874),(12.4737,-17.7046),(12.7012,-27.2589)]
triangle[(-15.3173,9.50673),(16.065,8.47721),(18.0244,68.2033)]
triangle[(4.16321,-6.54564),(5.13998,-14.319),(14.9189,-13.0902)]
triangle[(5.49507,-1.58251),(-8.38443,-18.4418),(18.7688,-40.7959)]
triangle[(-9.13061,-2.90129),(-2.28052,17.4025),(-34.8857,28.4028)]
triangle[(18.018,-0.933047),(1.06749,-0.410457),(0.392655,-22.2991)]
triangle[(-11.1589,11.7974),(-17.1422,2.69719),(-0.578267,-8.1933)]
triangle[(5.26803,-8.10413),(-2.21119,10.3188),(-26.0342,0.64723)]
triangle[(-11.573,9.57894),(-16.3376,6.93993),(-13.4236,1.67875)]
triangle[(2.87555,-16.2967),(-3.90592,16.773),(-65.815,4.07751)]
triangle[(2.38601,-10.4087),(12.1952,5.26505),(-10.3377,19.3669)]
triangle[(-19.0849,-9.01483),(5.30118,-16.5884),(14.5188,13.0914)]
triangle[(-19.0817,18.9377),(18.6707,-14.95),(60.349,31.4816)]
triangle[(4.09884,4.74607),(0.72838,14.8272),(-15.2691,9.47867)]
triangle[(19.8282,7.86883),(-20.2467,-15.0306),(10.0362,-68.0269)]
triangle[(17.1497,15.3341),(-15.8278,-5.65014),(8.95277,-44.5937)]
triangle[(3.26975,0.33349),(8.89612,-6.8304),(20.2656,2.09894)]
triangle[(-4.68469,-15.994),(-18.8048,-8.67753),(-32.8043,-35.6951)]
triangle[(-6.97706,-10.4492),(-8.77529,20.0279),(-40.5188,18.155)]
triangle[(-13.9268,-12.4356),(14.034,19.3519),(-31.527,59.428)]
triangle[(8.50454,16.409),(-11.5285,9.97558),(0.257397,-26.7241)]
triangle[(-2.84132,3.56048),(13.8012,1.98961),(15.5399,20.4101)]
triangle[(14.9399,12.4613),(-20.4075,19.7245),(-31.5083,-34.2984)]
triangle[(-2.00748,16.1315),(16.8378,10.1614),(27.3238,43.2616)]
triangle[(-3.12524,0.403483),(-14.7175,-20.9667),(15.257,-37.2263)]
triangle[(5.89382,1.54781),(5.32567,6.24992),(-3.31074,5.20639)]
triangle[(-7.97324,8.8551),(-5.17872,10.3992),(-7.84614,15.2267)]
triangle[(0.0741282,-1.76109),(-11.9682,-14.3318),(8.25656,-33.7063)]
triangle[(12.8526,-19.2102),(14.822,19.8338),(-36.2394,22.4094)]
triangle[(7.77942,-15.1333),(-16.1535,8.44156),(-57.3719,-33.4029)]
triangle[(-18.3502,-16.3515),(-5.12617,18.3209),(-57.7396,38.3877)]
triangle[(16.3191,-9.57646),(-11.6408,15.8861),(-58.1305,-35.1632)]
triangle[(-17.501,-9.50215),(20.6596,7.19871),(-3.78942,63.0633)]
triangle[(1.45786,-20.608),(2.33949,-18.0604),(-1.47366,-16.7408)]
triangle[(4.58757,-13.6054),(-9.48262,-14.3649),(-8.53958,-31.8348)]
triangle[(-20.0805,-14.034),(0.798021,4.58003),(-35.9951,45.8492)]
triangle[(14.3966,-13.8105),(-0.764341,19.3111),(-56.8591,-6.36545)]
triangle[(-6.01632,2.79544),(19.4252,5.86513),(14.97,42.7894)]
triangle[(2.90136,-14.7465),(-13.4185,-16.0825),(-11.7786,-36.1146)]
triangle[(13.4763,3.25775),(20.6214,-6.19318),(33.5751,3.60013)]
triangle[(-11.5129,-4.4251),(-19.9791,-10.6813),(-11.7303,-21.844)]
triangle[(-20.6787,8.78105),(-8.74968,-17.4567),(41.8941,5.56859)]
triangle[(16.0598,3.47678),(18.1662,-16.876),(58.452,-12.7066)]
triangle[(-15.7149,5.62708),(-13.4953,3.22587),(-9.30922,7.09538)]
triangle[(-18.558,14.312),(19.0044,10.3237),(25.0958,67.6924)]
triangle[(3.8406,19.6999),(-18.9823,17.123),(-16.2905,-6.71713)]
triangle[(15.7927,-7.63568),(-14.3862,-1.16949),(-23.6087,-44.2128)]
triangle[(-8.71211,-15.502),(-20.1228,-15.7335),(-19.8244,-30.438)]
triangle[(17.4904,-16.6114),(-14.3465,-7.70305),(-26.1541,-49.9013)]
triangle[(16.0521,20.0027),(-20.023,17.1355),(-15.1734,-43.8814)]
triangle[(-10.5556,-9.87729),(-1.67384,2.0774),(-22.5142,17.5608)]
triangle[(-8.50716,-1.57283),(-2.55685,-18.2551),(23.1368,-9.09053)]
triangle[(-18.5527,4.27726),(-19.5324,6.55793),(-22.09,5.45927)]
triangle[(-16.7005,8.84787),(-4.19493,-7.52192),(12.6732,5.36435)]
triangle[(1.24246,-7.44247),(8.217,-6.23063),(6.52972,3.48029)]
triangle[(-1.80274,19.8311),(-20.5454,0.203742),(0.696651,-20.0808)]
triangle[(10.3016,-15.3184),(16.678,-5.45701),(-0.8933,5.90461)]
triangle[(-10.6046,7.66936),(10.523,11.0138),(6.11043,38.8887)]
triangle[(6.07161,7.41699),(-1.80139,-1.08507),(8.79113,-10.8939)]
triangle[(-6.48542,11.9416),(-5.91462,-3.22566),(16.4789,-2.3829)]
triangle[(-9.5545,20.1506),(2.62184,-18.4769),(66.7431,1.73577)]
triangle[(-2.9957,7.95955),(16.7643,5.37295),(21.0347,37.9958)]
triangle[(5.05977,14.2229),(13.015,8.47236),(19.7538,17.7948)]
triangle[(19.6215,17.7421),(19.2833,2.36986),(44.4436,1.81623)]
triangle[(2.05664,-9.1216),(-15.574,0.0470893),(-29.2619,-26.2736)]
triangle[(1.17212,12.5697),(19.1029,14.9932),(16.3959,35.0216)]
triangle[(-4.55619,0.396637),(-2.10486,-8.85271),(12.3542,-5.02066)]
triangle[(8.60512,11.0059),(19.9182,2.03328),(36.8571,23.3906)]
triangle[(19.9827,-12.8069),(7.3274,8.24004),(-29.7793,-14.0719)]
triangle[(-0.813279,2.3006),(18.8977,11.2907),(1.433,49.5825)]
triangle[(-14.214,19.7071),(-13.3169,-2.37672),(20.6812,-0.995662)]
triangle[(9.62016,16.5208),(17.1599,-3.92655),(55.893,10.3558)]
triangle[(19.0437,14.2084),(-4.91906,7.68333),(5.87086,-31.9417)]
triangle[(10.0075,-4.59224),(-20.6808,-2.98969),(-23.3168,-53.4676)]
triangle[(16.3525,11.0549),(4.69964,-18.0683),(56.7093,-38.8786)]
triangle[(-11.0501,-8.86861),(-15.1156,-7.25336),(-17.2713,-12.6793)]
triangle[(-10.4386,9.33192),(-18.1894,-13.6537),(12.7135,-24.0743)]
triangle[(-6.71685,-16.0393),(-17.4572,-18.7521),(-13.4411,-34.6522)]
triangle[(6.87067,-14.6483),(9.59422,19.9419),(-48.3572,24.5048)]
triangle[(1.45845,20.9549),(-19.7127,-13.011),(18.8131,-37.0244)]
triangle[(4.53825,-18.8839),(17.3413,6.84332),(-21.7578,26.3009)]
triangle[(1.77307,-2.5469),(1.51621,-15.4646),(23.256,-15.8969)]
triangle[(-20.1029,-18.5483),(12.5563,-2.45521),(-6.76426,36.754)]
triangle[(-11.9913,12.091),(16.9836,-10.9218),(56.8293,39.247)]
triangle[(-14.956,14.8919),(7.66468,11.9607),(13.2514,55.0737)]
triangle[(-16.7294,-15.3365),(6.14052,-7.22281),(-8.86605,35.0758)]
triangle[(-19.1474,-18.7256),(-2.76144,-6.40428),(-15.2487,10.2023)]
triangle[(0.673265,6.55407),(2.21199,-15.1806),(25.9023,-13.5034)]
triangle[(-8.98101,-18.7644),(6.95219,15.851),(-37.2267,36.1862)]
triangle[(13.8126,18.2278),(-19.19,-2.83335),(9.68986,-48.0876)]
triangle[(0.0499693,-6.17555),(19.7561,-17.9684),(37.8752,12.309)]
triangle[(18.0079,13.1749),(-5.17443,2.97418),(5.65554,-21.6383)]
triangle[(-9.38316,6.40748),(20.6551,8.94793),(17.8126,42.557)]
triangle[(11.4147,16.1521),(-1.77766,20.2654),(-7.59141,1.61953)]
triangle[(-5.34129,-13.8373),(-4.16521,-18.4867),(1.72824,-16.9959)]
triangle[(-4.0661,-8.85435),(-16.0375,-7.55886),(-17.7925,-23.7767)]
triangle[(19.5129,-18.1685),(2.64046,-3.44181),(-26.2602,-36.5535)]
triangle[(-1.08867,0.612382),(19.676,9.95988),(4.71932,43.1847)]
triangle[(8.14287,3.47443),(4.22355,-18.2385),(25.9855,-22.1667)]
triangle[(17.1059,7.50711),(-19.5335,-1.26799),(-2.47354,-72.4997)]
triangle[(14.0577,16.5388),(-10.9368,-1.62448),(16.9768,-40.0364)]
triangle[(-20.404,6.95167),(3.39173,18.8752),(-11.116,47.8283)]
triangle[(0.0930013,-5.40434),(17.7722,-20.0803),(41.69,8.73218)]
triangle[(19.8682,7.82584),(6.84547,-3.30963),(29.0708,-29.3018)]
triangle[(17.2071,-7.85694),(16.3511,10.7491),(-8.12825,9.62296)]
triangle[(-5.15742,-15.9015),(-10.3337,-6.78077),(-24.7911,-14.9857)]
triangle[(11.8898,-2.6131),(3.22358,-13.7004),(15.7215,-23.4692)]
triangle[(4.13582,4.41562),(16.5284,12.0851),(4.26321,31.9034)]
triangle[(5.30375,2.79625),(12.2497,5.0058),(10.0083,12.052)]
triangle[(15.8262,-9.41786),(12.3983,6.86653),(-18.3016,0.403978)]
triangle[(-10.5893,10.5163),(-5.16565,19.7806),(-21.3953,29.2819)]
triangle[(17.6557,-8.9203),(-0.072434,-4.30744),(-8.04616,-34.9521)]
triangle[(14.1804,-17.4795),(11.3474,19.2723),(-27.6053,16.2697)]
triangle[(16.6369,2.96861),(9.41336,4.48738),(6.77483,-8.06182)]
triangle[(-17.4235,18.6253),(7.38048,3.4063),(28.3515,37.5848)]
triangle[(-6.79015,13.0255),(7.13235,-17.0434),(51.8277,3.65149)]
triangle[(10.6859,3.49969),(-5.71456,7.29038),(-11.9232,-19.5715)]
triangle[(0.603104,8.60395),(-19.6621,12.5997),(-26.1749,-20.431)]
triangle[(-15.0244,0.524351),(-15.7223,-8.82263),(2.06632,-10.1508)]
triangle[(14.9077,-2.78381),(-10.1815,20.4078),(-56.2593,-29.4402)]
triangle[(-0.91741,-20.4133),(-4.58018,15.8091),(-55.0189,10.7087)]
triangle[(9.69364,7.9832),(-2.18384,-13.4719),(23.7732,-27.8417)]
triangle[(7.2789,18.0304),(11.2002,18.7685),(10,25.1447)]
triangle[(-17.2003,-20.5478),(13.9431,-2.33101),(-11.6666,41.4511)]
triangle[(16.7642,5.14818),(3.74172,-14.9013),(36.5326,-36.1995)]
triangle[(5.24246,-13.8387),(0.864285,-2.23671),(-19.8088,-10.038)]
triangle[(2.38436,-16.2656),(-14.4479,-13.9829),(-18.1781,-41.4891)]
triangle[(-11.3276,13.8495),(-0.770633,8.41084),(10.0595,29.4331)]
triangle[(3.99267,-10.3046),(1.65906,-16.5341),(14.0164,-21.1632)]
triangle[(14.4306,9.53694),(11.2546,16.3807),(4.12397,13.0715)]
triangle[(5.4319,-19.2989),(7.97372,5.34891),(-30.4441,9.31077)]
triangle[(16.2084,-1.60334),(3.89172,5.3198),(-3.26198,-7.40705)]
triangle[(10.8633,-14.3813),(1.80608,-19.7143),(9.39832,-32.6085)]
triangle[(-6.40157,-2.95615),(-18.7083,5.57349),(-32.2837,-14.0134)]
triangle[(-10.0792,15.1098),(17.322,-9.51924),(59.7879,37.7264)]
triangle[(18.6967,-5.28671),(5.12591,-17.4934),(17.6976,-31.47)]
triangle[(-4.24685,17.1644),(-15.0695,1.85503),(8.51581,-14.818)]
triangle[(17.3849,4.28834),(-9.28273,4.27559),(-9.26533,-32.1397)]
triangle[(-11.4187,-16.728),(-2.10538,4.65422),(-41.4279,21.7817)]
triangle[(-19.5078,-9.13786),(-14.9952,-7.14313),(-18.4658,0.708192)]
triangle[(9.54174,-8.00623),(-19.0137,12.657),(-41.9339,-19.0174)]
triangle[(-9.54648,0.862037),(-17.9832,-19.3414),(2.5315,-27.9081)]
triangle[(2.0388,11.376),(7.65511,-7.11403),(41.7966,3.25634)]
triangle[(-17.1105,-2.64692),(-8.98917,12.0054),(-34.2574,26.0108)]
triangle[(6.55849,-16.5117),(-12.1789,20.2459),(-68.802,-8.61797)]
triangle[(20.2751,-15.7409),(-6.26964,-5.77476),(-26.0642,-58.4973)]
triangle[(-3.37556,12.5925),(15.5848,-18.2562),(63.2888,11.0638)]
triangle[(5.04522,-18.6638),(13.4154,-11.9514),(6.66142,-3.52935)]
triangle[(-3.88729,8.79),(-6.64337,-12.068),(25.0152,-16.2513)]
triangle[(-5.14352,20.4294),(5.91424,12.6296),(14.4479,24.7278)]
triangle[(8.80318,-17.4276),(-7.64622,-12.4248),(-17.5339,-44.9357)]
triangle[(-10.9471,-14.714),(-9.4011,-13.2911),(-11.1865,-11.3512)]
triangle[(-16.5147,13.3594),(11.1881,15.2592),(7.41638,70.2586)]
triangle[(-0.167771,1.45445),(9.87641,-1.28685),(12.8424,9.58052)]
triangle[(5.57517,-9.82732),(13.0265,-17.5823),(24.9536,-6.12238)]
triangle[(4.59596,13.5904),(-16.6186,20.0397),(-29.4439,-22.1479)]
triangle[(5.61964,-19.019),(-18.5212,-3.61969),(-43.5772,-42.899)]
triangle[(-11.3183,-0.0605288),(7.77954,15.1594),(-7.69385,34.5752)]
triangle[(3.26253,-11.52),(1.45407,8.03416),(-26.0919,5.48658)]
triangle[(3.67488,9.67777),(13.9437,-10.5406),(46.088,5.7854)]
triangle[(1.36222,-7.94623),(-0.620529,14.0421),(-24.6264,11.8774)]
triangle[(9.74009,1.23673),(-14.4153,20.59),(-50.9356,-24.9921)]
triangle[(14.8055,-3.96679),(-15.9441,-16.591),(0.18807,-55.8851)]
triangle[(-6.44122,2.84036),(-1.55764,-3.99965),(6.29489,1.60683)]
triangle[(-13.9416,-2.45802),(-14.8741,-16.1712),(11.5124,-17.9655)]
triangle[(-3.94663,15.0642),(-20.1079,-2.83892),(2.42963,-23.1838)]
triangle[(5.43597,-4.06868),(-13.3364,13.4687),(-32.4193,-6.958)]
triangle[(0.923643,-12.0871),(-2.68627,-7.77897),(-9.90143,-13.8248)]
triangle[(-7.91708,-17.2496),(-4.01297,7.28568),(-51.0539,14.771)]
triangle[(-1.06565,-15.8111),(17.558,10.8437),(-13.1552,32.3029)]
triangle[(-3.86702,-8.26754),(-6.20115,6.66547),(-30.5249,2.86351)]
triangle[(-20.2574,12.5698),(-19.2631,-14.435),(29.1352,-12.653)]
triangle[(1.80341,-9.78914),(-16.0493,-11.035),(-14.7244,-30.0195)]
triangle[(-18.7514,6.99236),(14.2013,17.8623),(-2.99869,70.0048)]
triangle[(15.5929,-18.4983),(-7.31376,20.9856),(-83.17,-23.0225)]
triangle[(-16.9504,-18.8147),(8.06997,-17.3106),(5.09181,32.2294)]
triangle[(-10.7632,8.6769),(2.9321,-15.4614),(33.4185,1.83569)]
triangle[(-9.86781,17.2996),(10.5532,4.60449),(28.9594,34.2122)]
triangle[(-9.06103,9.20605),(-0.614708,-10.82),(19.4648,-2.35113)]
triangle[(3.52384,17.8645),(-4.57123,-12.167),(33.6633,-22.4732)]
triangle[(10.6576,1.9921),(11.506,-17.3711),(44.7695,-15.9137)]
triangle[(-3.51323,3.49045),(0.370544,1.99666),(2.73681,8.1488)]
triangle[(2.80024,-17.358),(4.46774,8.97561),(-33.4826,11.3787)]
triangle[(-10.4495,-9.28266),(-11.7516,-2.60235),(-20.4866,-4.30488)]
triangle[(7.09476,11.1211),(-4.2758,-2.97609),(23.7931,-25.6161)]
triangle[(-6.00798,-11.461),(8.8013,-17.429),(20.3537,11.2372)]
triangle[(-15.0206,-15.3463),(-2.02176,-19.2394),(4.48936,2.50093)]
triangle[(13.2806,19.6532),(7.09156,2.85078),(26.999,-4.48189)]
triangle[(-8.99516,1.72948),(0.555905,8.14093),(-10.3335,24.3628)]
triangle[(-0.246209,-8.7901),(-12.8997,11.0614),(-52.05,-13.8932)]
triangle[(-11.9929,3.59203),(-20.5808,-2.67167),(-11.5692,-15.0272)]
triangle[(-9.63534,-14.2752),(-9.55367,-9.09428),(-17.4486,-8.96982)]
triangle[(-17.8995,20.1408),(-4.23326,9.65979),(16.0712,36.1351)]
triangle[(6.23878,11.0157),(15.9947,-13.2412),(62.5052,5.46502)]
triangle[(19.2923,-0.151066),(19.2326,-10.8556),(38.831,-10.9649)]
triangle[(-11.1933,-6.1532),(1.14331,-14.1332),(10.2812,-0.00645669)]
triangle[(14.757,-16.6111),(-0.228056,-9.61577),(-13.3049,-37.6283)]
triangle[(-20.0239,-14.0381),(-6.0317,-8.23919),(-16.1176,16.0969)]
triangle[(2.80317,15.6262),(-19.5331,1.31916),(3.86794,-35.2147)]
triangle[(20.7496,-14.9991),(-17.6395,17.3621),(-76.4863,-52.4461)]
triangle[(10.6674,16.0062),(17.0811,20.5922),(10.171,30.2564)]
triangle[(-20.8644,-3.35842),(9.10691,7.87438),(-9.56615,57.6977)]
triangle[(9.46838,8.52862),(15.1465,20.6148),(-8.37451,31.6649)]
triangle[(14.3038,-14.8707),(0.912335,8.14231),(-24.4656,-6.62534)]
triangle[(-0.317717,7.25743),(3.06277,18.1143),(-13.2398,23.1904)]
triangle[(4.85882,20.159),(5.44903,15.8219),(10.4173,16.498)]
triangle[(-17.7426,-8.96128),(-19.7387,5.90387),(-39.358,3.26939)]
triangle[(-12.8588,-12.0082),(0.211756,15.7415),(-48.7576,38.8069)]
triangle[(5.56531,13.6338),(-12.7504,-7.76853),(18.9453,-34.8931)]
triangle[(-16.6268,-14.6315),(19.7668,5.00647),(-7.18058,54.9459)]
triangle[(-0.606068,5.76166),(5.50007,10.6017),(-1.06907,18.8893)]
triangle[(8.92869,-5.73347),(-11.2738,-8.43499),(-6.93489,-40.8822)]
triangle[(7.32845,-9.62965),(2.57221,2.11215),(-20.6842,-7.30831)]
triangle[(0.56482,5.94185),(-3.93881,-2.19338),(6.14406,-7.77522)]
triangle[(-11.2937,-2.93351),(-18.9406,15.7201),(-54.1659,1.27983)]
triangle[(11.7271,-7.06363),(-14.7155,2.10279),(-26.7436,-32.5949)]
triangle[(9.16045,6.04962),(10.2696,-10.2321),(26.8782,-9.10072)]
triangle[(-18.8587,-17.3872),(-0.77436,-8.07117),(-12.3134,14.3284)]
triangle[(13.466,-1.47589),(-11.5692,-16.8744),(19.0561,-66.6656)]
triangle[(15.6592,2.21989),(0.270634,18.4416),(-31.2269,-11.4382)]
triangle[(14.8847,3.66386),(-2.54535,8.79724),(-10.0223,-16.5903)]
triangle[(12.2397,-7.75895),(-12.3992,11.5196),(-40.9329,-24.9478)]
triangle[(-12.4978,2.80205),(10.6539,-10.9294),(35.5206,30.9968)]
triangle[(-9.19504,-15.634),(-18.463,9.47349),(-52.3461,-3.03386)]
triangle[(-8.50793,11.499),(20.9751,4.56623),(28.0322,34.5777)]
triangle[(6.21992,-17.9486),(-4.22459,4.51494),(-44.9315,-14.4118)]
triangle[(13.8062,3.58445),(-10.6897,13.7058),(-27.0241,-25.8272)]
triangle[(-1.45388,5.64016),(-3.21653,-10.3869),(20.5969,-13.0059)]
triangle[(5.0158,10.8929),(14.896,-11.2603),(50.551,4.64166)]
triangle[(-4.0987,-4.25854),(13.8473,-6.70157),(17.338,18.9402)]
triangle[(-15.1351,16.4881),(-5.10792,15.2828),(-3.12153,31.8078)]
triangle[(-6.568,1.57431),(-10.3476,18.0896),(-33.8984,12.6999)]
triangle[(-14.2862,-17.1769),(9.28703,3.01935),(-29.8966,48.7547)]
triangle[(-20.4579,-17.7327),(14.825,-3.82184),(-9.44138,57.7262)]
triangle[(15.9398,17.4693),(4.4106,-16.2433),(39.3382,-28.188)]
triangle[(8.45733,13.8663),(19.2042,15.7853),(17.0847,27.6549)]
triangle[(-13.5443,-1.97611),(19.1536,9.92252),(3.8637,51.9397)]
triangle[(-11.8211,10.7889),(18.1918,0.0101889),(30.5826,34.512)]
triangle[(16.6027,-13.3566),(-16.9405,-10.421),(-21.3732,-61.0706)]
triangle[(15.8276,-19.905),(20.556,-0.013021),(-7.08356,6.55704)]
triangle[(13.1752,-12.0087),(-11.7956,4.56247),(-42.9964,-42.4535)]
triangle[(15.7129,-12.2752),(-9.78521,-6.58292),(-20.0378,-52.5083)]
triangle[(-4.23149,-6.83116),(-4.55314,12.0183),(-28.4509,11.6105)]
triangle[(20.1395,0.290558),(19.1584,-3.14231),(22.6672,-4.14513)]
triangle[(-14.4602,-7.95142),(8.7338,-11.5986),(13.4978,18.6978)]
triangle[(15.144,-10.4404),(-19.8401,-0.13431),(-30.5129,-36.3632)]
