triangle[(19.3289,16.8619),(5.22801,-1.36197),(34.4937,-24.0066)]
triangle[(16.4189,-12.329),(0.463575,-9.92878),(-2.67067,-30.7638)]
triangle[(3.42059,-2.7571),(-5.64158,18.6672),(-30.3873,8.20016)]
triangle[(20.8886,3.68563),(8.37085,-16.6447),(37.8844,-34.8167)]
triangle[(-0.123398,0.802504),(-10.4006,-14.9762),(14.5197,-31.2076)]
triangle[(15.5789,-19.9871),(4.4031,-10.6587),(-9.93433,-27.8357)]
triangle[(-6.18859,-6.51302),(-11.6073,-11.4892),(-4.58805,-19.1326)]
triangle[(-16.4117,-20.13),(9.70566,-7.35692),(-9.86903,32.668)]
triangle[(-3.68599,11.9799),(-18.5637,18.3004),(-26.4422,-0.244574)]
triangle[(14.6893,-19.7476),(13.4239,16.2508),(-32.7917,14.6262)]
triangle[(9.23144,-0.752992),(-2.33451,-9.45627),(11.2033,-27.4469)]
triangle[(13.7228,7.84453),(1.39427,16.2327),(-14.8609,-7.65835)]
triangle[(-11.0463,-10.0626),(-12.0512,-18.6585),(5.12397,-20.6664)]
triangle[(-5.66285,-1.3965),(-16.5221,20.3156),(-45.3158,5.91457)]
triangle[(10.8615,-20.2659),(2.54803,-15.2999),(-2.54927,-23.8331)]
triangle[(12.2736,-11.3684),(-7.66507,-7.49004),(-12.8917,-34.3597)]
triangle[(11.652,-17.6656),(5.64924,11.6089),(-50.8109,0.0316679)]
triangle[(18.3436,-14.9289),(13.1954,16.8384),(-42.4786,7.81587)]
triangle[(-1.06413,8.67165),(0.639431,20.6872),(-20.8311,23.7313)]
triangle[(3.89252,19.1115),(9.54225,-0.757531),(36.6387,6.9473)]
triangle[(-2.9804,0.596789),(5.33036,-18.0744),(24.0555,-9.73961)]
triangle[(-0.109653,-18.169),(16.3077,6.42104),(-32.3488,38.9062)]
triangle[(-15.6231,-11.3785),(11.6679,3.85099),(-12.3324,46.859)]
triangle[(18.4056,-11.3212),(-11.8371,17.2038),(-61.2381,-35.1722)]
triangle[(-3.32133,-3.6679),(-9.55683,14.0895),(-38.2686,4.00736)]
triangle[(10.0458,7.76062),(-2.87923,-10.5709),(17.3923,-24.8638)]
triangle[(13.4598,5.32758),(2.09841,13.4041),(-9.18457,-2.46793)]
triangle[(-4.5722,-19.8339),(3.62926,-9.16429),(-14.835,5.02873)]
triangle[(-7.69348,-0.174072),(-13.0509,2.10009),(-16.1414,-5.18032)]
triangle[(-6.47196,-19.5429),(2.86333,-19.9729),(3.43843,-7.48802)]
triangle[(-0.730155,6.18854),(-2.52869,10.6151),(-7.28824,8.68132)]
triangle[(12.6759,-5.43043),(2.70917,14.4404),(-20.0885,3.00569)]
triangle[(7.07817,-5.92126),(-16.1363,13.2751),(-41.1722,-17.0013)]
triangle[(16.1029,14.3986),(7.66789,-9.57425),(45.1877,-22.7759)]
triangle[(2.59433,-15.8269),(-15.5346,15.1467),(-53.515,-7.08342)]
triangle[(20.568,-1.8222),(8.07472,-14.9394),(27.7889,-33.7158)]
triangle[(20.3902,15.3266),(8.17646,8.75663),(19.0379,-11.4349)]
triangle[(-2.84731,1.6627),(-1.75877,-6.24999),(12.7973,-4.2475)]
triangle[(-5.51215,-4.12065),(14.2915,-11.2775),(25.1647,18.8093)]
triangle[(0.7335,-7.7941),(9.77616,-9.73893),(13.2601,6.45978)]
triangle[(7.70279,13.8146),(-9.81136,16.3481),(-12.9594,-5.41406)]
triangle[(-6.12831,11.5414),(1.04146,-20.7944),(60.4861,-7.61388)]
triangle[(8.74639,-20.0776),(10.4696,11.7863),(-41.4049,14.5916)]
triangle[(-6.26118,19.9825),(9.14142,-3.13532),(48.2743,22.9376)]
triangle[(-5.85259,7.35846),(-5.14766,3.65282),(1.23374,4.86676)]
triangle[(0.61028,2.10342),(18.407,-8.20508),(35.6411,21.5481)]
triangle[(6.70549,11.2444),(-7.37292,16.1648),(-14.8599,-5.25728)]
triangle[(4.56694,-17.7518),(-20.3184,8.10485),(-70.2858,-39.9855)]
triangle[(-7.09504,9.18504),(-18.0467,3.30364),(-9.05998,-13.4302)]
triangle[(12.4263,-19.2741),(11.381,-17.4967),(7.91614,-19.5344)]
triangle[(10.3433,-9.7226),(3.5497,11.2915),(-31.5583,-0.0584368)]
triangle[(-6.1516,2.15485),(-4.25253,-5.47035),(4.28476,-3.34412)]
triangle[(17.2126,-18.4998),(-0.634176,4.50654),(-34.0119,-21.3857)]
triangle[(-17.7611,-11.1669),(1.66704,0.740799),(-21.5806,38.6709)]
triangle[(-1.11702,9.19754),(1.79885,9.28658),(1.64588,14.2959)]
triangle[(13.5509,-18.0348),(-0.723318,-9.09509),(-10.3323,-24.438)]
triangle[(17.6544,12.3533),(18.3189,-9.19987),(56.4572,-8.02408)]
triangle[(-11.9904,4.63051),(-10.4103,16.5913),(-23.7394,18.3522)]
triangle[(-11.0847,-3.63057),(-10.8106,12.9382),(-33.4808,13.3132)]
triangle[(0.289129,-18.1261),(-5.71851,-8.32074),(-21.9682,-18.2768)]
triangle[(0.71773,-13.1612),(-1.90715,-1.2814),(-19.0911,-5.07824)]
triangle[(16.4317,12.0455),(7.02955,7.26386),(16.3474,-11.0577)]
triangle[(-7.60095,19.3239),(12.8155,-1.26816),(34.5121,20.2434)]
triangle[(-8.6584,-6.20645),(3.90635,-20.1347),(26.8607,0.572551)]
triangle[(-17.225,-10.9877),(12.6218,-1.17685),(2.57193,29.3971)]
triangle[(15.9227,-9.84221),(-12.8066,0.127955),(-30.0872,-49.6664)]
triangle[(2.48516,4.0033),(-1.31258,-16.956),(37.1529,-23.9258)]
triangle[(-3.3457,6.77145),(-17.6893,-6.13404),(-2.16567,-23.3875)]
triangle[(-19.482,19.4586),(-0.995035,7.96894),(10.7813,26.9171)]
triangle[(-15.9226,5.20713),(-18.5035,3.16392),(-15.2935,-0.890762)]
triangle[(13.6373,-8.67229),(-2.654,0.692175),(-18.1014,-26.1815)]
triangle[(-9.45335,19.2661),(-2.11289,-9.07167),(35.1858,0.59)]
triangle[(7.50166,-6.68065),(-0.707045,-16.0525),(12.044,-27.221)]
triangle[(5.05031,-9.44353),(-11.3541,-10.0479),(-10.2245,-40.7106)]
triangle[(-5.69231,1.01945),(-12.8403,14.7854),(-27.5605,7.14187)]
triangle[(2.51231,18.9818),(17.6717,15.2739),(25.0357,45.381)]
triangle[(-5.55547,15.2027),(-11.176,-17.3179),(52.9547,-28.4016)]
triangle[(-4.63009,-13.7872),(-18.7602,9.70913),(-60.1687,-15.1929)]
triangle[(-4.97712,0.427499),(-5.47752,-11.1323),(9.69834,-11.7893)]
triangle[(-4.07985,-20.9651),(-10.2079,16.3542),(-81.3693,4.66902)]
triangle[(4.76887,-5.16901),(-17.3661,-4.6537),(-18.1514,-38.3874)]
triangle[(-16.7077,-12.7121),(2.01579,-14.5144),(4.33087,9.53499)]
triangle[(-17.8472,5.97315),(10.9798,-14.3896),(50.0332,40.8971)]
triangle[(-17.7765,-3.43893),(-3.22424,13.7223),(-21.9634,29.6126)]
triangle[(16.971,2.51282),(18.9835,0.699802),(21.5957,3.59947)]
triangle[(-18.1916,-1.15045),(-7.42013,-1.14921),(-7.42152,10.9023)]
triangle[(11.1112,1.06394),(1.88338,3.57688),(-0.919101,-6.71418)]
triangle[(18.484,8.00308),(-20.6895,2.38899),(-13.7353,-46.1357)]
triangle[(-16.7631,-19.9317),(3.84235,19.8852),(-44.1145,44.7031)]
triangle[(9.86099,-9.83973),(-14.2933,-11.7799),(-12.2707,-36.9593)]
triangle[(12.1061,7.34644),(-10.2492,-5.94377),(13.2115,-45.4067)]
triangle[(6.96464,-10.0978),(-14.2656,6.63727),(-42.3102,-28.9403)]
triangle[(11.3126,-2.16154),(5.06988,16.8858),(-14.8981,10.3414)]
triangle[(-7.7,-19.0047),(-13.6925,-4.38712),(-31.6911,-11.7657)]
triangle[(19.2867,12.8488),(-10.0718,2.38978),(4.82095,-39.4143)]
triangle[(0.864785,-2.24946),(19.7201,19.7684),(-20.5705,54.2719)]
triangle[(-1.27399,15.8216),(-18.5695,-20.1331),(44.8815,-50.6554)]
triangle[(-2.52958,9.231),(-3.45584,-0.543827),(14.2322,-2.21992)]
triangle[(-4.31388,6.57649),(-11.7236,9.72548),(-15.5658,0.684708)]
triangle[(15.1973,-0.359573),(-4.58307,-17.6573),(23.4092,-49.6672)]
triangle[(19.5901,19.3774),(-11.5307,-1.12919),(15.2293,-41.7402)]
triangle[(18.8701,-7.08308),(1.42821,7.14862),(-16.8809,-15.2904)]
triangle[(-12.9426,-14.4882),(8.46042,12.6284),(-37.0435,48.5444)]
triangle[(-3.05424,9.64911),(6.51321,-10.9311),(34.2862,1.98022)]
triangle[(-5.59451,4.13425),(-8.73291,14.5081),(-28.436,8.5473)]
triangle[(-10.6217,-6.48429),(-20.6126,-1.16528),(-28.5369,-16.0498)]
triangle[(-10.0964,-5.59596),(-4.75349,19.7943),(-35.5101,26.2665)]
triangle[(15.5062,-16.1366),(13.2631,13.9839),(-31.9153,10.6193)]
triangle[(10.3444,3.19701),(-19.4095,13.6543),(-34.7998,-30.1352)]
triangle[(6.69863,4.138),(10.6316,12.4631),(-2.25087,18.5491)]
triangle[(-11.4873,1.56442),(-8.48823,-11.077),(15.4513,-5.39752)]
triangle[(-9.02118,-16.0492),(2.74958,-14.2803),(-0.704976,8.70689)]
triangle[(-7.96572,20.4644),(-12.1871,-12.7831),(47.8193,-20.4019)]
triangle[(19.1904,1.2085),(13.3989,-15.1067),(32.1048,-21.7468)]
triangle[(9.50668,-6.49977),(-4.27133,-15.3803),(12.1279,-40.8233)]
triangle[(10.8895,-12.0543),(13.7851,8.68298),(-8.35091,11.7739)]
triangle[(2.00436,-5.47887),(18.9648,-13.342),(31.9086,14.577)]
triangle[(-10.8658,-2.3836),(12.4259,2.15661),(3.84554,46.1749)]
triangle[(7.14591,7.16215),(-4.02046,-10.5419),(16.4759,-23.4694)]
triangle[(6.68051,15.1221),(13.1153,12.0778),(17.9705,22.3404)]
triangle[(12.306,8.01142),(6.72565,-2.20681),(19.8697,-9.38505)]
triangle[(2.92028,-13.0043),(-9.81481,13.1674),(-56.1992,-9.40314)]
triangle[(5.98315,19.3656),(-19.4515,7.57346),(-3.24624,-27.3799)]
triangle[(14.5746,19.3651),(-11.7542,15.3581),(-5.43144,-26.1866)]
triangle[(11.0772,-14.2627),(-3.08541,8.26683),(-29.335,-8.23431)]
triangle[(17.0381,8.34877),(-4.51539,-12.1047),(16.4065,-34.1518)]
triangle[(-7.11072,8.37821),(2.49788,-16.5626),(47.23,0.670692)]
triangle[(20.1168,14.0249),(-16.1122,16.7777),(-20.2113,-37.1707)]
triangle[(-0.720734,13.4348),(-15.4037,-17.3992),(41.9419,-44.7069)]
triangle[(7.21544,10.1621),(14.6588,-12.6356),(50.3085,-0.995982)]
triangle[(-7.88597,5.48739),(2.79976,-16.4479),(26.2756,-5.01161)]
triangle[(5.19549,-1.86107),(3.06176,-11.2199),(13.9447,-13.7011)]
triangle[(8.32708,-15.0214),(-11.6301,1.69193),(-39.248,-31.2862)]
triangle[(8.84152,-9.7086),(-1.47809,20.6609),(-58.4276,1.30937)]
triangle[(-4.33724,6.75836),(-14.3937,-15.9163),(9.36258,-26.4525)]
triangle[(-9.27307,12.5994),(-17.6744,20.1878),(-29.791,6.77314)]
triangle[(17.8184,-14.1618),(6.66525,6.88861),(-21.5342,-8.0524)]
triangle[(14.9377,0.202996),(-20.1494,3.40815),(-24.4625,-43.8073)]
triangle[(-18.0607,12.2295),(-5.96819,15.7351),(-9.80843,28.9817)]
triangle[(-13.1076,12.6146),(18.0073,-5.07056),(49.3912,50.1456)]
triangle[(17.2789,-9.57447),(3.60494,-6.97958),(-1.32624,-32.9647)]
triangle[(-4.12841,4.12982),(16.9606,12.6462),(6.94261,37.4536)]
triangle[(-15.0871,18.7963),(14.1484,-15.4885),(51.9965,16.7855)]
triangle[(7.32141,-18.1499),(-13.655,4.96828),(-49.0658,-27.162)]
triangle[(12.6701,-6.11148),(-8.60225,-1.98042),(-15.8124,-39.1079)]
triangle[(-18.2238,17.832),(-9.41249,-20.9173),(53.6727,-6.57224)]
triangle[(7.88839,-1.25901),(14.8043,-7.48609),(26.2128,5.18438)]
triangle[(-5.83033,-15.0776),(-4.4562,0.349446),(-29.6398,2.59261)]
triangle[(17.6253,-1.31947),(-18.5668,17.0565),(-41.0713,-27.2669)]
triangle[(5.82191,-18.9487),(13.8523,16.3426),(-43.5839,29.4119)]
triangle[(-11.8797,-15.0198),(-18.1217,-10.9336),(-23.2091,-18.7051)]
triangle[(-1.8023,-5.35172),(-4.63016,-14.3995),(4.72133,-17.3223)]
triangle[(-7.75812,19.1264),(11.795,16.8996),(16.2253,55.8004)]
triangle[(13.3926,0.324525),(6.64397,6.64639),(-2.69393,-3.32187)]
triangle[(-15.8179,19.3619),(-18.1484,-4.05913),(24.3627,-8.28918)]
triangle[(-0.939871,8.51292),(20.7037,19.2039),(6.13218,48.7036)]
triangle[(-18.3887,9.83764),(-0.396774,-13.4311),(35.3395,14.201)]
triangle[(-5.06863,-9.29493),(-12.946,7.11486),(-38.3899,-5.09924)]
triangle[(12.5959,-14.2795),(-16.3888,20.0285),(-52.0573,-10.1056)]
triangle[(-7.71542,-18.9678),(-11.9853,18.9156),(-54.4894,14.1248)]
triangle[(-4.09681,-11.1612),(10.7564,17.3341),(-27.0229,37.0267)]
triangle[(15.8496,19.9571),(1.51381,-4.10456),(27.2677,-19.4486)]
triangle[(-18.6972,-14.8873),(-4.48959,-1.24211),(-18.7293,13.5846)]
triangle[(20.6441,-4.04623),(3.65651,-14.7088),(20.6158,-41.7282)]
triangle[(5.36357,7.26683),(-16.1459,-12.324),(19.2833,-51.2229)]
triangle[(-8.44797,-18.6756),(-5.4021,1.09378),(-31.0351,5.04306)]
triangle[(-7.03907,8.34093),(10.9908,17.4407),(1.28917,36.6631)]
triangle[(12.0473,-4.92216),(-20.3072,-16.2973),(-3.74135,-63.4159)]
triangle[(11.2737,8.99066),(-10.5328,20.0884),(-24.0192,-6.41153)]
triangle[(9.11127,12.9937),(-13.5687,0.618428),(4.13203,-31.8214)]
triangle[(18.9658,-16.6521),(-1.81749,-17.1548),(-0.952514,-52.9142)]
triangle[(-6.7332,15.192),(-3.17777,7.61039),(5.67063,11.7599)]
triangle[(-7.5278,-14.4392),(14.2747,4.52397),(-12.5746,35.3934)]
triangle[(12.1789,-18.2975),(-10.424,-12.013),(-22.0929,-53.9815)]
triangle[(20.637,-0.174529),(-5.86471,3.07538),(-10.0553,-31.0971)]
triangle[(-20.952,-13.7807),(-2.98691,-13.4174),(-3.42086,8.03787)]
triangle[(13.5385,7.6947),(1.60575,-11.5153),(32.5608,-30.7438)]
triangle[(5.92469,20.3537),(-4.76054,-16.0861),(61.4477,-35.5003)]
triangle[(2.54548,-17.425),(-5.99667,20.899),(-81.1525,4.14731)]
triangle[(3.71431,15.6844),(-5.09724,-0.159484),(20.5707,-14.4347)]
triangle[(-18.5071,7.26153),(3.1421,-9.66614),(33.584,29.2667)]
triangle[(-1.45265,-8.37073),(3.4778,-1.1408),(-5.67717,5.10245)]
triangle[(-15.7303,13.9107),(17.5368,1.62422),(34.3557,47.1635)]
triangle[(11.2135,-19.2668),(0.807681,2.92017),(-28.5222,-10.8356)]
triangle[(-12.8749,17.7387),(3.55859,-3.37963),(29.7302,16.9861)]
triangle[(-16.4243,11.9871),(-17.6871,-11.0552),(11.5971,-12.66)]
triangle[(-0.481055,17.5342),(17.9845,-16.2514),(67.7471,10.9464)]
triangle[(-7.73951,-19.4421),(11.7257,10.3722),(-21.2022,31.8703)]
triangle[(3.48668,20.0433),(-3.44049,-11.7823),(54.8293,-24.4653)]
triangle[(10.3116,-20.0247),(7.52882,-0.343103),(-28.079,-5.37768)]
triangle[(-4.16503,2.42019),(-3.69531,-15.5122),(22.5929,-14.8236)]
triangle[(-19.8373,6.90722),(7.41618,17.423),(-7.19642,55.294)]
triangle[(-0.956889,12.8657),(1.81038,-1.3557),(16.8117,1.56332)]
triangle[(-13.0293,-7.11953),(-20.2434,-2.39047),(-25.2522,-10.0312)]
triangle[(-1.03779,18.1052),(19.8051,-2.36633),(49.8252,28.1983)]
triangle[(17.6243,-2.33715),(-0.83047,-11.254),(10.6601,-35.0355)]
triangle[(5.09755,7.97954),(-3.00513,-9.48196),(26.9454,-23.38)]
triangle[(8.02947,-14.723),(-15.0022,14.1485),(-54.7755,-17.58)]
triangle[(4.83388,18.3585),(-13.8718,-20.5157),(25.8333,-39.6212)]
triangle[(-10.2576,14.6701),(-19.9252,19.8929),(-25.7551,9.10158)]
triangle[(0.7487,-6.223),(-14.4208,-15.5914),(2.16546,-42.4483)]
triangle[(-18.1679,8.98273),(7.39729,-6.30835),(26.7432,26.036)]
triangle[(-17.8817,14.2829),(14.1986,1.00403),(27.5032,33.1463)]
triangle[(-6.84352,3.20075),(-15.8817,-17.0965),(6.4711,-27.05)]
triangle[(-12.5801,-17.8219),(-15.9916,13.4774),(-53.1874,9.42322)]
triangle[(15.486,-7.34028),(8.35017,13.2984),(-18.2805,4.09084)]
triangle[(-18.9279,-10.9472),(-20.1138,-0.41022),(-32.6212,-1.81794)]
triangle[(-5.57926,6.76301),(-7.28509,9.05445),(-11.2806,6.08001)]
triangle[(13.1153,17.7193),(12.0901,-12.2718),(54.4453,-13.7196)]
triangle[(11.2119,10.0589),(15.8939,4.25015),(26.0909,12.4692)]
triangle[(-17.8208,18.9829),(16.134,5.49103),(33.5966,49.4388)]
triangle[(20.845,2.87718),(15.3004,-16.2266),(52.2715,-26.9569)]
triangle[(-8.77651,-13.223),(8.76511,-2.2046),(-8.39254,25.1108)]
triangle[(-7.55641,-3.43546),(-17.6026,-6.23341),(-12.137,-25.8581)]
triangle[(5.63117,-20.2176),(11.9971,3.49261),(-26.9364,13.9458)]
triangle[(-0.309697,16.8544),(5.81349,-17.6308),(56.6665,-8.60133)]
triangle[(-6.21743,-4.55642),(-2.53466,-19.9422),(23.2981,-13.7588)]
triangle[(12.653,13.5459),(-0.479463,-3.82978),(27.9375,-25.3071)]
triangle[(3.3777,14.6786),(6.90415,9.40558),(13.7312,13.9713)]
triangle[(5.86727,13.1785),(-12.198,-14.9631),(23.0668,-37.601)]
triangle[(-0.367405,-5.3077),(7.21594,2.75651),(-7.01997,16.1435)]
triangle[(-19.3124,-13.1522),(5.12469,20.0098),(-31.7032,47.1483)]
triangle[(-0.487547,-1.12161),(-9.23089,12.9128),(-35.0884,-3.19636)]
triangle[(-9.82716,3.69062),(-20.1969,-20.3621),(4.21291,-30.8857)]
triangle[(-16.3949,5.03195),(-16.7164,-6.60417),(5.34532,-7.21369)]
triangle[(20.0631,-4.35689),(13.7526,17.9048),(-11.1275,10.852)]
triangle[(3.079,-10.1965),(3.50863,-16.6058),(10.5097,-16.1365)]
triangle[(3.81596,7.13153),(16.675,14.4043),(8.77083,28.3798)]
triangle[(8.08035,5.09789),(19.2221,6.47481),(17.7334,18.5208)]
triangle[(-9.16764,-0.906281),(8.33623,-14.3549),(32.3324,16.877)]
triangle[(-3.16736,-14.2803),(-14.7235,18.7703),(-61.6836,2.35082)]
triangle[(8.1201,11.6776),(13.9551,-13.2554),(43.2594,-6.39749)]
triangle[(13.6628,-13.7741),(-19.4505,-1.29007),(-43.2916,-64.5273)]
triangle[(-14.6233,13.9555),(-10.6327,-14.5674),(30.6629,-8.78981)]
triangle[(11.0652,18.2345),(17.6939,-12.1757),(69.5732,-0.867289)]
triangle[(-6.58238,-6.09226),(11.1919,13.9628),(-23.5469,44.7509)]
triangle[(-12.9425,0.800689),(-1.34586,-12.8928),(17.5394,3.10056)]
triangle[(-13.4234,2.01155),(6.87121,16.0704),(-20.3794,55.4081)]
triangle[(9.33779,-7.84656),(-3.10903,15.8006),(-28.771,2.29328)]
triangle[(-14.3617,12.459),(-15.7557,-14.8443),(17.5832,-16.5465)]
triangle[(-18.0425,-19.6941),(18.1603,-14.2714),(8.70683,48.8406)]
triangle[(4.29628,0.950052),(0.0898218,-20.5787),(27.0848,-25.8532)]
triangle[(-4.65952,-11.1308),(-17.6579,-15.6286),(-12.2342,-31.3025)]
triangle[(-20.9425,-0.572314),(-11.1949,-8.41948),(4.2443,10.7588)]
triangle[(16.4094,-4.11038),(-3.36486,-18.4093),(23.1315,-55.0517)]
triangle[(6.04559,-3.37746),(18.678,-9.54857),(24.9228,3.23471)]
triangle[(-0.653667,0.836633),(-7.41584,12.4586),(-27.6229,0.701272)]
triangle[(-5.07547,13.4985),(2.62171,-9.63761),(48.1616,5.51314)]
triangle[(14.3453,-4.7778),(-6.62929,0.776036),(-15.8821,-34.168)]
triangle[(11.6271,5.53699),(2.28056,14.7229),(-14.4542,-2.3044)]
triangle[(14.2142,-17.9582),(19.2552,18.2652),(-37.4691,26.1592)]
triangle[(-0.703427,6.75812),(-8.22426,13.4984),(-19.5391,0.873194)]
triangle[(16.5042,-2.31299),(20.4205,-15.2108),(42.9957,-8.3561)]
triangle[(1.80419,-8.48393),(-9.89782,4.16222),(-24.9635,-9.77866)]
triangle[(12.1905,4.14081),(-8.3666,-7.33174),(12.8938,-45.4273)]
triangle[(13.0493,10.5428),(13.7893,15.1029),(8.91838,15.8933)]
triangle[(6.4959,18.0411),(9.53595,1.91653),(27.3446,5.27409)]
triangle[(-10.3029,-20.7205),(19.286,-19.2614),(17.3713,19.5665)]
triangle[(-3.11385,-10.0839),(-2.34652,12.8825),(-32.5379,13.8913)]
triangle[(-17.2491,20.4375),(-9.98073,7.1759),(6.2029,16.0458)]
triangle[(0.676147,-14.9627),(-19.9267,-2.87531),(-42.1989,-40.8381)]
triangle[(-17.2846,4.78387),(19.7287,12.1797),(7.69479,72.4045)]
triangle[(-11.21,19.0462),(6.37995,19.6855),(5.55385,42.4132)]
triangle[(-19.3682,0.869607),(-20.6274,-5.45566),(-8.66767,-7.83648)]
triangle[(7.47209,1.93248),(5.00437,-18.7436),(32.115,-21.9793)]
triangle[(12.8708,15.1758),(-6.74405,-18.961),(43.289,-47.7098)]
triangle[(-16.5003,14.5607),(17.5835,18.0169),(13.5133,58.1557)]
triangle[(0.852863,7.07609),(-15.021,1.91039),(-8.34264,-18.6118)]
triangle[(-6.14183,-10.3583),(-17.9696,-2.88608),(-32.8314,-26.4107)]
triangle[(10.3317,0.344165),(20.274,-6.76708),(27.9522,3.96793)]
triangle[(-16.0915,1.7884),(-17.1934,12.1162),(-29.2763,10.8271)]
triangle[(-11.1359,10.488),(-2.4926,-15.5916),(38.6146,-1.96778)]
triangle[(10.7353,-18.2247),(-4.61394,0.683646),(-33.3725,-22.6617)]
triangle[(-11.0025,8.28801),(6.22596,19.0228),(-14.8941,52.9189)]
triangle[(-15.7777,-20.0626),(-14.3685,18.8166),(-81.7086,21.2575)]
triangle[(3.63725,5.19129),(10.3213,9.23608),(2.95049,21.4166)]
triangle[(-13.095,-6.64411),(-12.1987,9.08439),(-31.4039,10.1788)]
triangle[(11.1896,-10.1908),(-7.03304,2.42943),(-20.7439,-17.3681)]
triangle[(-9.59949,17.1457),(-9.58149,14.0155),(-3.47235,14.0506)]
triangle[(-18.3753,2.26192),(8.9857,-5.95404),(17.8005,23.4011)]
triangle[(-11.2343,15.1808),(12.293,-4.27481),(33.5106,21.3833)]
triangle[(19.5451,-14.4915),(-8.33265,6.89387),(-32.63,-24.78)]
triangle[(-12.6086,10.2864),(-8.06592,17.0036),(-20.6214,25.4945)]
triangle[(-20.904,7.26116),(-13.5371,0.142003),(-1.84861,12.2372)]
triangle[(1.48816,-13.9252),(11.9079,-6.28452),(-1.91759,12.5696)]
triangle[(17.3482,4.49819),(11.0445,12.6665),(-4.55609,0.626996)]
triangle[(15.7362,-13.7118),(-20.7431,17.0366),(-66.8297,-37.6398)]
triangle[(-6.05926,2.13993),(-9.42458,20.8278),(-33.1048,16.5635)]
triangle[(14.89,-8.8159),(-3.59786,-12.8825),(1.09376,-34.2119)]
triangle[(4.5099,10.3255),(18.3493,-10.6626),(42.6272,5.34601)]
triangle[(-11.3158,9.80813),(13.8133,13.2726),(8.59255,51.1401)]
triangle[(13.7338,-6.06166),(-18.6478,16.3273),(-42.6515,-18.3898)]
triangle[(8.05845,14.9847),(16.249,-14.3294),(48.6065,-5.28855)]
triangle[(-12.8993,19.5884),(-3.01649,19.7391),(-3.27438,36.6486)]
triangle[(18.511,-11.3761),(-17.7991,-6.63692),(-22.8514,-45.3461)]
triangle[(-19.7401,6.12352),(3.94609,18.3812),(-10.4537,46.2068)]
triangle[(-5.23074,-20.0789),(8.39005,-18.5036),(5.88916,3.11981)]
triangle[(-12.5299,20.4851),(7.91956,-6.6639),(51.9268,26.4837)]
triangle[(-5.78952,3.38633),(-1.7703,-9.44479),(20.9993,-2.31242)]
triangle[(8.23498,1.05373),(5.16932,0.759728),(5.46712,-2.34551)]
triangle[(13.5652,9.79745),(16.3381,-16.2138),(68.3437,-10.6697)]
triangle[(17.583,-16.9717),(14.0105,4.28292),(-24.8116,-2.24236)]
triangle[(18.5875,5.31914),(5.51839,10.3069),(-2.48947,-10.6755)]
triangle[(6.538,6.87558),(15.0739,14.8088),(5.73886,24.853)]
triangle[(1.39907,-10.618),(-16.3849,-4.83379),(-22.382,-23.2724)]
triangle[(20.8476,9.91332),(0.164176,13.5019),(-6.80444,-26.6631)]
triangle[(0.493213,12.0214),(-8.62453,-9.78703),(24.5721,-23.666)]
triangle[(16.5684,-10.7999),(-10.6129,-10.3099),(-11.2554,-45.9545)]
triangle[(-0.409488,15.002),(16.3673,20.5638),(9.91724,40.02)]
triangle[(6.82583,-4.95637),(16.1608,8.8919),(-0.377422,20.0402)]
triangle[(-3.2622,0.926965),(-15.0498,19.236),(-38.0257,4.44388)]
triangle[(-4.71848,12.1654),(12.1872,-18.2636),(50.4124,2.97341)]
triangle[(3.57325,11.1295),(-14.9572,-5.28793),(10.7992,-34.3594)]
triangle[(-4.00567,2.12665),(4.09756,-20.71),(45.7058,-5.94603)]
triangle[(12.9728,-20.9302),(7.08743,-6.847),(-8.25183,-13.2572)]
triangle[(-6.80299,-2.55435),(-15.5966,9.16084),(-31.0124,-2.4105)]
triangle[(-10.7596,18.235),(-1.80406,-20.7168),(47.3859,-9.40731)]
triangle[(-16.5061,-3.97238),(-15.3795,10.6378),(-30.2614,11.7853)]
triangle[(1.56463,-2.84918),(-0.323901,1.20917),(-7.38385,-2.07615)]
triangle[(1.67681,-6.7221),(7.43719,14.0192),(-23.292,22.5535)]
triangle[(-14.6671,-16.7069),(5.52428,10.2207),(-45.5678,48.5316)]
triangle[(-12.9378,4.47899),(18.7708,-4.65734),(36.9086,58.2919)]
triangle[(-1.50183,15.6069),(-4.60981,-14.9134),(30.0336,-18.4413)]
triangle[(-12.5235,-10.8274),(12.6101,-20.5277),(30.3253,25.3724)]
triangle[(8.67491,13.3097),(-20.4024,2.94969),(-4.6605,-41.2329)]
triangle[(-11.4132,-18.1598),(-2.73038,11.0275),(-54.6108,26.4613)]
triangle[(19.3389,14.7753),(-7.55681,10.2818),(-3.01703,-16.8907)]
triangle[(20.7584,-7.84001),(-12.7409,3.34441),(-29.2261,-46.0317)]
triangle[(4.79534,-19.3459),(-16.8013,-2.31366),(-45.4544,-38.6455)]
triangle[(11.3223,13.4448),(-6.66717,-13.9321),(26.454,-35.6962)]
triangle[(-16.9166,7.86312),(8.59896,-9.86481),(41.2777,37.1693)]
triangle[(6.64555,-18.3884),(-15.5332,2.6231),(-51.4695,-35.3095)]
triangle[(10.9131,6.86695),(-7.29511,-0.819939),(0.93766,-20.3212)]
triangle[(4.61879,-18.2956),(-4.67986,6.16843),(-40.7917,-7.55749)]
triangle[(-16.7946,18.0043),(-20.0648,-1.09143),(6.17664,-5.5853)]
triangle[(14.9504,6.77787),(-8.70975,4.70236),(-6.2099,-23.7953)]
triangle[(19.3105,11.9395),(16.6301,-4.05887),(43.2488,-8.51867)]
triangle[(-1.19187,-12.7556),(-15.3966,6.657),(-42.9848,-13.53)]
triangle[(6.77123,-12.2936),(4.49371,14.3847),(-37.547,10.7957)]
triangle[(5.01568,20.5349),(-3.07452,19.4307),(-1.8516,10.4706)]
triangle[(-3.49954,-13.1451),(16.5853,-12.8379),(16.1031,18.6792)]
triangle[(3.42092,-11.4819),(14.8972,18.802),(-22.4681,32.9618)]
triangle[(-19.2489,18.9954),(-13.9966,-8.46212),(36.0312,1.10749)]
triangle[(14.6721,3.18764),(-16.4685,7.71771),(-24.2417,-45.7171)]
triangle[(14.4143,-20.1848),(10.8003,-11.183),(1.66086,-14.8522)]
triangle[(-6.25398,-8.52181),(-13.5568,-18.4714),(5.84125,-32.7092)]
triangle[(-12.4587,4.97341),(10.6767,-3.52185),(25.3934,36.5567)]
triangle[(13.2657,-18.6308),(13.8361,15.3225),(-33.6516,16.1202)]
triangle[(19.5339,-6.12975),(17.2423,-19.6189),(37.1782,-23.0058)]
triangle[(-4.74694,-15.1324),(-2.80055,-9.49531),(-8.52101,-7.52012)]
triangle[(13.6898,16.4077),(-9.47071,1.6556),(15.8043,-38.0256)]
triangle[(18.7911,-16.8183),(2.43329,6.72929),(-29.5295,-15.4743)]
triangle[(9.69433,-5.92694),(-6.82047,14.9034),(-39.9085,-11.3295)]
triangle[(-1.87423,2.54853),(-7.00014,-0.688109),(-2.81606,-7.31449)]
triangle[(16.1515,-5.10603),(-18.243,-10.1288),(-12.3281,-50.6321)]
triangle[(-2.06247,-6.96525),(-16.7741,0.827374),(-27.3834,-19.2019)]
triangle[(18.666,-13.6292),(5.8472,-13.2695),(5.46567,-26.8656)]
triangle[(-7.77724,18.9555),(-4.00136,-9.72854),(48.7354,-2.78645)]
triangle[(17.8637,7.50866),(9.71452,-0.564308),(22.3838,-13.3531)]
triangle[(-2.61289,13.256),(11.2655,-9.84385),(55.495,16.7292)]
triangle[(20.2553,20.1045),(15.035,19.1227),(16.9208,9.09644)]
triangle[(12.5827,7.24113),(18.5665,-4.88028),(34.0817,2.7789)]
triangle[(-14.3641,11.6754),(-11.3599,-5.05848),(15.5705,-0.223627)]
triangle[(9.02179,2.98641),(-9.19374,-12.0503),(12.6321,-38.4902)]
triangle[(-10.1211,2.35085),(16.3571,-6.86729),(29.9875,32.2846)]
triangle[(-4.62649,8.73168),(16.6021,16.2799),(4.32838,50.7984)]
triangle[(1.49835,-15.0289),(-16.3143,-19.2739),(-7.85044,-54.7897)]
triangle[(2.37955,-15.5782),(7.03337,-19.4155),(12.007,-13.3834)]
triangle[(-14.2178,-17.9747),(9.05786,-20.7096),(14.2529,23.5035)]
triangle[(-14.5712,-11.3456),(-13.4678,18.6027),(-48.0875,19.8781)]
triangle[(-10.0908,2.45023),(3.34075,-0.0616453),(6.13814,14.8966)]
triangle[(9.88924,-13.8844),(18.6079,-14.6523),(19.9056,0.0810289)]
triangle[(-12.1168,1.36777),(-14.6188,-13.6509),(12.1933,-18.1175)]
triangle[(-15.0106,17.4069),(15.805,-10.5797),(69.9459,49.0337)]
triangle[(-3.46501,-0.10807),(2.18976,16.8884),(-18.8653,23.8935)]
triangle[(-13.4774,10.8688),(-16.1494,9.79792),(-14.2667,5.10045)]
triangle[(4.10807,1.98885),(-2.82104,-5.28703),(10.1483,-17.6383)]
triangle[(-19.0096,-0.96937),(15.2132,5.16664),(8.09775,44.8521)]
triangle[(7.3051,19.4522),(-1.59641,-9.55382),(50.31,-25.4831)]
triangle[(-6.78515,-19.6584),(18.3255,-19.5109),(18.117,15.98)]
triangle[(4.95344,17.7547),(2.94671,-10.8624),(40.4034,-13.489)]
triangle[(14.0474,16.9356),(0.169553,-6.35624),(37.7873,-28.7699)]
triangle[(8.64443,11.3433),(20.156,18.6545),(8.43759,37.1054)]
triangle[(6.54502,0.858419),(3.33727,-12.8608),(29.2171,-18.9119)]
triangle[(-5.34318,-16.6555),(-4.56733,12.7643),(-46.9117,13.881)]
triangle[(-11.7311,-14.1522),(-2.87497,-4.58194),(-21.2877,12.4568)]
triangle[(-0.12391,-0.330394),(1.52085,14.7278),(-23.7996,17.4934)]
triangle[(12.0304,-6.13193),(16.1567,-14.2567),(31.2679,-6.58213)]
triangle[(-11.772,-9.51679),(6.2306,10.3459),(-14.458,29.0971)]
triangle[(-7.64186,19.1718),(-10.2582,-10.7277),(22.3499,-13.581)]
triangle[(-9.67081,18.1791),(5.95737,8.86039),(21.698,35.2585)]
triangle[(10.2371,-3.65237),(13.029,9.71405),(-6.81253,13.8584)]
triangle[(-18.6672,20.6336),(-3.3842,-17.9064),(55.7784,5.55451)]
triangle[(10.4353,18.0928),(-6.55822,-6.93963),(39.4429,-38.1681)]
triangle[(-3.43239,18.4087),(-18.4344,-9.35395),(27.4998,-34.1752)]
triangle[(2.11332,-2.20841),(-5.78909,19.2694),(-36.5113,7.96559)]
triangle[(-10.4803,0.766851),(9.72216,17.7653),(-8.70717,39.6684)]
triangle[(4.62291,-1.74493),(11.6324,2.85167),(3.89432,14.6516)]
triangle[(14.4489,-3.39802),(20.1429,17.7538),(-16.775,27.6919)]
triangle[(-19.4891,0.465984),(17.0549,-9.55361),(33.9172,51.9473)]
triangle[(-17.4914,17.0534),(-10.8948,-15.846),(40.7985,-5.48108)]
triangle[(-0.482333,-13.2494),(-0.500324,16.3213),(-54.2668,16.2886)]
triangle[(0.953064,19.061),(15.7351,-19.8521),(67.7187,-0.104915)]
triangle[(-16.1077,14.7579),(4.64574,0.042202),(25.0046,28.7541)]
triangle[(20.4872,15.5084),(11.4184,0.609937),(35.8572,-14.2661)]
triangle[(-15.4456,-12.6659),(10.1822,-20.3429),(19.7277,11.5225)]
triangle[(20.9488,-20.8788),(0.455091,-7.15785),(-19.5433,-37.0275)]
triangle[(-20.1186,-3.52501),(0.0721161,14.7179),(-23.4515,40.7533)]
triangle[(5.7824,-20.7144),(4.23692,-0.577227),(-17.3939,-2.23734)]
triangle[(-3.51363,-7.62735),(19.1448,19.4475),(-29.8286,60.4324)]
triangle[(-9.72924,2.75371),(3.13881,-13.593),(23.2253,2.21896)]
triangle[(-12.6409,-20.7206),(14.5364,-0.061179),(-26.2563,53.6014)]
triangle[(19.0933,-14.4303),(-17.7284,-11.3495),(-22.5843,-69.3865)]
triangle[(-3.75399,3.57735),(7.4211,8.14469),(0.813459,24.3119)]
triangle[(10.4429,16.6533),(-8.21646,5.53867),(11.0763,-26.85)]
triangle[(19.8033,4.25787),(-5.11886,3.19263),(-3.80051,-27.6514)]
triangle[(-13.3469,3.78971),(1.4043,11.8102),(-13.7008,39.5914)]
triangle[(-5.17087,-17.6815),(2.46556,-11.4371),(-7.5774,0.844702)]
triangle[(12.2937,16.0058),(18.2462,12.6407),(21.9761,19.2386)]
triangle[(-17.5666,-6.2322),(-1.50519,18.8548),(-39.1371,42.9478)]
triangle[(-16.2612,-6.42495),(10.8513,4.07518),(-0.970148,34.5993)]
triangle[(-18.354,-15.8288),(-13.2802,-10.5417),(-20.9939,-3.13928)]
triangle[(-13.9892,-14.5354),(0.232737,-16.1826),(3.38199,11.0076)]
triangle[(16.2698,20.7665),(19.9928,-7.13671),(69.7792,-0.493878)]
triangle[(-3.8963,5.02036),(-18.7721,-6.8737),(4.60514,-36.1115)]
triangle[(6.99373,-1.02999),(3.27822,-7.23943),(11.8829,-12.3882)]
triangle[(-14.5349,-14.2372),(4.87604,3.26601),(-20.1905,31.0646)]
triangle[(8.76467,-9.70944),(-3.13283,-16.3429),(8.91157,-37.9452)]
triangle[(-9.47448,-10.4909),(6.97577,-20.0204),(23.3386,8.22566)]
triangle[(-19.6059,19.146),(6.5389,-9.57662),(60.4689,39.5132)]
triangle[(-2.69832,-0.92611),(19.0471,-14.9912),(34.2184,8.46458)]
triangle[(18.2908,14.832),(-15.4371,-0.140098),(3.9614,-43.8395)]
triangle[(20.7908,8.87548),(18.1715,-13.8463),(59.3245,-18.5904)]
triangle[(-10.9098,16.9905),(-11.5445,-11.0643),(23.0987,-11.8481)]
triangle[(19.7564,-6.90063),(-4.41565,16.2473),(-48.0029,-29.2684)]
triangle[(13.7362,-6.70758),(-10.0977,10.8678),(-40.1857,-29.9345)]
triangle[(-17.4576,-18.5068),(-8.69578,10.5634),(-48.9807,22.7054)]
triangle[(17.4985,-18.8308),(-7.1747,-13.7374),(-14.7219,-50.297)]
triangle[(-11.1433,-2.05671),(9.77188,-16.2167),(26.165,7.997)]
triangle[(17.7858,13.2038),(-7.30702,0.798786),(11.601,-37.4484)]
triangle[(-5.1494,11.809),(6.36951,-16.7782),(63.3796,6.19349)]
triangle[(20.3403,18.5271),(16.9831,-2.72793),(52.4939,-8.33682)]
triangle[(-1.78543,7.10429),(-14.5843,3.57587),(-8.9489,-16.8659)]
triangle[(-13.5078,-11.7007),(0.404358,12.9324),(-31.642,31.0313)]
triangle[(9.71986,-2.43242),(-5.43978,17.3195),(-36.6062,-6.60075)]
triangle[(-9.58183,11.1511),(2.80364,-20.0881),(38.0589,-6.11039)]
triangle[(-14.4633,-16.5592),(-11.2889,11.1858),(-65.6256,17.4027)]
triangle[(-2.12857,-4.48529),(-15.8997,-18.2506),(9.9663,-44.1274)]
triangle[(5.78031,17.0391),(-5.54275,-11.6249),(34.8034,-27.5627)]
triangle[(-16.2503,8.13253),(-18.4163,-10.2953),(1.21233,-12.6025)]
triangle[(0.177098,9.74111),(-13.6769,6.85659),(-8.94722,-15.8596)]
triangle[(-1.92168,-17.1712),(-17.7995,-1.44372),(-43.0241,-26.9093)]
triangle[(-4.86489,-17.0276),(-13.7326,17.8935),(-66.177,4.57589)]
triangle[(18.5489,-20.8828),(-20.6583,-11.0512),(-34.7283,-67.1602)]
triangle[(18.3176,-20.4905),(6.6689,15.6939),(-53.3122,-3.61552)]
triangle[(-19.3581,-3.80906),(-15.1616,17.9959),(-48.1275,24.3404)]
triangle[(2.99381,-14.04),(15.6711,-7.20689),(5.58552,11.5045)]
triangle[(-11.6949,18.1991),(-2.86538,18.8349),(-3.60206,29.066)]
triangle[(-0.286962,-12.0821),(-14.2348,-12.8915),(-13.0301,-33.6519)]
triangle[(-20.2009,3.13102),(16.6253,19.5441),(-10.9799,81.4825)]
triangle[(8.36709,10.0267),(-14.0344,5.37771),(-6.3236,-31.7768)]
triangle[(-19.9486,-6.25544),(-8.09725,-16.6487),(11.3302,5.50428)]
triangle[(-9.73058,14.0948),(12.9081,-13.6787),(50.829,17.2313)]
triangle[(16.5865,18.9534),(17.8642,-13.0626),(51.1809,-11.7331)]
triangle[(20.1934,19.7643),(7.28803,20.2077),(6.63728,1.26712)]
triangle[(-1.6446,12.8441),(4.52791,9.19495),(10.2643,18.8981)]
triangle[(-13.1065,3.37804),(17.4116,17.0817),(-1.85047,59.9786)]
triangle[(-7.82382,-11.144),(1.76069,7.50615),(-33.0618,25.4018)]
triangle[(10.1303,17.4146),(3.08128,-6.12716),(38.6791,-16.786)]
triangle[(10.0403,20.775),(15.6387,20.8932),(15.4142,31.5235)]
triangle[(18.274,-2.14215),(-5.95004,-6.59767),(-1.1426,-32.7351)]
triangle[(7.89213,-16.5161),(7.01131,-5.0605),(-10.6523,-6.41864)]
triangle[(11.1505,-19.244),(-11.6443,-17.5663),(-13.8796,-47.9383)]
triangle[(12.3865,19.3795),(-8.48107,-20.3943),(38.1666,-44.8683)]
triangle[(4.02077,-13.72),(7.88917,-4.33273),(-2.14378,-0.198266)]
triangle[(-6.57304,-1.60371),(18.2291,0.595718),(15.7692,28.3348)]
triangle[(7.31139,5.78018),(19.6167,1.06085),(28.0116,22.9499)]
triangle[(13.744,1.33635),(-2.97873,7.48245),(-9.4653,-10.1667)]
triangle[(-12.1403,18.6646),(17.2785,8.85676),(34.6556,60.9795)]
triangle[(14.7427,-4.65449),(-20.5417,1.07627),(-27.134,-39.5125)]
triangle[(10.7595,19.1902),(-5.56959,0.184236),(27.9397,-28.6055)]
triangle[(-15.6867,-20.6684),(-16.5165,19.889),(-68.8482,18.8184)]
triangle[(0.573763,14.6238),(-15.3766,-15.6587),(35.0038,-42.1951)]
triangle[(-9.40177,14.8135),(11.1837,-1.63847),(40.7866,35.402)]
triangle[(6.59644,4.2019),(-20.9142,18.3708),(-43.0828,-24.672)]
triangle[(-4.0186,-7.83273),(-5.40553,10.3194),(-30.7144,8.38563)]
triangle[(-15.1432,-4.35384),(-14.6918,-15.613),(6.0405,-14.7818)]
triangle[(-15.3163,-18.5069),(-6.16156,7.72965),(-44.248,21.0191)]
triangle[(-10.6931,-16.9376),(12.996,-6.52886),(-3.23966,30.4216)]
triangle[(12.9275,-5.92813),(14.758,-6.96695),(16.6175,-3.6903)]
triangle[(-9.81912,-4.38845),(-3.99487,-16.0391),(17.6933,-5.19703)]
triangle[(6.07636,11.2477),(19.1844,-7.1703),(41.9664,9.04358)]
triangle[(15.0531,15.9846),(6.80772,-20.9238),(63.1301,-33.5063)]
triangle[(-9.37816,18.1831),(-12.0678,-15.7847),(31.727,-19.2525)]
triangle[(-19.3405,-3.02311),(7.79148,-9.51408),(20.6169,44.0954)]
triangle[(-18.1588,-1.10702),(16.3865,9.69213),(4.63285,47.2907)]
triangle[(20.802,12.1909),(-15.2245,8.75769),(-11.3407,-31.9983)]
triangle[(-14.4181,7.0096),(-4.13688,-14.3147),(27.086,0.738981)]
triangle[(1.06937,13.0484),(-4.94775,7.87953),(2.20802,-0.450596)]
triangle[(-1.57492,-4.01547),(6.0212,-14.9195),(24.0221,-2.37956)]
triangle[(-16.3313,17.8546),(-11.9808,-0.277082),(20.4301,7.49966)]
triangle[(5.0913,-13.2551),(-14.5008,0.971271),(-36.2893,-29.035)]
triangle[(-5.02494,-12.3477),(9.60127,9.62591),(-22.157,30.765)]
triangle[(-5.09796,11.642),(20.1238,0.0604809),(33.7752,29.7901)]
triangle[(17.0053,10.5966),(-3.58327,5.9477),(2.71849,-21.9606)]
triangle[(2.50509,3.06336),(-10.0113,-16.2964),(27.9641,-40.8481)]
triangle[(-20.1588,-1.11594),(16.4546,17.8529),(-3.70221,56.7592)]
triangle[(13.3901,10.7583),(3.25796,-19.2645),(36.4401,-30.4629)]
triangle[(-0.0112888,13.5624),(17.4102,6.22322),(31.6922,40.1253)]
triangle[(-8.68911,-16.366),(19.3417,-9.09061),(11.3165,21.8294)]
triangle[(5.33749,18.7756),(-17.219,18.7367),(-17.1548,-18.4363)]
triangle[(18.4082,17.2366),(19.2761,1.70355),(50.176,3.43007)]
triangle[(14.1367,-0.692073),(5.68551,-13.7752),(20.1166,-23.0971)]
triangle[(4.975,-0.572317),(5.64159,19.348),(-21.1029,20.2429)]
triangle[(10.074,-15.4185),(-19.8725,17.2385),(-82.8257,-40.4897)]
triangle[(-0.12966,-1.67619),(4.85433,5.77984),(-6.32643,13.2536)]
triangle[(-18.8785,-19.2141),(10.7488,9.42568),(-41.7133,63.6968)]
triangle[(7.3077,-4.79095),(-14.178,-20.1384),(3.2898,-44.5924)]
triangle[(-20.1519,-5.84038),(-14.2747,2.40903),(-29.5892,13.3198)]
triangle[(-19.906,4.52543),(-5.02372,-7.78524),(9.98615,10.3601)]
triangle[(-7.59226,-17.4799),(9.29361,11.5957),(-30.3517,34.62)]
triangle[(-20.129,16.8181),(5.23922,-10.8549),(57.1737,36.7542)]
triangle[(12.8759,-18.9979),(-6.54151,6.72234),(-50.2416,-26.2689)]
triangle[(-14.3694,-4.02343),(1.87529,-19.8125),(17.8974,-3.32813)]
triangle[(15.3401,-7.34777),(12.818,4.4331),(-3.54862,0.929195)]
triangle[(-16.3497,-7.67097),(17.4167,-15.5444),(27.6919,28.5226)]
triangle[(17.1341,4.87867),(2.9527,-19.9481),(36.0558,-38.8571)]
triangle[(-9.56439,-20.3329),(4.33753,19.6062),(-51.8173,39.1524)]
triangle[(-10.2498,-1.20794),(-10.8799,-19.198),(17.0674,-20.1769)]
triangle[(-18.795,-7.19334),(-9.49096,-4.7647),(-14.0349,12.6431)]
triangle[(-6.09147,-20.7017),(-18.3142,-9.91384),(-33.4936,-27.1122)]
triangle[(19.201,11.4709),(3.23424,19.7613),(-9.65827,-5.06855)]
triangle[(12.7569,7.78531),(-9.89192,-14.6142),(21.8614,-46.7209)]
triangle[(10.953,5.91336),(-5.03656,-14.1841),(30.7905,-42.6882)]
triangle[(-19.8601,14.9422),(-20.5439,-7.50458),(17.178,-8.65379)]
triangle[(1.37184,-20.3045),(-16.1152,-6.94421),(-37.6672,-35.1532)]
triangle[(-0.763738,-9.73423),(-8.15344,-13.0655),(-2.2817,-26.0908)]
triangle[(-18.3617,20.3372),(5.17642,-6.10479),(52.1508,35.7109)]
triangle[(-1.39867,-3.47892),(18.5296,-18.5484),(44.8725,16.288)]
triangle[(-6.62524,16.0286),(0.219648,-14.281),(38.8196,-5.56393)]
triangle[(-8.46741,4.53258),(17.0696,7.37036),(11.8233,54.581)]
triangle[(-2.56435,8.75646),(10.6905,5.31882),(15.6305,24.3664)]
triangle[(-2.84793,8.85798),(16.3043,-12.6778),(45.9586,13.6944)]
triangle[(6.93577,-9.38148),(-1.67514,3.01841),(-24.4063,-12.7669)]
triangle[(5.3103,1.01709),(11.1521,-6.81801),(26.7174,4.7873)]
triangle[(-0.204432,-2.10112),(11.643,5.66215),(3.34706,18.3225)]
triangle[(2.45557,-14.8896),(-19.0747,-15.4027),(-18.3388,-46.2813)]
triangle[(-16.5815,-3.23645),(3.07631,20.7983),(-28.6075,46.7122)]
triangle[(-13.1403,-8.25134),(9.65581,3.92223),(-9.12771,39.0961)]
triangle[(14.0144,6.53125),(-0.574955,2.28409),(5.00399,-16.8801)]
triangle[(7.96332,-16.4171),(16.1995,-16.4746),(16.3004,-2.01992)]
triangle[(17.0617,-14.6933),(6.10721,-6.7792),(-5.78236,-23.2365)]
triangle[(-8.72842,-14.5724),(-18.784,19.3173),(-73.5458,3.06861)]
triangle[(18.6019,0.622728),(11.5645,13.2184),(-12.1,-0.00331822)]
triangle[(-15.9227,19.0376),(-7.65549,10.2564),(6.15669,23.26)]
triangle[(-19.6459,-6.26618),(2.94504,-7.42145),(4.6935,26.7693)]
triangle[(6.55338,-17.434),(6.76407,15.1228),(-33.9931,15.3866)]
triangle[(20.2342,3.89957),(-13.8283,-17.1296),(7.4872,-51.6558)]
triangle[(12.6601,11.9866),(6.31457,-19.1928),(46.1167,-27.2932)]
triangle[(-20.4009,0.83164),(-14.798,17.3944),(-45.1229,27.6528)]
triangle[(-18.0364,0.367221),(-7.15528,4.0257),(-11.372,16.5671)]
triangle[(-4.10605,10.9577),(-19.8483,17.4777),(-29.1455,-4.97005)]
triangle[(-3.41324,-10.1311),(-10.5676,3.80611),(-34.0523,-8.24926)]
triangle[(-14.0933,9.48041),(-17.6491,-14.7023),(30.4214,-21.7705)]
triangle[(-15.2527,3.86853),(6.37549,12.8595),(-6.14296,42.9732)]
triangle[(-1.21276,6.10402),(-11.0502,-12.6183),(18.4358,-28.1115)]
triangle[(-6.46383,-9.48734),(-14.1018,-19.3052),(1.59554,-31.5173)]
triangle[(10.4244,-15.3153),(-20.3272,-3.12577),(-43.049,-60.4482)]
triangle[(-3.25286,4.28432),(-13.063,17.8133),(-37.7412,-0.0814624)]
triangle[(16.3919,8.37723),(12.9301,-6.59881),(39.4583,-12.731)]
triangle[(-11.1487,-18.8789),(15.3678,-17.9107),(13.9207,21.7234)]
triangle[(-3.73367,4.82259),(12.3878,11.1337),(0.682643,41.034)]
triangle[(20.2406,-7.03698),(14.9155,12.8657),(-10.7404,6.0014)]
triangle[(2.93823,1.30102),(7.8648,2.51597),(5.67726,11.3864)]
triangle[(7.41287,20.4659),(14.5804,-5.04376),(56.9327,6.85609)]
triangle[(-6.81085,11.7917),(16.6067,9.20857),(19.7781,37.9587)]
triangle[(-5.66575,7.51682),(-6.21844,-15.3975),(27.0681,-16.2003)]
triangle[(5.66434,-15.4271),(19.2503,-4.23229),(-1.07667,20.4365)]
triangle[(-15.0327,-20.3742),(9.78724,12.2312),(-48.104,56.2992)]
triangle[(-7.3849,8.71289),(-15.3406,-6.24394),(3.79225,-16.4208)]
triangle[(-13.5734,-11.4079),(-4.38832,-12.3598),(-3.22979,-1.181)]
triangle[(-5.51202,9.80982),(-0.516543,6.43434),(6.00836,16.0907)]
triangle[(-3.31197,15.7522),(1.41055,-13.2172),(58.2254,-3.95532)]
triangle[(20.3176,12.8998),(15.8666,-4.83731),(48.5365,-13.0355)]
triangle[(-13.9453,-16.583),(-20.1004,11.6674),(-68.0937,1.21082)]
triangle[(-16.1955,-19.584),(-8.16857,17.795),(-55.8748,28.0397)]
triangle[(-13.5434,-1.72979),(-20.0163,-12.6541),(-4.56821,-21.8075)]
triangle[(18.133,-10.9669),(20.5547,-18.9001),(35.0219,-14.4839)]
triangle[(9.4346,18.6034),(-17.5225,-1.00635),(13.4625,-43.6006)]
triangle[(-12.2104,-18.0022),(-0.552664,-1.68107),(-22.3443,13.8841)]
triangle[(18.8261,-12.6609),(10.3542,18.1609),(-34.4515,5.84528)]
triangle[(-1.71863,19.5485),(-3.58824,-5.5362),(27.4236,-7.84758)]
triangle[(-12.885,18.5785),(0.12662,-15.9299),(38.3884,-1.50308)]
triangle[(8.24369,-1.85103),(-4.54281,18.4665),(-32.1301,1.10494)]
triangle[(-19.369,11.9865),(-8.10465,3.36292),(7.17184,23.3176)]
triangle[(-2.04822,6.80389),(-10.57,7.53946),(-11.55,-3.81434)]
triangle[(-11.2003,5.60792),(-7.31658,-9.67172),(20.736,-2.54136)]
triangle[(-0.0164663,2.56973),(2.00778,-14.916),(32.289,-11.4105)]
triangle[(-13.7177,19.9636),(4.89524,8.06294),(18.5434,29.409)]
triangle[(-6.38986,-11.1993),(11.5879,-19.4475),(22.9149,5.24094)]
triangle[(-6.3066,8.35601),(3.49914,-2.62883),(24.6838,16.2819)]
triangle[(20.9836,20.2084),(-10.9846,16.4999),(-4.2519,-41.5374)]
triangle[(2.27689,4.23193),(20.8604,-13.5876),(56.4731,23.552)]
triangle[(-3.17952,11.6727),(12.5271,-1.06383),(25.6073,15.0666)]
triangle[(10.7828,10.1204),(16.6542,19.5503),(0.940219,29.3343)]
triangle[(-10.0615,13.2681),(4.49943,-2.67475),(21.4406,12.798)]
triangle[(-13.6614,-12.8125),(-13.0751,5.46599),(-37.6332,6.25369)]
triangle[(11.4585,6.72612),(-16.3628,-11.089),(9.82444,-51.9847)]
triangle[(-4.73871,4.10288),(6.94979,-0.674643),(12.1345,12.0101)]
triangle[(-18.9277,13.1996),(-8.55305,-14.9457),(22.4174,-3.5297)]
triangle[(-0.886976,18.3793),(-13.873,15.5857),(-8.96122,-7.2466)]
triangle[(16.1657,-19.4998),(18.5437,9.41637),(-32.5049,13.6145)]
triangle[(-3.28657,-6.47002),(-8.01139,10.2856),(-34.5015,2.81588)]
triangle[(18.3786,11.6263),(15.8499,-15.9518),(66.9459,-20.637)]
triangle[(11.2398,-12.679),(1.33418,0.000657305),(-14.9941,-12.7553)]
triangle[(1.80427,16.3722),(5.24315,-15.6999),(47.1017,-11.2117)]
triangle[(17.5046,18.0158),(-11.5714,-1.37174),(25.2786,-56.6366)]
triangle[(-17.8528,12.0045),(-11.1113,-1.50808),(6.89846,7.47708)]
triangle[(8.86658,19.3195),(-7.48368,20.358),(-8.56507,3.3326)]
triangle[(-14.2976,-5.73312),(-13.4597,5.57453),(-28.7027,6.70407)]
triangle[(-12.3252,-18.5957),(16.0149,20.0005),(-32.5279,55.6441)]
triangle[(-11.8187,-7.75248),(-4.3471,-16.9766),(13.5605,-2.47147)]
triangle[(1.40695,-7.24467),(-10.6022,17.6194),(-43.9754,1.50041)]
triangle[(-2.10042,0.41833),(-20.6157,3.32819),(-25.0307,-24.7643)]
triangle[(-5.91268,-13.807),(-3.76631,12.1774),(-42.7657,15.3988)]
triangle[(-7.28122,-1.65018),(-4.74163,-13.8986),(13.5521,-10.1056)]
triangle[(14.727,7.90932),(10.89,-1.48551),(29.6399,-9.14315)]
triangle[(11.5559,19.815),(-19.2241,-19.8444),(28.9362,-57.222)]
triangle[(-19.9825,-5.58631),(-5.75645,-19.7589),(13.4834,-0.446311)]
triangle[(6.37462,-19.5122),(16.687,-10.8683),(-0.307312,9.40629)]
triangle[(-19.3269,-8.71735),(6.77764,-17.6912),(17.1716,12.5446)]
triangle[(18.4327,16.5392),(-16.218,-20.7625),(32.7696,-66.2685)]
triangle[(-10.4985,-0.136497),(-7.4254,8.18405),(-20.9899,13.194)]
triangle[(7.52148,7.36338),(-20.9504,-12.2726),(6.89399,-52.6466)]
triangle[(0.634154,-5.86372),(16.7411,14.3693),(-15.8777,40.3362)]
triangle[(-1.96319,20.3117),(15.854,-5.19638),(55.6203,22.5801)]
triangle[(9.44644,-14.0529),(-16.9056,-13.9837),(-16.9774,-41.3691)]
triangle[(-18.1323,-14.8608),(-14.7907,-13.0083),(-17.0004,-9.02249)]
triangle[(-15.3249,-0.438051),(7.49011,-2.83999),(9.93186,20.3531)]
triangle[(-8.66285,14.0649),(-3.52162,-16.327),(43.3387,-8.39984)]
triangle[(-15.2035,2.83534),(-13.9678,13.3363),(-25.8466,14.7341)]
triangle[(-17.705,-1.46751),(20.4798,-9.83676),(29.4199,30.9526)]
triangle[(16.9536,-0.355365),(1.41376,14.1153),(-17.7078,-6.4192)]
triangle[(3.37309,-9.89451),(0.513656,-13.2776),(5.9548,-17.8765)]
triangle[(2.21637,-5.04774),(16.8449,-20.1074),(34.8844,-2.58439)]
triangle[(5.41871,-14.1194),(-14.8516,15.928),(-66.3572,-18.8182)]
triangle[(-3.13346,-3.37475),(3.41745,16.6022),(-34.8463,29.1498)]
triangle[(-19.6298,9.00741),(-8.3365,-14.783),(21.3966,-0.668796)]
triangle[(-0.25075,-3.1284),(-8.02047,-2.22618),(-9.20109,-12.3934)]
triangle[(-2.76404,9.46067),(-1.16663,-20.9201),(34.2637,-19.0572)]
triangle[(5.96345,0.547277),(8.0818,-9.11253),(22.2449,-6.00663)]
triangle[(-18.6526,20.3727),(6.63556,-10.6603),(57.1439,30.498)]
triangle[(8.40157,-19.848),(11.0599,14.6437),(-31.4612,17.9209)]
triangle[(-12.7633,-1.34461),(-4.76199,4.10876),(-14.3933,18.2399)]
triangle[(-15.3428,-9.15314),(-8.93181,3.54885),(-32.6892,15.5398)]
triangle[(7.39466,3.79156),(-7.2786,13.1362),(-25.6971,-15.7854)]
triangle[(-13.6908,-6.83607),(-18.2271,-1.36149),(-25.2696,-7.19701)]
triangle[(1.38778,10.2972),(-8.14703,7.75156),(-3.58146,-9.34902)]
triangle[(6.59105,8.53732),(-17.0669,19.289),(-36.3596,-23.1626)]
triangle[(5.11174,-9.53722),(-13.9809,-6.82363),(-17.8155,-33.8034)]
triangle[(19.6011,14.2357),(-17.704,-8.72555),(6.42017,-47.9199)]
triangle[(-12.3347,1.76647),(-17.9393,3.13986),(-20.0046,-5.28843)]
triangle[(-11.3039,12.1597),(-1.2667,-14.7782),(44.6858,2.3439)]
triangle[(-19.045,-15.2815),(-6.57461,11.3309),(-39.1195,26.5812)]
triangle[(11.1039,10.9671),(-3.94658,-14.9604),(32.5215,-36.1295)]
triangle[(0.870238,-17.8245),(9.09761,4.57487),(-18.8567,14.8426)]
triangle[(-3.68344,3.71265),(0.96054,-17.3063),(25.94,-11.7872)]
triangle[(1.09709,-18.4384),(3.44615,13.5524),(-54.2157,17.7865)]
triangle[(10.9709,-10.987),(-5.39669,6.5082),(-24.7225,-11.5721)]
triangle[(-7.53105,-15.6517),(3.00305,0.119446),(-19.5381,15.1755)]
triangle[(-18.1702,-17.3229),(-8.37958,-6.56255),(-25.8768,9.35775)]
triangle[(4.88135,-3.61563),(18.3425,-11.0264),(30.3015,10.6961)]
triangle[(-18.6273,-2.64437),(-16.4536,0.608161),(-20.3391,3.20481)]
triangle[(-4.22457,-6.11117),(-15.1593,12.3732),(-36.855,-0.461189)]
triangle[(14.6392,15.289),(-8.72423,-16.1287),(40.8786,-53.0153)]
triangle[(-4.00658,-20.9105),(8.2442,-3.78326),(-19.2231,15.8636)]
triangle[(-0.698851,13.4515),(3.89973,-15.1144),(32.8721,-10.4504)]
triangle[(15.0867,-7.04196),(16.466,-14.6382),(30.9772,-12.0032)]
triangle[(10.708,16.0884),(-6.22095,-13.4799),(50.5139,-45.9628)]
triangle[(10.7526,4.12995),(7.05585,18.6392),(-18.0071,12.2535)]
triangle[(13.8669,-20.7234),(20.9891,-7.5181),(-2.31118,5.04863)]
triangle[(8.57083,12.015),(-11.328,2.86975),(2.76593,-27.7967)]
triangle[(4.68463,-11.0298),(9.84897,10.6821),(-17.7062,17.2363)]
triangle[(6.06842,11.1957),(-15.176,-15.7381),(26.9599,-48.9735)]
triangle[(-4.72413,19.9192),(1.09595,-12.4561),(43.7161,-4.79433)]
triangle[(1.43101,15.7589),(8.4091,-2.97686),(41.5701,9.3739)]
triangle[(12.4932,-13.5893),(6.68956,-20.6054),(15.671,-28.0348)]
triangle[(5.18738,-0.772847),(-9.16048,6.75872),(-18.1194,-10.3083)]
triangle[(-5.62093,-1.72975),(-19.6445,-9.24481),(-9.86295,-27.4978)]
triangle[(-19.3893,-20.1228),(2.33008,17.9047),(-70.0385,59.2378)]
triangle[(14.0551,11.5613),(6.58254,-20.6056),(68.9796,-35.1007)]
triangle[(13.9973,-12.6438),(0.424322,-8.73426),(-4.72868,-26.6244)]
triangle[(-16.1575,-5.44716),(-19.754,16.6904),(-47.1549,12.2387)]
triangle[(-16.1566,-13.6893),(20.654,1.45046),(-6.5681,67.6376)]
triangle[(16.8786,-17.4974),(8.63119,-2.77978),(-11.2533,-13.9225)]
triangle[(-11.9953,-18.8747),(3.60847,-13.8271),(-2.99902,6.5989)]
triangle[(-7.06201,-2.36314),(12.7792,-20.1832),(46.351,17.1962)]
triangle[(13.7704,16.82),(17.4053,11.9543),(22.4605,15.7307)]
triangle[(-7.31035,-18.8768),(-13.0589,19.3956),(-65.2657,11.5541)]
triangle[(12.1864,-1.14127),(16.3879,-18.0269),(45.5195,-10.7783)]
triangle[(-0.452841,-17.0961),(-10.9129,-11.1971),(-22.5315,-31.7993)]
triangle[(17.4704,-20.8664),(-11.2625,-5.47819),(-36.9535,-53.4484)]
triangle[(4.13899,9.00062),(6.07086,10.0598),(4.95002,12.1041)]
triangle[(-20.0734,17.7),(20.3065,-17.6667),(71.9717,41.322)]
triangle[(5.85201,-11.169),(-5.87845,-7.90414),(-10.934,-26.0686)]
triangle[(-8.98318,1.72286),(-18.5875,8.3498),(-26.5355,-3.16909)]
triangle[(14.6155,-15.5708),(-14.1239,4.4935),(-38.8909,-30.9819)]
triangle[(-14.5148,15.1288),(-10.5006,10.2279),(-4.29701,15.309)]
triangle[(9.60683,6.49277),(-19.0424,20.9463),(-34.2048,-9.10795)]
triangle[(14.9125,10.5274),(16.8768,20.8436),(4.40627,23.2182)]
triangle[(4.91762,-16.2938),(9.19895,0.382312),(-20.0749,7.89788)]
triangle[(3.31767,14.3556),(10.0341,15.3179),(8.89792,23.248)]
triangle[(9.32593,2.74818),(-7.07638,6.82128),(-12.7236,-15.9201)]
triangle[(-1.70028,-4.07829),(-4.96293,7.86269),(-20.7848,3.53965)]
triangle[(9.29282,-13.0849),(8.8784,1.89425),(-13.1423,1.28501)]
triangle[(-3.56598,10.3714),(4.48671,-10.52),(37.6841,2.27605)]
triangle[(-19.2093,-5.70174),(-19.3558,6.24466),(-37.5777,6.02126)]
triangle[(1.62628,0.630861),(-14.3154,14.6175),(-38.2785,-12.6952)]
triangle[(-18.9003,12.5215),(-13.6794,6.7233),(-2.15587,17.0994)]
triangle[(-6.46507,16.6238),(-18.3593,-15.5005),(27.4631,-32.4666)]
triangle[(13.367,-8.51859),(-20.8972,-15.9396),(-10.2146,-65.2636)]
triangle[(2.16635,11.5535),(6.50697,-5.19972),(34.252,1.98875)]
triangle[(17.4288,11.6621),(14.1968,15.8461),(6.68501,10.0436)]
triangle[(-17.8922,-5.16161),(0.294584,9.23298),(-21.5462,36.8276)]
triangle[(4.91807,-9.11746),(20.7613,-7.53687),(18.6398,13.7285)]
triangle[(20.0389,5.55571),(3.98836,-16.0229),(45.957,-47.2398)]
triangle[(-13.6701,7.54105),(-16.7656,20.9798),(-39.0036,15.8574)]
triangle[(16.3125,13.5574),(17.6915,-10.0544),(49.7057,-8.18474)]
triangle[(5.86994,-19.1078),(-4.38663,6.72067),(-32.5738,-4.47257)]
triangle[(13.7267,-12.0344),(1.76043,-8.56856),(-2.33642,-22.7135)]
triangle[(19.9079,-19.194),(9.44906,17.1102),(-39.3249,3.05884)]
triangle[(12.1895,-7.97727),(5.99448,8.28041),(-21.967,-2.37436)]
triangle[(-11.1882,14.4013),(-0.565001,2.29957),(15.0537,16.0101)]
triangle[(8.9235,-20.4114),(-4.09661,4.38138),(-38.8301,-13.8591)]
triangle[(-16.5134,19.2056),(-4.28479,13.7761),(5.62873,36.1036)]
triangle[(-19.0158,0.6235),(-13.5564,-5.90182),(-3.50093,2.51115)]
triangle[(15.7361,-0.932393),(-15.8053,-12.5292),(-1.30404,-51.9703)]
triangle[(14.9753,-3.63748),(-2.99213,15.1383),(-37.0051,-17.4102)]
triangle[(15.7802,19.912),(-7.09458,-15.0348),(51.3393,-53.2832)]
triangle[(-11.1546,-3.60509),(-0.718167,12.0494),(-27.446,29.8681)]
triangle[(1.58233,5.64237),(-8.82352,12.2343),(-20.7961,-6.66505)]
triangle[(13.2269,13.1089),(-14.5844,-13.1359),(27.6366,-57.8769)]
triangle[(-19.9196,-14.1332),(-9.75273,-11.389),(-13.6933,3.21018)]
triangle[(-18.1935,-3.20274),(13.5534,-13.3767),(29.9948,37.9272)]
triangle[(-10.3288,1.6103),(14.7881,19.4808),(-3.78417,45.5842)]
triangle[(-18.2762,-16.5893),(-5.26827,-12.2037),(-11.7951,7.15514)]
triangle[(7.11333,-16.5074),(0.749735,1.77891),(-20.6403,-5.66475)]
triangle[(-15.3232,-11.8407),(-3.89223,-16.305),(0.682678,-4.5907)]
triangle[(17.0449,4.49399),(19.5048,9.71761),(9.29399,14.5261)]
triangle[(-2.8038,-1.26412),(-15.2807,0.977775),(-19.0003,-19.7232)]
triangle[(-9.29116,12.8405),(9.69765,10.1435),(12.9067,32.7383)]
triangle[(17.7115,3.41822),(-15.0431,-19.9985),(11.1687,-56.6627)]
triangle[(-5.09752,15.7532),(10.5069,2.67985),(27.8964,23.436)]
triangle[(11.4468,-11.449),(9.48051,-14.3369),(12.5495,-16.4264)]
triangle[(-4.11753,16.2791),(-3.54243,0.225676),(23.9357,1.21006)]
triangle[(15.4656,15.2352),(7.43666,-1.97951),(28.8364,-11.9604)]
triangle[(15.5176,-2.12397),(-9.81192,-7.07234),(-0.329518,-55.6105)]
triangle[(-13.7172,-8.37237),(3.07977,9.48505),(-20.981,32.1171)]
triangle[(12.5037,-1.30502),(9.20515,10.1815),(-9.43094,4.82979)]
triangle[(14.3407,-12.7049),(4.49912,-2.03647),(-15.0715,-20.0904)]
triangle[(-2.09689,0.620719),(-17.749,-18.3127),(14.2645,-44.778)]
triangle[(10.5626,-8.83791),(3.81627,-11.4088),(8.73975,-24.3287)]
triangle[(-14.4283,-8.23446),(-11.4298,-13.5781),(-2.98742,-8.8409)]
triangle[(-16.5806,-20.1419),(-18.3639,19.2438),(-89.7527,16.0115)]
triangle[(8.82223,15.1472),(-9.08869,-5.16848),(31.2854,-40.7635)]
triangle[(-13.5637,19.4439),(6.63096,-5.268),(55.7753,34.8929)]
triangle[(1.20878,18.322),(3.44272,-2.38548),(35.7721,1.10224)]
triangle[(18.6202,11.9828),(-0.387461,-1.05311),(22.1468,-33.9103)]
triangle[(10.2416,6.58832),(18.85,10.3228),(12.167,25.728)]
triangle[(-19.6573,-19.476),(-4.90151,-15.0152),(-13.3702,12.9978)]
triangle[(12.6078,-10.1543),(-13.6202,6.58848),(-42.4747,-38.6129)]
triangle[(1.71948,17.122),(-19.6936,-5.92153),(11.9782,-35.3523)]
triangle[(16.5829,0.411499),(6.19139,-9.71176),(23.4787,-27.4572)]
triangle[(11.914,-18.0937),(-15.7129,-9.53807),(-28.8043,-51.8116)]
triangle[(7.9344,-3.85547),(16.6604,5.90848),(2.44004,18.6171)]
triangle[(9.64092,6.97468),(0.871005,-12.6659),(24.8891,-23.3905)]
triangle[(15.7272,-10.5418),(-1.70014,20.2445),(-39.6785,-1.25419)]
triangle[(10.5558,-18.2658),(7.46018,-14.0224),(0.166801,-19.3429)]
triangle[(12.9259,3.38691),(-10.5343,-17.962),(24.5836,-56.5529)]
triangle[(-19.6602,20.3881),(8.87557,14.8791),(18.0602,62.4543)]
triangle[(12.8964,-6.94641),(0.177975,15.1613),(-32.9243,-3.88237)]
triangle[(10.7984,-7.57267),(3.60205,11.5377),(-24.9581,0.782865)]
triangle[(-19.354,4.76537),(-18.7854,-13.1363),(8.8801,-12.2576)]
triangle[(-8.69149,-13.1069),(-12.5785,-2.84194),(-25.1556,-7.6045)]
triangle[(8.82795,-0.846767),(-7.58776,19.669),(-44.6647,-9.99814)]
triangle[(-2.65097,3.2354),(7.94053,17.3804),(-15.2414,34.7386)]
triangle[(-9.16967,11.4933),(16.0755,-5.53191),(49.6567,44.2627)]
triangle[(16.0229,14.7895),(-2.77815,-19.6576),(65.7053,-57.0356)]
triangle[(-20.2865,11.4505),(10.5143,8.91952),(14.7214,60.12)]
triangle[(-2.50236,-9.32555),(-14.2832,-20.9978),(0.696459,-36.1167)]
triangle[(-7.52158,6.89799),(-2.53249,-4.55969),(12.1168,1.81914)]
triangle[(-0.768688,-19.7953),(-3.84184,3.47747),(-38.4928,-1.09817)]
triangle[(12.3025,10.6626),(5.33043,-18.7904),(40.3358,-27.0768)]
triangle[(-14.3215,-2.1883),(-18.2983,-9.85314),(-4.35904,-17.0853)]
triangle[(15.7676,-19.8562),(-14.9047,1.17409),(-43.9704,-41.2176)]
triangle[(7.47788,1.33649),(-11.8692,-12.3171),(3.50765,-34.106)]
triangle[(7.33788,13.0592),(0.436649,13.631),(-0.698234,-0.0666382)]
triangle[(-12.2678,-5.78684),(-7.85262,-6.81599),(-6.0059,1.10667)]
triangle[(-17.7252,-18.3247),(-10.5945,6.35535),(-45.7627,16.5162)]
triangle[(-15.0802,6.89844),(16.5615,-3.39783),(32.2667,44.8662)]
triangle[(-2.91077,-6.33693),(-4.28895,-10.7363),(1.74272,-12.6258)]
triangle[(5.34188,-0.108392),(-12.4976,-14.5914),(13.1188,-46.1446)]
triangle[(-7.47479,-6.62485),(-2.9505,-4.10092),(-5.51622,0.498279)]
triangle[(-19.0122,9.56806),(3.20098,18.0004),(-10.2936,53.5491)]
triangle[(-9.51012,4.39898),(-17.2769,-6.13727),(-3.39883,-16.3675)]
triangle[(-19.238,-14.2489),(-7.65092,14.9502),(-63.3125,37.0383)]
triangle[(5.79441,15.3235),(0.161103,14.3601),(1.31864,7.59159)]
triangle[(-19.0577,-8.15849),(9.1683,6.6718),(-17.9143,58.2174)]
triangle[(-9.39103,1.77158),(3.83316,-16.6433),(33.1154,4.38512)]
triangle[(-5.24111,-5.14353),(-16.8632,-3.04672),(-20.0892,-20.928)]
triangle[(4.53564,-9.16363),(19.1049,-0.529277),(3.60173,25.63)]
triangle[(11.7339,-2.88314),(-8.4994,-9.45899),(-1.88489,-29.8113)]
triangle[(14.7008,6.23134),(-10.5563,2.4129),(-4.31403,-38.8765)]
triangle[(-17.8543,-4.26823),(3.42927,-9.08437),(12.8555,32.5724)]
triangle[(16.4942,-7.49446),(8.06171,0.426191),(-0.200136,-8.3695)]
triangle[(17.8363,14.916),(7.67129,-9.12233),(39.5439,-22.6001)]
triangle[(18.8428,-9.8366),(13.135,-2.68889),(2.16378,-11.45)]
triangle[(-8.00161,-11.934),(3.33612,-0.894195),(-8.57017,11.3334)]
triangle[(-18.4803,-9.36402),(5.7389,-6.3298),(0.65315,34.2648)]
triangle[(20.6908,-12.8171),(-18.6085,-9.31599),(-22.3438,-51.2448)]
triangle[(20.2267,-10.2506),(18.2792,-2.45477),(2.74646,-6.33504)]
triangle[(13.7251,9.99436),(-0.588543,6.32946),(5.22203,-16.3643)]
triangle[(10.8713,-11.2063),(-0.0709596,5.74042),(-33.7284,-15.9918)]
triangle[(0.579905,6.64574),(-1.53206,-12.562),(24.3519,-15.408)]
triangle[(-4.00719,17.3815),(10.9153,-6.66502),(48.2667,16.5141)]
triangle[(6.92627,18.1554),(-7.0951,-4.00176),(28.0293,-26.229)]
triangle[(18.1413,-7.24776),(-1.84011,4.73054),(-22.4759,-29.6927)]
triangle[(-7.34643,20.9844),(-16.3558,-2.59775),(8.16579,-11.966)]
triangle[(20.6924,-7.58813),(12.3823,-9.7667),(15.7945,-22.7826)]
triangle[(2.63032,3.9157),(14.5821,4.79011),(12.9569,27.0041)]
triangle[(-19.6412,-16.17),(7.0455,17.0298),(-44.9661,58.8378)]
triangle[(15.4477,6.22847),(-13.2544,2.53207),(-7.49887,-42.159)]
triangle[(10.1923,6.4114),(12.6793,-18.2322),(57.0489,-13.7544)]
triangle[(-20.3897,10.6124),(7.87109,-0.632385),(26.4534,46.0694)]
triangle[(18.091,8.78707),(-6.2173,13.4902),(-14.3635,-28.6134)]
triangle[(-18.1106,11.6935),(18.5695,16.5214),(12.3775,63.5642)]
triangle[(-17.858,-10.8769),(18.1784,14.7817),(-19.8904,68.2476)]
triangle[(-10.4369,-15.5583),(12.698,-10.6491),(4.20445,29.3771)]
triangle[(18.656,16.6137),(10.3149,-1.48696),(36.0955,-13.3671)]
triangle[(-18.6845,12.3565),(12.9491,-0.836368),(34.6635,51.2299)]
triangle[(6.59197,-11.8852),(-20.2359,-2.39921),(-31.4287,-34.0541)]
triangle[(2.4892,18.256),(-7.12735,-15.8376),(29.2226,-26.0906)]
triangle[(-14.7769,9.83638),(-18.7084,15.9302),(-27.9074,9.99536)]
triangle[(-2.55133,14.4381),(17.147,7.99966),(29.4575,45.6632)]
triangle[(-0.996567,-20.1846),(-5.30829,15.0458),(-53.2943,9.17299)]
triangle[(-11.8451,-0.136772),(-12.9397,-16.3148),(6.75886,-17.6476)]
triangle[(-20.3313,10.1721),(-10.3078,7.32833),(-4.77027,26.8461)]
triangle[(-13.502,7.96231),(18.7411,12.9921),(12.9897,49.861)]
triangle[(14.7714,-15.6082),(-1.49248,-3.85664),(-16.9893,-25.3039)]
triangle[(10.9262,10.6804),(7.02697,-13.0037),(33.8085,-17.4128)]
triangle[(3.56403,1.19528),(-19.7942,-3.09476),(-11.4845,-48.3387)]
triangle[(-3.43553,-13.9529),(1.16081,7.63561),(-26.5304,13.5313)]
triangle[(-3.7921,19.494),(-4.37745,-8.14338),(36.4961,-9.00907)]
triangle[(16.8211,-13.1847),(2.80072,-6.07325),(-8.49439,-28.3417)]
triangle[(-15.9396,19.5292),(2.92798,-7.37403),(47.133,23.6276)]
triangle[(1.36643,-11.3274),(-3.22327,-3.5773),(-12.1646,-8.87244)]
triangle[(12.1697,14.0823),(3.5652,0.0295005),(29.9417,-16.1207)]
triangle[(5.12673,7.2306),(17.083,-5.70103),(35.5743,11.3956)]
triangle[(9.42912,-8.65318),(-10.27,-12.8756),(-3.37316,-45.0521)]
triangle[(-16.256,19.2509),(-6.64789,-12.0334),(51.2034,5.73395)]
triangle[(13.003,19.5282),(1.88799,-4.19475),(44.0968,-23.9711)]
triangle[(-0.660585,-16.5885),(-18.5884,11.4326),(-57.5351,-13.4854)]
triangle[(10.1932,-4.96943),(10.5024,-10.5904),(21.5962,-9.98019)]
triangle[(-1.17004,13.8264),(-9.42139,12.5243),(-7.98315,3.40993)]
triangle[(-6.67974,8.54421),(-1.93305,-13.9309),(21.9153,-8.89414)]
triangle[(4.58484,-5.55514),(7.80619,2.39635),(-6.86544,8.3402)]
triangle[(-0.955238,15.0663),(1.32464,-18.4394),(54.7552,-14.8038)]
triangle[(-15.1376,-16.3328),(19.8781,-12.6503),(13.2441,50.4291)]
triangle[(-17.0595,17.7049),(7.24824,-8.97352),(48.1914,28.3313)]
triangle[(12.9435,-0.701438),(3.36474,15.0025),(-25.6321,-2.68441)]
triangle[(18.306,16.7683),(-13.9594,-16.4585),(44.7291,-73.4488)]
triangle[(7.83878,6.96702),(13.8575,-5.14091),(30.3666,3.06555)]
triangle[(-5.65043,7.49567),(-13.1032,5.53129),(-11.0226,-2.36246)]
triangle[(13.6591,-11.9756),(-19.0962,-15.5334),(-14.4547,-58.267)]
triangle[(-7.47678,-2.50889),(-14.2389,14.798),(-48.7478,1.31463)]
triangle[(-6.74483,16.3406),(-20.868,16.1884),(-20.6478,-4.23608)]
triangle[(-12.1553,-20.9241),(-18.7769,-7.00351),(-43.9024,-18.955)]
triangle[(-18.6452,19.8463),(-14.8358,17.6533),(-10.9879,24.3373)]
triangle[(0.933674,15.3097),(-8.43127,-20.4049),(32.288,-31.0822)]
triangle[(14.3084,-4.93733),(7.64179,4.64233),(-5.49072,-4.49678)]
triangle[(-7.30186,6.51519),(-8.01157,-11.8983),(24.4965,-13.1512)]
triangle[(19.8304,-20.45),(-11.1852,-8.78122),(-32.9122,-66.5315)]
triangle[(11.7292,9.19512),(0.949582,-10.312),(25.7511,-24.0174)]
triangle[(-20.6734,-11.2006),(10.9457,18.728),(-26.6553,58.4529)]
triangle[(17.6857,20.6161),(-18.1911,-19.956),(27.2196,-60.1114)]
triangle[(-8.89643,-10.2363),(7.92025,0.60465),(-6.68275,23.2572)]
triangle[(-4.205,13.8908),(-11.117,-7.82524),(29.5327,-20.7635)]
triangle[(-14.6109,-7.64335),(-10.7265,20.8288),(-66.5473,28.4443)]
triangle[(-18.012,-20.7639),(-9.28587,-5.72492),(-38.6399,11.3072)]
triangle[(-11.4795,-10.1685),(19.9382,-10.3355),(20.2294,44.4535)]
triangle[(5.85932,-16.4449),(-8.14964,6.22555),(-35.4515,-10.6453)]
triangle[(-20.7975,-20.5013),(-20.3106,-15.7126),(-27.1488,-15.0173)]
triangle[(-17.1729,-1.76174),(-0.75132,14.5348),(-18.216,32.1336)]
triangle[(-16.8578,0.507292),(-1.16643,-9.70522),(9.4949,6.67575)]
triangle[(-20.4834,-0.596375),(10.0639,-17.3299),(41.6754,40.3771)]
triangle[(-16.9239,-20.4171),(-13.8218,-5.2754),(-37.017,-0.523318)]
triangle[(6.30534,-14.6988),(-19.6898,-0.504386),(-38.6123,-35.1584)]
triangle[(-13.5144,-2.32381),(-1.7058,9.5562),(-22.8624,30.5856)]
triangle[(15.9098,7.28798),(10.6405,15.694),(-0.506716,8.70639)]
triangle[(-4.49203,-11.1554),(-12.3176,6.58673),(-42.2827,-6.63006)]
triangle[(-15.8883,-20.7539),(3.63918,-15.4394),(-5.6081,18.5383)]
triangle[(-14.4512,-4.34993),(-16.829,-4.70366),(-16.1299,-9.40327)]
triangle[(8.77857,-0.870001),(6.78734,14.1683),(-13.3135,11.5068)]
triangle[(-0.386339,13.6401),(4.49165,-14.7849),(59.7129,-5.30838)]
triangle[(-10.0861,15.6156),(7.26448,20.4355),(-0.282225,47.6021)]
triangle[(-15.9671,20.6394),(-17.4888,12.6094),(-3.19303,9.90034)]
triangle[(19.4146,1.06826),(-18.8755,-3.57086),(-10.3809,-73.6836)]
triangle[(-19.7163,1.28843),(-16.8695,12.3332),(-37.7127,17.7056)]
triangle[(-20.0094,3.11427),(20.5592,12.7742),(9.49369,59.2461)]
triangle[(12.3014,-13.2917),(6.90884,9.31062),(-24.585,1.79673)]
triangle[(11.5452,-16.2297),(-1.85647,-20.1669),(2.99786,-36.6904)]
triangle[(4.30573,1.24105),(3.22068,-6.83796),(13.3532,-8.19879)]
triangle[(0.791049,-18.0334),(-19.0342,-20.0043),(-15.2741,-57.8274)]
triangle[(5.70358,2.80578),(8.57701,-18.0837),(37.3778,-14.122)]
triangle[(3.20926,-4.31233),(16.514,-12.0172),(26.9046,5.92517)]
triangle[(-5.58903,15.0142),(-1.7921,0.411883),(18.9259,5.79903)]
triangle[(20.3429,7.85047),(-16.4047,10.2403),(-18.974,-29.2672)]
triangle[(3.26389,-10.5861),(9.54776,14.8219),(-25.4466,23.4767)]
triangle[(12.7976,12.5592),(5.02262,-19.9279),(65.0028,-34.2826)]
triangle[(-2.00801,-13.5072),(6.22409,-12.8636),(5.51862,-3.84011)]
triangle[(13.5867,-7.1133),(8.61799,-1.81106),(-0.79271,-10.6298)]
triangle[(14.2103,3.78116),(13.6123,14.8154),(-8.32792,13.6263)]
triangle[(-0.0571992,-1.36469),(-12.1255,18.5761),(-43.6372,-0.495047)]
triangle[(19.004,-17.0394),(-1.89763,10.4083),(-34.0912,-14.1074)]
triangle[(-6.13235,-15.1544),(5.04375,-12.4007),(0.492686,6.06996)]
triangle[(-0.926669,6.54439),(3.84292,20.0249),(-15.2024,26.7634)]
triangle[(12.9243,-5.5496),(8.49754,8.4722),(-6.11941,3.85759)]
triangle[(16.5862,-1.56589),(10.0295,-4.11032),(13.7639,-13.7333)]
triangle[(-0.551404,8.51509),(-17.6199,17.9144),(-34.6326,-12.9793)]
triangle[(15.9264,19.6597),(-20.8352,-16.7186),(51.011,-89.3218)]
triangle[(-12.8682,0.318715),(-15.9384,-9.73508),(-3.38194,-13.5694)]
triangle[(4.84663,-18.278),(-6.62274,-0.674676),(-32.9637,-17.837)]
triangle[(16.5089,5.02827),(3.40058,-6.903),(18.1369,-23.0931)]
triangle[(-13.9977,12.3124),(2.89898,14.4131),(-0.150999,38.9447)]
triangle[(1.22164,-16.8561),(-9.96247,-15.1581),(-12.9091,-34.5671)]
triangle[(-15.6992,-7.70271),(17.6973,7.26605),(-5.83995,59.7794)]
triangle[(-5.57924,7.84297),(-9.08327,17.4254),(-25.5766,11.3942)]
triangle[(-16.7402,5.04824),(-4.28313,5.53314),(-4.98473,23.5569)]
triangle[(-0.765521,16.3318),(-4.87645,-12.0702),(35.4105,-17.9014)]
triangle[(6.48241,-2.96133),(17.8893,-8.57124),(29.0348,14.0915)]
triangle[(17.9676,-14.4316),(2.47849,6.30921),(-29.3323,-17.4469)]
triangle[(8.57198,5.1131),(-0.0938035,-6.58482),(18.9082,-20.6614)]
triangle[(18.0245,-5.20059),(9.59423,-3.68183),(7.63084,-14.5802)]
triangle[(15.3708,-10.6011),(-3.26542,-7.10947),(-8.14311,-33.1439)]
triangle[(-12.3312,16.3905),(16.3037,12.6678),(23.3548,66.9047)]
triangle[(-0.915861,9.49164),(-15.9326,-8.52067),(2.5654,-23.9423)]
triangle[(-1.28773,14.3002),(-16.1741,-9.61544),(13.7826,-28.2621)]
triangle[(3.62961,-11.2188),(-12.3187,-3.45035),(-23.4602,-26.3233)]
triangle[(18.4433,-4.4343),(-14.3906,-5.63853),(-13,-43.5546)]
triangle[(-14.1914,13.4403),(-9.56627,-15.2039),(26.2935,-9.41369)]
triangle[(-19.0402,-19.9826),(0.551798,-7.98664),(-18.0933,22.4648)]
triangle[(20.0301,-19.7603),(17.6999,-6.32205),(-5.98356,-10.4288)]
triangle[(-1.01811,-13.6806),(18.6833,8.80557),(-23.9639,46.1713)]
triangle[(-1.91641,14.0214),(-13.4465,-9.47172),(16.0959,-23.9708)]
triangle[(10.4436,-12.5758),(-15.015,8.3474),(-47.499,-31.1779)]
triangle[(3.17697,-14.6005),(-9.71256,-3.66073),(-30.5357,-28.1951)]
triangle[(18.6038,17.3438),(-17.4564,-18.6583),(37.5222,-73.7257)]
triangle[(-1.38527,16.6051),(-12.0686,7.73846),(-1.82448,-4.60467)]
triangle[(11.2625,13.4478),(-6.91847,17.9358),(-15.1962,-15.5974)]
triangle[(16.9325,-11.2472),(-13.3152,20.5795),(-48.9667,-13.3032)]
triangle[(-9.21392,-5.94066),(-4.98502,0.747291),(-15.9041,7.6516)]
triangle[(17.5746,10.3703),(8.987,6.74496),(16.2277,-10.4068)]
triangle[(-13.842,12.9055),(8.53592,16.5118),(4.54222,41.2935)]
triangle[(-18.7381,5.40228),(20.4844,19.6987),(1.12959,72.7991)]
triangle[(15.6755,10.7419),(12.7128,18.1991),(4.37447,14.8863)]
triangle[(15.6074,7.36073),(6.56277,6.88266),(7.27239,-6.54274)]
triangle[(19.3138,19.7788),(17.9239,-16.1151),(68.8595,-18.0874)]
triangle[(1.09553,-4.2924),(19.7704,5.51378),(1.83529,39.6695)]
triangle[(10.3177,19.6243),(12.3339,13.3195),(24.0038,17.0514)]
triangle[(14.4847,-14.3188),(-13.326,12.6766),(-65.3576,-40.9266)]
triangle[(7.0335,11.8258),(-20.4956,15.8919),(-25.052,-14.9568)]
triangle[(0.546344,10.982),(-13.9465,-0.609283),(-1.63056,-16.0082)]
triangle[(17.5397,-9.91009),(10.1491,3.02167),(-8.00937,-7.35611)]
triangle[(14.7248,-1.5255),(15.2302,-3.90802),(18.6005,-3.19312)]
triangle[(-9.98158,-4.46251),(19.7799,-18.7018),(37.9719,19.3211)]
triangle[(-10.7768,14.6194),(-1.2223,16.0239),(-3.3705,30.6379)]
triangle[(1.23013,12.1266),(-1.78074,3.33853),(8.74105,-0.266342)]
triangle[(8.0657,-9.67399),(11.2516,7.17386),(-13.7702,11.9054)]
triangle[(-19.7696,-16.134),(5.3243,-14.5199),(3.62963,11.8262)]
triangle[(8.56526,6.75549),(-5.04289,-20.2088),(42.534,-44.2196)]
triangle[(9.04955,18.4764),(-20.0486,18.5177),(-20.1234,-34.181)]
triangle[(1.30399,12.8096),(17.6752,-10.235),(44.0749,8.51971)]
triangle[(-18.538,1.42434),(8.73801,-16.3882),(34.2203,22.6324)]
triangle[(14.448,-7.55437),(-4.70568,12.325),(-32.9787,-14.9159)]
triangle[(7.97109,-7.58366),(-5.07224,-17.9912),(12.3055,-39.77)]
triangle[(6.52082,18.4845),(1.53161,-7.13771),(29.072,-12.5004)]
triangle[(-18.084,18.7007),(12.324,2.43621),(41.4989,56.9816)]
triangle[(-5.47609,-20.6354),(4.53504,1.78261),(-27.2679,15.9848)]
triangle[(-12.3715,1.13264),(-20.7748,10.3618),(-33.9082,-1.59623)]
triangle[(4.92511,-11.515),(4.45071,-13.7033),(8.47643,-14.576)]
triangle[(11.8797,-3.999),(-20.6064,12.4663),(-50.8782,-47.2603)]
triangle[(-15.7152,4.90817),(-8.40373,11.3986),(-20.7967,25.3594)]
triangle[(-8.94917,-11.208),(0.677895,16.2391),(-49.7135,33.9139)]
triangle[(0.0112285,17.1847),(20.3454,10.0202),(30.8903,39.9483)]
triangle[(17.559,2.84859),(0.958019,8.82619),(-6.0885,-10.7433)]
triangle[(-2.85671,-16.5382),(-11.1243,3.62558),(-43.9444,-9.83142)]
triangle[(8.12646,10.8127),(12.7209,-13.8689),(49.9898,-6.93139)]
triangle[(2.30864,-9.28006),(-9.43727,16.0766),(-37.6923,2.98805)]
triangle[(12.5163,5.12646),(-5.13653,-19.7127),(44.0055,-54.6372)]
triangle[(6.78088,-2.8531),(-19.6281,-14.8095),(-1.40376,-55.0632)]
