triangle[(-3.01534,-0.671427),(-16.514,12.929),(-39.7871,-10.1699)]
triangle[(-15.9507,-11.0084),(19.7084,17.028),(-29.7077,79.8796)]
triangle[(-8.10446,18.4969),(3.37386,-3.99884),(41.8636,15.6404)]
triangle[(-17.3163,-12.2831),(7.96232,-3.81708),(-8.76382,46.1252)]
triangle[(0.45252,8.99878),(-20.2475,2.16528),(-10.2292,-28.1824)]
triangle[(-16.7936,11.637),(-9.78764,4.2739),(4.679,18.0389)]
triangle[(-13.1828,17.2883),(-10.9034,9.43307),(3.72315,13.6773)]
triangle[(18.2418,4.10546),(16.2339,19.1442),(0.277362,17.0136)]
triangle[(-7.29177,-12.4749),(-8.23486,2.07586),(-37.1034,0.204761)]
triangle[(-20.1322,-0.333605),(-6.43543,-17.409),(23.8342,6.87143)]
