triangle[(20.5202,-15.6485),(17.2433,11.1606),(-19.8913,6.62159)]
triangle[(-10.3102,-2.24987),(-2.65838,-5.11297),(1.93858,7.17264)]
triangle[(-5.7275,-1.14367),(19.3041,-19.0649),(42.8347,13.8016)]
triangle[(-11.2537,20.0126),(8.83464,-11.9105),(53.336,16.0929)]
triangle[(7.57256,-19.9775),(-19.6679,11.6415),(-72.3828,-33.7736)]
triangle[(15.5339,18.2421),(12.8241,-18.688),(68.337,-22.7613)]
triangle[(-7.79309,-18.0549),(-19.1281,6.25681),(-55.0527,-10.4926)]
triangle[(-15.5824,-18.7416),(-7.55722,12.6581),(-67.8681,28.0725)]
triangle[(-14.5197,11.5777),(-5.0099,2.08416),(11.3006,18.4227)]
triangle[(4.98023,15.8057),(-5.09267,-8.51448),(21.1923,-19.4011)]
