triangle[(11.5094,-5.59282),(-17.2455,-15.8512),(-4.32333,-52.0725)]
triangle[(11.706,19.4107),(0.922011,7.23396),(19.7811,-9.4681)]
triangle[(6.07602,-4.79681),(2.37948,11.6952),(-17.8419,7.16273)]
triangle[(-2.73674,8.23601),(-14.2396,-16.3793),(16.6151,-30.7978)]
triangle[(9.44634,19.4388),(3.46863,18.1311),(5.59401,8.41555)]
triangle[(9.17224,-17.4692),(5.84122,1.74941),(-19.7353,-2.68358)]
triangle[(-6.86592,-16.7995),(17.6997,-0.233949),(0.890355,24.6933)]
triangle[(-5.28922,-17.3173),(-1.07045,14.4476),(-49.1945,20.8391)]
triangle[(17.6546,-12.9953),(-6.10425,-20.9637),(2.70692,-47.2354)]
triangle[(4.48189,6.92373),(11.8484,-2.28599),(23.9006,7.35419)]
