triangle[(3.41123,7.37972),(11.8365,9.36102),(8.22377,24.7235)]
triangle[(20.0386,-13.8981),(19.2097,-5.55603),(2.64375,-7.20205)]
triangle[(-13.5016,-5.95199),(-8.27689,-15.6231),(3.07845,-9.48848)]
triangle[(14.4531,11.7954),(9.13,11.0452),(10.4797,1.46917)]
triangle[(11.4583,0.116182),(8.1141,2.97819),(4.30172,-1.47656)]
triangle[(1.31434,5.9752),(7.11874,11.4652),(0.752843,18.1956)]
triangle[(-14.14,9.90861),(-18.6716,9.18028),(-17.4243,1.41952)]
triangle[(4.65662,8.92926),(7.44057,16.9818),(-3.50925,20.7674)]
triangle[(1.001,-7.23128),(-3.82978,-19.6062),(9.76982,-24.9151)]
triangle[(15.3498,-16.4951),(-0.362843,-5.15313),(-13.0197,-22.6874)]
triangle[(-14.8823,6.19941),(-9.9014,-16.0141),(24.9602,-8.19711)]
triangle[(17.1287,18.3004),(-5.09385,-15.7558),(48.5539,-50.7623)]
triangle[(-11.5184,-4.02986),(-8.11854,-4.85639),(-6.88419,0.220965)]
triangle[(-13.9765,8.25706),(18.8754,19.6571),(5.2202,59.0078)]
triangle[(-2.82046,-0.411026),(3.94767,-13.2437),(27.3063,-0.924105)]
triangle[(2.49943,-0.903417),(19.2812,14.8508),(-0.711221,36.1471)]
triangle[(-0.34779,-13.8049),(8.45765,19.5698),(-35.4659,31.1584)]
triangle[(-8.37659,5.39544),(-10.9682,9.69498),(-15.7918,6.78747)]
triangle[(17.3521,-1.3966),(0.804371,18.0121),(-31.6948,-9.69652)]
triangle[(16.4042,1.87929),(-9.86524,-1.85646),(-5.16609,-34.9005)]
triangle[(-20.5997,-13.9599),(5.75509,10.0527),(-22.6081,41.1824)]
triangle[(-6.58719,5.71),(11.1941,13.4639),(-3.96524,48.2275)]
triangle[(-1.0883,-18.3811),(-1.7904,-2.91996),(-17.4099,-3.62926)]
triangle[(-7.05279,12.5701),(12.9243,10.4908),(16.188,41.8459)]
triangle[(16.6162,8.62329),(1.21082,7.06811),(4.20638,-22.6056)]
triangle[(-16.2964,2.25742),(-10.1955,-18.7466),(21.369,-9.57821)]
triangle[(7.77828,16.9466),(3.99062,8.99907),(13.3656,4.5311)]
triangle[(12.8491,-16.1004),(-6.28909,-2.3369),(-26.9124,-31.0137)]
triangle[(12.7684,-1.10565),(7.54819,7.4442),(-1.42949,1.96272)]
triangle[(-12.89,15.6343),(6.38928,-16.972),(67.9001,19.398)]
triangle[(2.29959,2.00657),(10.6183,16.6729),(-8.61315,27.581)]
triangle[(-6.79384,-15.0023),(-10.6709,11.421),(-48.7484,5.83393)]
triangle[(-8.43537,18.582),(-2.52459,-14.5347),(47.2702,-5.64716)]
triangle[(12.3521,15.3908),(-15.3589,-15.05),(42.6586,-67.8646)]
triangle[(20.6868,2.20202),(-10.8828,-1.18391),(-4.36878,-61.9192)]
triangle[(-2.37763,13.9006),(7.45868,7.65442),(19.8966,27.2411)]
triangle[(7.77111,9.34725),(7.36148,-13.1938),(45.8666,-13.8935)]
triangle[(7.55643,-10.1244),(16.1434,-11.5788),(18.4789,2.21054)]
triangle[(-4.12174,-11.422),(-10.4019,-20.8446),(4.68545,-30.9002)]
triangle[(9.08999,-18.0023),(18.7144,-10.1212),(4.10567,7.71903)]
triangle[(-7.82855,10.546),(-18.7291,-13.7436),(24.2612,-33.0365)]
triangle[(-0.487171,-19.9181),(-0.714086,1.65633),(-40.8864,1.2338)]
triangle[(-6.3324,3.82074),(-9.02735,-7.83732),(10.8444,-12.431)]
triangle[(-0.92515,-6.11962),(1.098,-1.20305),(-5.44722,1.49028)]
triangle[(-7.59159,-14.0425),(-2.76623,-16.8028),(2.34816,-7.86242)]
triangle[(4.01971,-0.652347),(9.03978,3.49808),(4.06513,9.51508)]
triangle[(-14.9657,19.0558),(20.3597,-9.08886),(66.0296,48.2332)]
triangle[(4.99856,16.5108),(4.3951,4.06827),(26.689,2.98703)]
triangle[(-14.3753,-10.6877),(-8.98355,2.15745),(-30.1203,11.0297)]
triangle[(12.5503,-8.62162),(-14.0954,9.97018),(-41.0544,-28.6672)]
triangle[(18.9527,2.61943),(20.5061,-6.69374),(35.0061,-4.27518)]
triangle[(-13.8178,-13.9961),(-10.3365,7.00686),(-32.3057,10.6483)]
triangle[(-0.29777,13.7248),(-19.0924,7.6912),(-12.5422,-12.7126)]
triangle[(-20.56,17.1264),(-15.2233,-16.8424),(32.1553,-9.39895)]
triangle[(-6.75002,-16.7649),(-4.46945,-6.59235),(-16.1968,-3.96321)]
triangle[(2.55661,-19.4292),(10.7384,-4.95411),(-17.6376,11.0848)]
triangle[(-7.05503,-14.3569),(-20.7703,-3.72144),(-33.9727,-20.747)]
triangle[(7.46568,6.6074),(11.9132,-0.744113),(24.8423,7.07767)]
triangle[(-20.427,19.347),(16.9716,-13.6151),(59.634,34.7894)]
triangle[(-15.0922,-3.78674),(-16.5582,8.41914),(-33.7643,6.35254)]
triangle[(-12.6737,-8.98442),(-3.39408,-13.4417),(2.6048,-0.952587)]
triangle[(-12.2461,-18.0794),(1.23827,6.68835),(-39.2547,28.734)]
triangle[(-15.2116,-4.21294),(-2.40654,16.7046),(-41.1158,40.4013)]
triangle[(-13.5044,-9.00872),(-14.0979,-2.67977),(-26.5368,-3.84626)]
triangle[(-9.86039,-3.02599),(-4.16773,-12.9272),(15.3514,-1.70479)]
triangle[(-11.5025,6.50327),(16.8879,12.0889),(7.72397,58.6671)]
triangle[(-18.4414,7.77024),(-0.663366,-8.399),(24.3991,19.1571)]
triangle[(2.39188,-14.7713),(-0.915584,14.8745),(-47.2037,9.71037)]
triangle[(-6.27252,-9.07857),(-2.55677,-18.3654),(9.29037,-13.6252)]
triangle[(20.9621,-13.6821),(-6.83601,-5.04032),(-23.7105,-59.3205)]
triangle[(18.1912,9.81077),(-17.4364,9.84837),(-17.5016,-51.8861)]
triangle[(2.17623,4.48356),(-6.76363,17.8083),(-26.8032,4.36326)]
triangle[(2.9635,19.8687),(13.9289,-2.05938),(39.5852,10.7704)]
triangle[(-11.7507,-0.290716),(16.8663,1.0061),(14.3783,55.9081)]
triangle[(5.27481,1.7691),(18.9598,-4.13601),(28.0999,17.046)]
triangle[(-14.5474,1.46517),(-17.7029,5.39878),(-22.1632,1.82077)]
triangle[(7.7407,-16.3019),(-14.4099,-6.37714),(-28.8217,-38.5423)]
triangle[(-0.342647,-17.3641),(20.7504,9.03908),(-16.9383,39.148)]
triangle[(10.7838,3.40229),(18.4024,0.237907),(21.9749,8.83917)]
triangle[(-17.8822,10.4278),(16.0585,-19.1914),(47.1005,16.3796)]
triangle[(17.7101,6.44024),(5.67241,12.5384),(-4.71181,-7.96)]
triangle[(14.8192,-8.86736),(19.0327,-7.90884),(17.7105,-2.09656)]
triangle[(5.45731,15.6075),(-9.53486,16.5355),(-11.1551,-9.63967)]
triangle[(-19.0223,-11.6827),(4.12699,11.7807),(-31.1376,46.5733)]
triangle[(-2.56488,-1.98043),(7.96185,14.5352),(-19.2981,31.9101)]
triangle[(-17.8476,11.3345),(-12.742,-11.6037),(15.9036,-5.22784)]
triangle[(0.772961,7.96237),(-13.4801,1.06832),(-3.27621,-20.0278)]
triangle[(-11.024,9.99665),(0.627167,-12.7206),(38.6266,6.76845)]
triangle[(-12.6491,-11.7417),(-18.9479,-0.0301649),(-32.1431,-7.12692)]
triangle[(10.0675,-13.0415),(6.90924,-2.32683),(-8.07883,-6.74473)]
triangle[(7.89776,-15.0377),(-12.6568,14.3448),(-49.7875,-11.6301)]
triangle[(-8.10019,5.72987),(10.9846,14.1146),(-1.36104,42.215)]
triangle[(3.50913,-9.35713),(-3.83092,-11.8214),(-1.18232,-19.7104)]
triangle[(-10.4481,-4.53217),(-20.2487,-14.6879),(-3.25433,-31.0879)]
triangle[(-8.50901,1.51979),(-5.14053,-17.6768),(30.5848,-11.4079)]
triangle[(-4.88535,-7.85701),(-17.883,3.23281),(-36.3578,-18.4203)]
triangle[(8.88091,10.4859),(18.5925,-15.4471),(61.3887,0.57953)]
triangle[(-15.8769,16.575),(-2.45737,-12.5166),(51.9627,12.5865)]
triangle[(-18.9542,17.5465),(-14.9316,17.0927),(-14.0637,24.7869)]
triangle[(-13.5796,17.5005),(-19.9329,18.4445),(-21.779,6.01908)]
triangle[(-16.7895,11.87),(-17.0223,-2.20781),(1.74324,-2.51813)]
triangle[(3.28448,-4.3666),(-2.08762,9.95587),(-22.9937,2.11439)]
triangle[(-7.28572,-15.4381),(-4.25968,-1.7288),(-20.9689,1.95939)]
triangle[(15.2896,-0.600488),(9.97012,-6.69526),(18.6801,-14.2973)]
triangle[(16.1148,16.8816),(-1.42328,19.4572),(-4.43766,-1.06796)]
triangle[(10.2758,-3.02374),(12.1844,-0.652721),(7.93564,2.76745)]
triangle[(20.253,-14.0183),(-0.0741726,-17.527),(3.81285,-40.0456)]
triangle[(-20.0407,-19.0224),(-5.21616,-4.13125),(-30.5754,21.1146)]
triangle[(-15.2028,-11.5491),(6.28903,3.06733),(-18.9126,40.1235)]
triangle[(8.2998,0.397682),(18.289,-1.59733),(22.1295,17.6325)]
triangle[(-8.38616,-13.1393),(-14.3637,-7.50072),(-22.3297,-15.9457)]
triangle[(-12.7054,11.4961),(8.36685,10.6204),(9.45665,36.8445)]
triangle[(0.9981,10.6659),(-19.1171,-11.4148),(15.2968,-42.7655)]
triangle[(-16.9297,5.47379),(-18.7269,-12.373),(4.00989,-14.6626)]
triangle[(-20.3933,-16.0516),(-4.87238,-5.03555),(-20.0296,16.32)]
triangle[(19.1913,-18.3311),(20.4486,11.9527),(-37.0958,14.3416)]
triangle[(0.338181,17.588),(-16.2598,9.61517),(-5.0027,-13.82)]
triangle[(-9.4253,2.08703),(-5.05974,19.9534),(-36.0784,27.5326)]
triangle[(-8.60849,-19.3472),(-10.9335,-4.95906),(-39.3875,-9.55695)]
triangle[(-18.1944,-9.58594),(-9.36984,-17.4636),(-1.48329,-8.62902)]
triangle[(-20.7679,18.0227),(-4.99049,-1.33139),(25.0554,23.1619)]
triangle[(-3.1917,-7.78237),(7.48068,8.07849),(-21.3605,27.485)]
triangle[(-17.216,-7.31263),(8.46455,-6.62505),(7.33256,35.6531)]
triangle[(1.09303,-20.5396),(18.5464,5.1695),(-7.65121,22.9544)]
triangle[(-8.40247,17.2013),(-7.71416,10.9986),(4.58429,12.3633)]
triangle[(8.13646,4.69007),(13.9867,7.05269),(9.74456,17.5569)]
triangle[(8.14745,16.3638),(-1.29946,2.61274),(18.1129,-10.7234)]
triangle[(-3.52205,-1.71898),(6.4232,19.6515),(-15.8897,30.0353)]
triangle[(16.4198,1.91353),(12.48,13.7476),(0.0324362,9.60346)]
triangle[(7.55933,10.0449),(17.1786,-9.12284),(49.8864,7.29149)]
triangle[(3.65511,-11.3583),(18.4902,12.6062),(-11.9978,31.4795)]
triangle[(20.9215,18.1127),(-2.40448,-4.0442),(33.9764,-42.3446)]
triangle[(1.20739,7.704),(-18.4412,18.9417),(-31.2212,-3.4035)]
triangle[(-13.4149,-2.86146),(-11.3194,8.29317),(-27.5617,11.3445)]
triangle[(-13.7403,-20.2643),(-7.08884,-6.24491),(-21.4888,0.587162)]
triangle[(1.53899,1.24743),(17.353,19.8524),(-12.1773,44.9528)]
triangle[(-20.3818,-19.1395),(-3.369,16.6152),(-74.7709,50.5897)]
triangle[(16.1372,-5.30746),(16.4233,2.08699),(6.10034,2.4865)]
triangle[(-2.3999,16.1579),(12.6971,10.722),(21.5041,35.1818)]
triangle[(-8.36718,-17.5865),(-15.3784,20.0258),(-71.7499,9.5177)]
triangle[(18.9374,10.9531),(-3.28987,18.0143),(-16.6248,-23.9612)]
triangle[(9.57252,-16.0049),(6.48442,1.92102),(-29.2532,-4.23552)]
triangle[(-18.7092,8.65628),(11.849,-14.5014),(37.6043,19.4846)]
triangle[(-0.0516969,17.3968),(-1.53455,-9.95857),(35.2069,-11.9502)]
triangle[(6.20517,-15.1969),(15.4845,-20.5334),(25.9308,-2.369)]
triangle[(2.03987,8.97785),(-11.7942,-18.3534),(19.9805,-34.4366)]
triangle[(-20.9232,-17.2916),(14.6321,-9.97969),(6.13076,31.3597)]
triangle[(7.48723,4.03694),(2.17368,-5.15127),(17.463,-13.9931)]
triangle[(-5.85308,-16.8437),(6.95051,-4.68911),(-10.3733,13.5597)]
triangle[(-10.1876,5.09726),(4.23889,-9.65549),(22.0821,7.79307)]
triangle[(1.54872,11.052),(-0.770716,-15.1827),(48.9085,-19.5749)]
triangle[(-15.0072,-5.70578),(-6.05127,0.381574),(-17.702,17.5226)]
triangle[(-0.0435247,20.1174),(-3.31434,-5.92627),(47.863,-12.3536)]
triangle[(-17.8789,-9.69205),(13.6526,-11.0504),(15.8867,40.8072)]
triangle[(3.25565,8.04796),(-2.4379,15.0253),(-11.2124,7.86514)]
triangle[(2.22196,4.76546),(-18.9469,10.9067),(-31.0449,-30.7947)]
triangle[(-19.9101,12.5904),(-3.61555,-4.52307),(20.7786,18.7036)]
triangle[(16.0945,16.0449),(-13.2778,-15.4285),(29.0485,-54.9291)]
triangle[(-12.9099,-7.69191),(-13.78,11.7257),(-39.8201,10.5589)]
triangle[(-7.51024,-20.7465),(-14.4897,-2.05389),(-34.5702,-9.55156)]
triangle[(-16.4485,13.2654),(-13.0079,-17.5848),(41.2722,-11.5311)]
triangle[(-3.84047,-0.376216),(17.4487,-5.29713),(25.5278,29.6551)]
triangle[(20.9587,-11.0255),(-8.17325,-11.2583),(-7.86215,-50.1882)]
triangle[(-14.5053,9.6101),(-11.1676,18.6357),(-26.1721,24.1843)]
triangle[(16.343,17.4354),(20.7049,9.67438),(34.5091,17.4327)]
triangle[(6.51118,8.05857),(1.73761,13.9394),(-4.60982,8.78701)]
triangle[(-13.3722,-20.8504),(-20.4352,-19.1119),(-22.3433,-26.8642)]
triangle[(18.3578,18.8745),(10.0117,-2.77727),(43.5244,-15.6954)]
triangle[(13.8815,-5.46153),(-1.11148,-9.3414),(5.26422,-33.979)]
triangle[(10.6261,-10.6629),(11.4796,9.61948),(-21.7801,11.019)]
triangle[(-11.3407,-4.82186),(2.3827,-19.8089),(31.2359,6.61146)]
triangle[(6.56533,-8.22293),(-18.2844,-8.31192),(-18.1802,-37.4154)]
triangle[(-19.5282,-4.85067),(-3.28737,0.179899),(-12.1379,28.7532)]
triangle[(10.3068,6.22027),(19.2089,-18.2822),(64.3155,-1.89435)]
triangle[(-0.366179,11.1724),(17.4229,3.82208),(30.4039,35.2383)]
triangle[(-8.18374,-4.84571),(13.101,-15.7899),(33.9201,24.6998)]
triangle[(-0.0286556,-3.19407),(4.40932,-14.8792),(20.4199,-8.79845)]
triangle[(-2.76568,14.1931),(10.7562,-11.5634),(44.2003,5.9943)]
triangle[(-7.37602,-10.0377),(13.1537,14.1921),(-18.4307,40.9533)]
triangle[(0.797947,-6.55592),(4.61713,-3.1341),(-0.966008,3.09739)]
triangle[(15.3347,-3.75603),(9.84663,14.8017),(-16.2424,7.08646)]
triangle[(11.0925,-14.9263),(19.2317,2.64056),(-0.159726,11.6251)]
triangle[(-18.0374,17.2582),(-2.8609,-1.27616),(21.1345,18.372)]
triangle[(-17.2997,-2.01352),(6.66614,16.4539),(-14.0919,43.3924)]
triangle[(16.7119,4.10583),(19.7985,-9.30826),(38.4047,-5.02694)]
triangle[(15.7081,18.9689),(-2.79691,8.34512),(17.2456,-26.5659)]
triangle[(2.98336,19.6448),(-2.56618,12.8121),(10.5241,2.18006)]
triangle[(6.04215,8.09607),(15.7347,-6.39763),(44.4339,12.7947)]
triangle[(-19.2805,-4.25434),(-10.6468,-20.4417),(10.8296,-8.98707)]
triangle[(1.39598,-2.65863),(-16.3558,17.4208),(-55.3018,-17.0104)]
triangle[(-7.86677,6.1537),(-11.417,19.4216),(-37.7602,12.3727)]
triangle[(18.7231,-15.9675),(-7.46081,-7.61663),(-18.4697,-42.1347)]
triangle[(-4.78838,-13.4981),(-15.908,20.2719),(-77.3476,0.0413437)]
triangle[(-0.282796,14.2985),(-2.9978,19.6154),(-13.2119,14.3997)]
triangle[(-18.3536,5.28713),(0.56191,-4.2582),(13.3687,21.1204)]
triangle[(5.37231,0.800339),(5.29914,11.3049),(-13.8204,11.1718)]
triangle[(8.95923,-12.6786),(17.4878,8.2374),(-3.59274,16.8331)]
triangle[(14.6082,-13.9145),(-7.27872,10.8605),(-51.6457,-28.3344)]
triangle[(-1.28351,-1.12997),(-14.3651,-18.6008),(12.646,-38.8258)]
triangle[(10.8618,13.251),(-1.81602,2.40245),(19.2207,-22.1814)]
triangle[(-0.0999801,-4.43751),(-7.29845,-3.0021),(-8.89166,-10.992)]
triangle[(-5.67139,1.17074),(-17.8698,-10.5876),(-5.13066,-23.8034)]
triangle[(19.9593,5.89833),(-10.6015,13.8243),(-24.4147,-39.4361)]
triangle[(16.2352,-19.3745),(-15.7077,13.7441),(-73.0169,-41.5306)]
triangle[(0.632119,-17.168),(9.27017,1.70713),(-18.7067,14.5105)]
triangle[(-19.7869,12.6989),(17.7812,18.7932),(9.24301,71.4271)]
triangle[(-4.77059,-19.2167),(5.92384,-14.1858),(0.697348,-3.07551)]
triangle[(-1.5992,-2.77273),(-1.3258,1.09752),(-8.28106,1.58883)]
triangle[(19.9215,-0.0531877),(-13.3042,18.474),(-44.0777,-36.7137)]
triangle[(0.938451,13.1193),(3.62774,1.69716),(21.3831,5.87758)]
triangle[(-14.789,-5.65618),(-17.211,-13.8621),(-5.16387,-17.4179)]
triangle[(18.4147,-3.88196),(-17.1104,17.8224),(-55.6995,-45.3392)]
triangle[(18.7434,3.84447),(-8.31555,5.16743),(-10.9209,-48.1203)]
triangle[(20.2215,-19.1044),(4.40008,-19.4491),(5.00489,-47.2093)]
triangle[(-20.1712,10.5571),(-14.3391,-6.99581),(7.788,0.356123)]
triangle[(-8.20899,4.17274),(-12.3494,19.9384),(-35.2292,13.9297)]
triangle[(9.65257,10.7739),(7.02085,-10.0615),(31.1489,-13.1091)]
triangle[(-5.2283,-7.77189),(17.6274,-13.2526),(24.9857,17.4336)]
triangle[(3.7621,-17.9114),(-19.8319,7.91378),(-64.7154,-33.0919)]
triangle[(-11.0659,3.90011),(1.71059,-7.07601),(18.5927,12.5752)]
triangle[(-19.6462,11.7118),(-11.4726,-11.7465),(16.5684,-1.9761)]
triangle[(-5.54541,7.28414),(-0.315682,-18.9792),(43.2946,-10.2952)]
triangle[(-3.54177,8.25358),(-0.973736,9.83111),(-3.84998,14.5133)]
triangle[(6.3894,-15.3677),(18.7122,-8.37545),(11.602,4.15531)]
triangle[(-18.7762,18.2249),(-5.29204,-14.3673),(31.8705,1.00776)]
triangle[(-7.65276,0.812144),(10.746,-12.6275),(25.7674,7.93669)]
triangle[(-12.2443,-5.33535),(-9.47221,6.89),(-30.8967,11.7479)]
triangle[(1.1297,4.66893),(-14.982,10.074),(-24.1136,-17.1458)]
triangle[(1.36569,-19.9821),(-11.3352,19.7336),(-51.9483,6.74575)]
triangle[(-3.24209,12.3699),(7.86963,-3.66709),(34.2805,14.6326)]
triangle[(17.3619,-5.30561),(2.67568,-15.8896),(13.4889,-30.8939)]
triangle[(20.2912,3.35717),(5.2692,11.106),(-9.20799,-16.9596)]
triangle[(20.3994,-16.8639),(-15.2408,-2.77818),(-36.2825,-56.0186)]
triangle[(18.0478,16.5713),(1.85962,-9.8185),(42.6125,-34.8173)]
triangle[(-9.44175,-0.0250084),(9.3333,-15.1101),(37.5992,20.0698)]
triangle[(10.1401,16.8033),(-15.8588,12.5094),(-10.5067,-19.8965)]
triangle[(15.2852,-15.4696),(-7.42636,1.72854),(-25.3689,-21.966)]
triangle[(11.1528,-10.8259),(12.4549,14.2763),(-34.5389,16.7139)]
triangle[(13.2494,3.60222),(-5.43924,-9.07589),(12.1651,-35.0261)]
triangle[(-1.01335,-12.6233),(-19.241,15.1362),(-74.5409,-21.1753)]
triangle[(18.7252,-13.99),(14.4834,-20.4211),(25.6465,-27.7839)]
triangle[(-10.2642,16.3547),(6.8865,-10.5371),(39.5235,10.2776)]
triangle[(14.087,-3.6966),(15.0513,12.7854),(-4.14176,13.9084)]
triangle[(18.5615,8.77699),(-14.573,-11.4797),(9.4515,-50.7773)]
triangle[(5.54948,11.5223),(6.99417,-13.9668),(46.9057,-11.7046)]
triangle[(13.1468,9.02748),(-18.7069,-0.382283),(-2.36536,-55.7011)]
triangle[(-16.9952,-10.6192),(15.5858,-18.1214),(29.696,43.1567)]
triangle[(-15.3918,5.18917),(20.6857,6.82584),(17.6478,73.7924)]
triangle[(-12.0722,8.79203),(1.38426,11.0946),(-2.9177,36.2355)]
triangle[(-16.8402,6.05186),(19.6742,15.4595),(2.16302,83.4269)]
triangle[(11.3962,-13.6921),(12.4891,8.8895),(-13.5787,10.1512)]
triangle[(-6.49625,2.8496),(-3.6435,-2.45938),(4.99885,2.18454)]
triangle[(10.8669,-15.7633),(-8.02491,5.74791),(-37.276,-19.9413)]
triangle[(-13.6305,-4.12958),(-0.0319155,-7.946),(5.40665,11.4326)]
triangle[(-5.38951,-14.1723),(-20.2366,19.269),(-59.4633,1.85336)]
triangle[(-12.2911,-15.0487),(15.1076,17.8497),(-46.3115,69.0012)]
triangle[(11.2759,-15.576),(19.6201,16.2984),(-14.8806,25.3302)]
triangle[(-5.88569,15.2292),(-15.9827,20.211),(-21.5812,8.86392)]
triangle[(-6.24144,11.2357),(-4.12524,-5.00534),(22.8517,-1.49026)]
triangle[(6.01371,-18.4358),(-19.8773,0.892264),(-40.4453,-26.6597)]
triangle[(19.061,6.86815),(-5.41807,-0.571182),(8.16642,-45.2707)]
triangle[(7.06936,19.966),(16.5243,-7.52401),(48.8642,3.59901)]
triangle[(-17.1003,1.63473),(20.652,-7.98559),(34.4369,46.1095)]
triangle[(19.081,-5.51632),(-6.28637,-16.926),(7.88707,-48.4381)]
triangle[(6.98107,-3.48992),(-0.748518,-19.7891),(16.8387,-28.1295)]
triangle[(6.67559,17.6133),(-19.5867,-11.6562),(27.3176,-53.7415)]
triangle[(-14.528,-9.48906),(-17.1919,-6.77267),(-21.8323,-11.3234)]
triangle[(-11.5406,15.4134),(13.7397,1.26732),(41.5489,50.9648)]
triangle[(-13.1156,-11.7023),(16.4553,11.094),(-24.9547,64.8104)]
triangle[(6.25879,-4.41164),(8.50414,-11.0854),(15.2477,-8.81663)]
triangle[(1.461,5.44072),(11.5483,-8.73989),(36.3931,8.9333)]
triangle[(-19.5258,20.739),(20.2858,-13.7778),(81.6892,57.0447)]
triangle[(-5.06229,7.84466),(8.34051,-16.861),(33.7195,-3.09297)]
triangle[(-15.155,14.3406),(9.85452,17.1897),(4.23024,66.5606)]
triangle[(-16.5713,-4.0774),(-13.1683,-4.02649),(-13.2353,0.449189)]
triangle[(10.8116,15.7181),(-5.06363,-7.76578),(36.2473,-35.6921)]
triangle[(19.3396,-14.0887),(11.3194,2.62463),(-10.7188,-7.95089)]
triangle[(17.0506,18.2251),(3.14276,-14.1471),(57.1872,-37.3658)]
triangle[(11.7588,-18.0282),(-8.37782,4.01499),(-52.1737,-35.993)]
triangle[(-17.3995,19.3781),(-9.53061,2.34562),(19.5137,15.7639)]
triangle[(9.15817,5.30821),(4.42616,-17.2523),(35.2372,-23.7148)]
triangle[(-11.4811,-15.8573),(-11.0133,0.327235),(-40.5106,1.17987)]
triangle[(7.84476,18.3085),(3.78714,-5.20878),(36.3778,-10.8319)]
triangle[(3.33025,-7.71212),(-7.10816,-19.5646),(9.35843,-34.0666)]
triangle[(-0.0479979,12.08),(-3.29432,-11.2241),(36.4597,-16.7619)]
triangle[(-18.9065,15.7934),(1.11359,10.0117),(12.2328,48.514)]
triangle[(-0.512712,9.39203),(18.3673,-11.1441),(50.5361,18.4304)]
triangle[(18.536,-2.51897),(-20.4636,-6.05985),(-15.0814,-65.3393)]
triangle[(-15.5181,15.9961),(5.06914,10.4935),(11.0983,33.0507)]
triangle[(-8.27765,2.1194),(11.1827,11.4358),(-0.897198,36.6685)]
triangle[(20.1679,-6.51435),(-9.38137,17.8824),(-33.8773,-11.7871)]
triangle[(0.270954,-4.28055),(10.2267,15.3914),(-27.4562,34.4624)]
triangle[(8.17486,-5.35494),(-4.94531,1.69333),(-13.774,-14.741)]
triangle[(-18.4621,15.4625),(-1.36322,-7.6679),(25.6956,12.335)]
triangle[(-5.96665,6.08504),(-5.4061,17.4411),(-20.3358,18.1781)]
triangle[(-9.22787,20.2435),(6.22035,-0.605956),(34.3402,20.2292)]
triangle[(8.24082,-4.68055),(-10.4124,0.121031),(-18.1876,-30.0842)]
triangle[(-7.14967,-0.786459),(9.10166,7.58134),(-3.26899,31.6067)]
triangle[(19.419,14.7918),(18.3248,-6.90672),(40.8096,-8.04066)]
triangle[(-5.12894,-11.3445),(-1.1973,5.11075),(-24.9471,10.7853)]
triangle[(11.6746,-5.6953),(-10.0701,-3.50398),(-13.8717,-41.2274)]
triangle[(-5.63535,5.72564),(16.0737,10.5715),(8.51309,44.4426)]
triangle[(12.7372,10.1969),(17.6218,5.59376),(23.24,11.5555)]
triangle[(6.53123,3.46107),(-11.7666,-17.1078),(25.4314,-50.1986)]
triangle[(-17.9164,-4.95545),(4.18315,-4.55183),(3.46593,34.7179)]
triangle[(2.71982,-3.63613),(12.5014,-18.2471),(38.1256,-1.09264)]
triangle[(8.22236,-13.7915),(14.1712,-20.9773),(22.6032,-13.9968)]
triangle[(9.122,-12.5058),(-9.61959,-15.8555),(-3.35503,-50.9053)]
triangle[(-16.6811,13.9853),(-2.4118,10.1355),(1.85071,25.9344)]
triangle[(-4.41523,12.3456),(-3.17045,15.7117),(-9.3711,18.0047)]
triangle[(-12.353,-20.7085),(15.4916,12.4777),(-20.7835,42.914)]
triangle[(-10.2125,11.9666),(-17.4991,-11.9379),(24.7247,-24.8087)]
triangle[(-1.96822,-13.6713),(-19.9081,17.6409),(-63.0885,-7.09863)]
triangle[(15.2496,-19.8692),(4.20405,-14.1359),(-2.47976,-27.0128)]
triangle[(-16.223,-15.4309),(20.0369,19.2678),(-40.2222,82.2382)]
triangle[(-19.7522,-18.3818),(-3.25714,14.9716),(-39.0427,32.6695)]
triangle[(18.3554,7.32558),(-17.2612,-10.6224),(7.32028,-59.4026)]
triangle[(12.5088,-13.9414),(8.47962,-7.1325),(-2.44074,-13.5946)]
triangle[(9.27124,9.88381),(15.2282,16.1327),(4.31035,26.5404)]
triangle[(4.21051,-15.7535),(2.82282,-3.87677),(-13.4708,-5.78053)]
triangle[(20.3089,17.6216),(10.8647,12.6357),(16.2131,2.50477)]
triangle[(-7.10397,-4.74426),(3.25123,2.59357),(-8.49694,19.1727)]
triangle[(1.42888,16.782),(3.32638,8.12296),(18.2045,11.3833)]
triangle[(13.3987,-9.33916),(-0.808572,-10.3544),(1.21335,-38.6489)]
triangle[(14.1298,-12.0749),(-1.67985,11.6085),(-32.6967,-9.09653)]
triangle[(-1.9637,-3.85365),(17.655,1.29011),(8.71491,35.3884)]
triangle[(-5.58352,20.8071),(13.2891,0.935302),(44.4723,30.5506)]
triangle[(-18.8752,-6.84336),(9.97884,-2.66702),(3.83893,39.7533)]
triangle[(-15.9055,17.595),(-7.80524,1.84799),(18.4038,15.3299)]
triangle[(0.897238,11.7517),(-4.01789,-4.20606),(25.6584,-13.3466)]
triangle[(-17.5714,10.263),(14.3903,0.489458),(32.6982,60.3605)]
triangle[(-13.6049,-20.647),(-16.7064,-13.23),(-29.3327,-18.5098)]
triangle[(-11.3724,-13.906),(-11.713,-2.24971),(-24.0985,-2.61165)]
triangle[(-2.91785,-19.7537),(-2.12716,2.6222),(-36.7513,3.8457)]
triangle[(-11.9709,12.9921),(-8.84411,15.13),(-12.3215,20.2158)]
triangle[(-6.92023,-1.29717),(18.8769,12.0145),(0.675216,47.2882)]
triangle[(16.7909,3.13476),(-8.61544,-3.71946),(0.554176,-37.7081)]
triangle[(6.9388,11.4067),(19.9245,-13.3178),(53.4438,4.28721)]
triangle[(16.2405,5.46062),(-11.6647,16.082),(-22.7433,-13.0246)]
triangle[(18.8483,0.743807),(18.3954,-19.7781),(54.6373,-20.5779)]
triangle[(-11.7253,10.4888),(15.8896,15.748),(6.20462,66.6018)]
triangle[(-2.81296,-6.20711),(19.7793,-7.07759),(20.9392,23.0245)]
triangle[(-18.6106,3.76399),(11.727,-18.1917),(49.5192,34.0282)]
triangle[(-14.3122,0.891833),(-3.4349,-6.29681),(5.27494,6.88226)]
triangle[(6.72632,-15.263),(4.31657,-17.6696),(7.22815,-20.585)]
triangle[(-7.97615,14.8347),(-10.0655,0.306927),(16.4459,-3.50598)]
triangle[(13.0575,11.855),(19.8358,-5.94144),(50.0344,5.56053)]
triangle[(-4.88336,-18.8403),(5.96279,20.6021),(-42.1408,33.83)]
triangle[(-9.7086,-7.47697),(-15.7089,9.91862),(-49.3215,-1.67546)]
triangle[(2.65917,-18.8622),(-1.35875,-13.5477),(-9.12678,-19.4206)]
triangle[(-6.89947,9.25546),(-2.48203,10.1134),(-3.84606,17.1367)]
triangle[(1.13643,8.15698),(-8.73589,-12.3525),(11.9668,-22.3178)]
triangle[(12.2169,-3.91242),(14.8223,10.1906),(-3.04865,13.4919)]
triangle[(-18.2867,0.33912),(-10.1328,-14.5406),(14.3549,-1.12164)]
triangle[(5.61979,-9.51867),(4.75507,20.1232),(-45.7298,18.6504)]
triangle[(-9.24525,20.5718),(15.8187,17.3532),(19.2657,44.1959)]
triangle[(8.54553,-20.156),(13.7113,11.0638),(-37.4889,19.5357)]
triangle[(9.66427,9.36919),(-9.53188,-1.06338),(8.00971,-33.3403)]
triangle[(-19.5959,17.5192),(-6.28518,-8.14492),(37.4463,14.5364)]
triangle[(17.2521,-3.35688),(-2.39698,2.47146),(-9.38544,-21.0887)]
triangle[(-13.0959,11.6185),(-5.43332,14.0307),(-9.96943,28.4399)]
triangle[(-10.4768,-12.6418),(18.8599,17.8335),(-22.7117,57.8518)]
triangle[(6.73334,8.99932),(-9.03637,-19.9996),(24.7976,-38.3986)]
triangle[(7.23488,-8.52126),(12.3888,17.3107),(-20.6696,23.9065)]
triangle[(-15.7868,-1.8574),(-0.0215813,4.82953),(-8.29634,24.3382)]
triangle[(19.6483,17.6916),(15.7502,1.30004),(32.2575,-2.62549)]
triangle[(9.66471,14.6116),(-14.0984,-10.3883),(27.1483,-49.5944)]
triangle[(15.989,4.2413),(7.34447,12.9289),(-3.39785,2.23984)]
triangle[(7.07629,6.32337),(-6.61949,3.66865),(-1.73403,-21.5356)]
triangle[(-3.08395,-10.7167),(-7.74047,16.3796),(-58.8342,7.59908)]
triangle[(9.02449,14.5973),(-16.9563,-3.78918),(9.37675,-40.9988)]
triangle[(-10.6586,10.2361),(-11.1366,-2.97651),(3.8563,-3.51893)]
triangle[(17.3599,-10.4073),(-2.70767,-15.3471),(5.10043,-47.0672)]
triangle[(3.18266,12.0992),(11.4351,-14.5835),(44.2711,-4.42794)]
triangle[(17.5858,17.116),(-19.555,8.34454),(-8.64038,-37.8707)]
triangle[(17.848,19.0937),(-5.03495,-5.50252),(43.7322,-50.8727)]
triangle[(8.65687,-4.43923),(1.59475,-18.8757),(20.8565,-28.2983)]
triangle[(-3.89228,6.86671),(-6.43868,14.4603),(-19.2335,10.1698)]
triangle[(0.752213,-20.5435),(-7.79333,6.01661),(-59.7184,-10.6899)]
triangle[(8.02626,2.28709),(-20.8896,0.601893),(-19.0002,-31.8173)]
triangle[(-12.0649,2.91825),(15.429,14.6134),(2.78878,44.329)]
triangle[(-20.6513,-10.1275),(-5.78257,-15.9635),(0.885076,1.02416)]
triangle[(-2.21547,0.578833),(-2.46507,7.42514),(-13.8896,7.00864)]
triangle[(-12.8034,-12.8895),(-7.80509,-13.8152),(-6.06515,-4.41972)]
triangle[(-1.60647,8.61118),(-13.253,-0.0813509),(3.26145,-22.208)]
triangle[(-12.2414,6.36895),(-20.6254,20.0299),(-41.5268,7.20224)]
triangle[(9.90449,12.8423),(11.2323,4.62607),(20.0334,6.04836)]
triangle[(2.01505,2.32283),(-8.96049,6.41604),(-15.8275,-11.9972)]
triangle[(-17.9731,13.463),(4.32231,-9.6168),(47.5372,32.1294)]
triangle[(19.9086,-5.43656),(4.24297,-18.5889),(21.8788,-39.5948)]
triangle[(-1.6046,2.20513),(15.3196,-13.4293),(41.8151,15.2519)]
triangle[(-11.8779,-7.21567),(-19.8806,-20.7986),(5.88578,-35.9793)]
triangle[(11.4277,17.9659),(14.4211,20.1348),(10.8388,25.079)]
triangle[(-7.76244,-9.83594),(13.573,-11.9336),(17.3263,26.2406)]
triangle[(2.79334,10.1651),(-16.3685,-10.8149),(14.7886,-39.272)]
triangle[(19.8698,-4.95509),(15.2576,9.23654),(-11.3051,0.603825)]
triangle[(-10.538,-6.80003),(-18.3284,6.39157),(-39.0212,-5.82878)]
triangle[(-6.91056,8.04092),(-18.9422,-18.5493),(24.5793,-38.242)]
triangle[(-13.371,2.63623),(-19.3855,3.88338),(-21.5333,-6.4745)]
triangle[(5.57449,-12.8851),(-16.0932,7.20665),(-54.3463,-34.047)]
triangle[(-15.403,-18.4431),(-7.71176,5.16314),(-32.593,13.2699)]
triangle[(15.927,-12.4586),(-13.7103,-14.3449),(-9.96206,-73.2365)]
triangle[(-2.2405,-9.17562),(14.835,-6.7558),(11.2463,18.568)]
triangle[(-1.71058,-8.62932),(17.6838,-8.05147),(16.9967,15.0088)]
triangle[(-20.0757,-4.97819),(-2.6332,4.6981),(-15.7748,28.3873)]
triangle[(-1.49621,20.136),(-20.2444,-12.9031),(43.4757,-49.0613)]
triangle[(-0.725599,-4.18054),(1.55307,-7.08718),(5.11342,-4.29603)]
triangle[(-20.5862,-5.83154),(18.178,7.85236),(-3.9465,70.5275)]
triangle[(-16.5846,15.0416),(8.2861,20.7553),(-1.80765,64.6919)]
triangle[(-5.88999,-3.91764),(5.57427,20.3451),(-37.7404,40.8115)]
triangle[(4.532,13.062),(8.36107,8.7714),(13.0811,12.9837)]
triangle[(-18.3069,-18.5177),(2.66958,13.7047),(-35.3841,38.4772)]
triangle[(14.2196,-17.7544),(10.7553,18.4263),(-60.4448,11.6089)]
triangle[(19.9713,-8.89396),(-10.5405,7.91142),(-28.279,-24.2946)]
triangle[(-11.2296,-14.7194),(-6.83932,14.7077),(-63.5974,23.1755)]
triangle[(14.7754,-19.7239),(6.17392,-15.5348),(1.7771,-24.5627)]
triangle[(-3.64669,18.5645),(12.8757,-19.9296),(85.047,11.0477)]
triangle[(11.0402,10.8594),(-8.06221,-0.0192944),(4.95976,-22.8852)]
triangle[(10.0266,6.15358),(16.5357,3.38668),(20.3206,12.2906)]
triangle[(-0.446415,-19.1512),(20.5427,19.3332),(-52.5448,59.1946)]
triangle[(6.66813,-15.2995),(8.03569,-13.0248),(3.79921,-10.4778)]
triangle[(-11.9855,11.269),(19.8353,-19.8315),(57.4596,18.6642)]
triangle[(20.3584,0.595558),(-14.0835,-1.47191),(-10.8013,-56.1498)]
triangle[(-1.36213,-11.1171),(16.7784,13.5464),(-26.8105,45.6069)]
triangle[(5.66886,-2.26707),(-18.884,5.89924),(-33.4719,-37.9609)]
triangle[(16.5655,-16.8338),(0.938187,7.68512),(-47.6728,-23.2976)]
triangle[(19.7642,-1.76029),(-0.518984,5.57061),(-8.27628,-15.8923)]
triangle[(13.0764,8.25513),(17.0136,8.87921),(15.8848,16.0002)]
triangle[(17.8257,18.9138),(16.6765,-14.1977),(65.6936,-15.899)]
triangle[(-19.922,2.35064),(-11.9203,-9.77449),(4.66817,1.17273)]
triangle[(-11.2886,16.905),(-3.59581,13.2876),(3.11039,27.549)]
triangle[(16.6913,5.49066),(5.96067,-13.9015),(32.5633,-28.6221)]
triangle[(3.87615,0.8554),(-3.86211,1.29027),(-4.30825,-6.64866)]
triangle[(-20.2345,-4.63294),(1.77406,18.446),(-39.511,57.8163)]
triangle[(5.71761,14.9207),(-16.8712,14.9937),(-16.957,-11.538)]
triangle[(9.11857,-18.1972),(7.69773,-3.16371),(-21.9704,-5.96769)]
triangle[(0.849577,12.3446),(-17.4051,1.10652),(-2.74009,-22.7147)]
triangle[(-12.244,-11.5416),(13.4104,7.56011),(-18.3529,50.2195)]
triangle[(20.2742,18.7079),(18.0539,-12.7458),(51.973,-15.1401)]
triangle[(-8.72596,-11.6289),(15.2238,-15.7267),(20.0701,12.5976)]
triangle[(15.8265,-5.39999),(6.17197,4.60712),(-6.23477,-7.36255)]
triangle[(16.5399,-11.8175),(18.5365,5.9043),(-11.1329,9.24704)]
triangle[(-13.0725,13.9829),(14.1956,16.5454),(10.4076,56.8525)]
triangle[(20.3577,4.40511),(-13.7604,-12.9511),(10.9277,-61.482)]
triangle[(-15.039,10.0397),(0.0556455,17.1161),(-12.0092,42.8513)]
triangle[(0.0853642,-18.9464),(-13.6717,-2.92865),(-30.7719,-17.6153)]
triangle[(12.9958,-9.75306),(2.72897,-9.95384),(3.11516,-29.7018)]
triangle[(4.93588,10.4877),(13.1061,13.0469),(8.38137,28.1305)]
triangle[(10.9531,6.16043),(12.1186,13.749),(3.78606,15.0287)]
triangle[(-7.55075,-4.45329),(16.9425,20.6086),(-32.0756,68.5145)]
triangle[(15.6352,6.32038),(-10.6447,-11.5692),(23.3136,-61.4541)]
triangle[(12.661,17.5092),(-8.42383,-13.8814),(42.9179,-48.3672)]
triangle[(1.12083,-11.5818),(-8.0447,10.452),(-41.9845,-3.66609)]
triangle[(-8.22329,8.37917),(11.6756,18.1512),(-6.84381,55.8626)]
triangle[(-1.34011,-5.48247),(9.95455,-12.0938),(19.1937,3.69023)]
triangle[(20.1095,2.6325),(-3.91691,16.8053),(-30.3674,-28.0348)]
triangle[(16.6299,-19.9443),(10.6803,9.09351),(-23.7438,2.04026)]
triangle[(-3.64399,10.208),(16.1719,-3.42449),(34.8196,23.6812)]
triangle[(-20.699,10.9951),(-16.5707,14.2626),(-20.4148,19.1194)]
triangle[(-18.0773,-19.5184),(0.515864,19.262),(-68.7903,52.4908)]
triangle[(20.1381,8.49425),(6.01943,15.0288),(-6.42981,-11.8692)]
triangle[(-5.66825,-13.3866),(8.36703,16.9531),(-51.3502,44.5786)]
triangle[(-8.09003,9.05633),(-13.3219,-4.90568),(14.5252,-15.3406)]
triangle[(-17.5781,15.4803),(17.7532,-7.57545),(54.1025,48.1271)]
triangle[(8.92972,-1.07391),(-19.0271,7.35084),(-31.1768,-32.9669)]
triangle[(11.1727,2.21836),(-6.85009,3.08275),(-8.16294,-24.2903)]
triangle[(8.15001,20.4373),(18.0822,2.24938),(48.3095,18.7561)]
triangle[(-0.53404,11.1573),(19.6751,-10.8371),(54.7056,21.3499)]
triangle[(-6.79099,16.2239),(-15.6979,-8.6148),(25.2349,-23.2928)]
triangle[(7.16131,-11.0027),(5.17411,17.5513),(-36.7232,14.6355)]
triangle[(19.3062,3.70377),(8.99036,-6.35514),(25.7052,-23.4969)]
triangle[(-14.29,-10.1732),(10.0205,19.7574),(-46.2598,65.4699)]
triangle[(15.4807,17.1505),(14.034,11.1051),(24.5232,8.59494)]
triangle[(-8.59114,-14.4571),(19.3165,19.5444),(-15.73,48.3098)]
triangle[(8.14407,14.941),(1.97656,-14.8965),(49.2868,-24.6757)]
triangle[(-8.41255,8.51721),(15.344,13.3583),(7.93538,49.7147)]
triangle[(-9.18542,-19.9426),(7.38396,3.95944),(-40.3337,37.0383)]
triangle[(15.4529,-0.0751944),(16.4198,18.1299),(-10.8906,19.5805)]
triangle[(10.918,-6.4908),(-0.282314,-0.711418),(-11.5604,-22.5681)]
triangle[(-19.6021,-0.964334),(-15.4277,-18.0796),(6.88426,-12.6377)]
triangle[(0.557899,-11.2205),(-3.13383,-15.0548),(3.39671,-21.3425)]
triangle[(0.895515,-19.3555),(20.2317,-6.83875),(-1.34136,26.4879)]
triangle[(-10.5091,-4.81645),(6.58577,9.93775),(-13.4073,33.1026)]
triangle[(8.45288,15.1846),(-2.9575,7.66682),(6.70283,-6.99557)]
triangle[(-8.81011,-19.5852),(8.35301,16.0333),(-28.7729,33.9228)]
triangle[(-0.836234,-19.0073),(6.97443,-19.7942),(8.12413,-8.38225)]
triangle[(17.3748,1.32588),(-20.9781,17.455),(-40.3563,-28.6239)]
triangle[(-12.7931,13.4892),(-4.78735,7.60385),(2.09852,16.9705)]
triangle[(6.56433,-9.00016),(-3.12756,-14.4299),(7.38166,-33.1884)]
triangle[(14.1313,-18.1699),(1.01417,-11.5056),(-9.26342,-31.7344)]
triangle[(-15.4658,-3.19948),(-9.31759,-18.1358),(10.0292,-10.1721)]
triangle[(-18.1712,-9.20429),(-15.3652,-5.28921),(-20.878,-1.33811)]
triangle[(-13.3084,-11.1098),(-9.37793,0.147197),(-31.0252,7.70561)]
triangle[(3.11485,-14.5796),(-14.1662,13.968),(-59.673,-13.5792)]
triangle[(-15.8702,-15.2444),(17.8052,19.1373),(-22.1594,58.2809)]
triangle[(-15.9345,12.0654),(-6.7398,6.45539),(-0.894788,16.0353)]
triangle[(20.4865,-12.1427),(-20.8646,-8.57441),(-26.9486,-79.0797)]
triangle[(-1.83814,-14.5285),(11.5855,-20.7855),(18.4126,-6.13887)]
triangle[(13.4374,9.86287),(12.2601,-5.18545),(29.6735,-6.54788)]
triangle[(4.18771,-7.79083),(15.1338,20.9138),(-37.8156,41.1052)]
triangle[(-17.518,-5.41209),(-10.2113,-1.52543),(-15.432,8.28913)]
triangle[(9.89671,2.38892),(-6.79875,14.5863),(-21.3161,-5.28471)]
triangle[(15.3393,-11.8483),(-0.824982,-19.9328),(11.732,-45.0392)]
triangle[(9.34855,-8.21936),(-16.6302,10.7448),(-39.3874,-20.43)]
triangle[(7.53166,-14.2621),(-12.3605,-7.05973),(-25.0536,-42.1165)]
triangle[(20.1604,-16.9268),(-15.3282,15.6615),(-78.7738,-53.4307)]
triangle[(0.528295,12.529),(-8.09786,13.0535),(-9.13111,-3.93921)]
triangle[(-11.2701,7.17859),(0.996406,-2.03603),(10.7275,10.918)]
triangle[(13.5776,-4.26932),(-10.9578,17.4413),(-49.191,-25.7664)]
triangle[(0.43488,-7.94448),(15.5328,13.3053),(-12.018,32.8801)]
triangle[(12.5053,-0.380247),(0.211027,20.4785),(-35.4339,-0.530725)]
triangle[(16.7777,-10.4128),(18.1003,10.2696),(-4.99524,11.7464)]
triangle[(-8.53777,-9.61702),(-19.8318,-6.41328),(-25.3608,-25.9045)]
triangle[(19.2253,8.1116),(-18.385,7.5715),(-17.5507,-50.5247)]
triangle[(9.90851,19.7534),(0.868273,3.36844),(18.0324,-6.10169)]
triangle[(19.4197,11.5445),(-10.3404,-4.26995),(10.2554,-43.0276)]
triangle[(-1.84307,3.45651),(-3.52848,16.6984),(-18.8603,14.747)]
triangle[(8.23026,-13.5201),(9.07183,-2.81399),(-7.71096,-1.49476)]
triangle[(10.1264,16.8874),(8.69361,7.72713),(20.9403,5.81158)]
triangle[(-14.57,-2.49881),(-12.0792,15.4149),(-36.4828,18.8081)]
triangle[(8.49092,-6.27778),(-4.79561,16.7653),(-43.4712,-5.53479)]
triangle[(1.3624,7.71326),(15.3059,-11.5794),(49.3742,13.043)]
triangle[(-3.16516,-14.4941),(-20.8277,-15.2388),(-19.421,-48.6022)]
triangle[(9.13287,-18.0103),(-2.11435,19.7641),(-54.6734,4.11479)]
triangle[(9.95588,-0.351205),(2.89366,-18.9027),(24.9452,-27.2973)]
triangle[(7.33621,19.5653),(-11.792,-4.40161),(26.5999,-35.0426)]
triangle[(16.6065,-13.0621),(19.4379,-3.35209),(2.60625,1.5559)]
triangle[(19.3597,12.337),(3.01759,-12.5333),(40.5262,-37.18)]
triangle[(16.1478,-19.6475),(-13.9926,6.49087),(-56.3684,-42.3731)]
triangle[(-14.229,18.0244),(-19.9049,5.61542),(4.90397,-5.7322)]
triangle[(12.807,19.8857),(-8.71226,-12.5447),(30.128,-38.3173)]
triangle[(3.99283,2.66949),(-2.77326,6.77346),(-7.19574,-0.517761)]
triangle[(-16.6047,15.0565),(17.0054,-11.8458),(52.3774,32.3457)]
triangle[(-4.84416,-13.1741),(15.1573,-1.82868),(2.25133,20.9241)]
triangle[(-9.19952,-15.1618),(-19.1406,9.43594),(-59.4272,-6.84569)]
triangle[(-1.45996,-12.5385),(-10.6207,-6.96302),(-20.9653,-23.9596)]
triangle[(7.55538,-16.0755),(20.5659,-2.21532),(-4.6487,21.4536)]
triangle[(11.968,8.79402),(20.6949,8.46986),(21.0348,17.6194)]
triangle[(-9.93013,0.646762),(15.9657,-15.9751),(44.0899,27.8407)]
triangle[(19.4559,16.0313),(2.25549,-2.40208),(26.383,-24.9159)]
triangle[(-16.0555,17.0062),(-7.27844,7.53682),(7.24982,21.003)]
triangle[(-5.91901,3.06941),(-0.400109,7.22215),(-4.97564,13.3029)]
triangle[(6.23522,-18.6556),(8.65516,20.3196),(-56.0423,24.3366)]
triangle[(5.03739,1.77578),(14.2746,-5.80923),(24.2333,6.31868)]
triangle[(7.9982,-7.30283),(-12.3322,2.63019),(-31.6792,-36.9681)]
triangle[(-13.2485,7.65651),(15.0931,-9.93663),(43.636,36.0445)]
triangle[(-12.2863,2.63242),(-19.8549,-5.9211),(-5.27121,-18.8255)]
triangle[(17.3076,11.4291),(2.92382,-9.59098),(39.431,-34.5725)]
triangle[(-19.8673,1.58572),(5.5543,-17.9705),(36.424,22.1577)]
triangle[(19.7438,14.8242),(1.60888,-14.4322),(39.4973,-37.9178)]
triangle[(14.7283,-18.6695),(17.7756,3.80612),(-27.1224,9.89356)]
triangle[(-20.3033,9.21734),(13.6829,-7.36043),(37.0468,40.5379)]
triangle[(17.8519,-4.73984),(-13.8013,9.74662),(-39.9983,-47.4942)]
triangle[(3.95185,-1.96277),(-16.9346,19.0352),(-39.4214,-3.33216)]
triangle[(-5.11747,4.95815),(0.443536,20.5036),(-16.4609,26.5507)]
triangle[(16.9821,-10.4526),(-6.25669,-7.0327),(-11.0368,-39.514)]
triangle[(1.29173,20.4822),(12.9584,-6.35257),(55.0089,11.9293)]
triangle[(5.74994,15.9911),(15.2605,-11.7192),(48.5488,-0.294117)]
triangle[(-2.4502,-18.5573),(11.5969,-7.97101),(-3.02991,11.4375)]
triangle[(-19.5907,20.8931),(17.4447,15.5973),(25.3218,70.6855)]
triangle[(20.9648,16.8517),(-11.8331,6.05917),(7.4405,-52.512)]
triangle[(-2.9013,-3.88601),(-4.75444,19.7463),(-36.0991,17.2884)]
triangle[(-6.91862,9.64682),(-4.62048,16.6428),(-15.3939,20.1818)]
triangle[(-4.78352,9.29897),(17.2807,-4.40582),(41.3161,34.2903)]
triangle[(16.3941,7.47762),(-15.4096,-3.73206),(1.18951,-50.8264)]
triangle[(15.1005,-11.8268),(20.6092,6.89485),(-15.3547,17.4769)]
triangle[(-5.5444,-12.5629),(7.64241,3.97144),(-15.1271,22.1311)]
triangle[(-18.7043,-12.2914),(19.4808,1.92281),(1.15755,51.1466)]
triangle[(-1.12624,-13.5884),(-9.7048,6.76373),(-40.5643,-6.24377)]
triangle[(-5.06913,-18.2003),(-13.2429,16.3674),(-72.1254,2.44431)]
triangle[(4.73453,-8.20254),(-12.2962,-0.280044),(-23.7314,-24.8618)]
triangle[(-8.43202,-10.632),(9.55215,-10.7836),(9.75514,13.3064)]
triangle[(-4.32365,-11.7298),(4.50888,-1.38394),(-7.02486,8.46275)]
triangle[(15.0527,4.45035),(-6.94137,-14.6919),(20.2344,-45.9164)]
triangle[(20.1748,13.9325),(13.5331,-12.1992),(57.8873,-23.4723)]
triangle[(-8.4114,16.715),(-15.8001,19.8748),(-20.394,9.13264)]
triangle[(-11.5995,-2.06457),(-19.0789,-13.0581),(0.310142,-26.2493)]
triangle[(13.236,-1.07596),(4.19566,-10.6581),(20.7247,-26.2526)]
triangle[(19.9589,14.7702),(11.6709,-10.9968),(52.0588,-23.9876)]
triangle[(-2.55581,8.78006),(16.1109,-12.9608),(45.0162,11.8574)]
triangle[(3.49193,13.2865),(4.0076,19.7682),(-8.7423,20.7826)]
triangle[(15.3519,-5.15524),(19.1343,-15.0376),(34.8294,-9.03044)]
triangle[(5.32911,13.8096),(-11.041,-5.80049),(9.01513,-22.5429)]
triangle[(-19.8032,5.50643),(18.0493,4.08988),(20.5772,71.6405)]
triangle[(5.72065,8.75724),(-2.49833,-7.05614),(24.3499,-21.0104)]
triangle[(17.2958,18.8562),(6.07998,-9.40133),(60.4379,-30.9767)]
triangle[(-3.48365,12.9252),(-15.3828,1.89442),(5.20497,-20.3141)]
triangle[(-5.72369,-7.13307),(-7.22199,-13.9732),(0.624827,-15.692)]
triangle[(-13.2781,3.44683),(6.42941,-3.63109),(18.6777,30.4725)]
triangle[(0.806336,-19.689),(1.63249,2.51172),(-24.6624,3.49023)]
triangle[(-16.7495,-6.30885),(-18.4396,17.7933),(-53.5836,15.3288)]
triangle[(-20.7217,10.2933),(-1.78457,15.3636),(-9.1346,42.8154)]
triangle[(-18.357,-5.21415),(13.143,18.0742),(-16.0158,57.5146)]
triangle[(-17.1283,3.74966),(-5.99677,8.47159),(-13.1508,25.3365)]
triangle[(11.3329,-4.9011),(-11.0642,8.83737),(-27.2338,-17.5231)]
triangle[(-9.40399,-0.101293),(-16.6254,2.68687),(-21.5431,-10.0501)]
triangle[(-3.12459,0.695643),(-5.09683,9.77589),(-22.2561,6.04888)]
triangle[(-3.69848,12.2475),(-12.4709,-17.9843),(32.191,-30.9439)]
triangle[(-7.65687,11.7018),(-6.08707,-0.0963819),(6.40629,1.56592)]
triangle[(-0.661584,-2.31731),(-10.6584,-0.399101),(-12.8738,-11.9447)]
triangle[(-0.900322,14.3213),(-5.99698,-9.41352),(33.17,-17.824)]
triangle[(-8.32858,2.14228),(-0.678044,-3.10108),(6.78353,7.78604)]
triangle[(-3.7835,9.19766),(-6.31781,8.27388),(-4.67335,3.76246)]
triangle[(-5.8607,17.8904),(-1.00023,13.324),(5.86675,20.6333)]
triangle[(17.1909,-16.3946),(9.08659,8.76015),(-32.218,-4.54731)]
triangle[(9.50856,0.960186),(5.17545,-2.18248),(11.4157,-10.7866)]
triangle[(-19.6425,18.7646),(20.9166,-6.05596),(60.4734,58.5834)]
triangle[(10.3853,-13.0131),(-6.99682,4.00474),(-30.3324,-19.8304)]
triangle[(-16.1387,20.9131),(-1.07668,-5.3642),(37.3722,16.6746)]
triangle[(18.0408,-5.72155),(1.36763,13.3706),(-28.1875,-12.4399)]
triangle[(0.871235,-14.1937),(9.99111,-8.32545),(-1.42859,9.42203)]
triangle[(17.0153,7.67053),(2.50434,-7.65661),(26.137,-30.0308)]
triangle[(-9.47349,12.8445),(-15.1671,12.6707),(-14.9776,6.46346)]
triangle[(-6.62593,-13.1925),(-0.194142,11.2879),(-26.5809,18.2206)]
triangle[(1.54224,11.2467),(15.0504,-17.4619),(52.2996,0.0648077)]
triangle[(6.1945,5.98149),(-0.94853,9.08176),(-5.51844,-1.44731)]
triangle[(-4.2712,-2.84382),(-17.2772,10.3811),(-43.6897,-15.5942)]
triangle[(13.6756,-20.5843),(5.95612,17.8433),(-64.174,3.75533)]
triangle[(-3.58892,14.767),(5.89685,9.82715),(12.0571,21.6564)]
triangle[(8.75977,-13.9108),(-7.85138,-10.1574),(-14.8011,-40.9143)]
triangle[(13.523,-6.44061),(1.02382,18.508),(-30.2723,2.82866)]
triangle[(0.822695,-18.8238),(13.0227,-5.33131),(-4.79669,10.781)]
triangle[(-6.49058,-9.80861),(-13.5745,1.1198),(-29.3586,-9.11164)]
triangle[(12.2855,-5.95956),(1.02308,-5.1951),(0.0802349,-19.0857)]
triangle[(-12.1527,17.6396),(0.363913,2.34633),(29.703,26.3586)]
triangle[(18.9504,-15.0097),(-19.9534,-9.15207),(-27.064,-56.3777)]
triangle[(17.8688,-17.3973),(-8.81604,-14.2149),(-14.9487,-65.6383)]
triangle[(-19.4871,-17.7275),(0.340173,20.5219),(-52.7616,48.0482)]
triangle[(-8.7849,-14.7298),(12.0887,7.96645),(-23.9109,41.0751)]
triangle[(13.8927,-19.8511),(-13.3478,-2.38195),(-32.7344,-32.6124)]
triangle[(16.2031,-10.8579),(-5.68837,-20.662),(13.543,-63.6036)]
triangle[(3.66068,-16.7394),(8.79059,-14.6046),(6.07165,-8.07094)]
triangle[(8.65431,0.616998),(-20.2434,5.33081),(-25.8387,-28.9708)]
triangle[(-2.27122,-19.2839),(-4.88102,-16.0269),(-10.6705,-20.6661)]
triangle[(7.85093,0.572764),(-17.5641,-3.65392),(-10.537,-45.9082)]
triangle[(-5.72337,3.16091),(10.0449,-15.3711),(31.2162,2.64282)]
triangle[(6.102,19.2001),(-2.9042,7.55246),(10.5815,-2.87493)]
triangle[(-9.69086,16.7777),(-16.9083,-7.93308),(20.0477,-18.727)]
triangle[(10.6821,17.9842),(2.96813,0.602557),(37.5147,-14.7293)]
triangle[(19.4719,-13.926),(13.4563,3.61432),(-21.5332,-8.38561)]
triangle[(-10.6073,-14.0855),(4.53461,-0.920236),(-14.7035,21.2063)]
triangle[(10.0857,-5.51133),(14.0789,-9.20631),(20.07,-2.73172)]
triangle[(18.9375,-14.7082),(15.1375,-8.22373),(4.07349,-14.7075)]
triangle[(-6.49459,-5.32763),(4.43384,2.33206),(-4.79626,15.5011)]
triangle[(-2.22307,-10.9202),(15.6517,-8.90732),(13.6006,9.30649)]
triangle[(-2.61608,-4.26087),(15.9161,-5.93204),(18.1206,18.5142)]
triangle[(14.9809,20.5305),(18.3425,-7.80102),(48.8569,-4.18043)]
triangle[(-0.37087,-20.749),(-13.2514,15.0222),(-56.5371,-0.564145)]
triangle[(-2.92436,4.23284),(-16.5445,16.3414),(-35.733,-5.24254)]
triangle[(-12.9883,-11.3331),(3.23238,4.26612),(-24.13,32.7185)]
triangle[(-9.05687,11.9485),(19.4066,-13.2572),(52.6867,24.3243)]
triangle[(-11.4126,-5.65055),(-1.82988,-20.9533),(27.4784,-2.60009)]
triangle[(-0.827812,-16.2602),(0.133011,7.2007),(-36.0713,8.68342)]
triangle[(-11.0073,6.23873),(0.499852,-1.16554),(9.45744,12.7557)]
triangle[(18.2031,-10.0752),(13.0304,12.8144),(-11.2642,7.32426)]
triangle[(10.6031,1.25815),(7.95296,-19.5151),(48.0819,-24.6345)]
triangle[(8.632,14.1428),(-15.9382,-5.61352),(21.5057,-52.1812)]
triangle[(-0.668135,-11.2589),(-12.1154,9.73784),(-50.7644,-11.3334)]
triangle[(-4.23316,18.4309),(9.96876,4.2885),(38.0945,32.5327)]
triangle[(-14.3893,-8.58701),(-13.8089,-17.0715),(-3.72723,-16.3818)]
triangle[(4.05281,-10.8512),(-14.2204,-17.7126),(-0.774225,-53.522)]
triangle[(15.3689,-18.6233),(15.6299,-11.4649),(7.34784,-11.1629)]
triangle[(-13.4082,-8.38619),(-13.7739,12.2494),(-49.1786,11.6221)]
triangle[(-0.268987,-0.470016),(-14.3252,-17.7296),(6.17685,-34.4265)]
triangle[(-8.20688,14.7611),(2.91788,18.3887),(-4.19843,40.212)]
triangle[(-7.12976,2.11256),(-1.63091,-2.66029),(3.68662,3.46608)]
triangle[(-17.5838,-5.28497),(-13.3424,18.0218),(-51.6658,24.9961)]
triangle[(-12.8031,-17.5205),(-16.7338,4.46718),(-50.4171,-1.55433)]
triangle[(5.68125,3.05676),(-4.04246,-8.70361),(14.4342,-23.9805)]
triangle[(7.77907,16.4124),(10.2992,-18.9555),(67.5815,-14.8739)]
triangle[(-18.6528,8.72692),(4.10147,-2.28871),(25.6931,42.3116)]
triangle[(15.2707,16.4345),(-14.0027,-13.0454),(43.9783,-70.6203)]
triangle[(13.3616,9.59606),(-13.0505,12.3862),(-18.1613,-35.9925)]
triangle[(-8.98556,-9.18361),(8.93776,-14.9403),(18.6603,15.3305)]
triangle[(14.313,12.4913),(-2.53376,-15.4272),(36.8892,-39.2161)]
triangle[(1.87524,-20.0675),(7.05346,-13.7087),(-0.965484,-7.17852)]
triangle[(-12.7969,13.1079),(-18.0404,1.39678),(2.62655,-7.85659)]
triangle[(13.6454,-20.6783),(19.0304,-20.5968),(18.8941,-11.5959)]
triangle[(8.44073,-15.6337),(18.6433,-11.4328),(14.1626,-0.550592)]
triangle[(-15.2427,-20.1338),(13.3748,-17.5149),(9.89934,20.4623)]
triangle[(-0.442392,8.79273),(-19.8241,11.3462),(-24.8725,-26.973)]
triangle[(-7.81219,-0.572103),(-20.9328,15.5885),(-42.6013,-2.00394)]
triangle[(-7.19556,-0.782068),(-16.5039,5.99457),(-23.7597,-3.97195)]
triangle[(-4.86998,14.278),(-5.13132,4.37213),(9.15743,3.99517)]
triangle[(12.8286,17.49),(-3.02556,18.6995),(-4.96096,-6.66959)]
triangle[(-9.27955,-0.78016),(-20.4583,-6.76001),(-13.3051,-20.1322)]
triangle[(7.29845,18.3133),(-20.8669,-11.8777),(17.941,-48.0817)]
triangle[(12.0373,3.24347),(-14.0124,13.2971),(-24.9024,-14.9198)]
triangle[(-19.5053,9.55435),(9.16706,6.07963),(14.1348,47.072)]
triangle[(12.0082,13.4138),(9.71213,-6.76339),(30.1183,-9.08548)]
triangle[(5.0869,13.4014),(-7.00378,12.7507),(-6.11881,-3.69398)]
triangle[(-16.829,19.2919),(-2.511,-9.85898),(36.4704,9.28749)]
triangle[(-18.8159,-9.95777),(18.9087,19.8191),(-13.6943,61.1241)]
triangle[(-1.51285,3.49568),(-16.7274,7.71062),(-21.8239,-10.6862)]
triangle[(-11.9283,14.4685),(-18.7403,6.49896),(-7.77125,-2.87685)]
triangle[(18.4554,-10.3386),(8.11677,-5.27578),(-0.675634,-23.2305)]
triangle[(19.189,13.1999),(-8.62246,12.4784),(-7.39634,-34.7866)]
triangle[(11.1099,-3.56302),(18.9581,-12.371),(31.3519,-1.32779)]
triangle[(19.2424,-13.0934),(19.9184,10.1462),(-15.0917,11.1647)]
triangle[(-10.754,-10.2232),(-8.7381,-3.08916),(-16.705,-0.837929)]
triangle[(-7.3282,-1.05014),(6.95729,-15.9801),(29.369,5.46419)]
triangle[(9.00481,-5.53481),(-7.3108,-3.29794),(-10.5796,-27.1404)]
triangle[(13.5113,1.01424),(18.795,-4.96472),(24.9833,0.503942)]
triangle[(6.28848,-18.2077),(16.9705,10.5964),(-29.8863,27.9734)]
triangle[(11.3851,13.7673),(14.2557,20.8665),(1.15203,26.1652)]
triangle[(-5.03595,-11.4102),(-7.86642,-3.4106),(-21.4544,-8.21837)]
triangle[(-8.62208,12.0583),(0.825002,13.7658),(-2.0494,29.6693)]
triangle[(-3.09987,-6.33935),(18.3029,14.8977),(-18.1786,51.6638)]
triangle[(-7.64945,4.81917),(-8.19181,-8.04181),(17.2538,-9.11486)]
triangle[(-11.8416,-5.83081),(-18.1668,18.7794),(-67.197,6.17794)]
triangle[(-20.8324,-13.5962),(7.76427,2.7296),(-23.5729,57.6205)]
triangle[(-13.3948,16.0978),(-10.4246,-18.5825),(45.059,-13.8306)]
triangle[(-6.34211,-11.151),(18.0966,6.41991),(-7.5962,42.155)]
triangle[(-3.9439,-7.16612),(4.90294,-13.9954),(16.2333,0.682364)]
triangle[(-8.71338,-17.0572),(-4.13415,5.52071),(-40.9584,12.9894)]
triangle[(18.4541,-3.61021),(1.13303,5.90251),(-11.1361,-16.4375)]
triangle[(-14.9245,6.49834),(0.871406,-10.5319),(24.4616,11.3483)]
triangle[(-3.62818,8.02866),(-4.08833,-16.9972),(23.4443,-17.5035)]
triangle[(9.41185,17.1658),(-12.1438,10.6608),(-3.11062,-19.2724)]
triangle[(19.1275,1.47184),(-1.63246,-13.4006),(25.9907,-51.9588)]
triangle[(-14.8481,-3.10651),(4.84796,-18.256),(27.1973,10.8008)]
triangle[(-14.3471,-5.47791),(7.71536,-9.53014),(12.5261,16.6619)]
triangle[(13.4712,15.2963),(-4.33712,0.509956),(24.4357,-34.1434)]
triangle[(1.55985,-20.969),(-12.4418,5.78904),(-51.4617,-14.6288)]
triangle[(-8.80931,-16.3828),(-1.0694,17.8078),(-45.9529,27.9683)]
triangle[(15.4741,-7.24689),(4.36833,12.2276),(-34.0205,-9.66431)]
triangle[(-2.40282,17.2698),(18.4908,-17.1552),(55.3294,5.20344)]
triangle[(-0.339534,0.32881),(9.20261,-5.84631),(19.4148,9.93412)]
triangle[(-18.408,-16.414),(9.00611,-13.1316),(3.56673,32.2976)]
triangle[(-14.3674,16.9584),(3.40186,0.994001),(35.0924,36.2673)]
triangle[(-5.84924,-8.62416),(14.4163,8.51046),(-19.5613,48.6968)]
triangle[(7.27444,-6.43495),(18.5649,7.82049),(2.88149,20.242)]
triangle[(-20.3078,-6.91316),(4.92388,-6.69955),(4.5108,42.0928)]
triangle[(8.66626,10.6308),(7.78663,-4.7539),(37.1349,-6.43191)]
triangle[(-18.0408,9.67619),(7.76492,-11.421),(47.2273,36.8486)]
triangle[(-7.21194,2.58587),(-11.9615,6.18319),(-17.9429,-1.71406)]
triangle[(2.06224,-12.3427),(13.13,-10.4218),(10.3459,5.61958)]
triangle[(13.1939,11.7318),(10.5174,17.9781),(-0.296429,13.3445)]
triangle[(10.0104,-14.0455),(11.9146,7.53796),(-21.0995,10.4507)]
triangle[(-5.52251,12.5516),(17.184,3.96164),(29.8905,37.5496)]
triangle[(-19.7551,18.0008),(-1.1827,2.18552),(15.8224,22.1551)]
triangle[(-3.55329,14.9255),(-19.0773,-9.76969),(21.6121,-35.348)]
triangle[(5.63891,10.0941),(-14.4625,20.1782),(-31.7737,-14.3294)]
triangle[(-18.3557,17.0455),(15.1797,15.3849),(18.4936,82.3089)]
triangle[(16.8725,-16.8032),(16.8206,19.1728),(-50.3515,19.0759)]
triangle[(18.3704,-14.9952),(14.4363,-1.09272),(-3.68267,-6.22006)]
triangle[(-20.3805,-3.90093),(-9.32082,-14.8603),(9.89178,4.52829)]
triangle[(-1.18127,-17.3669),(-2.90824,-1.10997),(-24.468,-3.40027)]
triangle[(-15.0719,2.1225),(12.0101,-20.171),(39.6682,13.4278)]
triangle[(5.46375,-6.86035),(8.16463,-11.6218),(13.5423,-8.57131)]
triangle[(-1.40615,-17.373),(0.880095,20.5503),(-72.1013,24.9501)]
triangle[(13.4348,-4.76979),(8.28073,17.6611),(-32.8127,8.21886)]
triangle[(-1.86116,-18.2037),(18.7735,13.4924),(-33.3653,47.4356)]
triangle[(-4.21468,-8.16762),(-15.9759,-8.89528),(-14.9288,-25.8191)]
triangle[(-5.17892,-11.2079),(6.10664,-0.460187),(-6.34975,12.6195)]
triangle[(-16.1631,18.3693),(20.1353,-3.38604),(43.4808,35.5655)]
triangle[(12.8625,-0.132556),(20.0232,-2.16965),(22.5085,6.5666)]
triangle[(20.6942,16.8843),(0.699331,8.21098),(10.9789,-15.4868)]
triangle[(10.324,-1.16336),(9.27254,-5.10582),(16.8516,-7.12717)]
triangle[(-18.9977,-16.9875),(-6.06219,10.9442),(-54.2425,33.2571)]
triangle[(20.0045,-16.8172),(15.7693,16.2934),(-39.8811,9.17521)]
triangle[(15.243,6.84087),(19.5249,2.85773),(25.0723,8.82118)]
triangle[(-9.96238,2.72819),(-18.1119,-0.662632),(-13.7633,-11.114)]
triangle[(0.691206,9.07321),(-5.71909,12.9665),(-10.2442,5.51603)]
triangle[(-5.82814,-3.99394),(-19.202,8.04106),(-42.1548,-17.4652)]
triangle[(18.8417,-16.9032),(7.32947,20.8503),(-46.5999,4.40554)]
triangle[(-6.44405,20.9557),(8.01855,18.4122),(11.0598,35.7054)]
triangle[(-16.3741,20.9699),(19.7881,-15.5069),(79.7018,43.8898)]
triangle[(-10.1001,-10.2628),(-18.4643,4.18178),(-34.422,-5.05854)]
triangle[(-16.9829,-9.00168),(16.1265,-11.3657),(20.1357,44.7856)]
triangle[(-12.1481,20.5164),(-12.9213,-7.39313),(38.9,-8.82867)]
triangle[(0.259383,-7.25597),(10.0358,-3.26604),(3.01177,13.9446)]
triangle[(-19.7202,-1.98987),(-13.6103,4.57541),(-26.2725,16.3593)]
triangle[(1.02007,-9.92056),(18.1817,20.2996),(-17.253,40.4224)]
triangle[(20.595,6.83019),(16.3938,-9.88074),(38.2364,-15.3721)]
triangle[(-9.68936,-3.89922),(12.7079,12.1952),(-15.6886,51.7122)]
triangle[(-6.53047,-0.0393134),(4.88432,-13.5222),(20.8428,-0.0114717)]
triangle[(15.4539,8.04364),(5.81218,-15.376),(52.4272,-34.567)]
triangle[(-9.5772,0.671737),(-4.22299,1.72431),(-6.17092,11.633)]
triangle[(6.97104,13.4414),(-2.9083,-2.51054),(20.2363,-16.8444)]
triangle[(2.96719,-8.1521),(-3.97941,-9.83661),(-1.24137,-21.1278)]
triangle[(10.8068,-19.2382),(-2.94902,-18.9393),(-3.43583,-41.342)]
triangle[(20.1617,-7.24172),(9.16507,3.27706),(-4.47601,-10.9836)]
triangle[(3.49051,-0.491272),(-13.3416,9.38012),(-24.9627,-10.4354)]
triangle[(0.344609,18.5979),(-5.62486,-12.393),(49.4417,-22.9999)]
triangle[(2.05221,20.8996),(14.7826,4.28099),(32.1536,17.5877)]
triangle[(4.33623,7.36699),(-0.810825,-17.8541),(48.3046,-27.8774)]
triangle[(8.48811,-4.90436),(-6.70091,-18.3224),(17.5501,-45.7742)]
triangle[(12.9305,-4.19426),(-14.3966,0.776189),(-19.6345,-28.0215)]
triangle[(-18.7942,-0.38585),(1.36685,11.6568),(-17.4866,43.22)]
triangle[(17.5708,-2.03111),(-7.56275,-19.1154),(18.9314,-58.0923)]
triangle[(-19.4961,-8.00299),(7.67624,14.9873),(-17.0043,44.1574)]
triangle[(-18.3872,-15.5612),(-20.9654,10.8509),(-71.8642,5.88238)]
triangle[(4.45447,-11.4236),(-10.3768,0.0391546),(-22.8264,-16.069)]
triangle[(-6.939,-13.3749),(13.597,-12.1663),(11.4006,25.1512)]
triangle[(-6.38442,-20.0673),(-9.87228,-15.7042),(-14.7885,-19.6342)]
triangle[(16.6835,6.26905),(-2.70636,9.21828),(-5.93385,-12.0011)]
triangle[(-2.82616,-10.223),(17.4161,-6.88282),(13.4689,17.038)]
triangle[(-20.7917,4.25545),(9.62028,17.4681),(-6.95731,55.6252)]
triangle[(-6.01297,-7.05692),(-2.65223,-10.3543),(2.56764,-5.03423)]
triangle[(12.125,3.20659),(-12.1723,-16.3086),(24.6776,-62.1883)]
triangle[(2.60146,-8.00817),(-16.3653,4.935),(-34.7351,-21.9838)]
triangle[(7.08786,-16.4704),(-1.75633,-15.6472),(-3.11685,-30.2639)]
triangle[(8.20057,6.73469),(-5.06403,13.1328),(-16.8223,-11.2446)]
triangle[(19.9125,6.10961),(-16.811,18.8616),(-29.7284,-18.3384)]
triangle[(-0.322444,16.0958),(17.9063,-7.85146),(61.8386,25.59)]
triangle[(17.0512,-1.25966),(-7.92915,20.7223),(-44.4912,-20.827)]
triangle[(11.7297,-2.89555),(20.9521,1.99328),(13.6538,15.7609)]
triangle[(14.8408,9.08274),(-5.19549,16.1068),(-19.1821,-23.7908)]
triangle[(-7.84376,-19.4652),(6.92714,9.92106),(-29.2628,28.1118)]
triangle[(-18.126,16.5534),(-19.518,-0.335174),(7.43926,-2.55709)]
triangle[(-3.3593,2.22711),(-4.71241,-1.88381),(0.272858,-3.52471)]
triangle[(-13.2893,6.61245),(6.71299,19.3655),(-11.2572,47.5504)]
triangle[(-13.4385,-11.8659),(-18.4396,10.7579),(-60.5128,1.4573)]
triangle[(-14.3641,-4.45298),(-2.33485,-7.71572),(2.98697,11.9051)]
triangle[(-0.369675,-16.9525),(-14.0195,-0.717567),(-38.7475,-21.5082)]
triangle[(-16.7577,-1.65767),(-0.142431,-16.7751),(29.3604,15.651)]
triangle[(-7.63096,9.64578),(-13.5565,-0.973831),(6.15986,-11.9752)]
triangle[(9.69659,14.5703),(-17.1648,5.19977),(-0.6967,-42.0077)]
triangle[(12.0284,-13.839),(-10.4452,-13.3877),(-11.0795,-44.9742)]
triangle[(6.45065,-20.9401),(3.61268,-3.02829),(-18.597,-6.5472)]
triangle[(11.7137,0.0811827),(10.2328,18.5505),(-9.72132,16.9505)]
triangle[(-17.8226,9.63903),(19.7304,17.1972),(10.3366,63.8706)]
triangle[(-20.1404,-0.84964),(20.862,11.2447),(4.77313,65.7894)]
triangle[(-6.03329,-3.90876),(6.594,7.79726),(-5.54366,20.8902)]
triangle[(0.440928,-2.0553),(-12.0718,-3.67709),(-9.70698,-21.9227)]
triangle[(-19.6155,-5.54006),(7.90441,-18.2922),(24.7253,18.0084)]
triangle[(-4.47188,17.0505),(16.9637,11.7802),(27.3902,54.187)]
triangle[(3.34814,7.53521),(-16.9501,-0.668053),(-5.68126,-28.5517)]
triangle[(-4.85959,-0.365691),(-17.6089,-9.20747),(-8.49084,-22.3553)]
triangle[(17.1459,-13.67),(1.54094,11.1879),(-47.4434,-19.5627)]
triangle[(-18.6179,18.8332),(19.2202,-11.3262),(73.9579,57.3481)]
triangle[(14.3381,14.8083),(-18.3456,0.74871),(-0.360627,-41.0603)]
triangle[(-18.4544,1.8035),(8.3455,-7.21646),(18.7205,23.6096)]
triangle[(-0.916788,11.932),(-20.7273,2.50204),(-5.5299,-29.4247)]
triangle[(-19.7316,4.67424),(12.875,-16.1411),(33.783,16.6108)]
triangle[(-13.036,4.82053),(9.10427,10.7128),(-0.294592,46.029)]
triangle[(-10.4923,-14.8583),(-14.4459,19.5156),(-66.1054,13.5739)]
triangle[(-8.25141,10.0433),(2.15398,-0.688828),(17.5813,14.2687)]
triangle[(-18.0134,2.64187),(-9.10589,-12.2131),(11.0094,-0.151373)]
triangle[(-2.44347,-2.67737),(-17.451,-15.4695),(6.20745,-43.2254)]
triangle[(-5.16026,-14.0315),(19.4245,4.74792),(-10.8462,44.3764)]
triangle[(-7.16328,10.4258),(9.64421,19.2141),(-2.30625,42.0691)]
triangle[(2.15914,-1.89097),(-5.94623,-10.1788),(4.32023,-20.2192)]
triangle[(11.0339,-6.51406),(-7.03467,7.50476),(-29.9555,-22.0374)]
triangle[(-18.6808,-3.36707),(-14.5391,6.06061),(-26.9717,11.5223)]
triangle[(-11.9637,12.0162),(6.48822,3.52153),(17.9332,28.3821)]
triangle[(12.0668,-10.7616),(-13.3217,17.2493),(-69.1624,-33.3635)]
triangle[(9.25744,17.0112),(20.326,6.10857),(41.4485,27.5525)]
triangle[(-11.7888,-10.9827),(8.45158,-12.0373),(9.76739,13.2152)]
triangle[(-7.68262,19.4705),(-8.45895,15.11),(-1.18838,13.8155)]
triangle[(-1.75799,-6.94441),(-19.709,-20.2618),(3.04139,-50.928)]
triangle[(1.86704,12.3814),(11.0934,-8.64434),(45.703,6.54271)]
triangle[(0.732929,-13.7212),(11.7838,-10.163),(7.52191,3.07358)]
triangle[(-9.26566,11.7012),(-0.555111,11.2266),(0.212336,25.3131)]
triangle[(19.5064,-2.77947),(-7.63069,10.5039),(-22.7332,-20.3497)]
triangle[(7.05147,14.5052),(11.8536,-11.166),(45.9048,-4.79626)]
triangle[(-15.3783,-15.0792),(2.00524,1.00678),(-27.3269,32.7049)]
triangle[(-7.88562,18.4813),(15.5712,-17.9184),(52.3091,5.75637)]
triangle[(-8.06329,-17.7855),(15.795,2.47589),(-8.04657,30.5499)]
triangle[(9.88633,16.1274),(-19.0968,13.4463),(-16.091,-19.0457)]
triangle[(13.0312,-19.2762),(3.31783,-10.6856),(-6.43918,-21.7178)]
triangle[(7.66283,2.26724),(-10.2077,7.67405),(-16.0959,-11.7875)]
triangle[(20.8478,7.56833),(-6.43007,11.2428),(-11.8461,-28.9634)]
triangle[(3.98475,14.1644),(10.733,16.5897),(6.3816,28.6976)]
triangle[(4.89128,-6.56283),(9.89601,1.84184),(-4.91506,10.6614)]
triangle[(-3.20512,5.84346),(-0.683374,-13.8732),(30.5734,-9.87544)]
triangle[(-19.9522,-5.88108),(5.2609,-16.2),(23.5638,28.5208)]
triangle[(-16.4905,17.8028),(13.7554,-9.39147),(62.2983,44.5986)]
triangle[(19.1392,-9.78519),(14.333,-6.19822),(10.5912,-11.2118)]
triangle[(-4.3563,-1.66722),(-14.9262,-18.7558),(9.22415,-33.6936)]
triangle[(12.7373,18.6317),(17.842,-14.1779),(73.051,-5.58832)]
triangle[(-12.3091,-15.6628),(4.87594,19.3956),(-54.2227,48.3647)]
triangle[(6.79698,-5.01386),(-0.361239,-6.53535),(2.63321,-20.6235)]
triangle[(3.35909,15.772),(-14.8249,10.1558),(-6.69331,-16.1724)]
triangle[(12.3471,-13.4696),(-5.23521,12.6211),(-42.7381,-12.6517)]
triangle[(15.0606,-16.5883),(-11.1613,15.18),(-59.9597,-25.0989)]
triangle[(-19.0876,4.20143),(-6.08686,-16.4243),(27.3873,4.675)]
triangle[(4.30761,3.78209),(16.4995,8.89021),(6.76215,32.1308)]
triangle[(20.3044,-4.35409),(-13.7185,-11.4897),(-1.93643,-67.6669)]
triangle[(-17.3917,-13.5257),(-18.8248,-11.0064),(-22.4337,-13.0593)]
triangle[(-4.46218,-1.46818),(-10.8578,2.7832),(-18.3747,-8.52502)]
triangle[(14.4425,1.05874),(2.18816,-20.4672),(36.7324,-40.1326)]
triangle[(1.36603,3.17812),(-12.2558,-12.0919),(17.5403,-38.6718)]
triangle[(-15.4407,1.7819),(0.348914,20.5141),(-32.6931,48.3657)]
triangle[(10.4726,-19.0084),(7.20608,11.5121),(-41.2716,6.32365)]
triangle[(19.7771,0.354267),(-4.96321,3.80804),(-10.8983,-38.7063)]
triangle[(-3.2762,-5.96285),(-14.0187,-7.63809),(-10.9203,-27.5062)]
triangle[(-6.05911,13.9539),(-11.1989,0.366902),(13.4855,-8.97095)]
triangle[(2.24903,8.79062),(-2.52672,20.373),(-23.6875,11.6478)]
triangle[(-20.5615,-0.583712),(14.8519,20.792),(-12.9083,66.7827)]
triangle[(-10.8798,18.8895),(-17.1255,4.44939),(9.84222,-7.21472)]
triangle[(19.163,-14.3075),(-7.33301,2.22809),(-28.4007,-31.5299)]
triangle[(13.4045,13.1419),(-20.4477,-6.76636),(18.4547,-72.9161)]
triangle[(-12.8482,7.39052),(7.32519,-3.80669),(28.5025,34.3473)]
triangle[(-8.6499,-6.50346),(12.766,-12.0043),(19.771,15.2677)]
triangle[(-14.7302,-8.89583),(0.113095,12.4171),(-28.7518,32.5199)]
triangle[(1.24772,-6.66067),(8.19747,-12.6806),(16.5801,-3.00327)]
triangle[(-6.90781,19.5783),(-6.11034,2.05497),(23.0783,3.38333)]
triangle[(-5.44424,-11.2107),(-9.60476,17.0353),(-48.966,11.2375)]
triangle[(18.7332,-6.44391),(12.2623,18.2021),(-13.5632,11.4216)]
triangle[(-9.70583,-3.28904),(-4.83752,-14.969),(18.0321,-5.43667)]
triangle[(-15.8839,4.72688),(-9.84144,12.7135),(-19.216,19.8061)]
triangle[(15.9508,-9.79843),(-9.43084,5.03756),(-31.2777,-32.3383)]
triangle[(-0.857936,-11.8228),(11.1436,10.7241),(-17.5542,25.9997)]
triangle[(17.5217,-10.2391),(-15.548,0.704181),(-28.1083,-37.2519)]
triangle[(11.7033,11.3759),(-5.32678,-0.092916),(9.18096,-21.6354)]
triangle[(-10.4968,15.0827),(16.7705,-11.648),(56.5585,28.9385)]
triangle[(-16.5486,4.25644),(3.18729,3.75085),(4.04823,37.3584)]
triangle[(10.2581,-13.4203),(-3.15328,0.629082),(-28.783,-23.8368)]
triangle[(10.0289,-17.1819),(-15.917,-1.7282),(-38.5415,-39.7135)]
triangle[(12.9379,12.9921),(-17.6164,3.85007),(-1.31529,-50.6311)]
triangle[(19.9583,-6.29329),(-17.646,-0.220387),(-27.7135,-62.5596)]
triangle[(0.461846,4.75177),(7.21246,10.2019),(-3.51411,23.488)]
triangle[(-5.76795,11.9597),(1.30283,4.79448),(15.404,18.7099)]
triangle[(20.0155,-1.3491),(11.3354,-14.9919),(32.9169,-28.723)]
triangle[(16.3103,17.982),(-16.8288,8.32822),(-2.31131,-41.5071)]
triangle[(17.5115,-19.8339),(-17.3234,19.9787),(-86.3413,-40.4101)]
triangle[(11.8452,1.17213),(-17.9725,8.74162),(-29.5951,-37.042)]
triangle[(-18.5978,18.57),(15.6691,-2.03326),(53.1217,60.2571)]
triangle[(7.60285,11.5916),(17.0097,12.643),(14.9547,31.0294)]
triangle[(9.45099,19.2348),(16.1817,16.6988),(20.318,27.677)]
triangle[(-16.4098,-2.40249),(-0.519036,-18.5195),(18.9279,0.654411)]
triangle[(-10.5399,17.1441),(-2.07562,0.848474),(28.541,16.7514)]
triangle[(-17.2073,-10.1806),(-11.5448,-16.0898),(-2.87561,-7.78247)]
triangle[(5.92669,13.5155),(-3.53366,-0.884376),(22.1484,-17.7569)]
triangle[(18.3802,7.18682),(-14.1272,13.9439),(-23.5459,-31.3682)]
triangle[(-2.65784,10.9659),(13.5893,-0.514686),(33.0182,26.9809)]
triangle[(4.10155,-1.18767),(12.4058,-5.76133),(20.8557,9.58081)]
triangle[(9.29844,-15.2918),(11.7899,13.2551),(-22.4936,16.2473)]
triangle[(0.370114,-14.1491),(-7.2949,15.6712),(-52.9336,3.94025)]
triangle[(6.06,-9.78181),(-11.1301,7.29332),(-28.2661,-9.95808)]
triangle[(-3.09792,20.7004),(18.4591,-19.6546),(88.7061,17.8701)]
triangle[(17.565,-1.82926),(-8.65552,13.2113),(-31.4712,-26.5638)]
triangle[(-9.34398,12.0447),(-4.44193,14.8044),(-8.0559,21.2239)]
triangle[(-12.5385,-12.6782),(10.3305,-0.446299),(-6.84116,31.6584)]
triangle[(17.6336,4.78562),(19.7169,-11.2349),(42.3947,-8.28588)]
triangle[(14.4825,12.2698),(11.2013,12.3855),(10.9707,5.84291)]
triangle[(-14.0664,-16.6268),(1.19858,-13.262),(-3.85235,9.6521)]
triangle[(-12.7859,9.47709),(-18.3427,20.2466),(-31.0794,13.6747)]
triangle[(-14.2661,-10.5649),(-9.41016,19.1598),(-43.9068,24.7953)]
triangle[(-7.56544,0.961552),(0.453328,-19.3409),(32.3123,-6.75768)]
triangle[(17.4622,-9.83003),(-20.0404,9.92512),(-41.7259,-31.242)]
triangle[(3.40409,-15.8303),(8.77624,1.72432),(-13.1721,8.44104)]
triangle[(-14.1101,7.51005),(-2.50289,-0.81769),(10.3835,17.1434)]
triangle[(2.02209,10.5001),(-3.85102,-20.0021),(49.4436,-30.2639)]
triangle[(3.53983,-19.1137),(-1.35888,7.06326),(-52.9689,-2.59493)]
triangle[(6.78663,-20.6062),(-18.8299,2.27363),(-46.8115,-29.0549)]
triangle[(-7.21805,-9.03159),(-11.3379,6.60522),(-36.3219,0.0226402)]
triangle[(-1.69,1.11518),(-14.8116,8.33188),(-22.9575,-6.47927)]
triangle[(-2.26836,15.3504),(-19.611,18.9608),(-26.1067,-12.2418)]
triangle[(12.1092,-13.1362),(1.02338,3.41324),(-17.7998,-9.19566)]
triangle[(8.35189,10.3239),(2.29714,-15.9052),(31.0102,-22.5334)]
triangle[(8.82813,-7.95699),(10.1958,0.994593),(-2.07548,2.86941)]
triangle[(11.8829,10.5552),(9.26084,20.4626),(-7.36108,16.0635)]
triangle[(-16.7226,-7.88598),(18.9303,15.416),(-12.2157,63.0708)]
triangle[(-1.33124,-3.54308),(-2.67178,20.0508),(-29.6641,18.5172)]
triangle[(-5.7859,10.3602),(9.15536,-1.77671),(30.2698,24.2165)]
triangle[(6.08459,12.041),(-20.9896,1.19691),(-0.867698,-49.0411)]
triangle[(-12.2418,-4.13656),(-1.02129,12.948),(-27.7023,30.4711)]
triangle[(-19.3971,16.4819),(-16.1329,-0.46748),(12.0694,4.96381)]
triangle[(-10.9001,5.27344),(8.08224,-0.870637),(16.0108,23.6249)]
triangle[(16.9427,-13.1983),(2.27009,20.296),(-40.5618,1.5329)]
triangle[(-15.2489,19.6858),(10.6335,10.8591),(23.0097,47.1496)]
triangle[(6.4085,11.609),(18.6009,2.02773),(31.9877,19.0628)]
triangle[(-10.1857,8.83518),(4.56247,-19.3305),(57.5623,8.42139)]
triangle[(-1.56436,2.51043),(11.5875,-9.78072),(26.6931,6.38269)]
triangle[(-18.8934,3.20663),(-4.60469,10.5154),(-14.1791,29.2334)]
triangle[(-14.5652,6.30871),(-10.3422,-7.77526),(7.89454,-2.30703)]
triangle[(-13.0913,15.1956),(20.6628,16.2717),(18.5738,81.7922)]
triangle[(20.827,-10.0553),(19.7684,0.0480588),(4.02758,-1.60116)]
triangle[(16.7012,-13.9345),(17.6869,9.00681),(-17.8197,10.5324)]
triangle[(-18.4005,7.92233),(-19.5897,1.06052),(-9.20737,-0.738893)]
triangle[(3.40429,2.84308),(-2.9666,-14.1205),(22.8228,-23.8061)]
triangle[(8.2654,-16.4139),(-2.96396,12.7437),(-55.9034,-7.64464)]
triangle[(13.5519,-2.15787),(-16.2584,12.994),(-33.6951,-21.3114)]
triangle[(10.241,-4.27872),(-12.1908,-0.168027),(-19.3037,-38.9829)]
triangle[(2.26291,-7.15374),(-6.01854,-20.9718),(8.52199,-29.6863)]
triangle[(-18.6318,-0.46425),(18.7229,-13.3598),(41.4777,52.5544)]
triangle[(-17.193,4.14956),(-11.3594,-13.5953),(13.5789,-5.39676)]
triangle[(14.2892,-5.15827),(4.67345,-6.29551),(6.3952,-20.8535)]
triangle[(3.55032,-17.8707),(2.04131,20.5733),(-63.4959,18.0009)]
triangle[(-7.26858,18.5515),(9.82824,-12.876),(45.3336,6.43928)]
triangle[(-19.8009,-1.86097),(20.2912,14.8373),(-8.51918,84.0104)]
triangle[(5.57387,17.6711),(6.06236,-1.29804),(32.2414,-0.623875)]
triangle[(-16.323,10.3486),(17.9951,15.9346),(8.50911,74.213)]
triangle[(-13.7377,6.88507),(-10.1493,-4.82177),(4.96857,-0.187829)]
triangle[(-10.2981,3.837),(-11.146,1.19035),(-7.17227,-0.0825464)]
triangle[(15.9258,-13.2991),(16.8054,-16.2539),(22.1694,-14.6571)]
triangle[(-2.05095,-11.769),(-6.53604,-6.70723),(-16.4179,-15.4634)]
triangle[(-19.6774,-3.62444),(-9.47636,-4.83633),(-7.19185,14.3934)]
triangle[(1.66229,19.3368),(-14.9632,16.459),(-10.7642,-7.79901)]
triangle[(-13.5606,-20.4371),(20.3549,9.23118),(-26.7933,63.1287)]
triangle[(-19.0712,3.80401),(-5.73588,14.5947),(-22.3091,35.0763)]
triangle[(16.9627,11.4917),(-14.5008,0.730816),(2.64095,-49.3896)]
triangle[(14.7826,0.238349),(17.2175,7.87342),(2.39394,12.6008)]
triangle[(-19.237,-17.5511),(-18.1945,9.77696),(-70.998,11.7913)]
triangle[(-0.0590948,-2.92038),(-1.48841,10.965),(-28.9163,8.14162)]
triangle[(8.94279,8.45334),(5.13029,4.87108),(8.86158,0.899958)]
triangle[(12.7598,-18.1616),(6.05375,3.72205),(-34.0482,-8.56683)]
