triangle[(8.76795,-15.4522),(-17.8553,-12.1834),(-21.1829,-39.285)]
triangle[(-10.2144,8.03941),(-8.39469,-2.77059),(4.93728,-0.526326)]
triangle[(-4.23993,14.5565),(-16.8324,-17.4161),(21.4879,-32.5087)]
triangle[(-7.31571,3.99523),(14.9988,-20.9789),(64.3505,23.117)]
triangle[(18.6865,4.22411),(18.9533,-0.613369),(27.2446,-0.156057)]
triangle[(2.79939,-13.1597),(-19.3008,-9.62236),(-22.8855,-32.0185)]
triangle[(-13.291,4.95969),(3.71085,20.7505),(-21.6587,48.0657)]
triangle[(-12.9523,1.73257),(14.1549,-15.9394),(47.9425,35.8878)]
triangle[(-14.8233,-1.40717),(-11.8518,12.0871),(-26.0741,15.2189)]
triangle[(-2.44997,1.88185),(20.2914,-10.3208),(37.2271,21.2411)]
triangle[(-10.3072,-10.4418),(-20.7004,13.1776),(-58.0211,-3.24461)]
triangle[(18.6211,-0.725056),(-17.9213,12.2846),(-38.8526,-46.5085)]
triangle[(5.00747,-0.131058),(-19.5556,19.5614),(-57.5941,-27.8854)]
triangle[(-4.71401,-10.6166),(14.6825,20.509),(-25.1396,45.3249)]
triangle[(-2.42467,9.29793),(16.1317,7.34168),(19.4976,39.2703)]
triangle[(2.01702,8.29299),(-10.5043,5.7647),(-7.6647,-8.29831)]
triangle[(1.35837,11.4427),(-12.9156,-2.03239),(8.16957,-24.3676)]
triangle[(-12.6675,6.27369),(-13.7113,20.2365),(-30.1495,19.0077)]
triangle[(1.24585,17.3702),(1.32499,-19.0856),(70.0251,-18.9364)]
triangle[(14.1822,-19.2071),(-3.33254,-18.7985),(-4.00327,-47.5463)]
triangle[(16.5713,4.77106),(-9.18498,10.2663),(-15.7357,-20.4369)]
triangle[(19.2577,0.262671),(1.65551,12.1201),(-13.8532,-10.9023)]
triangle[(10.2721,-18.5939),(-16.9185,-12.7192),(-23.3662,-42.5619)]
triangle[(-17.059,3.08126),(7.76115,-4.05994),(18.9079,34.682)]
triangle[(-2.05545,-10.72),(-18.4099,-8.73089),(-21.8018,-36.6185)]
triangle[(10.2107,-2.13139),(16.104,8.90632),(2.50327,16.168)]
triangle[(1.42288,11.5563),(-3.39048,-19.7426),(34.263,-25.5332)]
triangle[(15.7464,0.787346),(2.05461,-11.6246),(14.9178,-25.8141)]
triangle[(-5.47758,-2.08939),(12.8068,20.6252),(-30.8512,55.7683)]
triangle[(5.01436,-18.3563),(-5.48427,9.10577),(-56.9162,-10.5565)]
triangle[(5.80392,-16.3295),(20.4915,-4.7394),(0.0487294,21.1667)]
triangle[(0.149339,20.6771),(-19.5503,5.6732),(5.27039,-26.9154)]
triangle[(-4.43489,19.6683),(-18.9,-9.72634),(21.7646,-29.7374)]
triangle[(3.87431,-16.7419),(-7.32524,-9.83993),(-18.5379,-28.0342)]
triangle[(-8.30043,-19.6429),(-0.643364,0.92858),(-39.2052,15.282)]
triangle[(20.6911,13.0075),(5.94933,-18.6675),(56.5372,-42.2114)]
triangle[(15.0015,-10.5137),(-9.96224,-9.96446),(-10.7315,-44.9287)]
triangle[(-13.9587,8.93148),(11.0434,-5.71323),(27.1627,21.8064)]
triangle[(-4.65683,11.055),(-4.00038,14.3807),(-9.84904,15.5351)]
triangle[(8.1921,-15.7091),(-19.775,-16.3378),(-18.6249,-67.4938)]
triangle[(-14.681,6.21382),(-12.1094,-19.5924),(24.9246,-15.9021)]
triangle[(-14.6219,-4.72065),(-5.21667,-11.1172),(5.47639,4.60549)]
triangle[(-11.4008,5.56922),(-11.6673,-17.9504),(24.51,-18.3602)]
triangle[(9.462,-8.93157),(-2.70078,-12.9993),(2.18977,-27.6224)]
triangle[(-3.79036,-3.82747),(16.4571,-7.87091),(24.1729,30.766)]
triangle[(-14.5529,-8.67771),(4.4404,4.30385),(-11.3007,27.3346)]
triangle[(-19.4613,-3.93779),(-3.33563,16.9152),(-34.7516,41.2093)]
triangle[(-3.73231,-0.505201),(14.1341,-18.0837),(41.3146,9.54188)]
triangle[(-13.6565,-10.6699),(-10.7397,-11.4669),(-9.22678,-5.9306)]
triangle[(-13.21,-2.9731),(9.9462,-14.4256),(31.3193,28.7895)]
triangle[(8.95843,7.47991),(-10.9974,4.38596),(-5.81124,-29.0642)]
triangle[(-15.07,8.37772),(-4.99912,17.3142),(-19.3949,33.5373)]
triangle[(-15.7474,-6.54134),(-9.64896,-19.3885),(13.3018,-8.49386)]
triangle[(-1.74222,13.3398),(20.7587,-7.51525),(55.1204,29.5583)]
triangle[(-8.07511,-17.2624),(-0.194337,-17.8947),(0.702629,-6.71375)]
triangle[(-17.82,-15.5895),(-16.767,-1.50453),(-38.5199,0.121674)]
triangle[(-0.959273,15.7963),(17.9182,-11.8127),(49.9808,10.1098)]
triangle[(15.3105,2.20071),(13.2733,-16.4507),(44.6271,-19.8753)]
triangle[(7.30406,-17.4497),(-0.647311,18.2022),(-49.1555,7.38355)]
triangle[(3.81884,2.18854),(10.3263,12.2984),(-8.64028,24.5067)]
triangle[(-8.45193,10.0926),(-5.6453,-14.4543),(30.0726,-10.3704)]
triangle[(16.2319,2.44543),(-16.8589,-9.44302),(2.95791,-64.6018)]
triangle[(-18.2355,4.80179),(-7.12643,-11.3594),(9.75263,0.243166)]
triangle[(1.61697,-1.76345),(-6.94331,16.1852),(-26.3092,6.94902)]
triangle[(6.90459,13.1884),(-12.2114,-8.21905),(29.5221,-45.4854)]
triangle[(7.09281,-8.06606),(6.92653,3.4251),(-10.1294,3.1783)]
triangle[(-15.4482,3.54981),(-4.0209,-17.2585),(35.1296,4.2419)]
triangle[(4.38767,8.19979),(12.0051,13.958),(3.12237,25.7088)]
triangle[(5.83632,15.9099),(-3.03983,6.37557),(6.69401,-2.68631)]
triangle[(-18.0866,20.1452),(-7.52889,6.25521),(14.7972,23.2252)]
triangle[(10.8675,9.45187),(18.4077,-1.45544),(32.5592,8.32743)]
triangle[(-4.29845,-20.6747),(9.36482,-7.45544),(-10.6968,13.28)]
triangle[(-3.09272,12.2145),(-4.82737,13.2293),(-6.46776,10.4252)]
triangle[(-10.5349,10.3173),(0.996709,-11.1326),(32.3972,5.74846)]
triangle[(18.4376,-5.43718),(0.0606269,8.9756),(-19.4279,-15.8732)]
triangle[(5.28148,2.98815),(-4.62954,-8.4146),(13.8281,-24.4576)]
triangle[(20.0914,-20.8526),(-6.31203,19.3038),(-47.6375,-7.86834)]
triangle[(16.9722,2.65962),(10.8211,-3.63101),(17.774,-10.4297)]
triangle[(-6.45042,-14.5379),(17.359,-5.55214),(3.13848,32.1278)]
triangle[(-0.533689,-13.2584),(-7.3574,10.4563),(-31.1435,3.61201)]
triangle[(-3.24573,4.38172),(-19.2635,8.83504),(-27.7575,-21.7166)]
triangle[(-14.4021,7.38968),(-9.96919,2.4668),(-0.852683,10.6759)]
triangle[(-6.60461,6.92907),(-13.5777,-2.71369),(3.72161,-15.2235)]
triangle[(5.97609,15.1586),(-20.606,-3.82733),(2.56419,-36.2678)]
triangle[(13.3322,19.7755),(-14.2382,-11.1835),(36.5961,-56.454)]
triangle[(-19.7076,-4.74715),(12.2447,12.0374),(-14.502,62.9542)]
triangle[(-11.4535,-18.9539),(8.74939,3.87819),(-16.2277,25.9791)]
triangle[(-13.7188,-9.87267),(0.946804,-3.45076),(-11.4466,24.852)]
triangle[(-19.3932,2.74107),(-17.997,-3.23014),(-8.87612,-1.0974)]
triangle[(-6.08073,-8.64579),(6.57344,14.7868),(-20.2705,29.2832)]
triangle[(-1.55857,7.62164),(-15.1854,0.609094),(-1.38024,-26.2171)]
triangle[(0.290062,-17.6327),(14.2667,-2.96429),(-1.89325,12.4335)]
triangle[(0.981104,-12.3125),(-4.05787,7.92146),(-32.303,0.887439)]
triangle[(-18.473,-13.3695),(11.9181,12.0536),(-21.2296,51.6788)]
triangle[(19.7858,6.47013),(-8.5636,-3.75217),(10.5754,-56.8301)]
triangle[(16.4751,3.22225),(12.835,10.0206),(-0.644346,2.80306)]
triangle[(0.518863,-9.30588),(11.9648,-5.43051),(5.7387,12.9582)]
triangle[(12.5543,-5.94361),(1.60807,16.367),(-36.2781,-2.22117)]
triangle[(19.1662,-0.038375),(-4.00029,14.0878),(-20.7892,-13.4455)]
triangle[(10.9398,-1.99148),(7.46205,12.6022),(-13.2113,7.67566)]
triangle[(4.52976,-3.94703),(8.14269,-17.104),(25.4125,-12.3617)]
triangle[(9.91331,14.3297),(-3.9436,6.09838),(5.47601,-9.75894)]
triangle[(15.8143,-14.3091),(-11.746,-20.215),(-0.666243,-71.9191)]
triangle[(-6.2491,10.5821),(2.80035,-10.3093),(26.7117,0.0482783)]
triangle[(14.0994,-20.0625),(-12.0482,13.5006),(-73.0072,-33.9899)]
triangle[(7.35861,10.4027),(-13.8525,18.5955),(-29.3744,-21.5909)]
triangle[(-4.72535,-19.0534),(-20.1306,-11.5537),(-30.4909,-32.8348)]
triangle[(5.89308,-19.8784),(-10.3128,18.2423),(-75.2164,-9.34948)]
triangle[(10.8861,-18.3592),(10.5959,8.5325),(-22.4878,8.17548)]
triangle[(0.927012,19.4838),(-13.5674,19.9877),(-14.2434,0.538514)]
triangle[(20.4664,17.1729),(-17.9428,-18.2123),(19.8635,-59.2496)]
triangle[(-10.3656,-17.4234),(-6.21093,9.44328),(-45.5452,15.5259)]
triangle[(-16.4114,5.67228),(19.7064,17.3195),(-3.01086,87.7657)]
triangle[(-13.448,11.4234),(-14.9379,4.53577),(-4.46979,2.27131)]
triangle[(-9.95538,-14.17),(11.3164,-16.8142),(15.3265,15.4458)]
triangle[(-6.3371,13.2937),(-20.7969,-8.3638),(21.5798,-36.6571)]
triangle[(-0.96814,-1.71699),(13.8162,-14.5727),(36.8138,11.8751)]
triangle[(8.11772,-0.228694),(0.418654,-9.51899),(12.0699,-19.1746)]
triangle[(12.6771,-14.4567),(-12.4341,7.69732),(-48.2755,-32.9283)]
triangle[(-1.4831,-16.7524),(17.1431,-2.49548),(-5.01254,26.45)]
triangle[(-1.78884,4.0983),(-18.9082,9.33867),(-25.6192,-12.5849)]
triangle[(-19.8471,7.40819),(15.2478,-3.69882),(28.8835,39.3859)]
triangle[(6.49457,-4.4879),(17.7872,10.7006),(-11.5766,32.5325)]
triangle[(-19.1496,18.9345),(-9.15048,19.6693),(-10.2895,35.1679)]
triangle[(20.6243,-19.9742),(-5.05704,6.4153),(-47.8261,-35.2061)]
triangle[(-19.7376,-11.2209),(10.452,17.9912),(-47.585,77.9704)]
triangle[(-1.05288,5.81218),(-20.2292,6.42421),(-20.8484,-12.9778)]
triangle[(-11.2487,-17.9476),(-4.40379,-0.266147),(-23.6947,7.20187)]
triangle[(10.2724,-15.0648),(-15.3971,-18.4793),(-10.9486,-51.9225)]
triangle[(11.997,8.52183),(13.2428,-0.354736),(29.3614,1.90747)]
triangle[(-14.9281,11.107),(7.83868,19.6374),(-1.98409,45.8536)]
triangle[(0.183133,13.4848),(-20.5394,-20.0113),(19.9878,-45.0836)]
triangle[(16.8997,-7.41617),(14.8705,18.2903),(-10.897,16.2562)]
triangle[(5.29332,12.7404),(-10.9005,-11.2888),(28.9957,-38.1757)]
triangle[(0.781438,-4.06964),(18.6174,-14.3179),(39.0023,21.1596)]
triangle[(-19.807,5.19742),(6.52516,-9.83542),(24.5268,21.6971)]
triangle[(10.9574,-13.0574),(-19.19,-4.65037),(-33.6634,-56.5512)]
triangle[(6.87016,11.6447),(3.84902,10.0038),(6.41272,5.28352)]
triangle[(7.50506,-15.1469),(-3.16767,-15.1674),(-3.13956,-29.8237)]
triangle[(-2.96766,8.60238),(-18.4992,16.2685),(-33.5796,-14.2842)]
triangle[(-12.9065,-17.7793),(8.77998,-16.3207),(6.95101,10.8716)]
triangle[(-6.12503,-15.5627),(-19.6501,15.3888),(-79.1807,-10.6246)]
triangle[(-19.2593,-20.1104),(4.57309,16.7445),(-60.0393,58.5264)]
triangle[(7.84591,-4.11613),(5.14163,-5.59399),(7.62849,-10.1446)]
triangle[(12.5811,-17.1458),(-12.5524,-19.0949),(-9.22075,-62.0561)]
triangle[(15.9488,6.32192),(-12.245,-0.641675),(1.64006,-56.859)]
triangle[(-2.46665,-17.2613),(16.287,11.989),(-22.7332,37.0065)]
triangle[(-12.1806,-11.0806),(-18.5918,8.04693),(-42.8344,-0.0788268)]
triangle[(19.5656,-12.182),(0.0134174,16.0223),(-28.8814,-4.00844)]
triangle[(-17.2777,-5.51639),(4.88756,7.85476),(-20.5519,50.0255)]
triangle[(13.2378,11.5591),(2.0534,-17.5666),(47.1545,-34.8857)]
triangle[(0.376672,1.92251),(-6.41766,-0.569399),(-3.61132,-8.22104)]
triangle[(12.6355,-0.655291),(20.5662,-9.56845),(32.7511,1.27339)]
triangle[(-19.649,-8.16696),(14.0847,-7.70022),(13.3841,42.9368)]
triangle[(14.6804,-1.45692),(-15.0311,6.02677),(-28.7824,-48.5682)]
triangle[(-20.7509,1.31472),(-3.10034,19.1286),(-24.2743,40.1084)]
triangle[(-16.3624,8.03512),(11.8676,14.7136),(2.46753,54.4478)]
triangle[(-3.74951,9.89233),(-3.59884,20.5165),(-14.8668,20.6763)]
triangle[(-1.74425,9.29694),(18.6968,-11.1988),(43.4043,13.4428)]
triangle[(17.8042,10.3839),(-18.9593,-7.86788),(6.18835,-58.5213)]
triangle[(-16.0092,15.4715),(0.603866,-5.67926),(29.6184,17.1105)]
triangle[(8.32521,11.2718),(-8.40174,13.3984),(-12.1839,-16.3506)]
triangle[(-13.7815,11.0414),(-0.261151,4.38525),(10.5213,26.2873)]
triangle[(17.4571,-2.59347),(-10.3239,-14.6155),(4.44735,-48.7497)]
triangle[(-10.2487,-17.0635),(-4.08647,20.5306),(-47.8644,27.7065)]
triangle[(-2.53038,-7.48),(11.356,1.55419),(-6.15155,28.4648)]
triangle[(9.88426,-15.3847),(-12.9294,-13.1644),(-16.9328,-54.2998)]
triangle[(13.622,5.60901),(3.07126,9.55607),(-3.26808,-7.38934)]
triangle[(-10.9628,0.286961),(5.55768,-4.0901),(10.9479,16.2544)]
triangle[(-3.27773,-19.7394),(-11.6913,19.3489),(-58.3334,9.30943)]
triangle[(14.3137,-14.4243),(7.61712,-14.8223),(8.29465,-26.2224)]
triangle[(12.5349,0.0483249),(-4.50826,10.4997),(-20.6647,-15.8469)]
triangle[(-11.2006,-17.6113),(-10.6558,-0.646719),(-33.0348,0.0720004)]
triangle[(11.8775,-19.0018),(-2.96695,-19.7216),(-1.8962,-41.8038)]
triangle[(-8.20316,-9.90295),(10.458,1.95019),(-6.0452,27.9324)]
triangle[(17.0903,19.602),(-5.15024,9.89148),(9.2741,-23.1453)]
triangle[(-7.44266,-18.5061),(6.17052,-4.14924),(-9.07077,10.3025)]
triangle[(4.99105,3.98178),(11.482,5.67459),(8.31572,17.8154)]
triangle[(19.2865,0.182162),(-17.8714,-5.44662),(-11.0984,-50.1582)]
triangle[(-2.58088,-6.08254),(4.67096,16.8809),(-36.5734,29.9058)]
triangle[(17.2453,20.0934),(1.11461,19.1304),(2.70193,-7.45735)]
triangle[(-19.0452,5.23492),(-1.44471,-17.2369),(34.0948,10.5986)]
triangle[(-7.93639,12.9705),(9.35937,3.85759),(23.7095,31.0934)]
triangle[(6.04246,17.5216),(-2.07126,-7.68667),(47.6115,-23.678)]
triangle[(-2.12334,4.77715),(-8.90837,8.84695),(-15.8246,-2.68356)]
triangle[(-15.7114,-11.8821),(5.37535,-20.5941),(21.3601,18.0959)]
triangle[(0.201709,-16.9316),(-7.56982,-9.69682),(-15.7403,-18.4735)]
triangle[(15.4564,12.5769),(-16.8455,16.0486),(-22.6177,-37.6584)]
triangle[(9.02178,6.62829),(0.789272,17.4251),(-13.8028,6.29868)]
triangle[(-7.00127,-0.8729),(-9.92265,10.2788),(-22.2402,7.05197)]
triangle[(-19.1321,-18.4762),(-0.257443,3.80475),(-26.5743,26.0984)]
triangle[(18.8942,-19.2279),(13.0598,-9.9473),(-2.58713,-19.784)]
triangle[(-18.6381,3.25301),(16.3309,14.8603),(-4.08225,76.3584)]
triangle[(13.1392,0.425418),(-17.1024,-15.164),(8.46642,-64.7645)]
triangle[(-20.7563,-0.63381),(-20.1574,18.0695),(-39.4058,18.6858)]
triangle[(-12.7886,-0.477114),(18.4254,18.3703),(-12.5622,69.6901)]
triangle[(-20.7441,-5.59073),(16.8864,16.3458),(-6.11886,55.8096)]
triangle[(-1.10412,16.7198),(-14.2251,8.49438),(-5.88086,-4.81607)]
triangle[(-12.7737,-0.887498),(-11.7193,17.5526),(-40.5967,19.2039)]
triangle[(7.39037,17.2667),(-20.0969,8.11885),(-10.2123,-21.5821)]
triangle[(-13.2159,-4.20859),(-17.6119,-20.8882),(0.934013,-25.7762)]
triangle[(7.35315,5.99599),(-9.31697,-6.82336),(11.5169,-33.9154)]
triangle[(17.2512,-4.26672),(-12.9055,-14.1039),(1.0978,-57.0324)]
triangle[(-13.2769,-13.5924),(-18.3528,-11.018),(-22.3467,-18.8928)]
triangle[(-4.45165,1.9492),(6.09183,-2.1085),(13.4767,17.0803)]
triangle[(15.9073,4.44694),(-9.67014,10.1076),(-17.812,-26.6815)]
triangle[(14.2813,-4.25511),(-17.7394,-15.8341),(-5.83925,-48.743)]
triangle[(17.3828,14.2218),(-19.3621,-12.3769),(25.727,-74.6655)]
triangle[(12.8687,-17.08),(-7.39539,5.87887),(-51.8088,-33.3216)]
triangle[(2.40229,-8.10499),(-14.2727,-10.4136),(-10.9761,-34.2244)]
triangle[(-3.68853,-1.11424),(-2.05709,1.93075),(-5.67235,3.86772)]
triangle[(1.01574,2.38),(-9.12444,6.65747),(-15.0022,-7.27629)]
triangle[(6.2331,-10.0281),(20.0992,-20.0399),(36.8729,3.19114)]
triangle[(16.0277,1.91511),(-3.57101,15.586),(-24.573,-14.5227)]
triangle[(11.0204,12.0241),(3.23468,19.2821),(-6.01094,9.36439)]
triangle[(-7.38773,-5.64794),(9.7455,1.25794),(-1.64057,29.5063)]
triangle[(-16.016,-19.1855),(8.02086,20.9194),(-65.0283,64.7014)]
triangle[(4.14111,-4.62595),(-0.681379,17.5522),(-44.7949,7.95995)]
triangle[(7.52034,-0.163014),(15.2833,-20.5214),(53.752,-5.85257)]
triangle[(-13.4193,-8.05432),(-12.3368,-12.5137),(-4.412,-10.5902)]
triangle[(-9.09547,-4.72958),(8.73972,-7.52521),(12.8431,18.6531)]
triangle[(0.356863,19.7779),(9.51214,12.5468),(18.7841,24.2861)]
triangle[(-5.77835,1.4399),(-0.45207,-7.8725),(10.987,-1.32987)]
triangle[(4.39015,13.3032),(0.416595,-4.34414),(19.2012,-8.57375)]
triangle[(-14.6501,-15.455),(0.821116,-8.62588),(-9.08906,13.8254)]
triangle[(-9.57888,1.83581),(19.1224,11.2625),(9.36943,40.9573)]
triangle[(-17.9525,-14.1876),(-8.83119,-5.6131),(-22.9538,9.41021)]
triangle[(3.7511,8.54694),(16.1736,-3.66891),(38.2863,18.8178)]
triangle[(-8.66124,-3.28539),(-2.4252,-13.9478),(18.1009,-1.94278)]
triangle[(-6.59588,10.2347),(18.209,-12.6865),(54.3433,26.4173)]
triangle[(-12.9374,2.42323),(19.0925,4.21072),(15.8928,61.5449)]
triangle[(-5.38773,19.2038),(-14.6508,3.75374),(9.42426,-10.6804)]
triangle[(-1.14104,-3.58187),(-4.32131,-15.0467),(15.5636,-20.5626)]
triangle[(6.94196,1.60016),(4.63777,-18.218),(41.2104,-22.4702)]
triangle[(-14.0822,13.8692),(11.4221,10.532),(16.9964,53.1344)]
triangle[(15.458,2.36455),(-18.9176,13.4398),(-30.8346,-23.5482)]
triangle[(-7.82234,-4.01547),(14.5308,-15.6171),(35.1362,24.0839)]
triangle[(6.66247,-16.0698),(-19.5037,-19.3339),(-16.202,-45.802)]
triangle[(-13.4344,-8.15131),(-13.9717,4.95652),(-40.1138,3.88507)]
triangle[(-17.6995,11.5),(-19.9047,0.52713),(-0.980951,-3.27593)]
triangle[(-9.94843,-1.22625),(11.7247,10.558),(-8.16879,47.1454)]
triangle[(-2.48632,7.40891),(-6.86573,13.7771),(-19.5127,5.07973)]
triangle[(-4.65143,-9.10266),(-19.4077,19.5389),(-61.0542,-1.91759)]
triangle[(2.28423,20.8205),(-8.04353,20.8754),(-8.11407,7.60949)]
triangle[(1.57624,11.81),(11.7806,-20.3016),(49.4045,-8.34549)]
triangle[(11.8507,17.3651),(3.10265,-4.63806),(41.8452,-20.0413)]
triangle[(-0.297528,-9.88688),(-15.3698,-4.29028),(-23.3775,-25.8559)]
triangle[(0.358203,-9.13682),(-15.1087,12.0702),(-51.125,-14.1976)]
triangle[(14.5398,-6.42535),(-12.7097,9.29484),(-38.956,-36.2008)]
triangle[(-8.3819,-18.9365),(-5.61308,17.7141),(-54.0705,21.3749)]
triangle[(-11.5598,-15.5101),(2.1297,-9.96974),(-8.48339,16.254)]
triangle[(-2.05983,20.0159),(-15.5262,14.3398),(-5.62968,-9.13916)]
triangle[(12.6007,19.0713),(1.33967,4.50203),(24.1774,-13.1499)]
triangle[(-14.523,-17.2355),(-14.0411,1.67028),(-41.4426,2.36882)]
triangle[(-7.1176,-8.00373),(-0.175673,17.9539),(-50.6996,31.4656)]
triangle[(9.7621,-6.98014),(15.0325,17.2603),(-22.2159,25.3589)]
triangle[(9.37268,-11.898),(-15.1336,20.34),(-49.1784,-5.53968)]
triangle[(-5.78166,-14.762),(-0.237064,16.2372),(-56.9392,26.3791)]
triangle[(19.0987,13.8273),(-6.24255,10.8683),(-3.08481,-16.1746)]
triangle[(-5.64508,-15.0624),(19.6652,13.7552),(-12.0114,41.5766)]
triangle[(-8.92147,6.14364),(4.22289,13.931),(-11.3182,40.1629)]
triangle[(-5.58305,0.258051),(-1.1622,-12.3349),(12.472,-7.54847)]
triangle[(-4.43758,0.401756),(7.48726,11.7872),(-9.54611,29.6276)]
triangle[(7.32802,0.0449414),(-6.07691,-9.3589),(9.03169,-30.8958)]
triangle[(5.76661,-12.1932),(-12.0152,0.398188),(-26.945,-20.6859)]
triangle[(20.8565,-6.6996),(10.505,0.707718),(-2.89514,-18.0186)]
triangle[(-7.38323,-8.76219),(-0.498314,-13.2064),(7.81765,-0.323433)]
triangle[(16.4994,-5.17948),(-13.5299,-13.6055),(1.87024,-68.4894)]
triangle[(20.5611,16.2204),(-18.834,0.749117),(1.52514,-51.0921)]
triangle[(-17.5871,19.5778),(-7.87121,18.3241),(-5.48424,36.8223)]
triangle[(-13.9277,17.4017),(-0.718921,19.0199),(-2.45949,33.2269)]
triangle[(17.1935,19.6807),(-4.14815,-15.3376),(58.3522,-53.4279)]
triangle[(5.66457,20.389),(14.6899,4.40989),(44.0654,21.0017)]
triangle[(8.64857,-6.04185),(10.9558,-4.33362),(8.73636,-1.33601)]
triangle[(-20.5157,10.4255),(-17.0421,-20.682),(36.5171,-14.7014)]
triangle[(5.53561,-20.9632),(8.44703,3.46218),(-20.4073,6.90151)]
triangle[(15.9691,-9.49536),(-15.3206,13.2578),(-42.9903,-24.7931)]
triangle[(17.4865,5.37623),(16.8424,12.1553),(8.7292,11.3844)]
triangle[(-19.6122,-17.647),(15.1374,-9.50738),(2.39669,44.8854)]
triangle[(19.7704,-13.8111),(-4.32655,3.11675),(-23.7485,-24.5305)]
triangle[(-17.7976,0.111968),(-6.27538,2.7462),(-10.7523,22.3286)]
triangle[(-3.6714,-7.59929),(-6.95242,-17.9139),(4.74529,-21.6349)]
triangle[(2.44954,-8.04397),(-15.6463,-1.93019),(-26.6494,-34.4976)]
triangle[(-14.4997,-4.44083),(-18.45,-0.630316),(-26.0056,-8.46312)]
triangle[(15.0777,6.2943),(-20.1832,0.214796),(-10.2448,-57.4275)]
triangle[(-13.6168,1.01921),(-9.59013,4.1553),(-14.2114,10.0889)]
triangle[(0.340015,13.4811),(12.1165,-12.7929),(46.7115,2.71318)]
triangle[(-15.0069,-4.09614),(-3.51296,0.0721094),(-11.2847,21.5026)]
triangle[(-2.8927,10.6526),(14.0728,18.3082),(-0.0581755,49.6241)]
triangle[(-10.4785,-10.1272),(7.79591,-16.9771),(15.2402,2.88292)]
triangle[(4.18042,-18.5342),(17.8617,11.2371),(-26.933,31.8224)]
triangle[(20.8284,18.6027),(-7.80082,16.8118),(-5.17467,-25.1686)]
triangle[(-7.27271,-16.9667),(3.63647,13.6582),(-52.8821,33.7912)]
triangle[(2.43704,-1.46342),(3.64245,19.4751),(-20.3759,20.8578)]
triangle[(-6.82712,12.9618),(15.366,-17.5482),(53.6639,10.31)]
triangle[(-12.1705,-15.4966),(-1.14847,19.663),(-60.9569,38.4121)]
triangle[(12.0078,15.8914),(-0.0282339,5.95302),(10.1002,-6.31328)]
triangle[(-6.56424,-18.85),(-9.14034,-0.262697),(-31.4441,-3.35388)]
triangle[(5.05044,-8.956),(3.22164,-1.92225),(-10.0361,-5.36932)]
triangle[(-0.999208,-16.6236),(3.80504,15.0376),(-29.1155,20.033)]
triangle[(13.094,-6.1098),(-8.50375,-14.2866),(4.52159,-48.691)]
triangle[(-16.5719,-1.64072),(7.00714,20.871),(-26.7422,56.2205)]
triangle[(12.2273,-5.51395),(19.2599,-2.79025),(15.3918,7.19723)]
triangle[(3.98567,7.44761),(-9.8422,-7.3477),(10.7292,-26.574)]
triangle[(-9.54929,-19.5344),(-18.9697,9.49144),(-60.9004,-4.11733)]
triangle[(-0.270847,9.26392),(-9.74096,15.2444),(-19.5548,-0.295822)]
triangle[(10.6299,1.63727),(-7.9912,-12.5146),(13.8148,-41.207)]
triangle[(13.6954,5.07778),(15.6319,-5.08609),(35.5145,-1.29802)]
triangle[(-3.95638,-7.21243),(-7.83041,-18.1294),(5.68309,-22.9248)]
triangle[(-14.9791,-9.09235),(-7.52957,-15.7044),(3.88474,-2.84429)]
triangle[(3.41508,-11.8779),(-11.8797,-1.48221),(-30.1415,-28.3502)]
triangle[(-1.09349,3.08787),(-7.84848,-16.0056),(13.3552,-23.5071)]
triangle[(-3.3024,6.53254),(-13.4993,-15.0852),(26.9195,-34.1503)]
triangle[(-18.3707,-5.09326),(-14.6018,-13.8797),(1.3758,-7.02617)]
triangle[(-9.21561,6.58658),(-8.28686,-3.47264),(10.0856,-1.77634)]
triangle[(13.0848,7.85689),(-10.1473,11.0151),(-16.112,-32.8613)]
triangle[(-2.29741,9.99678),(16.5573,12.5946),(11.8618,46.6734)]
triangle[(-2.76783,-14.4208),(20.0879,0.751714),(-5.2092,38.859)]
triangle[(14.6465,6.07291),(-2.98218,2.90775),(0.751854,-17.8893)]
triangle[(-18.2491,0.0459149),(0.721509,-15.5889),(17.6256,4.92175)]
triangle[(-2.11186,4.78328),(6.0659,-8.32818),(25.512,3.80053)]
triangle[(-14.0236,-6.46733),(-13.6456,-18.3566),(0.16996,-17.9173)]
triangle[(-0.561191,-6.21498),(-15.3988,7.73922),(-34.9564,-13.0565)]
triangle[(-1.32846,10.2344),(5.70386,8.79436),(8.14443,20.7129)]
triangle[(-4.10895,13.7552),(7.24259,9.69803),(11.4837,21.5641)]
triangle[(-19.9388,-0.210927),(-2.72357,-0.760131),(-2.11975,18.167)]
triangle[(-8.0851,8.43339),(11.5147,-8.30706),(34.9858,19.173)]
triangle[(12.1621,-15.5526),(-6.82753,-8.02278),(-19.4692,-39.9039)]
triangle[(-8.74938,11.7102),(8.92834,-8.80938),(44.3153,21.6767)]
triangle[(-18.6276,-12.2748),(15.958,-0.841928),(-5.14486,62.9959)]
triangle[(-11.3777,-16.8978),(4.73092,3.14869),(-23.3625,25.7237)]
triangle[(-15.7206,16.2712),(-18.8334,4.84346),(1.07081,-0.578157)]
triangle[(-12.5742,-0.553906),(8.57887,-15.0316),(35.4641,24.2498)]
triangle[(-11.5898,-7.94306),(-3.36267,16.1812),(-31.1106,25.6441)]
triangle[(-8.40103,-4.07348),(-3.78208,20.5159),(-48.2464,28.8682)]
triangle[(-1.07287,-7.28865),(-7.83078,-14.4326),(-0.372013,-21.4883)]
triangle[(-19.6938,-3.20471),(4.72966,14.1168),(-14.053,40.6004)]
triangle[(-6.45607,11.9206),(-15.8302,-11.1266),(28.1247,-29.0046)]
triangle[(-11.0779,10.3299),(3.15834,10.8904),(2.27209,33.4024)]
triangle[(-17.1855,16.044),(8.16685,1.3591),(28.8363,37.0434)]
triangle[(-7.13723,0.150591),(-12.5351,19.5786),(-32.2799,14.0926)]
triangle[(-9.55556,13.8422),(20.7808,2.46821),(33.6377,36.76)]
triangle[(13.4811,-6.02721),(3.28639,-0.534066),(-6.85264,-19.3511)]
triangle[(0.534747,-18.3827),(-7.7064,8.17718),(-34.5076,-0.138852)]
triangle[(18.5007,20.0228),(3.62922,-8.07648),(49.3213,-32.2589)]
triangle[(1.79317,-11.677),(12.3992,0.149698),(-4.10321,14.9488)]
triangle[(7.47335,-6.44475),(-19.6062,6.809),(-33.7156,-22.0187)]
triangle[(-16.6947,19.7386),(2.86184,-0.886974),(34.0668,28.7006)]
triangle[(1.29791,-15.1411),(10.2631,20.3223),(-37.1804,32.316)]
triangle[(-2.40073,-8.23766),(11.8419,-13.1181),(17.2818,2.75717)]
triangle[(-15.7151,5.97906),(14.7103,-18.7213),(39.5294,11.8503)]
triangle[(-3.49045,17.5315),(6.82684,13.7373),(14.0219,33.3028)]
triangle[(-15.0368,18.7808),(18.0688,13.2988),(27.8203,72.188)]
triangle[(-8.44646,-10.6496),(-7.26758,-8.42562),(-11.5761,-6.14179)]
triangle[(16.1783,2.72377),(3.79388,6.35793),(-1.05891,-10.1793)]
triangle[(10.0887,-0.45742),(20.67,17.0471),(-3.56569,31.6972)]
triangle[(15.8571,-6.13474),(-7.56763,-6.40011),(-7.28127,-31.6778)]
triangle[(-4.15966,10.9733),(-11.1731,3.11407),(-1.09898,-5.87595)]
triangle[(-14.0096,-17.4362),(-14.0628,11.8186),(-49.0305,11.755)]
triangle[(6.86763,-20.5339),(-0.366875,8.6257),(-40.7131,-1.38421)]
triangle[(-1.91618,-4.47429),(16.4272,19.6399),(-24.5445,50.8067)]
triangle[(0.00691808,11.335),(-10.6159,-2.19813),(13.2213,-20.9093)]
triangle[(-12.0975,-7.73145),(-19.4425,19.561),(-61.603,8.21468)]
triangle[(12.7633,0.884775),(4.80127,6.10327),(-4.65413,-8.32307)]
triangle[(-0.268161,16.0728),(17.1714,-7.73829),(45.2054,12.7942)]
triangle[(-16.6332,-17.1668),(-13.8849,-6.28786),(-35.3317,-0.86983)]
triangle[(-6.60788,-3.88743),(2.50067,14.3943),(-32.578,31.8716)]
triangle[(6.17585,4.7546),(-17.3616,6.29512),(-19.7318,-29.9197)]
triangle[(-3.00283,-5.31804),(-19.6739,-7.07054),(-16.2001,-40.1156)]
triangle[(-0.487076,18.067),(8.21695,-18.4688),(71.1264,-3.48176)]
triangle[(6.32355,-6.59964),(20.8724,-10.4857),(25.8143,8.01604)]
triangle[(7.05985,12.8155),(-18.638,16.1192),(-23.4475,-21.2917)]
triangle[(-15.5674,8.06776),(-18.4395,16.0842),(-27.5458,12.8215)]
triangle[(-2.16634,-7.14568),(-17.1483,-8.80335),(-14.5468,-32.3156)]
triangle[(13.916,-9.04162),(1.26572,14.2269),(-26.316,-0.768213)]
triangle[(-13.7369,19.5233),(-0.613277,-12.4704),(49.5617,8.11105)]
triangle[(-18.7649,15.087),(9.03936,-19.0263),(45.0409,10.317)]
triangle[(-4.32582,-17.7342),(13.7031,17.1891),(-37.3058,43.5221)]
triangle[(-13.2864,-3.65807),(11.0841,9.68682),(-3.98039,37.1977)]
triangle[(-8.53744,4.34776),(-0.290312,-6.62312),(14.502,4.49669)]
triangle[(-17.8126,-0.213473),(14.4618,14.1302),(-4.37162,56.5069)]
triangle[(-0.188377,16.7131),(16.3239,-20.2186),(59.1463,-1.07259)]
triangle[(18.1534,-14.8166),(-5.74948,-2.40725),(-19.5722,-29.0327)]
triangle[(19.7438,-2.83615),(9.88255,-14.1326),(28.7012,-30.5603)]
triangle[(-9.113,-8.29683),(13.4653,-10.7151),(16.7533,19.9828)]
triangle[(7.30692,6.06975),(13.4963,-6.66727),(38.0112,5.24544)]
triangle[(-2.8132,-19.7277),(5.37616,-19.3112),(4.69527,-5.92434)]
triangle[(7.4269,-16.272),(18.8353,-12.8418),(14.2018,2.56824)]
triangle[(-15.9925,18.2893),(-16.3499,9.7303),(-0.61869,9.07346)]
triangle[(-17.8833,0.937337),(-17.8048,4.06627),(-21.0602,4.14788)]
triangle[(4.67803,-11.2425),(10.2346,-6.32527),(4.2157,0.476177)]
triangle[(-7.96168,-0.88983),(-5.66567,-2.57715),(-2.76498,1.36994)]
triangle[(7.23925,-9.18928),(2.75983,11.0999),(-27.9902,4.31097)]
triangle[(-6.14505,-20.9856),(-11.3193,14.7296),(-81.8399,4.5128)]
triangle[(15.9162,12.2538),(8.08457,-8.98954),(34.4924,-18.7251)]
triangle[(-5.97512,-14.0819),(7.12954,12.9383),(-28.0979,30.0235)]
triangle[(-12.3032,-14.5442),(1.59109,17.6323),(-43.3731,37.0486)]
triangle[(1.17312,6.01982),(16.5426,-16.4085),(49.3271,6.05783)]
triangle[(-18.1487,9.44534),(-14.5372,-19.803),(42.6715,-12.7389)]
triangle[(-0.969966,-11.7099),(-15.1201,6.83775),(-42.1006,-13.7459)]
triangle[(-11.8634,-19.3495),(-12.3463,-15.8922),(-18.7482,-16.7862)]
triangle[(-20.2697,14.2591),(18.4727,-14.1617),(53.8949,34.1248)]
triangle[(6.60341,-20.2494),(-1.16405,-8.63658),(-19.4085,-20.8397)]
triangle[(7.86734,-20.0626),(-15.5431,4.3288),(-52.781,-31.4115)]
triangle[(7.50384,-9.64557),(-9.16442,12.3263),(-32.1326,-5.0978)]
triangle[(9.7029,13.1076),(-2.08314,-6.02456),(29.462,-25.4574)]
triangle[(8.67755,-3.30014),(17.8344,-3.38156),(17.9697,11.8421)]
triangle[(9.76702,12.6927),(-19.2179,-19.6793),(27.6432,-61.6372)]
triangle[(3.46523,19.8759),(1.41501,-17.506),(52.7164,-20.3196)]
triangle[(-2.77153,-15.8911),(-8.45486,-10.3171),(-16.2717,-18.2871)]
triangle[(2.89732,6.47644),(16.0713,0.629318),(27.2212,25.7509)]
triangle[(-15.0329,-8.36741),(15.6147,20.4033),(-30.0337,69.0296)]
triangle[(7.49924,18.2392),(17.0222,3.16547),(45.4884,21.1492)]
triangle[(-13.505,-18.5909),(-19.5424,-2.0605),(-40.0687,-9.55732)]
triangle[(14.2003,-1.61968),(-1.28667,20.8569),(-36.3388,-3.29493)]
triangle[(-7.2523,-11.2925),(-7.1578,15.2411),(-45.8343,15.3789)]
triangle[(12.7361,-12.1086),(8.7945,-3.03615),(-1.35714,-7.44664)]
triangle[(12.0769,-8.44161),(-14.4245,19.5149),(-56.0753,-19.968)]
triangle[(9.56156,-7.74805),(-20.9911,-16.7115),(-8.53848,-59.1572)]
triangle[(-13.6059,2.62251),(-17.2216,-16.3008),(4.8068,-20.5099)]
triangle[(-16.3171,12.0873),(12.9513,-9.24573),(54.88,48.2793)]
triangle[(19.1719,12.1674),(-1.37912,-1.07944),(23.3573,-39.4554)]
triangle[(-11.0219,-9.59204),(-10.7921,3.75957),(-32.3541,4.13068)]
triangle[(6.6133,-2.20716),(-7.05071,18.9332),(-43.6287,-4.70885)]
triangle[(17.7112,-16.7871),(-4.05156,-1.19685),(-22.7358,-27.2786)]
triangle[(0.0771929,-14.0114),(11.4835,5.26449),(-14.5828,20.6889)]
triangle[(-7.83629,2.06998),(-11.1938,18.1914),(-36.9586,12.8255)]
triangle[(9.66667,-18.8931),(6.43622,-4.76365),(-15.3508,-9.74488)]
triangle[(-11.472,-20.1977),(19.8373,3.48505),(-16.3446,51.3186)]
triangle[(9.55815,18.343),(3.16971,4.65054),(25.9463,-5.97626)]
triangle[(15.8656,16.2066),(-6.55383,-20.2991),(44.8726,-51.8819)]
triangle[(14.4358,9.99151),(-5.06031,-11.3999),(19.7515,-34.0133)]
triangle[(18.5563,-0.740368),(5.86938,16.3739),(-16.4084,-0.140591)]
triangle[(1.42631,7.11826),(-17.313,12.7489),(-26.2429,-16.9709)]
triangle[(-7.07652,-13.0424),(-2.3354,3.28836),(-30.5513,11.48)]
triangle[(15.2135,-9.14057),(2.39629,12.8182),(-39.5129,-11.644)]
triangle[(-3.9155,-16.3503),(19.4194,-19.308),(25.2293,26.5294)]
triangle[(0.501694,20.6281),(17.5039,6.85046),(43.873,39.3911)]
triangle[(-19.4804,7.8378),(4.75907,-19.7165),(44.5766,15.311)]
triangle[(-20.0619,-5.8229),(-6.50326,-20.6756),(14.6419,-1.37286)]
triangle[(-15.3205,-9.69579),(-0.581494,-7.70851),(-2.84334,9.06686)]
triangle[(-18.558,1.87552),(-16.8156,-20.5485),(9.08433,-18.536)]
triangle[(-8.81213,-13.8927),(-15.0701,5.91949),(-52.6158,-5.93984)]
triangle[(-7.04553,0.0405785),(2.65531,16.7576),(-18.8453,29.2343)]
triangle[(16.4046,3.86077),(-3.9176,-6.89116),(10.2221,-33.6165)]
triangle[(9.39517,0.350756),(17.947,-4.37686),(23.4877,5.64579)]
triangle[(-6.22885,-12.6201),(-14.2618,-19.355),(-7.38421,-27.5582)]
triangle[(5.19493,-1.98631),(11.456,-7.42686),(19.2052,1.49113)]
triangle[(18.7674,-3.70084),(-19.4001,7.32629),(-38.391,-58.4057)]
triangle[(-3.98421,3.30838),(15.4495,6.84342),(11.7203,27.3444)]
triangle[(17.9702,-6.74636),(19.8749,-15.6666),(36.1381,-12.194)]
triangle[(-3.16254,3.75152),(0.843054,19.6773),(-21.2435,25.2324)]
triangle[(-6.16067,10.0334),(-16.494,-17.8975),(25.4541,-33.4165)]
triangle[(9.24095,-12.5044),(-17.0573,18.6591),(-60.7583,-18.2194)]
triangle[(1.90146,-8.5818),(8.86758,10.2445),(-23.7994,22.332)]
triangle[(-17.3197,18.4562),(18.9023,-16.2657),(59.723,26.3186)]
triangle[(11.6526,-15.0442),(-14.9582,0.379086),(-36.3426,-36.5169)]
triangle[(20.6485,14.1864),(-17.764,15.9467),(-20.5218,-44.231)]
triangle[(-10.0864,8.26322),(2.59931,-2.67178),(17.342,14.4312)]
triangle[(1.77789,6.82952),(-5.35426,0.243463),(3.41539,-9.25334)]
triangle[(9.84936,17.7349),(-6.71178,-15.8173),(50.1821,-43.8997)]
triangle[(16.3905,6.15973),(-1.08315,12.8784),(-11.8384,-15.0934)]
triangle[(12.9682,-20.9757),(-20.134,17.9021),(-78.4877,-31.7829)]
triangle[(19.7095,-19.9629),(-7.87312,-5.01594),(-34.3416,-53.86)]
triangle[(-6.47461,-10.6688),(-15.889,-19.2646),(-1.09638,-35.4659)]
triangle[(11.5445,-0.576102),(8.66047,-1.01926),(9.31558,-5.28279)]
triangle[(-4.16979,9.01847),(15.6044,-9.6174),(39.404,15.6359)]
triangle[(-1.39513,10.2466),(5.73155,-17.9994),(41.6911,-8.92658)]
triangle[(-16.3025,-4.37544),(10.5905,7.68624),(-3.01407,38.0194)]
triangle[(16.2109,16.5555),(6.68768,-0.902264),(30.2451,-13.7528)]
triangle[(6.18299,-7.77373),(-7.95398,7.937),(-29.7724,-11.6959)]
triangle[(-9.83438,-20.2118),(18.7729,3.13646),(-6.16357,33.6895)]
triangle[(-3.23272,0.328029),(8.5543,17.9461),(-10.6041,30.7637)]
triangle[(19.5378,-13.0545),(-4.02764,3.66543),(-36.9815,-42.7805)]
triangle[(19.3955,2.69988),(17.4682,-1.87553),(26.1258,-5.5224)]
triangle[(9.43075,-9.07235),(-7.12016,5.51084),(-33.3144,-24.2178)]
triangle[(-16.2641,0.299524),(-9.54028,-20.0925),(22.4755,-9.53598)]
triangle[(11.6977,-6.79315),(9.70841,-13.313),(19.253,-16.2251)]
triangle[(9.75344,18.2122),(8.36981,-5.15362),(49.6809,-7.59989)]
triangle[(-5.27991,11.4886),(-0.316585,-6.59193),(20.6543,-0.835164)]
triangle[(9.53051,2.06347),(0.415335,14.2138),(-20.6369,-1.57949)]
triangle[(20.2987,9.74146),(-19.3221,-18.2795),(24.2567,-79.8986)]
triangle[(-7.05295,-1.79785),(0.328665,10.963),(-23.2282,24.5896)]
triangle[(9.58749,-7.70986),(-14.0513,12.6118),(-53.4521,-33.2204)]
triangle[(0.811093,-16.8436),(-1.29752,-11.6906),(-7.11197,-14.0699)]
triangle[(-4.663,0.562116),(-18.061,-2.88221),(-11.5317,-28.2801)]
triangle[(-16.3422,-14.3355),(-1.82451,-9.26938),(-11.0081,17.0476)]
triangle[(-6.19891,2.82426),(6.47061,7.11451),(-0.955739,29.0453)]
triangle[(11.861,-9.32637),(14.7134,-14.2086),(23.0847,-9.31766)]
triangle[(2.20243,2.44613),(-16.7059,-3.22233),(-10.9627,-22.3801)]
triangle[(-4.28193,-16.5564),(12.8297,-20.7044),(20.3646,10.3792)]
triangle[(-0.549447,12.4055),(-16.4271,-6.08126),(18.0909,-35.7278)]
triangle[(-19.5698,1.56578),(15.7264,1.96896),(15.2574,43.0222)]
triangle[(5.28329,10.2444),(-2.90052,-2.5808),(16.7639,-15.1288)]
triangle[(-7.05646,-1.92009),(-17.9767,6.79527),(-34.1233,-13.4362)]
triangle[(-8.55125,13.0517),(-7.32713,-3.65988),(16.3014,-1.92909)]
triangle[(-10.2886,16.8327),(-2.15956,2.3334),(14.7757,11.8282)]
triangle[(15.495,4.42002),(15.5608,0.775784),(20.5901,0.866579)]
triangle[(3.09484,19.7496),(1.20955,2.05363),(25.5384,-0.538314)]
triangle[(12.2495,-10.8429),(15.1076,-1.05995),(-1.92284,3.91557)]
triangle[(19.9187,0.283655),(-3.97393,-4.41557),(4.97024,-49.8911)]
triangle[(16.0554,-17.3991),(8.98871,-15.4086),(6.24085,-25.164)]
triangle[(3.91831,4.73048),(-2.9622,7.35318),(-6.50366,-1.93766)]
triangle[(17.4088,-14.6412),(11.3996,7.59554),(-13.7264,0.805515)]
triangle[(16.7852,12.1445),(13.598,-0.514622),(26.3369,-3.72191)]
triangle[(-17.5252,-16.0253),(20.8288,8.50506),(-10.471,57.4433)]
triangle[(11.3233,16.558),(9.68242,-2.04583),(28.8688,-3.73807)]
triangle[(-18.7534,18.4499),(7.46209,-2.86269),(46.1296,44.7)]
triangle[(-0.97546,-17.8825),(10.9781,9.92385),(-29.3145,27.2451)]
triangle[(-18.795,2.84818),(-9.43719,-2.46128),(-3.75939,7.54569)]
triangle[(16.4339,-16.5361),(4.11352,-16.6513),(4.30654,-37.2959)]
triangle[(-9.94196,11.139),(-1.69882,15.676),(-7.6616,26.5097)]
triangle[(16.1193,-1.38357),(-18.1374,9.33701),(-36.5021,-49.3459)]
triangle[(-12.4539,19.4947),(-19.7511,-17.008),(24.2204,-25.7982)]
triangle[(-5.67462,4.97176),(-16.6874,-17.2686),(16.9887,-33.944)]
triangle[(-15.7427,14.1693),(6.54173,10.8488),(12.245,49.1238)]
triangle[(-17.8185,11.5932),(3.81897,8.26634),(7.55456,32.5619)]
triangle[(16.1614,11.4977),(13.7284,-16.7234),(55.5729,-20.331)]
triangle[(2.64387,-15.0901),(6.9408,2.10904),(-11.105,6.61749)]
triangle[(-17.8509,-17.6902),(15.0979,-20.4974),(17.9249,12.6842)]
triangle[(20.7536,3.5458),(-3.26195,-8.37334),(13.0167,-41.1728)]
triangle[(16.732,-20.8899),(9.68405,-8.18666),(-14.8812,-21.8158)]
triangle[(-11.1866,13.1794),(-8.49359,7.33599),(1.16022,11.7851)]
triangle[(-15.0775,6.92681),(-9.09402,9.02585),(-12.8189,19.6439)]
triangle[(-5.10919,-14.8951),(10.8274,-4.26868),(-0.593167,12.8588)]
triangle[(3.64733,19.2686),(0.537704,0.990408),(28.8188,-3.821)]
triangle[(3.02375,17.7811),(-19.7897,3.22807),(3.68346,-33.5688)]
triangle[(10.052,1.27114),(2.27931,10.9999),(-10.8519,0.508881)]
triangle[(17.6108,8.86599),(-17.3757,3.88793),(-10.9643,-41.1727)]
triangle[(-18.8481,-9.2926),(-4.75389,8.93926),(-40.1883,36.3319)]
triangle[(-20.8784,-14.5693),(-2.34587,-5.85852),(-12.9149,16.6273)]
triangle[(8.16976,-12.8673),(13.6783,-14.1406),(15.8064,-4.93432)]
triangle[(5.32649,15.5313),(-1.77056,-6.96057),(21.0029,-14.1465)]
triangle[(-15.308,-14.7878),(13.4437,-10.6397),(7.84048,28.1978)]
triangle[(14.5259,-14.5567),(14.1627,-8.12026),(7.60031,-8.49057)]
triangle[(3.83034,4.48598),(-14.307,-15.0526),(5.64395,-33.5728)]
triangle[(15.9851,12.1882),(0.233036,12.5901),(-0.276007,-7.35957)]
triangle[(-11.8462,17.5292),(-12.1818,15.3957),(-8.83796,14.8697)]
triangle[(1.38573,3.6346),(-6.57332,-2.46184),(5.46289,-18.1754)]
triangle[(-7.42958,-15.5545),(5.15433,-10.4835),(-3.62836,11.3111)]
triangle[(-20.3611,-4.39719),(-18.2328,-13.5094),(-1.31213,-9.55719)]
triangle[(1.98042,0.876167),(20.7391,15.6429),(-1.23548,43.5581)]
triangle[(13.8918,18.2764),(10.6615,-7.04919),(50.6215,-12.1461)]
triangle[(9.74041,-6.43701),(12.0337,15.383),(-14.5015,18.1718)]
triangle[(4.35019,19.5265),(2.855,-10.8325),(62.5921,-13.7746)]
triangle[(-18.5291,-18.2025),(4.74816,3.04097),(-31.4051,42.6555)]
triangle[(13.2908,-20.1449),(-2.53077,1.51538),(-35.1274,-22.2945)]
triangle[(-9.30031,-3.34875),(18.2479,-17.9278),(45.8899,34.3039)]
triangle[(-4.81263,1.67634),(-18.3865,7.37593),(-27.0097,-13.1607)]
triangle[(-16.6953,9.80566),(-11.1117,17.0545),(-23.1544,26.3307)]
triangle[(3.67117,14.9144),(16.5633,-2.67258),(45.7633,18.7324)]
triangle[(15.0127,2.47926),(-7.30263,20.7839),(-35.8776,-14.0519)]
triangle[(-14.4801,-9.93862),(-20.0234,19.1032),(-71.3065,9.31471)]
triangle[(-13.9368,-14.9238),(19.4452,-12.8244),(17.2306,22.3883)]
triangle[(13.9723,-12.7207),(11.78,-14.7708),(15.8244,-19.0956)]
triangle[(-2.07768,-10.0761),(9.26037,8.52096),(-27.6151,31.0027)]
triangle[(16.7812,10.7935),(13.2514,-12.6073),(37.8485,-16.3176)]
triangle[(6.71506,-3.43411),(-17.5516,-8.35837),(-7.92766,-55.7852)]
triangle[(-11.1484,-4.5489),(18.5841,13.4136),(-10.314,61.2471)]
triangle[(14.1471,-0.579048),(-18.2881,7.05425),(-27.0872,-30.3344)]
triangle[(-14.8436,19.6864),(15.6553,-15.9242),(53.4654,16.4584)]
triangle[(11.1645,-11.4134),(-17.8736,1.48079),(-37.9944,-43.8319)]
triangle[(14.1057,14.1764),(6.98328,-6.5573),(47.5111,-20.4794)]
triangle[(7.22012,-17.4389),(-4.66983,-2.71318),(-26.9332,-20.6892)]
triangle[(-18.6008,7.65641),(18.1082,-17.9293),(62.7566,46.1298)]
triangle[(18.35,-10.7067),(3.82078,1.60538),(-14.1097,-19.5539)]
triangle[(15.7646,0.194283),(-11.523,20.3668),(-35.3605,-11.8787)]
triangle[(-20.4382,19.1112),(4.69271,2.09869),(34.8592,46.6608)]
triangle[(1.92698,9.01256),(10.8084,13.6583),(5.44678,23.9083)]
triangle[(0.535535,10.3628),(-2.07575,-9.41119),(23.3449,-12.7681)]
triangle[(8.26883,-1.21304),(20.0828,20.2856),(-15.8316,40.0213)]
triangle[(4.78004,20.7046),(-15.7482,2.52342),(20.2787,-38.1543)]
triangle[(-15.5766,15.6493),(6.99194,-8.58579),(43.2689,25.1966)]
triangle[(-16.0662,-13.3248),(19.9245,16.9183),(-13.117,56.2393)]
triangle[(-20.9889,12.026),(-5.40483,-11.9545),(38.9902,16.8962)]
triangle[(-12.0895,20.8909),(-0.229104,-11.9762),(34.258,0.468821)]
triangle[(-2.86993,-2.53512),(-15.8211,-12.6857),(4.30446,-38.3638)]
triangle[(-19.2202,-16.997),(19.0743,11.7),(-27.7243,74.15)]
triangle[(-17.9346,-20.6589),(-10.9058,14.8888),(-73.8685,27.3384)]
triangle[(14.0608,-14.6646),(-2.21887,6.04564),(-34.6701,-19.4633)]
triangle[(3.61975,-3.20026),(-6.83508,8.83032),(-20.7616,-3.2721)]
triangle[(4.59276,-5.33495),(-4.14176,-1.12511),(-10.0347,-13.3517)]
triangle[(13.0501,-18.9792),(-16.955,20.6593),(-64.9781,-15.6928)]
triangle[(17.1067,-13.8772),(-12.3847,14.2739),(-55.4092,-30.7989)]
triangle[(-0.100015,-4.67796),(-4.71901,16.8054),(-35.0022,10.2944)]
triangle[(1.94481,-0.581752),(2.97128,17.2733),(-21.8175,18.6984)]
triangle[(-18.359,15.6148),(-20.9555,-3.24009),(5.83602,-6.92957)]
triangle[(-1.32366,-17.2877),(7.83877,16.7392),(-28.7798,26.5995)]
triangle[(3.25732,-15.3603),(0.0288939,-11.2367),(-6.52035,-16.3641)]
triangle[(6.42572,17.5369),(15.2919,9.70815),(26.804,22.7459)]
triangle[(5.98398,-0.15834),(-17.5795,-5.13579),(-9.49075,-43.428)]
triangle[(-9.9826,-19.1057),(12.0626,-9.36563),(-4.47325,28.0605)]
triangle[(11.7782,-1.10332),(-3.30739,20.2489),(-27.9276,2.85449)]
triangle[(10.5998,15.3647),(-1.15675,1.64695),(19.5165,-16.0707)]
triangle[(-14.2439,18.4939),(14.4996,-12.7663),(66.5625,35.1051)]
triangle[(-15.0228,-12.8122),(-1.23353,18.3066),(-41.4701,36.1361)]
triangle[(17.4793,-16.8328),(-9.4796,14.8671),(-46.5049,-16.6208)]
triangle[(-17.6976,-19.6253),(-0.426317,-9.51088),(-13.5082,12.8275)]
triangle[(10.1067,-17.6796),(4.07248,-15.2256),(0.867924,-23.1053)]
triangle[(-11.0391,13.066),(14.1922,0.205593),(38.252,47.4092)]
triangle[(-18.3555,-13.2575),(0.10988,-2.99769),(-17.809,29.2522)]
triangle[(-5.52403,-10.6541),(20.2876,4.11244),(-0.851296,41.0626)]
triangle[(3.32024,10.985),(11.1694,11.2089),(10.8341,22.9619)]
triangle[(-16.8483,20.9036),(16.629,16.6144),(23.2911,68.6121)]
triangle[(-7.44534,1.12547),(-20.3244,13.0744),(-35.416,-3.19204)]
triangle[(-9.60286,17.6568),(9.82342,-2.088),(44.2568,31.7899)]
triangle[(-0.129533,16.9761),(-1.76891,19.338),(-5.99871,16.4021)]
triangle[(-7.65969,-11.5627),(1.73023,-1.10156),(-15.6578,14.5059)]
triangle[(-6.56055,15.3593),(15.8701,13.8806),(18.7617,57.7459)]
triangle[(13.7302,-18.1081),(-4.28719,-11.8648),(-11.1643,-31.7114)]
triangle[(15.2571,6.54154),(14.8137,13.035),(2.29106,12.18)]
triangle[(-12.169,-2.45587),(-12.8833,3.24224),(-23.668,1.89031)]
triangle[(-18.7475,7.43937),(9.4488,10.6105),(5.67273,44.1854)]
triangle[(-13.258,4.19131),(-0.648827,-20.249),(45.6089,3.61612)]
triangle[(8.05991,16.5598),(17.4642,-18.3617),(73.5699,-3.25254)]
triangle[(3.91358,-14.8568),(-11.5137,6.05592),(-42.6239,-16.894)]
triangle[(19.3229,-14.8477),(-11.3438,-2.03756),(-27.5102,-40.7392)]
triangle[(2.93013,-7.7915),(-7.81119,1.99322),(-22.2331,-13.8386)]
triangle[(1.17358,-3.15156),(-7.41015,5.41959),(-18.9696,-6.15685)]
triangle[(7.95384,-10.6212),(3.98984,12.1385),(-30.9375,6.05527)]
triangle[(-1.52277,7.98267),(-10.1184,-6.99877),(11.7568,-19.5496)]
triangle[(0.404996,-13.6101),(-17.1234,0.974638),(-45.8926,-33.6011)]
triangle[(-10.5559,9.07946),(-11.9103,0.128821),(4.71323,-2.38652)]
triangle[(10.9206,-0.534622),(-13.6204,20.6462),(-55.5695,-27.9579)]
triangle[(19.5231,-5.04883),(-16.444,-1.46692),(-20.8642,-45.8514)]
triangle[(-5.3399,17.1422),(-17.3738,-2.81103),(10.5229,-19.6357)]
triangle[(12.5516,-4.19173),(-19.1533,-17.7053),(1.77562,-66.8077)]
triangle[(-0.496132,-9.31848),(19.4294,1.75353),(6.51102,25.0019)]
triangle[(6.21372,-11.4368),(5.17387,-9.08383),(1.21974,-10.8312)]
triangle[(14.192,0.339429),(18.9172,-12.5231),(42.8124,-3.74497)]
triangle[(9.78286,-11.5416),(18.906,-7.46817),(12.5705,6.72126)]
triangle[(18.2411,-8.49722),(18.724,4.24612),(4.36939,4.79007)]
triangle[(3.5627,18.2725),(14.3674,14.4957),(20.8843,33.1389)]
triangle[(-9.02953,-13.8562),(0.639393,10.7915),(-32.3008,23.7134)]
triangle[(-18.4723,1.11584),(18.7083,6.67257),(13.0555,44.4957)]
triangle[(3.06858,0.761986),(-3.43415,-11.0706),(14.4639,-20.9067)]
triangle[(-19.3145,-11.2028),(19.698,16.4262),(-22.2383,75.6408)]
triangle[(9.56541,10.1412),(-16.8808,3.51677),(-9.99981,-23.9539)]
triangle[(-6.46258,13.4804),(-17.2727,-8.89831),(9.87999,-22.0145)]
triangle[(-18.2744,11.6854),(-8.68785,-19.9557),(27.4058,-9.02002)]
triangle[(-1.15061,18.3581),(11.2664,18.4551),(11.0735,43.1582)]
triangle[(-17.6398,-18.3436),(-12.9568,4.51052),(-42.3492,10.5333)]
triangle[(-19.2965,17.8581),(6.20503,2.80878),(34.398,50.5827)]
triangle[(-6.5208,-11.2085),(-20.9768,-19.0273),(-5.52245,-47.6006)]
triangle[(11.018,6.13113),(1.21391,-6.28445),(15.8739,-17.8609)]
triangle[(-13.0431,-12.2894),(-5.56554,14.9112),(-33.635,22.6276)]
triangle[(-17.924,-19.9728),(20.8944,5.60695),(-27.3201,78.7745)]
triangle[(-5.05801,19.5185),(18.2455,7.54651),(38.6573,47.2781)]
triangle[(4.44711,-3.35188),(-18.6385,-18.5343),(3.19491,-51.733)]
triangle[(10.309,-0.802978),(10.2452,11.4023),(-5.55534,11.3196)]
triangle[(1.24898,12.585),(-4.09659,16.8534),(-10.6705,8.62047)]
triangle[(-8.18782,7.21856),(10.7557,5.36598),(14.0004,38.5447)]
triangle[(-15.6091,19.3097),(0.132899,10.4641),(11.0114,29.824)]
triangle[(17.4526,13.7299),(-7.14988,-7.01672),(20.2154,-39.4681)]
triangle[(18.039,-12.7807),(-12.3782,9.16021),(-39.6483,-28.6449)]
triangle[(4.70953,-0.0917376),(-17.8755,-12.0214),(-3.02438,-40.1372)]
triangle[(16.4982,-14.9893),(17.7227,-10.5627),(10.2572,-8.49762)]
triangle[(-2.93588,-13.9302),(-12.9086,-12.8003),(-14.3481,-25.5052)]
triangle[(-7.8962,10.6783),(-18.1801,8.94842),(-14.9898,-10.0172)]
triangle[(5.66387,18.4992),(-19.6766,-9.91698),(22.8685,-47.857)]
triangle[(-16.4391,2.55846),(0.444937,-0.55186),(4.30646,20.41)]
triangle[(-5.90509,12.529),(7.76115,14.3164),(5.65508,30.4192)]
triangle[(11.8569,-0.275997),(-1.9626,-2.82935),(3.06223,-30.0252)]
triangle[(-6.65875,-8.857),(15.0663,14.7308),(-22.828,49.6327)]
triangle[(-1.26605,-18.4051),(-20.8393,-12.7987),(-29.5127,-43.0794)]
triangle[(-7.43844,-8.3642),(15.3242,-18.7849),(26.666,5.9898)]
triangle[(10.1433,16.6008),(-16.4955,-13.9033),(33.0663,-57.185)]
triangle[(-3.58636,4.31752),(14.4604,-8.49342),(28.8306,11.7499)]
triangle[(8.34189,12.4473),(4.78475,-12.7205),(34.1349,-16.8688)]
triangle[(0.25653,19.4202),(-16.237,4.09084),(2.08295,-15.6205)]
triangle[(14.9219,-6.64609),(-3.41209,-0.8678),(-9.51292,-20.2252)]
triangle[(11.8372,-11.6581),(4.40591,-16.8854),(10.9132,-26.1364)]
triangle[(17.9706,18.1507),(5.10007,-5.70979),(47.1132,-28.372)]
triangle[(-10.9153,6.60717),(13.1782,7.64831),(11.4986,46.5155)]
triangle[(0.170589,3.71099),(-14.5004,-16.5994),(10.7321,-34.8258)]
triangle[(14.0282,19.8678),(14.9319,8.68057),(31.8124,10.0442)]
triangle[(-17.4568,11.508),(-14.2913,1.85371),(0.195865,6.60376)]
triangle[(-17.2041,11.576),(19.4717,20.0846),(7.50877,71.6499)]
triangle[(6.31762,3.82095),(-9.38718,8.54592),(-15.0597,-10.3082)]
triangle[(-1.34873,7.50719),(-12.8422,-6.92809),(6.52821,-22.3508)]
triangle[(7.26245,15.3271),(19.6438,20.8347),(8.9845,44.7972)]
triangle[(-12.5229,0.499495),(1.61159,-20.249),(28.739,-1.76898)]
triangle[(2.36569,-5.93229),(14.475,13.0958),(-10.6026,29.055)]
triangle[(-12.9351,-14.4746),(-13.91,-17.8726),(-7.81443,-19.6215)]
triangle[(16.5501,-3.52873),(-0.164585,4.92272),(-15.1587,-24.7316)]
triangle[(15.4885,-17.322),(14.2857,-14.1185),(10.0072,-15.7249)]
triangle[(9.57082,19.2119),(2.18531,-2.64352),(40.02,-15.4288)]
triangle[(-20.0994,-17.4919),(5.92896,-11.8552),(-1.97109,24.6243)]
triangle[(-13.3995,9.06269),(-13.9897,-18.1567),(13.7343,-18.7579)]
triangle[(-19.9263,-19.1834),(13.2817,4.90652),(-25.3645,58.1803)]
triangle[(-19.3369,0.0250317),(1.87618,9.91711),(-10.4865,36.4283)]
triangle[(10.4938,0.633439),(18.6581,-9.49938),(29.1698,-1.02978)]
triangle[(-9.17651,-9.37007),(2.63762,13.3308),(-41.5861,36.346)]
triangle[(-17.2123,11.4318),(8.17848,2.01306),(18.258,29.1852)]
triangle[(12.6082,-2.66391),(16.7683,8.51864),(-5.17483,16.6818)]
triangle[(2.36023,-10.1932),(0.145125,9.61554),(-35.876,5.58749)]
triangle[(-1.2671,11.9077),(1.19092,20.8887),(-8.76446,23.6134)]
triangle[(1.4727,9.42919),(8.27011,-5.62778),(31.5783,4.89461)]
triangle[(6.90347,3.82267),(-17.8206,-17.6197),(19.3411,-60.4688)]
triangle[(14.5955,17.4222),(10.8071,1.78431),(39.5821,-5.18684)]
triangle[(-17.5346,9.00748),(-11.7891,7.8059),(-9.91459,16.7693)]
triangle[(-1.89663,-0.863457),(17.517,8.61965),(2.2833,39.8058)]
triangle[(6.4448,8.41782),(-6.73559,-16.3019),(27.4984,-34.5553)]
triangle[(15.9813,4.76355),(6.43447,11.6248),(-5.6518,-5.19207)]
triangle[(-18.6211,14.0511),(-0.305457,-10.9243),(43.3145,21.0643)]
triangle[(-20.9752,8.8701),(13.1289,-2.37429),(32.361,55.9566)]
triangle[(17.5605,15.8224),(-12.4479,10.4892),(-6.93478,-20.5315)]
triangle[(-5.22233,16.1296),(9.95462,-10.4817),(47.0745,10.6885)]
triangle[(10.5502,11.7756),(-20.0058,-12.922),(13.4661,-54.3337)]
triangle[(5.19689,-8.40805),(3.20626,18.9937),(-43.9794,15.5659)]
triangle[(-7.48031,3.27314),(-12.4605,16.217),(-32.3247,8.57422)]
triangle[(18.5232,9.41386),(0.0155422,-20.3595),(39.2021,-44.7186)]
triangle[(4.01817,2.2106),(9.15149,2.61505),(8.43072,11.763)]
triangle[(17.4086,-16.8644),(-11.6452,-4.93731),(-26.4211,-40.9306)]
triangle[(1.02634,6.2126),(20.6719,17.6096),(2.16906,49.5039)]
triangle[(14.2354,-14.1464),(-20.2641,2.2144),(-39.76,-38.896)]
triangle[(2.25979,-20.8618),(-15.37,4.95095),(-43.901,-14.5353)]
triangle[(-19.9382,18.7583),(12.1841,0.26278),(35.4367,40.647)]
triangle[(-15.1616,6.81533),(-2.0175,11.519),(-8.61059,29.943)]
triangle[(-19.3034,11.1392),(-19.5587,-3.38671),(2.27344,-3.77039)]
triangle[(-5.1197,11.3245),(-20.5366,-0.592321),(-1.4419,-25.2954)]
triangle[(-18.9345,4.02004),(-20.9663,-8.04897),(-2.27231,-11.1961)]
triangle[(18.0979,7.31037),(-2.92986,-17.7252),(27.2895,-43.107)]
triangle[(-1.66772,20.168),(-20.9294,-6.44425),(26.3773,-40.6843)]
triangle[(12.1367,-2.59154),(-0.937902,13.549),(-25.9529,-6.71437)]
triangle[(-9.87975,4.23513),(20.4897,-9.91589),(43.9449,40.4211)]
triangle[(17.6599,-1.42706),(20.4253,2.81439),(13.4224,7.38019)]
triangle[(-3.02953,6.25599),(-2.10409,-18.3339),(24.394,-17.3367)]
triangle[(-6.42563,-6.51786),(11.2665,-0.403366),(4.99051,17.7559)]
triangle[(12.6878,-9.22478),(-7.5518,5.23529),(-36.1578,-34.8043)]
triangle[(-12.8714,20.9261),(1.04327,-9.75045),(52.2128,13.4596)]
triangle[(-18.0058,4.47123),(18.1329,-2.90934),(32.2452,66.1911)]
triangle[(-2.31214,8.30385),(15.2048,-13.2791),(42.2159,8.64337)]
triangle[(0.353177,-1.51397),(15.1628,-10.3393),(26.6317,8.90632)]
triangle[(-17.0378,5.68954),(3.46249,-0.448282),(12.9845,31.3552)]
triangle[(3.60865,5.02888),(-6.92553,13.8602),(-24.2306,-6.78164)]
triangle[(20.614,-0.645397),(-16.0974,1.01275),(-18.4744,-51.6149)]
triangle[(-4.55846,14.1781),(2.86977,2.08436),(18.404,11.6258)]
triangle[(19.3886,-0.946018),(10.295,-17.4939),(38.5221,-33.0055)]
triangle[(4.41721,-4.5729),(11.7668,11.9604),(-18.2485,25.3031)]
triangle[(14.3605,1.14331),(15.9492,-4.50495),(23.9473,-2.25524)]
triangle[(10.1767,3.03482),(-17.9685,-18.3186),(11.8176,-57.5787)]
triangle[(-16.9802,-18.2567),(14.3817,-3.83954),(-4.70143,37.6723)]
triangle[(20.0473,2.91617),(3.60701,-19.4014),(34.1705,-41.9162)]
triangle[(-20.9235,-8.48665),(-6.76645,-16.717),(6.81891,6.65132)]
triangle[(17.086,-10.6886),(3.59417,-8.62087),(-0.249241,-33.6985)]
triangle[(6.12418,-8.46764),(2.46972,-7.69486),(1.6485,-11.5784)]
triangle[(-17.17,4.59935),(3.99291,17.8704),(-13.0285,45.0139)]
triangle[(-13.261,-1.54181),(-9.74076,-3.88589),(-5.08564,3.10487)]
triangle[(14.3022,-18.4218),(-6.1925,-14.4252),(-10.2861,-35.4168)]
triangle[(-20.5801,16.3753),(14.1203,-5.96508),(50.2567,50.1642)]
triangle[(8.0709,10.1344),(5.37138,0.306947),(16.6762,-2.7984)]
triangle[(5.94848,-5.2226),(8.69586,-13.5273),(25.0361,-8.12163)]
triangle[(-0.965462,-18.5462),(7.51286,11.5006),(-28.8528,21.7619)]
triangle[(6.07082,-2.70393),(13.3297,11.7238),(-10.7213,23.8244)]
triangle[(-16.1168,9.55213),(-14.2718,3.82229),(-7.14283,6.11788)]
triangle[(14.2472,4.38606),(-17.8439,-6.11929),(-3.74703,-49.1813)]
triangle[(1.25156,1.16471),(-2.30304,-2.72786),(4.43625,-8.88203)]
triangle[(15.1734,-16.0227),(3.27823,9.94),(-30.7739,-5.66136)]
triangle[(-17.2195,-4.64035),(1.94971,-10.6116),(11.0688,18.6629)]
triangle[(-4.99216,0.701114),(18.6204,6.23762),(10.2982,41.7309)]
triangle[(-15.22,-12.8287),(-3.62278,3.57633),(-29.4886,21.8616)]
triangle[(15.8587,13.7642),(-6.94764,-13.5799),(43.8446,-55.9431)]
triangle[(6.72135,13.1221),(-4.80345,5.9112),(4.94175,-9.66401)]
triangle[(2.33512,19.6887),(13.3238,13.3287),(22.5666,29.2981)]
triangle[(-11.0791,-12.3763),(-1.36986,-6.72702),(-10.6678,9.25303)]
triangle[(15.0538,1.22048),(-15.756,14.4167),(-32.4332,-24.5204)]
triangle[(12.4769,-14.4479),(15.034,-7.02174),(1.97211,-2.52411)]
triangle[(14.854,-18.4211),(2.30185,-4.59362),(-22.3613,-26.9821)]
triangle[(-20.683,8.86448),(14.6644,-10.3755),(43.1612,41.9784)]
triangle[(12.2723,-13.6462),(-3.61476,-6.18838),(-14.4688,-29.3102)]
triangle[(0.0841596,0.209404),(-1.92324,0.631059),(-2.39161,-1.59876)]
triangle[(-15.1506,16.5485),(-11.1671,-0.067366),(18.4836,7.04113)]
triangle[(9.96534,9.72639),(-8.48806,10.0927),(-8.97275,-14.3278)]
triangle[(9.69723,-16.497),(-4.12969,2.2317),(-23.2291,-11.8689)]
triangle[(10.3384,-15.1498),(19.4947,-12.8325),(14.9549,5.10599)]
triangle[(15.0101,7.28057),(-1.70711,15.9416),(-13.3985,-6.62438)]
triangle[(3.52604,14.5856),(10.1453,6.36238),(20.8835,15.0061)]
triangle[(-10.6094,1.05854),(-5.1076,-18.2258),(29.9456,-8.22509)]
triangle[(5.71066,-7.53247),(-15.6435,9.38781),(-33.3211,-12.9221)]
triangle[(-3.49098,8.46577),(8.24957,-5.80506),(35.5879,16.6861)]
triangle[(-3.82078,-18.3105),(-19.9447,-16.4358),(-21.9178,-33.4061)]
triangle[(-20.7086,18.1638),(-6.63275,6.49899),(12.112,29.118)]
triangle[(-9.75441,3.54644),(-14.756,17.6366),(-29.1492,12.5275)]
triangle[(-2.95802,13.2409),(-7.94607,-2.1694),(14.7261,-9.50797)]
triangle[(-11.7959,-2.08963),(8.79555,4.58609),(1.3688,27.4941)]
triangle[(15.9546,16.44),(-4.29853,1.73103),(18.2937,-29.3766)]
triangle[(-8.5616,-9.65623),(-8.07026,18.1091),(-56.6846,18.9694)]
triangle[(9.12272,10.3656),(-12.1046,12.0571),(-14.5968,-19.2189)]
triangle[(-10.4774,-10.5481),(-14.0824,19.169),(-48.814,14.9557)]
triangle[(-0.232761,-14.8628),(4.94255,1.86895),(-19.0319,9.28452)]
triangle[(13.829,18.6108),(19.6825,-8.43642),(73.0544,3.11416)]
triangle[(-9.83888,-3.04899),(-19.2718,-3.08632),(-19.2182,-16.6278)]
triangle[(2.81571,-9.81276),(4.73033,10.2415),(-25.4587,13.1237)]
triangle[(18.482,10.3231),(19.6165,-1.29492),(38.4269,0.541941)]
triangle[(-9.24616,-16.7622),(-10.578,-10.3411),(-22.2246,-12.7567)]
triangle[(-7.37931,-2.11262),(-3.16324,-7.25352),(2.84414,-2.32685)]
triangle[(-11.6364,-8.13498),(-2.62626,-20.5192),(13.7138,-8.63097)]
triangle[(14.9748,6.73863),(5.41665,11.0228),(-1.83815,-5.16288)]
triangle[(-19.6432,-13.5216),(-0.676506,-11.9484),(-3.76404,25.277)]
triangle[(-1.88474,-19.5447),(-9.56015,-12.7017),(-21.2191,-25.7789)]
triangle[(5.5509,-6.30773),(-9.07391,-18.5975),(11.5969,-43.1957)]
triangle[(-11.6331,2.79058),(14.7272,11.4831),(1.7867,50.7257)]
triangle[(8.69854,-3.12777),(7.68533,-16.1576),(29.2537,-17.8348)]
triangle[(-3.62937,10.0339),(3.06648,2.95971),(14.6836,13.9554)]
triangle[(8.65397,-5.50958),(-3.57214,12.5331),(-34.5496,-8.45782)]
triangle[(17.3097,7.8308),(-1.24383,-11.2765),(30.0142,-41.6286)]
triangle[(-9.59922,-11.8158),(-16.1622,19.4394),(-53.3144,11.6382)]
triangle[(-0.015691,20.2516),(-6.03397,-15.7533),(40.2998,-23.4981)]
triangle[(-9.69489,7.52411),(-15.7853,-18.1844),(18.1071,-26.2136)]
triangle[(-16.4707,-9.35701),(-15.1441,1.99777),(-26.8256,3.36258)]
triangle[(18.7903,10.653),(-13.7943,-8.45876),(15.8866,-59.0632)]
triangle[(10.7182,-10.9369),(11.3599,-8.1217),(7.48769,-7.23906)]
triangle[(11.5565,14.4223),(14.8529,14.9069),(13.9376,21.1338)]
triangle[(-7.75447,-17.8704),(16.889,8.3335),(-31.8608,54.1802)]
triangle[(-7.66192,16.9677),(-2.20234,1.12884),(15.1517,7.11071)]
triangle[(8.78145,2.10536),(-6.20848,12.4525),(-25.2995,-15.2049)]
triangle[(19.0857,-3.99133),(-4.83876,-19.6918),(18.8425,-55.7775)]
triangle[(14.5393,14.2996),(-5.15555,11.5914),(-0.316321,-23.6007)]
triangle[(-15.2858,-3.57189),(-9.21029,4.96677),(-26.1235,17.001)]
triangle[(-2.23203,-19.4195),(-2.07312,-0.674952),(-36.5721,-0.382484)]
triangle[(-19.0488,-20.5462),(-3.96952,-14.8925),(-13.4281,10.3352)]
triangle[(-13.382,-17.8532),(17.1832,-5.67053),(-2.97933,44.9155)]
triangle[(-3.44553,-0.043278),(-12.7409,14.0218),(-31.1671,1.84413)]
triangle[(-14.0869,-8.79898),(-13.1311,17.5419),(-62.5238,19.334)]
triangle[(10.4811,9.47098),(5.9897,19.6518),(-9.66167,12.7469)]
triangle[(12.2376,-5.41539),(20.1405,11.1828),(1.77935,19.9251)]
triangle[(-7.06403,-3.86637),(7.94148,-10.7344),(16.5406,8.05298)]
triangle[(-15.9117,11.6203),(20.6012,15.0673),(15.5876,68.1747)]
triangle[(-4.98862,-14.656),(-5.51655,-1.95621),(-28.3899,-2.90705)]
triangle[(14.5231,3.86482),(3.15381,-18.9748),(48.1646,-41.3806)]
triangle[(14.0118,-1.3221),(-13.663,-5.6508),(-8.71966,-37.2551)]
triangle[(-16.5303,15.0555),(-2.74596,-6.30312),(31.1133,15.5489)]
triangle[(-1.80649,12.0413),(1.98131,9.70436),(4.51858,13.8169)]
triangle[(-9.39177,20.28),(8.07704,20.8611),(7.24527,45.8656)]
triangle[(-7.97832,-16.8588),(2.94103,16.3043),(-43.3111,31.5334)]
triangle[(-20.4309,-16.8528),(10.9257,-19.2145),(14.7027,30.9338)]
triangle[(-18.4526,-9.5347),(1.28093,12.4846),(-25.7594,36.7179)]
triangle[(9.641,-18.4962),(-12.4531,-1.02117),(-30.5399,-23.8888)]
triangle[(-1.57496,12.3178),(-17.6094,-9.52317),(25.7909,-41.3853)]
triangle[(-16.9438,-2.45138),(13.2164,10.3261),(-1.03748,43.9711)]
triangle[(17.1951,-1.00531),(8.38021,8.29989),(-2.52061,-2.02657)]
triangle[(-18.2338,1.77609),(-2.87174,11.9785),(-13.689,28.2663)]
triangle[(1.55991,11.251),(-20.1946,-3.7249),(8.84169,-45.9041)]
triangle[(14.2057,-8.37117),(6.21939,20.773),(-28.0868,11.3721)]
triangle[(-17.6666,-7.43974),(19.1999,-9.64552),(21.6704,31.6455)]
triangle[(-15.3874,9.45452),(-17.6295,4.94109),(-8.86159,0.585626)]
triangle[(-19.2446,-3.62393),(-15.8677,7.85565),(-30.1696,12.0628)]
triangle[(18.357,-17.7382),(17.8767,-5.89411),(1.39412,-6.56245)]
triangle[(17.1081,17.8393),(3.4908,14.7584),(7.36364,-2.35917)]
triangle[(20.2803,-15.3165),(7.44728,-0.643132),(-10.7966,-16.5989)]
triangle[(-8.09358,20.1369),(-14.5549,-9.6265),(41.322,-21.7567)]
triangle[(3.79444,18.1892),(11.1599,16.0996),(14.5384,28.0078)]
triangle[(-2.95479,-8.52781),(0.0536804,0.702473),(-12.6312,4.83691)]
triangle[(-5.92927,-2.62066),(19.785,2.13656),(13.1239,38.1417)]
triangle[(6.41755,11.9627),(1.02137,-17.3058),(41.5942,-24.7861)]
triangle[(17.7099,3.69818),(20.4071,-12.5829),(49.7405,-7.72347)]
triangle[(-16.8553,1.961),(-20.1492,-16.5984),(15.4322,-22.9134)]
triangle[(-15.3953,2.54178),(-19.698,-3.61788),(-10.9748,-9.7114)]
triangle[(16.5815,9.97238),(20.3776,11.8512),(17.1001,18.4731)]
triangle[(-20.9979,-2.58132),(-8.93123,-16.6729),(18.044,6.4259)]
triangle[(15.4551,20.4076),(-11.0704,1.56992),(13.5223,-33.0593)]
triangle[(-8.41045,-12.451),(4.04256,18.4745),(-33.2735,33.5009)]
triangle[(5.24408,10.3511),(1.99998,10.3545),(1.99411,4.69973)]
triangle[(-4.61902,-1.94655),(-16.0314,-2.19519),(-15.7512,-15.0582)]
triangle[(-15.7986,4.36503),(18.6786,-12.6934),(46.9199,44.3858)]
triangle[(3.35267,-1.46884),(11.868,-13.8628),(29.5382,-1.72242)]
triangle[(17.4801,-11.0986),(-19.089,-13.3417),(-15.7242,-68.1983)]
triangle[(13.7457,-9.43171),(1.02582,19.4568),(-56.2537,-5.76398)]
triangle[(1.33211,-7.08501),(-17.5986,16.6313),(-44.2678,-4.65644)]
triangle[(13.3794,-1.00591),(-17.3605,-0.087869),(-19.1108,-58.6959)]
triangle[(0.13107,-1.39706),(9.58161,-18.0015),(27.472,-7.81908)]
triangle[(11.9628,-19.6041),(-13.8675,16.679),(-59.9115,-16.1002)]
triangle[(-13.1851,-3.32585),(10.598,10.9108),(-12.8979,50.1618)]
triangle[(-2.88995,-11.9573),(-3.73684,10.7612),(-35.3355,9.58332)]
triangle[(13.2225,-15.6118),(4.29077,17.5984),(-36.9687,6.50198)]
triangle[(-2.75492,-12.6714),(-10.0311,9.45502),(-50.655,-3.90393)]
triangle[(-14.6247,-11.0685),(-12.4917,-2.97146),(-26.1827,0.635128)]
triangle[(-17.1467,7.32231),(-12.438,4.17857),(-6.91497,12.4509)]
triangle[(10.5666,-2.42341),(3.78876,-17.2828),(33.4128,-30.7953)]
triangle[(-8.40249,18.0408),(-6.93289,-2.82297),(19.3542,-0.971372)]
triangle[(-14.1029,-9.73351),(18.4545,10.7186),(-4.75991,47.6732)]
triangle[(-0.148276,-9.64685),(9.57616,11.228),(-27.0147,28.2736)]
triangle[(3.22236,20.4236),(-10.2751,8.58434),(2.53862,-6.02394)]
triangle[(16.1676,-13.5875),(-9.58324,-18.6604),(-0.673618,-63.8872)]
triangle[(9.12041,-8.78104),(5.83039,19.4119),(-46.1315,13.3482)]
triangle[(-2.00937,5.93489),(-19.8163,-17.7922),(8.60184,-39.1197)]
triangle[(-19.7223,11.3963),(-4.27861,16.8906),(-11.4074,36.9285)]
triangle[(-18.9574,6.19001),(2.04581,9.01523),(-0.91712,31.0423)]
triangle[(1.54797,13.432),(12.4982,19.6645),(1.55006,38.9)]
triangle[(14.8641,4.64009),(8.92715,-10.9347),(37.6109,-21.8687)]
triangle[(10.3534,8.41967),(14.007,7.48072),(15.173,12.0177)]
triangle[(-9.06996,-15.4295),(-6.72569,-6.3606),(-16.6774,-3.78814)]
triangle[(6.39406,12.9196),(-5.18527,-5.93519),(21.6153,-22.3942)]
triangle[(-13.8498,-18.9092),(-15.4642,16.4958),(-54.7339,14.7051)]
triangle[(9.32037,14.6681),(-3.90607,-18.9419),(57.8789,-43.2559)]
triangle[(-0.261682,11.5504),(11.1318,1.9415),(21.8439,14.6431)]
triangle[(-15.7184,11.1096),(-13.3972,1.65191),(5.47647,6.28416)]
triangle[(14.0216,15.4733),(6.23357,-20.9876),(63.6613,-33.2541)]
triangle[(-19.6789,8.98173),(8.68538,-11.0338),(38.9505,31.8553)]
triangle[(15.2536,-14.4611),(-14.6197,1.27598),(-33.7956,-35.1253)]
triangle[(11.194,3.24763),(3.63267,2.95694),(4.02998,-7.37777)]
triangle[(3.53056,2.17349),(6.66634,-19.8559),(40.6604,-15.017)]
triangle[(-18.9313,16.4499),(-17.4765,2.65883),(7.00811,5.24166)]
triangle[(-4.81064,19.8558),(15.9383,-15.1144),(80.9986,23.488)]
triangle[(20.7561,-2.67055),(-20.7658,7.65168),(-41.0871,-74.0924)]
triangle[(-8.49482,17.3476),(3.44667,-0.2173),(25.2535,14.6081)]
triangle[(8.91932,17.0291),(-9.40379,13.6387),(-4.29259,-13.9846)]
triangle[(-17.484,-13.3071),(-5.93497,12.0595),(-44.2242,29.492)]
triangle[(-5.52368,0.734289),(10.9021,17.9418),(-19.5199,46.9816)]
triangle[(-15.9241,3.63991),(19.6926,8.31189),(11.2043,73.0217)]
triangle[(10.1301,-5.50637),(-18.2542,10.5158),(-36.683,-22.1321)]
triangle[(-20.7574,1.24672),(0.743216,-13.3152),(26.662,24.9538)]
triangle[(7.91875,17.6765),(-14.3213,3.01984),(2.35436,-22.2838)]
triangle[(-1.25634,3.2881),(0.344871,-1.2628),(7.11841,1.12043)]
triangle[(12.211,-7.72305),(20.0138,13.1422),(-8.3683,23.7559)]
triangle[(-8.71835,-10.2961),(10.7991,-11.0393),(12.1687,24.9271)]
triangle[(4.57902,-19.3651),(2.7047,-13.7614),(-6.8059,-16.9425)]
triangle[(8.40097,-20.8851),(16.9439,-2.0234),(-9.44176,9.92737)]
triangle[(-20.2392,-7.46389),(-20.1501,-2.49537),(-26.1549,-2.38768)]
triangle[(-15.1377,-2.37762),(16.9802,3.78378),(7.15542,54.9983)]
triangle[(12.192,-20.718),(12.1656,0.135708),(-13.5514,0.103156)]
triangle[(7.64466,2.07864),(-12.8282,16.9296),(-29.4768,-6.02134)]
triangle[(-19.0278,1.08211),(8.13655,-17.4384),(39.8707,29.1065)]
triangle[(3.17976,-11.7921),(1.27666,2.08777),(-21.8091,-1.0776)]
triangle[(-4.77221,19.692),(-1.22027,-4.96534),(32.865,-0.0552871)]
triangle[(-6.25061,-0.574608),(1.49213,-18.7925),(35.4747,-4.34961)]
triangle[(-9.6279,3.29746),(7.78163,-3.88928),(20.167,26.1136)]
triangle[(2.92816,-14.4186),(5.78871,11.2332),(-45.439,16.9458)]
triangle[(-10.4593,14.754),(15.5987,9.85028),(23.3545,51.0642)]
triangle[(15.332,18.561),(3.71053,-16.9037),(45.8221,-30.7033)]
triangle[(14.6287,19.4983),(5.4099,-12.7243),(60.3926,-28.4546)]
triangle[(9.15009,13.8839),(19.8877,-16.9589),(63.5878,-1.74509)]
triangle[(19.4265,2.87327),(-10.791,-20.5477),(22.6128,-63.6448)]
triangle[(-15.4929,19.5522),(8.06285,-15.5397),(76.153,30.1664)]
triangle[(13.0796,-19.3811),(-5.36774,20.9927),(-72.1255,-9.5098)]
triangle[(18.0534,-6.06276),(15.8692,19.9984),(-19.7164,17.016)]
triangle[(-10.3184,16.6247),(-17.2235,17.2828),(-18.0042,9.09189)]
triangle[(18.0807,-7.18497),(16.4935,-16.0913),(26.5731,-17.8876)]
triangle[(9.16254,-5.60625),(9.34902,13.4944),(-10.6139,13.6893)]
triangle[(-14.3608,1.09384),(18.8899,-4.97112),(30.3613,57.9199)]
triangle[(-14.2116,4.96129),(-5.32696,-8.83386),(18.8124,6.71288)]
triangle[(0.541282,-0.274692),(-19.0031,-5.28814),(-9.46663,-42.4649)]
triangle[(-19.7895,-7.49511),(4.8358,17.615),(-43.404,64.9234)]
triangle[(-3.84444,0.68888),(5.7488,-18.2241),(40.5329,-0.580515)]
triangle[(4.48292,-0.582616),(19.6639,13.9079),(0.339907,34.1528)]
triangle[(-1.59768,-9.64939),(-14.8299,19.2304),(-49.6876,3.25931)]
triangle[(-6.41671,15.3153),(8.17571,-6.15966),(36.2847,12.9406)]
triangle[(-15.5416,-15.4797),(-18.1903,-14.4768),(-19.7385,-18.5654)]
triangle[(17.8459,1.02459),(13.7486,19.4731),(-5.85873,15.1184)]
triangle[(0.509083,19.6352),(18.3372,-2.36456),(40.4237,15.5338)]
triangle[(-20.4848,-12.9368),(19.1801,11.0713),(-24.51,83.2537)]
triangle[(-20.1738,-17.1322),(-10.3795,8.39558),(-36.1017,18.2644)]
triangle[(18.5559,7.91872),(3.33621,-12.302),(23.9564,-27.8223)]
triangle[(-20.6663,-19.2029),(18.2316,9.96778),(-25.7632,68.633)]
triangle[(0.80818,-11.3383),(18.7091,-18.4272),(28.9182,7.35272)]
triangle[(1.47826,-10.4748),(-12.2475,-8.79578),(-14.2184,-24.9076)]
triangle[(-8.76959,-0.191278),(5.7248,19.6808),(-15.0243,34.8149)]
triangle[(-20.9388,1.98462),(-6.71579,16.7609),(-33.6825,42.7178)]
triangle[(18.2285,3.66699),(19.5359,15.6482),(-1.32078,17.924)]
triangle[(8.79703,5.65009),(20.131,0.44957),(26.0218,13.288)]
triangle[(9.90434,-5.23326),(6.6592,-10.9182),(13.7341,-14.9568)]
triangle[(13.6363,20.202),(15.2342,0.215178),(42.3556,2.3835)]
triangle[(-5.67975,-16.3409),(3.05644,10.8927),(-45.7413,26.5464)]
triangle[(17.1716,-19.1539),(-13.4293,-19.935),(-12.5636,-53.8533)]
triangle[(-14.6978,-0.710983),(-5.15737,19.3691),(-28.5588,30.4876)]
triangle[(8.31038,-15.226),(-18.0465,-12.9284),(-22.5228,-64.2783)]
triangle[(13.0244,-10.488),(-7.38861,13.8182),(-33.0202,-7.70796)]
triangle[(-13.4582,18.6218),(1.61673,18.9946),(0.921858,47.0928)]
triangle[(5.18502,-9.59954),(15.6282,6.81296),(-1.88965,17.9595)]
triangle[(6.90425,0.406029),(-19.8539,1.73128),(-22.4825,-51.3432)]
triangle[(-11.7269,-11.5345),(-11.1079,-16.3607),(-4.10802,-15.463)]
triangle[(6.40485,16.9836),(4.94383,-11.2814),(47.0295,-13.4568)]
triangle[(-20.1495,20.1356),(-12.1464,-9.41753),(27.6406,1.35691)]
triangle[(-11.1999,19.4979),(13.1427,7.08652),(30.1859,40.5133)]
triangle[(20.0298,-17.3562),(-13.4461,18.7375),(-79.0802,-42.1363)]
triangle[(-4.20501,16.3358),(11.8213,5.05324),(31.5851,33.1267)]
triangle[(11.1354,11.3537),(-2.04867,-0.912487),(22.4157,-27.2073)]
triangle[(-9.72682,10.7843),(-12.9938,20.7434),(-24.5927,16.9385)]
triangle[(12.7667,2.28528),(-13.0318,15.6404),(-33.4086,-23.722)]
triangle[(0.0855873,5.54326),(-1.88207,-7.69994),(18.7279,-10.7621)]
triangle[(12.0112,11.3298),(19.4717,-17.522),(69.8002,-4.50807)]
triangle[(-14.5418,-1.98197),(-11.2736,-20.4063),(21.0369,-14.6748)]
triangle[(18.6098,12.6804),(-9.92417,-7.41682),(14.7725,-42.4811)]
triangle[(-16.6414,-7.23935),(-13.1561,-12.9682),(-3.44686,-7.06134)]
triangle[(-1.9495,4.80734),(-4.88083,10.0248),(-11.9825,6.03489)]
triangle[(9.2106,0.590904),(13.7435,-1.86848),(17.9649,5.91192)]
triangle[(14.9577,0.750402),(-15.2108,-14.8332),(14.3736,-72.1062)]
triangle[(12.5024,15.4438),(7.39479,11.0662),(13.5024,3.93994)]
triangle[(-8.40395,16.3344),(-14.1368,-13.873),(26.6688,-21.6173)]
triangle[(12.624,2.68877),(11.3058,-6.79525),(29.7382,-9.35711)]
triangle[(2.40024,2.00324),(-8.92586,8.5853),(-17.1848,-5.62637)]
triangle[(-7.24744,-10.7252),(-15.0111,-19.304),(-4.11302,-29.1665)]
triangle[(-0.0756463,-2.21436),(16.9288,-20.5702),(39.5605,0.395207)]
triangle[(-4.33815,-6.75491),(5.26275,-13.8995),(13.4882,-2.84599)]
triangle[(19.0452,15.7756),(-1.11509,2.53535),(17.5248,-25.8468)]
triangle[(13.5147,-7.75816),(-5.0806,-12.8133),(0.703568,-34.0904)]
triangle[(-14.3434,-12.9257),(1.84354,-13.8248),(3.03223,7.57705)]
triangle[(-11.4672,8.77423),(-1.50132,15.6743),(-12.2479,31.1956)]
triangle[(-4.13194,-3.39971),(12.1116,19.5613),(-27.5014,47.5852)]
