triangle[(-10.2622,-11.9762),(-3.84454,-20.394),(10.1008,-9.76216)]
triangle[(4.19564,-19.6709),(0.748968,4.34158),(-42.2646,-1.83245)]
triangle[(14.291,-7.27215),(11.4384,-4.4974),(6.92888,-9.13339)]
triangle[(-20.5904,12.5836),(-3.59188,12.9017),(-3.97107,33.1635)]
triangle[(-12.9983,3.23337),(19.2746,2.06365),(21.3951,60.5705)]
triangle[(14.9498,9.77021),(5.38904,15.0167),(-4.445,-2.90374)]
triangle[(-9.59025,5.81324),(5.57228,2.09991),(10.7586,23.2772)]
triangle[(-1.5188,-10.0648),(-7.3205,10.2361),(-40.6889,0.699946)]
triangle[(-3.50249,-19.141),(-4.48423,15.3607),(-68.3075,13.5446)]
triangle[(12.7426,-6.50934),(1.94884,2.34456),(-14.1793,-17.3173)]
triangle[(4.9783,-17.4155),(-12.4561,-16.5698),(-13.5958,-40.0645)]
triangle[(-14.1791,-19.958),(9.26013,5.50952),(-30.9438,42.5116)]
triangle[(-2.24529,-3.01487),(6.73096,17.3231),(-33.6284,35.1359)]
triangle[(5.65739,1.92312),(-7.62852,0.591526),(-5.95732,-16.0828)]
triangle[(-5.69906,-0.23514),(-1.27714,-0.389373),(-1.02171,6.93392)]
triangle[(7.48575,-0.697861),(5.49322,9.1657),(-12.2159,5.5883)]
triangle[(-5.63806,14.199),(1.62048,2.29235),(14.8352,10.3483)]
triangle[(9.70556,0.511433),(7.546,12.3943),(-13.8252,8.51034)]
triangle[(-18.1783,6.1041),(11.872,-13.6063),(32.9331,18.5034)]
triangle[(14.3456,14.6905),(-4.70487,-2.83451),(30.1478,-40.7208)]
triangle[(2.6897,8.60272),(-13.9781,19.4403),(-26.5491,0.106636)]
triangle[(-18.4734,-1.3458),(-9.7554,17.8321),(-43.2344,33.0512)]
triangle[(12.6613,-14.6934),(19.1795,-19.8957),(28.1949,-8.59981)]
triangle[(9.12205,-20.7749),(-11.5015,1.0767),(-33.8561,-20.0216)]
triangle[(9.62716,-18.7393),(-4.19604,14.8659),(-45.9795,-2.32133)]
triangle[(-13.2008,2.10004),(3.19831,13.337),(-13.2717,37.3732)]
triangle[(-18.6419,6.71065),(1.04394,-2.24806),(17.7324,34.4232)]
triangle[(0.03052,18.5579),(-18.7554,-20.3893),(25.038,-41.5128)]
triangle[(17.0069,4.42689),(19.6822,2.73212),(22.3293,6.91077)]
triangle[(7.52976,-17.0147),(11.2318,10.7323),(-20.3227,14.9423)]
triangle[(-9.27448,-11.2132),(-15.3428,13.2369),(-45.2596,5.81181)]
triangle[(0.211261,-15.7221),(17.8059,-11.7552),(10.5067,20.6194)]
triangle[(16.7488,1.96621),(5.72381,-4.11441),(15.2842,-21.4488)]
triangle[(-1.41784,10.5892),(6.69332,14.0191),(2.64096,23.6023)]
triangle[(-6.82547,-2.73968),(6.05678,-9.89989),(15.5945,7.25985)]
triangle[(18.1161,-5.95843),(11.9286,-1.4234),(5.51905,-10.1684)]
triangle[(13.7153,-4.10773),(-2.71513,15.8529),(-32.2803,-8.48334)]
triangle[(3.45558,-15.6623),(-5.76292,-0.990712),(-21.3955,-10.8131)]
triangle[(19.6311,-8.51109),(-10.9735,-2.24507),(-19.8026,-45.3684)]
triangle[(-1.70074,13.223),(17.4717,-5.09564),(38.1785,16.5763)]
triangle[(-12.8839,6.96257),(0.587173,-20.115),(29.3733,-5.79404)]
triangle[(19.6249,-11.4062),(13.758,7.29205),(-23.6042,-4.43089)]
triangle[(5.92426,-10.3663),(8.74729,-0.857091),(-1.19518,2.09456)]
triangle[(13.7328,-2.13935),(-9.86307,-1.91655),(-10.2199,-39.7109)]
triangle[(10.4455,-14.5228),(9.76489,2.68115),(-14.5331,1.71995)]
triangle[(-20.1157,-4.12584),(1.08768,12.0678),(-16.7419,35.4132)]
triangle[(0.364737,17.8894),(8.00914,13.9683),(14.7588,27.127)]
triangle[(12.9371,14.1753),(8.60766,-19.8996),(64.0105,-26.939)]
triangle[(-11.544,-15.7266),(-9.71009,-8.42405),(-24.2679,-4.76817)]
triangle[(-8.35044,9.8101),(-4.31456,20.5523),(-24.7523,28.2308)]
triangle[(9.8913,-19.125),(2.58055,-15.8663),(-2.34164,-26.909)]
triangle[(-3.60218,6.67951),(5.55809,-0.153602),(16.7316,14.8253)]
triangle[(5.6903,7.73821),(10.5965,6.56227),(12.0298,12.5421)]
triangle[(13.5581,13.3118),(20.5534,13.152),(20.8657,26.8296)]
triangle[(-8.34552,11.778),(-17.4053,9.96807),(-13.858,-7.788)]
triangle[(13.0691,-19.5652),(-5.44649,3.2566),(-49.2455,-32.278)]
triangle[(-8.90356,15.6838),(4.28028,-13.1357),(34.6974,0.778981)]
triangle[(6.88897,6.53514),(14.8325,-6.24665),(29.3463,2.77327)]
triangle[(20.3011,11.2121),(18.1942,14.4338),(14.7819,12.2022)]
triangle[(18.0265,12.6504),(7.94711,-0.877861),(29.9244,-17.2524)]
triangle[(-6.3285,5.86539),(10.9659,10.4952),(5.5628,30.6779)]
triangle[(4.90387,-2.73002),(-5.92966,20.0147),(-45.0476,1.38252)]
triangle[(2.49174,16.3818),(-17.2669,-0.356752),(11.0455,-33.7776)]
triangle[(13.1109,-2.31704),(3.69388,17.3741),(-17.7804,7.10434)]
triangle[(8.60578,-5.26125),(-11.1052,12.0433),(-40.5574,-21.5046)]
triangle[(9.85027,6.01902),(19.4048,11.3781),(12.7697,23.2077)]
triangle[(-1.46605,17.4644),(-10.8176,-2.93146),(28.6525,-21.0287)]
triangle[(-0.346551,4.88633),(-20.0831,17.062),(-33.6145,-4.87217)]
triangle[(14.04,9.79855),(0.854361,-6.01098),(29.8295,-30.1772)]
triangle[(5.72293,-9.86301),(-4.50078,19.9346),(-35.9791,9.13424)]
triangle[(-15.9811,14.2528),(-7.05958,-3.90764),(27.2239,12.9345)]
triangle[(7.37836,6.65506),(10.189,7.59267),(8.39199,12.9796)]
triangle[(10.5569,14.8761),(-11.9915,9.14526),(-5.85129,-15.0141)]
triangle[(-1.40718,4.44476),(-1.24632,13.8339),(-13.4715,14.0433)]
triangle[(5.50148,10.1193),(12.5135,-10.4759),(45.265,0.675095)]
triangle[(-2.75185,-16.6605),(17.8912,11.0034),(-28.5269,45.641)]
triangle[(9.07258,-9.78451),(-12.6259,-5.48473),(-19.3673,-39.5044)]
triangle[(4.01824,-6.70095),(-5.52847,-7.00773),(-5.13973,-19.105)]
triangle[(0.646541,-2.13092),(-15.4285,-20.0772),(5.35109,-38.6902)]
triangle[(16.4959,9.70994),(13.2351,3.68463),(21.4245,-0.747301)]
triangle[(3.90148,-4.27411),(6.7264,-19.0296),(31.6981,-14.2488)]
triangle[(-14.4866,0.779786),(10.3692,16.8875),(-20.2721,64.1702)]
triangle[(7.93799,-5.69731),(6.86867,-0.417295),(-3.53613,-2.52451)]
triangle[(-13.199,12.721),(-16.6285,11.1784),(-14.7259,6.94857)]
triangle[(-18.4222,13.881),(5.24303,1.26925),(25.1362,38.5976)]
triangle[(1.71538,-7.64649),(10.9609,-5.98774),(9.03761,4.73226)]
triangle[(-1.35337,10.5281),(0.792291,2.65749),(11.2017,5.49529)]
triangle[(7.4348,1.03296),(-12.5134,-19.3016),(11.9593,-43.3093)]
triangle[(-7.60587,-19.7908),(-1.92025,20.2446),(-53.1708,27.523)]
triangle[(1.88842,0.361884),(-15.0738,-15.1096),(5.26819,-37.4115)]
triangle[(0.232872,-7.10541),(-11.6836,-18.9469),(1.63087,-32.3457)]
triangle[(2.22275,10.2815),(-11.4199,10.4775),(-11.756,-12.905)]
triangle[(-18.3138,-20.675),(-13.1897,16.5605),(-71.0744,24.5262)]
triangle[(7.96248,-12.2845),(10.4365,20.3863),(-26.29,23.1674)]
triangle[(-6.00986,-11.4624),(-7.25328,-20.0249),(2.11313,-21.385)]
triangle[(-6.09531,-19.8716),(14.6233,7.33229),(-23.0711,36.0406)]
triangle[(-5.11321,9.14458),(-17.3352,20.5964),(-37.2686,-0.677657)]
triangle[(-8.27148,8.41597),(-0.986445,9.18158),(-2.44661,23.0755)]
triangle[(-18.7211,12.0986),(-6.09561,16.6509),(-10.7375,29.525)]
triangle[(4.83029,-12.67),(-6.53656,9.65329),(-42.4816,-8.64963)]
triangle[(17.1914,-4.35052),(9.96839,18.6259),(-33.1417,5.07355)]
triangle[(-10.8145,-12.1389),(6.35259,0.739152),(-15.3199,29.6297)]
triangle[(18.971,9.29444),(-9.92788,-1.9831),(1.40735,-31.0298)]
triangle[(-7.15001,-20.6844),(19.1847,-11.5083),(4.55351,30.4821)]
triangle[(-11.4122,-12.3402),(-13.1416,-13.4183),(-11.8933,-15.4207)]
triangle[(4.78887,14.5364),(-12.2994,-8.22971),(13.838,-27.8485)]
triangle[(1.13889,-18.3105),(19.9611,11.155),(-19.3292,36.2531)]
triangle[(-10.2888,14.105),(-12.2791,-15.9316),(36.695,-19.1768)]
triangle[(17.0517,4.82107),(10.609,2.20073),(15.2611,-9.23745)]
triangle[(-10.3048,-20.4658),(-4.52565,2.56671),(-42.943,12.2061)]
triangle[(-17.1935,8.58464),(-12.7372,3.87403),(-6.72035,9.56602)]
triangle[(-18.3088,-0.769551),(-5.43067,0.697538),(-7.50991,18.9491)]
triangle[(-18.8668,10.5212),(-11.7585,0.538908),(6.79138,13.748)]
triangle[(3.81071,-0.817104),(-14.4285,12.1295),(-31.6385,-12.116)]
triangle[(14.1749,2.24848),(-3.23777,-8.58611),(16.3003,-39.9864)]
triangle[(-17.2239,-15.6272),(-8.0432,7.48001),(-48.2889,23.4699)]
triangle[(-14.4505,13.5224),(-14.6222,-9.65818),(20.7493,-9.92022)]
triangle[(11.5663,-1.12708),(14.248,-0.257612),(13.3349,2.55887)]
triangle[(-12.4529,8.87328),(-20.2868,-16.5852),(7.41702,-25.1101)]
triangle[(-20.1556,-6.82198),(-8.56509,-5.15908),(-11.4598,15.0172)]
triangle[(8.4181,19.1546),(-9.74973,14.3548),(-2.00364,-14.965)]
triangle[(19.7685,17.1829),(12.2063,-1.92752),(34.6086,-10.7924)]
triangle[(5.68704,-5.45759),(-14.2689,-2.66712),(-18.9204,-35.9316)]
triangle[(8.24179,-5.0779),(1.94293,-2.38574),(-3.29886,-14.65)]
triangle[(-13.646,-6.95295),(7.89033,-13.3656),(15.8315,13.3039)]
triangle[(-19.0568,-7.67294),(-10.2577,10.9125),(-38.5454,24.305)]
triangle[(19.5667,-8.10041),(-16.2202,-3.58079),(-21.9255,-48.756)]
triangle[(12.3463,-9.06763),(20.714,1.38719),(7.81149,11.7139)]
triangle[(8.83511,9.54045),(-18.9027,-5.69762),(4.53066,-48.3532)]
triangle[(-5.2302,18.8866),(4.53048,-12.012),(65.0991,7.12133)]
triangle[(-5.94239,5.76196),(1.86235,-19),(26.9309,-11.0986)]
triangle[(-14.2588,-17.6881),(-8.93546,-10.9781),(-18.1938,-3.63304)]
triangle[(-11.1293,-4.30443),(13.786,-14.3015),(30.8959,28.3409)]
triangle[(1.21177,13.969),(-16.6331,5.00384),(-7.26298,-13.6472)]
triangle[(-19.2209,0.212078),(-19.4238,-10.762),(0.0314516,-11.1217)]
triangle[(-14.0435,-11.0309),(12.6702,-15.6155),(18.793,20.0611)]
triangle[(-11.8485,-9.71839),(-0.43714,-14.4065),(8.80775,8.09641)]
triangle[(-11.6099,-0.71795),(3.91708,12.8739),(-17.1057,36.8898)]
triangle[(7.34873,0.490368),(-9.48397,-0.104523),(-8.63466,-24.1361)]
triangle[(-10.6434,19.652),(20.6137,3.90414),(50.2401,62.708)]
triangle[(-6.04219,-17.5976),(-16.6876,-12.7203),(-25.5167,-31.9912)]
triangle[(-18.1727,-6.24674),(1.03251,-5.91838),(0.401411,30.9941)]
triangle[(-20.2418,-14.8731),(13.9002,19.1263),(-52.7985,86.1046)]
triangle[(-8.63163,0.733832),(-4.01006,-16.1361),(26.7373,-7.71275)]
triangle[(-18.4534,20.3737),(10.5804,9.05933),(28.1734,54.2047)]
triangle[(-18.8946,-15.2297),(-3.49757,0.0720327),(-27.6542,24.379)]
triangle[(-11.3669,-6.76922),(-8.77576,-9.81573),(-5.3131,-6.8706)]
triangle[(2.3091,-13.2041),(-1.25009,10.08),(-36.2664,4.72747)]
triangle[(5.72426,15.2568),(-8.6792,3.96761),(12.5143,-23.0723)]
triangle[(8.30332,5.19054),(-4.06943,18.7319),(-30.5627,-5.47504)]
triangle[(-3.9821,12.7655),(-16.3337,17.238),(-24.1531,-4.35667)]
triangle[(2.04441,17.8246),(-8.99638,-10.5543),(44.7739,-31.4736)]
triangle[(-15.4075,18.9052),(10.0483,4.91678),(30.9936,43.0324)]
triangle[(-0.975774,-13.3908),(16.5068,17.4435),(-34.1218,46.1492)]
triangle[(4.15144,17.659),(-10.1962,20.8236),(-15.5949,-3.65259)]
triangle[(10.2659,3.08982),(-6.16925,-18.0651),(28.1921,-44.7604)]
triangle[(7.72845,1.74843),(14.3102,17.6301),(-14.8522,29.7158)]
triangle[(-7.07301,-16.8537),(1.71782,18.1035),(-43.0727,29.3671)]
triangle[(8.84956,-7.86969),(6.20008,13.3208),(-20.5553,9.97549)]
triangle[(13.5047,5.83745),(4.19155,-16.2765),(37.7946,-30.4282)]
triangle[(-8.55774,19.2966),(9.71241,-20.4137),(54.2568,0.080523)]
triangle[(2.01135,12.4272),(-17.0215,-9.93107),(14.1811,-36.4928)]
triangle[(0.633041,19.5893),(4.86311,-10.6125),(43.3625,-5.22023)]
triangle[(15.2979,11.125),(19.4797,11.8386),(18.5072,17.5376)]
triangle[(18.105,7.94114),(12.236,-7.2586),(37.529,-17.0248)]
triangle[(16.685,-8.00706),(-5.34282,-2.45032),(-15.3178,-41.9927)]
triangle[(-7.25309,11.0115),(-14.3851,-20.7248),(40.1188,-32.9734)]
triangle[(16.1158,-4.73124),(-13.9025,-13.0872),(-4.28712,-47.63)]
triangle[(8.20512,-16.1577),(-13.677,7.42011),(-47.4725,-23.945)]
triangle[(-15.3891,-7.3202),(7.18963,-17.6172),(19.4192,9.19929)]
triangle[(-7.54125,-2.36758),(-9.19772,19.5571),(-40.3227,17.2055)]
triangle[(-9.54383,13.1522),(18.7551,-11.6969),(47.0764,20.5564)]
triangle[(-1.66055,3.66937),(-15.4768,-8.98341),(6.18558,-32.6376)]
triangle[(-14.9654,14.6811),(3.67401,-8.38258),(37.6333,19.0624)]
triangle[(-10.7187,-7.84975),(-13.4302,1.86585),(-30.0688,-2.77773)]
triangle[(-19.0207,-11.3425),(8.91795,-19.0519),(19.5274,19.3967)]
triangle[(5.72635,6.0604),(-11.5157,5.42897),(-10.7922,-14.3282)]
triangle[(-12.2215,-9.75863),(16.5027,10.2052),(-13.4577,53.3125)]
triangle[(-15.9215,-18.3987),(-9.37136,-11.5867),(-18.5335,-2.7767)]
triangle[(-11.8743,-16.4437),(20.6645,-3.44466),(-4.45108,59.4237)]
triangle[(8.35006,-12.7179),(20.7109,-0.834199),(1.92002,18.7112)]
triangle[(-7.03364,-2.19828),(-14.6207,7.94281),(-24.9021,0.250773)]
triangle[(8.8217,-9.44126),(-17.5456,-15.6415),(-9.97945,-47.8177)]
triangle[(-6.43673,9.08965),(5.42803,-20.169),(51.0355,-1.67453)]
triangle[(-4.35885,-20.8259),(-16.7838,14.4928),(-76.3456,-6.46069)]
triangle[(16.7345,-16.7206),(-18.9717,-12.9211),(-23.7135,-57.4822)]
triangle[(-12.1261,6.08123),(19.6165,15.8411),(6.73145,57.7479)]
triangle[(9.50024,-10.9835),(12.8023,7.06324),(-13.6154,11.897)]
triangle[(-9.47971,-15.7541),(-3.76898,12.7758),(-47.6968,21.5687)]
triangle[(4.6187,-4.95385),(13.9158,9.76021),(-5.63531,22.1136)]
triangle[(-6.15106,6.18473),(9.31375,8.37646),(5.87121,32.6671)]
triangle[(6.81269,11.0017),(12.1478,-5.58778),(42.6198,4.2118)]
triangle[(15.8381,16.2513),(-8.02667,-1.83019),(26.9074,-47.9378)]
triangle[(11.5707,-17.369),(-12.1092,-19.0838),(-9.26231,-58.3977)]
triangle[(6.1007,-4.95665),(10.6331,-18.3355),(27.6478,-12.5714)]
triangle[(12.94,-19.2814),(-17.6875,8.14984),(-69.9195,-50.1683)]
triangle[(20.8786,-0.82447),(1.10174,-2.73999),(3.28449,-25.2759)]
triangle[(-0.558824,-2.11013),(-6.3723,11.8387),(-29.3347,2.26862)]
triangle[(12.8821,-18.0066),(6.56622,4.86728),(-24.3686,-3.6743)]
triangle[(14.7117,-15.8981),(16.3105,-11.2411),(10.3499,-9.19487)]
triangle[(-11.9877,20.5101),(9.78582,-5.34868),(39.9289,20.0323)]
triangle[(7.95668,16.1315),(-14.3902,19.5647),(-18.8975,-9.77421)]
triangle[(4.49902,6.76601),(-4.7051,0.415684),(6.31677,-15.5594)]
triangle[(19.6684,6.43042),(-19.4789,13.8852),(-30.599,-44.5101)]
triangle[(-4.58573,-10.7973),(12.9458,-16.5049),(19.5652,3.82743)]
triangle[(8.14645,-12.956),(1.6194,12.9374),(-48.5543,0.289858)]
triangle[(12.63,15.7237),(19.9438,14.3501),(22.5315,28.1285)]
triangle[(0.133373,-10.479),(-1.76519,0.935615),(-14.567,-1.19367)]
triangle[(11.907,18.1596),(-15.03,-19.0978),(58.6199,-72.3464)]
triangle[(20.9366,16.1457),(-3.2107,-0.627389),(22.5124,-37.6596)]
triangle[(-18.405,-3.15788),(15.808,14.2734),(-17.847,80.3294)]
triangle[(-15.3663,15.3762),(-5.91707,-20.6776),(59.6068,-3.5047)]
triangle[(14.3887,-4.15612),(-6.77759,-9.39964),(1.55294,-43.027)]
triangle[(1.65563,18.9862),(-4.50721,-3.97646),(34.64,-14.483)]
triangle[(-2.10806,19.2211),(10.4417,20.3075),(9.10871,35.7057)]
triangle[(-11.2353,19.7967),(-1.27565,-16.2788),(39.3979,-5.0498)]
triangle[(10.0014,13.9818),(-18.2249,-13.7412),(23.6852,-56.4122)]
triangle[(9.7867,-4.11039),(-9.56081,-0.762268),(-15.17,-33.1756)]
triangle[(2.94143,15.8329),(-18.8249,2.54021),(1.47968,-30.7078)]
triangle[(1.86873,7.37839),(-10.2182,-7.28126),(18.4068,-30.8827)]
triangle[(3.84623,-15.9028),(-0.482342,-8.00202),(-10.3846,-13.4271)]
triangle[(-11.5033,-7.52229),(10.0585,7.25788),(-9.88257,36.3485)]
triangle[(13.8868,6.55867),(-14.0324,3.10891),(-7.60909,-48.8759)]
triangle[(5.42006,13.029),(13.3849,1.6206),(25.7496,10.2531)]
triangle[(4.97961,-17.8021),(0.0152431,1.65456),(-31.8615,-6.47879)]
triangle[(-9.58467,-6.15792),(-4.44662,6.17826),(-18.0826,11.8577)]
triangle[(10.0436,-5.13224),(-18.0081,-10.3266),(-12.793,-38.4897)]
triangle[(9.64193,17.6042),(-4.80403,-4.75216),(35.3512,-30.6992)]
triangle[(-0.791609,-15.3707),(-10.1401,-4.46263),(-30.584,-21.9835)]
triangle[(-19.2661,-18.4011),(1.295,-14.9634),(-2.93302,10.3248)]
triangle[(12.4812,20.4411),(5.89683,-6.62969),(49.358,-17.2006)]
triangle[(-10.6032,-13.6567),(7.60646,-1.1536),(-8.7148,22.6169)]
triangle[(9.86328,15.9995),(-18.2117,-7.0543),(19.7005,-53.224)]
triangle[(-4.19345,11.3127),(19.5191,-12.0768),(57.4308,26.3584)]
triangle[(-8.4352,-11.9693),(12.0263,17.4703),(-33.9487,49.4246)]
triangle[(-13.2075,-11.9261),(7.23496,-13.1563),(8.52605,8.29792)]
triangle[(20.6026,3.5291),(0.335665,-6.52639),(14.4641,-35.0023)]
triangle[(-11.4343,9.33534),(6.8492,1.72907),(17.5248,27.3904)]
triangle[(-13.9057,1.0983),(-2.31562,-14.6104),(15.3378,-1.58552)]
triangle[(-18.4718,-19.5133),(5.11676,0.00490014),(-33.2165,46.3323)]
triangle[(6.04498,7.42293),(15.0213,-1.32948),(32.294,16.3851)]
triangle[(19.1462,2.48596),(-10.025,-14.4688),(18.5633,-63.6558)]
triangle[(-19.4182,-13.1081),(10.9707,-18.8806),(21.4382,36.2249)]
triangle[(4.84042,11.1204),(-10.2384,-12.9946),(26.3643,-35.8818)]
triangle[(-3.31524,11.1828),(6.69046,-8.96039),(46.9647,11.0449)]
triangle[(-11.694,19.4374),(1.61512,10.116),(19.7917,36.0684)]
triangle[(17.0447,-15.8138),(-6.09708,-13.6271),(-9.90265,-53.9013)]
triangle[(-3.48981,-7.40553),(20.2206,-10.3078),(23.2085,14.1019)]
triangle[(-14.1674,1.96142),(7.09703,-2.39768),(13.9187,30.8797)]
triangle[(16.2514,-17.5373),(-19.8709,2.53683),(-53.67,-58.2829)]
triangle[(-19.5079,18.8003),(-6.17593,2.06271),(25.9571,27.6577)]
triangle[(15.1269,-11.5754),(15.7061,-15.0618),(21.0208,-14.1789)]
triangle[(-18.8009,9.95533),(-13.7079,3.80069),(-6.85218,9.47382)]
triangle[(-19.9438,-5.56334),(12.3037,0.147773),(3.89024,47.6539)]
triangle[(-2.00756,-16.84),(20.3608,-13.9899),(16.6158,15.4014)]
triangle[(20.8659,18.1203),(12.4815,15.2557),(15.4635,6.52767)]
triangle[(-20.3891,17.0216),(20.3812,-2.44823),(55.0437,70.1361)]
triangle[(13.2072,4.27422),(-13.5805,-12.9439),(11.2915,-51.6394)]
triangle[(4.454,-9.2509),(20.1445,-0.60298),(8.69501,20.1705)]
triangle[(4.17604,15.4784),(5.05374,-9.75097),(54.2863,-8.03824)]
triangle[(13.4197,-8.34174),(14.6778,-1.80836),(2.27834,0.579468)]
triangle[(-12.737,-18.73),(-9.1578,-14.2011),(-18.1531,-7.09201)]
triangle[(-12.5237,13.8998),(19.1155,19.278),(9.42993,76.2566)]
triangle[(2.28896,-15.1008),(5.89734,-15.9548),(7.21749,-10.3763)]
triangle[(-11.8294,1.81571),(-11.288,-1.53649),(-7.49088,-0.923223)]
triangle[(4.35281,17.2135),(-12.3649,-14.5427),(24.1435,-33.7622)]
triangle[(4.90441,-13.0115),(1.94754,-17.6159),(10.09,-22.8449)]
triangle[(-1.39254,-2.02774),(-10.402,11.3845),(-34.8582,-5.04361)]
triangle[(-3.93316,-2.76584),(6.41519,-1.52013),(4.55791,13.9087)]
triangle[(15.4433,3.76567),(-6.79911,-9.25972),(15.1188,-46.6871)]
triangle[(0.0406566,1.28244),(-5.39,-14.6049),(14.3051,-21.3372)]
triangle[(18.9534,-4.30648),(-7.84485,-6.36073),(-4.87203,-45.1419)]
triangle[(-9.41971,14.1626),(11.2493,-14.921),(44.4707,8.68858)]
triangle[(6.34969,-17.102),(-1.25829,-20.8324),(4.18034,-31.9244)]
triangle[(0.812353,-15.4999),(19.5849,0.575455),(-9.55955,34.61)]
triangle[(-15.5482,6.95382),(13.7607,-10.3978),(47.6202,46.7949)]
triangle[(-8.77791,-3.41384),(17.7831,0.666567),(13.5278,28.3656)]
triangle[(7.22113,-17.4499),(-13.7593,-3.08883),(-32.5707,-30.5707)]
triangle[(-1.02195,14.838),(3.93177,16.5743),(1.37499,23.8691)]
triangle[(-19.715,5.78401),(2.06705,13.1988),(-6.74908,39.0973)]
triangle[(-19.2281,2.18783),(6.30548,15.8199),(-13.6357,53.1706)]
triangle[(9.65271,-14.8217),(7.44257,-7.7584),(-0.884498,-10.364)]
triangle[(-1.06528,13.9168),(2.39971,-18.243),(42.9682,-13.8721)]
triangle[(-2.43196,0.422811),(10.9941,12.5296),(-10.7477,36.6408)]
triangle[(1.26955,-16.2257),(-14.5921,19.0887),(-77.1155,-8.99407)]
triangle[(-5.95099,-8.711),(7.02949,10.9793),(-26.3655,32.9943)]
triangle[(9.53124,13.0974),(7.47106,17.2403),(1.08925,14.0667)]
triangle[(-0.773434,19.4395),(-1.77164,11.0773),(7.52496,9.96753)]
triangle[(11.6773,4.37582),(-15.9952,6.59819),(-18.9199,-29.8192)]
triangle[(8.07173,-8.79833),(13.1929,-7.53205),(11.6362,-1.2359)]
triangle[(-4.53753,13.4098),(-2.08112,-2.86462),(21.5915,0.708458)]
triangle[(5.61361,-0.190059),(-1.49893,14.6777),(-24.6621,3.5967)]
triangle[(7.73081,18.0993),(6.90811,14.719),(11.8391,13.5189)]
triangle[(-20.9747,18.3155),(12.5267,13.5586),(19.8822,65.3611)]
triangle[(10.4942,3.40982),(-3.72703,-2.29978),(2.82372,-18.6161)]
triangle[(-10.4944,-10.0698),(-0.96806,-9.94272),(-1.09623,-0.332003)]
triangle[(-19.0714,-19.628),(8.11934,19.7648),(-67.2191,71.7669)]
triangle[(-16.4449,19.4444),(7.21861,-16.678),(47.3157,9.58933)]
triangle[(7.08736,3.98403),(-3.59099,-2.63083),(4.40513,-15.5389)]
triangle[(-8.92949,9.33272),(-15.8555,-16.149),(19.546,-25.7712)]
triangle[(4.45324,-1.95193),(-12.4186,-10.2862),(1.53211,-38.5281)]
triangle[(-15.9979,0.963849),(-20.1521,-2.32081),(-14.6927,-9.22541)]
triangle[(13.2929,-11.2422),(-8.56065,-20.1319),(7.84892,-60.4717)]
triangle[(-1.52948,-4.01495),(-15.6668,10.1675),(-38.2553,-12.3491)]
triangle[(-18.5218,19.8432),(17.776,1.10914),(39.6774,43.5437)]
triangle[(-0.615176,20.5811),(2.10692,-8.43683),(35.773,-5.2787)]
triangle[(-1.1851,-8.81556),(-6.60099,14.9027),(-40.1509,7.24189)]
triangle[(19.9278,-13.8644),(4.50891,12.8907),(-35.5019,-10.1675)]
triangle[(9.70175,1.37039),(-9.2249,1.35314),(-9.19895,-27.1183)]
triangle[(-18.0302,-17.0768),(17.7626,7.45783),(-30.5504,77.9402)]
triangle[(8.22314,3.02199),(13.0566,20.2942),(-16.722,28.6274)]
triangle[(10.9219,10.3329),(-19.2281,18.0022),(-34.4671,-41.906)]
triangle[(8.62784,12.1373),(-6.87538,-18.3675),(28.9924,-36.5963)]
triangle[(18.031,-3.04496),(0.425335,11.222),(-25.8023,-21.1432)]
triangle[(17.2229,6.55191),(-12.9734,-10.3785),(11.5451,-54.1085)]
triangle[(7.95589,3.28838),(-9.32065,-17.5259),(25.6048,-46.5152)]
triangle[(-19.0303,-6.2391),(-3.26177,-1.30357),(-12.0571,26.7966)]
triangle[(-7.54727,2.62426),(19.242,-16.9787),(53.2251,29.4624)]
triangle[(-19.137,8.05392),(-4.04278,-17.9978),(25.5946,-0.826046)]
triangle[(-17.8496,-8.13645),(-8.39764,-5.9641),(-12.6353,12.4742)]
triangle[(-16.7445,10.5026),(17.8485,-1.24374),(31.4526,38.8204)]
triangle[(-10.2929,-1.29209),(-8.98392,-16.587),(11.7014,-14.8167)]
triangle[(-10.5116,-6.71553),(0.753573,-8.10067),(2.72534,7.93547)]
triangle[(20.9849,8.5388),(-14.7258,-0.120165),(-0.324378,-59.5138)]
triangle[(-2.10115,-6.49946),(-0.581905,-15.5786),(12.0843,-13.4591)]
triangle[(-16.8786,-2.07576),(20.394,14.2706),(-2.16564,65.7105)]
triangle[(18.1744,-6.80602),(20.3142,-8.1908),(22.0578,-5.49655)]
triangle[(-11.1096,13.2947),(-15.3491,19.8156),(-25.0466,13.5108)]
triangle[(10.5287,-7.11113),(-10.1981,-14.1201),(-1.30573,-40.4166)]
triangle[(9.28465,-12.806),(7.8431,0.782254),(-6.83755,-0.775187)]
triangle[(-19.4323,7.10072),(20.0398,19.2727),(4.08599,71.009)]
triangle[(-10.6757,-18.2368),(-3.37243,16.2512),(-43.1743,24.6798)]
triangle[(-5.59814,1.94793),(12.5207,-10.7726),(25.4302,7.61537)]
triangle[(-14.9769,19.6451),(-8.28367,-14.053),(25.925,-7.25833)]
triangle[(8.54724,-16.6862),(1.99938,2.85873),(-17.9008,-3.80815)]
triangle[(-16.9147,9.79849),(-1.21757,-5.86324),(19.1977,14.5982)]
triangle[(20.8565,-9.38505),(-9.85373,7.63675),(-30.7713,-30.1021)]
triangle[(16.4867,12.4882),(11.6649,-5.60416),(32.3302,-11.1117)]
triangle[(11.8959,14.9888),(-20.176,-15.1382),(18.7795,-56.6085)]
triangle[(20.7561,5.85348),(-4.31762,19.7683),(-30.4747,-27.3654)]
triangle[(-9.18812,-0.602649),(18.6199,19.3058),(-14.3876,65.4106)]
triangle[(-20.5239,-9.5914),(-0.990563,11.7443),(-40.0063,47.4641)]
triangle[(-16.6831,-3.04069),(-17.1292,-13.3464),(0.27681,-14.0999)]
triangle[(3.81357,-8.1171),(-5.16404,-8.34165),(-4.81507,-22.2933)]
triangle[(-3.33676,-0.449007),(2.17263,-6.92046),(15.0223,4.01895)]
triangle[(16.1712,-12.5534),(11.2324,5.96757),(-22.94,-3.14485)]
triangle[(3.17547,-12.1028),(6.72441,5.92212),(-29.2417,13.0035)]
triangle[(-3.94051,20.5001),(14.0613,-3.86862),(53.3817,25.1783)]
triangle[(19.6297,18.5432),(18.924,-15.5173),(64.1002,-16.4533)]
triangle[(-11.6194,-3.65763),(12.1302,20.8906),(-23.2718,55.141)]
triangle[(-20.464,18.5095),(6.41838,-13.7572),(70.5987,39.7134)]
triangle[(4.5209,2.65207),(12.363,11.7244),(-4.33713,26.16)]
triangle[(-15.6535,20.2244),(-9.61253,12.318),(2.60271,21.6511)]
triangle[(4.36946,-16.0645),(-9.23486,6.45364),(-35.1287,-9.19009)]
triangle[(-19.8973,-9.03437),(6.70388,-5.22418),(1.27334,32.6895)]
triangle[(2.34015,7.14695),(-13.1158,-3.73149),(1.7342,-24.8301)]
triangle[(-13.4562,0.369248),(-19.3577,-15.7304),(12.5383,-27.4223)]
triangle[(13.5869,10.4578),(-15.8837,8.00109),(-11.0806,-49.6165)]
triangle[(19.9046,-7.76505),(19.3918,4.31697),(6.25641,3.75949)]
triangle[(-15.5108,-13.655),(-17.5019,4.87028),(-36.7374,2.80285)]
triangle[(1.36151,11.5253),(12.9822,9.6915),(16.4075,31.3974)]
triangle[(11.9182,-13.5999),(7.59988,-5.33655),(-2.48464,-10.6066)]
triangle[(-11.3251,17.6458),(-10.5123,13.0266),(-5.59121,13.8924)]
triangle[(18.829,10.9531),(-8.61077,6.46878),(-0.33781,-44.1534)]
triangle[(-9.51234,-16.6461),(-3.44467,19.2652),(-54.1092,27.8256)]
triangle[(10.4815,-2.24662),(7.07815,-19.3931),(41.3531,-26.1962)]
triangle[(-10.0239,-13.4879),(0.379224,-5.93609),(-12.0666,11.209)]
triangle[(15.9272,6.32507),(-14.3447,14.2955),(-27.7723,-36.7026)]
triangle[(7.43863,20.4987),(-20.5378,13.9139),(-9.15698,-34.439)]
triangle[(-18.9393,3.3424),(17.7786,-17.9891),(45.6934,30.0606)]
triangle[(1.60603,-14.1821),(-18.1524,-7.29943),(-25.8335,-29.3499)]
triangle[(1.50581,-6.14839),(-11.1188,-14.0962),(0.00911537,-31.7722)]
triangle[(-12.3276,-2.07631),(-16.1265,-0.931612),(-17.8804,-6.7522)]
triangle[(-2.52607,12.3527),(12.0345,6.54422),(18.0471,21.6166)]
triangle[(15.8745,-11.9509),(-4.7265,-18.7271),(3.09229,-42.4975)]
triangle[(-5.95359,-5.50071),(7.61387,-13.7067),(17.8368,3.19557)]
triangle[(12.7829,-6.22635),(-16.3403,-1.97892),(-21.6226,-38.1979)]
triangle[(-6.57391,-7.28662),(-7.3129,8.48931),(-32.962,7.28784)]
triangle[(4.8671,17.0253),(12.7574,-1.42283),(48.5347,13.8791)]
triangle[(-7.61458,13.8021),(-0.712283,-4.01929),(30.7414,8.16289)]
triangle[(1.38788,-5.50397),(17.1733,-15.5751),(34.2679,11.219)]
triangle[(20.9702,11.7871),(-5.35327,-20.5521),(49.8314,-65.4712)]
triangle[(-2.48866,-18.1597),(6.44148,-1.66824),(-25.6353,15.7013)]
triangle[(-20.1257,-0.302367),(0.0182106,0.206371),(-0.849474,34.5631)]
triangle[(0.4711,-15.156),(-0.930582,6.48491),(-36.9096,4.15454)]
triangle[(-17.2172,-3.85555),(17.2305,16.9776),(-9.27848,60.8103)]
triangle[(3.32368,9.88929),(5.54955,-13.8172),(40.9168,-10.4965)]
triangle[(12.7602,11.9382),(-5.69517,11.9101),(-5.66573,-7.43713)]
triangle[(1.04708,17.0135),(-5.85522,-2.98326),(20.04,-11.9215)]
triangle[(4.27038,3.34902),(18.677,3.86081),(17.7376,30.3051)]
triangle[(-6.63588,16.6117),(-0.80682,3.87947),(24.6348,15.5272)]
triangle[(-13.8193,-20.0079),(6.79804,11.3295),(-43.0426,44.1204)]
triangle[(11.0824,-17.5959),(-10.5179,13.0723),(-59.9909,-21.7727)]
triangle[(-4.6488,18.5354),(11.7841,-17.5372),(79.1511,13.1518)]
triangle[(-11.4797,-4.36427),(-18.3219,-15.3682),(2.21206,-28.1363)]
triangle[(20.0283,18.7266),(19.9744,-18.686),(68.36,-18.7557)]
triangle[(9.86752,17.172),(-8.32118,-16.7381),(49.3887,-47.6925)]
triangle[(19.2723,-3.62561),(15.2889,-3.65041),(15.338,-11.5472)]
triangle[(19.2095,1.83264),(9.42142,-4.4312),(16.3394,-15.2414)]
triangle[(0.721076,0.544391),(10.091,-17.9543),(30.9271,-7.40045)]
triangle[(-11.0221,13.0855),(10.4181,-12.6912),(37.7965,10.0812)]
triangle[(5.24206,6.32275),(17.0839,13.5273),(5.09136,33.2389)]
triangle[(12.4914,15.2724),(-0.566304,17.9461),(-5.76319,-7.43445)]
triangle[(-6.53479,8.27646),(-1.52253,3.79836),(3.42945,9.34101)]
triangle[(-10.4097,-8.22093),(-16.5473,16.2118),(-49.2363,8.00013)]
triangle[(10.5936,-2.71026),(-17.1871,1.81548),(-24.8318,-45.1105)]
triangle[(-2.32618,-17.7283),(10.9303,-10.5871),(1.8469,6.2748)]
triangle[(-3.65965,-11.4713),(-19.0003,12.2337),(-58.4788,-13.3149)]
triangle[(-0.201032,-2.04334),(-16.3694,18.6638),(-57.6263,-13.55)]
triangle[(-6.2557,-14.794),(-11.0466,-11.5632),(-17.3421,-20.8988)]
triangle[(-11.2389,-6.65571),(-8.89015,-12.2022),(1.2261,-7.91837)]
triangle[(-20.9767,9.47065),(3.13978,20.6313),(-15.3847,60.6601)]
triangle[(9.64784,4.36679),(-0.891971,10.063),(-11.6057,-9.76078)]
triangle[(-8.97334,-10.8349),(-19.4186,-5.01007),(-30.1608,-24.2731)]
triangle[(-1.33899,2.68636),(-13.4811,-19.29),(21.5425,-38.6408)]
triangle[(-6.76687,-0.634895),(-14.8399,-20.4413),(23.158,-35.9291)]
triangle[(-0.492888,-8.64596),(-10.3999,-19.0274),(1.69035,-30.565)]
triangle[(9.49057,-6.07588),(-9.68394,18.5632),(-44.0271,-8.1631)]
triangle[(-6.06363,-20.3559),(-15.9048,-11.2611),(-31.3838,-28.0104)]
triangle[(-4.69344,9.29414),(10.4951,6.53743),(13.8274,24.8969)]
triangle[(16.4429,-7.03699),(20.9,-9.91025),(24.5343,-4.27255)]
triangle[(7.17393,14.1691),(-19.2394,-4.27162),(7.13019,-42.0418)]
triangle[(5.73206,-9.48818),(14.8001,13.1981),(-8.43326,22.4848)]
triangle[(-18.9289,19.5404),(17.3426,-15.0715),(60.4567,30.1099)]
triangle[(17.4855,15.2974),(19.9969,-0.247912),(48.5097,2.74282)]
triangle[(-13.126,-0.686002),(-5.90426,2.05458),(-10.5395,14.269)]
triangle[(-9.94717,19.5448),(-19.5526,-10.6054),(36.8791,-28.5837)]
triangle[(-9.24202,-14.1143),(-6.84266,-13.0321),(-8.1425,-10.1503)]
triangle[(16.9918,-15.7845),(-13.7049,11.1327),(-51.0674,-31.4761)]
triangle[(-15.3476,-9.99892),(-7.87852,5.69803),(-35.3155,18.7533)]
triangle[(-3.32539,12.4101),(1.49023,17.9955),(-6.73532,25.0874)]
triangle[(-11.5707,8.8161),(3.36941,-6.74548),(29.8458,18.6735)]
triangle[(12.1303,1.76154),(-10.2665,20.5834),(-40.3186,-15.1767)]
triangle[(1.59719,16.201),(0.41826,-5.58836),(33.7357,-7.39103)]
triangle[(-17.5857,-4.98688),(14.2834,18.419),(-11.2506,53.1859)]
triangle[(-11.1893,11.8661),(-8.43427,-16.1978),(21.5184,-13.2573)]
triangle[(-15.0195,-15.599),(13.7916,4.81743),(-19.622,51.9697)]
triangle[(3.09554,-6.78632),(12.181,-0.950951),(3.30924,12.862)]
triangle[(-14.9412,1.76901),(16.2533,-19.3752),(46.1274,24.6987)]
triangle[(3.98079,14.1785),(-6.87713,9.00449),(2.13272,-9.90314)]
triangle[(0.733298,-4.30345),(-3.43338,-12.5678),(8.46706,-18.5677)]
triangle[(-5.41415,10.012),(-16.7193,2.37485),(-3.64005,-16.9862)]
triangle[(12.8911,9.488),(-13.2145,-8.24489),(8.0925,-39.6121)]
triangle[(8.74508,10.6686),(-4.47787,12.2991),(-6.35501,-2.92407)]
triangle[(-19.4411,-10.5518),(12.5379,0.314699),(-6.84167,57.3466)]
triangle[(12.3657,-11.4098),(-7.77549,-4.15445),(-15.2847,-25.0002)]
triangle[(13.6274,-7.38966),(-20.6243,-19.6767),(-4.5246,-64.5567)]
triangle[(10.8343,-12.8019),(7.41137,8.19245),(-15.7662,4.41362)]
triangle[(5.27369,17.961),(3.54953,15.9567),(6.95903,13.0237)]
triangle[(-0.355687,-16.4701),(-2.53261,10.2127),(-52.7382,6.11672)]
triangle[(-6.12821,20.4439),(-1.36639,-7.66244),(39.9812,-0.657267)]
triangle[(18.8227,6.59959),(-5.22494,6.61956),(-5.25959,-35.0979)]
triangle[(17.1986,11.8084),(-6.92807,-11.6113),(30.569,-50.2404)]
triangle[(-3.82736,5.93221),(-0.11902,-20.2927),(33.6415,-15.5188)]
triangle[(-2.73093,17.0325),(20.4079,2.0549),(50.1242,47.9636)]
triangle[(5.443,6.09378),(14.7505,10.1411),(8.21188,25.1779)]
triangle[(-9.42814,-18.747),(8.54996,-17.0296),(5.36331,16.3302)]
triangle[(20.0076,-14.2463),(-9.95724,19.4648),(-75.8496,-39.1051)]
triangle[(-2.73163,16.6825),(-15.7959,-14.1131),(16.3054,-27.7313)]
triangle[(8.11079,-4.89671),(-20.3732,-6.08282),(-18.541,-50.083)]
triangle[(2.44358,3.0046),(-8.25362,-5.19991),(0.21907,-16.2468)]
triangle[(-13.0692,-4.77983),(-2.88515,-13.9217),(8.34566,-1.41068)]
triangle[(6.19945,-15.0397),(-14.7223,-4.15087),(-33.2247,-39.7013)]
triangle[(3.1185,-13.5612),(11.827,-5.63549),(2.4301,4.68951)]
triangle[(-6.42638,1.99245),(-17.106,13.3667),(-37.1265,-5.43126)]
triangle[(3.11865,-14.3875),(8.51493,19.6673),(-30.2568,25.8111)]
triangle[(13.664,16.12),(11.0811,-4.35095),(43.4506,-8.43505)]
triangle[(5.30458,0.305893),(-12.1276,9.67338),(-28.2756,-20.3768)]
triangle[(-1.34873,10.638),(-9.66846,11.0745),(-10.5329,-5.40191)]
triangle[(7.77232,-2.41572),(7.01085,7.30739),(-10.0929,5.96789)]
triangle[(-6.13388,20.8561),(-17.0068,-4.23105),(15.0236,-18.1133)]
triangle[(3.51622,17.3857),(17.7805,18.1804),(16.7841,36.0657)]
triangle[(-9.10312,-8.89364),(11.6711,14.7778),(-22.8317,45.0577)]
triangle[(3.78295,1.39782),(17.2668,-2.79392),(24.9099,21.7921)]
triangle[(-6.33545,-17.9962),(20.0197,-20.1873),(22.3073,7.3271)]
triangle[(4.99917,-18.4533),(-7.11911,-15.424),(-10.4214,-28.6344)]
triangle[(-2.80014,-0.099913),(-8.15292,3.31294),(-11.6361,-2.15017)]
triangle[(-10.1559,-0.327005),(-17.3377,3.68442),(-21.5905,-3.92948)]
triangle[(-1.14286,-16.3627),(16.6864,11.9232),(-15.5879,32.2664)]
triangle[(-5.16726,2.8522),(14.8504,14.0431),(3.50096,34.3444)]
triangle[(8.6339,16.6326),(-9.50801,-11.5701),(38.6581,-42.5538)]
triangle[(-10.1538,-19.0183),(-1.3925,-8.23154),(-20.0983,6.96185)]
triangle[(2.80472,-20.961),(1.9716,-8.98942),(-16.1571,-10.251)]
triangle[(-18.0074,-9.50234),(-9.52283,-19.5458),(7.01288,-5.57665)]
triangle[(-0.629723,-11.1087),(-10.4479,-12.2638),(-9.27583,-22.2262)]
triangle[(-5.32032,2.01148),(16.1112,-17.2777),(46.3026,16.2669)]
triangle[(-10.3764,-15.9338),(-4.78513,-4.30155),(-25.754,5.77744)]
triangle[(11.6076,9.58837),(2.30075,1.70922),(13.6163,-11.6566)]
triangle[(-17.2144,-18.8611),(15.9476,-0.0286744),(-19.544,62.4684)]
triangle[(-4.89061,0.29382),(-8.30307,-10.0974),(3.74436,-14.0538)]
triangle[(-0.0953638,6.42994),(16.4983,-20.0698),(58.5178,6.24203)]
triangle[(9.79753,18.1618),(-11.1933,19.8932),(-13.1141,-3.39387)]
triangle[(18.8609,6.89023),(19.5192,-3.80897),(32.3282,-3.02087)]
triangle[(-20.7425,18.0013),(-7.66201,18.3261),(-8.17086,38.8187)]
triangle[(-0.104251,-4.91637),(2.45772,12.9215),(-25.3674,16.9179)]
triangle[(0.932146,-9.91014),(-20.5968,-15.0573),(-10.7795,-56.1198)]
triangle[(2.78622,-17.0153),(18.6163,19.3674),(-54.0132,50.9685)]
triangle[(7.45053,6.61948),(1.7101,-18.1637),(33.1856,-25.4542)]
triangle[(6.89243,15.3062),(-6.15974,19.3793),(-13.6186,-4.52212)]
triangle[(16.2813,15.6711),(-16.0383,-16.5486),(43.0924,-75.8625)]
triangle[(20.3775,-8.16614),(-7.84748,2.93644),(-21.6692,-32.2011)]
triangle[(8.24815,-13.9925),(1.36704,-18.4715),(6.54577,-26.4277)]
triangle[(-17.4647,-1.85565),(-13.2793,-1.21812),(-14.4499,6.46762)]
triangle[(12.2175,-3.65579),(12.4167,-20.5203),(36.2288,-20.2389)]
triangle[(11.7333,11.0415),(20.6177,15.0851),(13.4657,30.7991)]
triangle[(-0.125814,-10.016),(13.676,-1.75309),(2.23777,17.3527)]
triangle[(-1.95671,19.3799),(12.9488,12.274),(24.0124,35.481)]
triangle[(-15.5179,-10.439),(4.7096,-15.3818),(13.8014,21.8244)]
triangle[(18.1247,-3.76829),(-8.51276,2.77951),(-20.796,-47.1908)]
triangle[(-19.7304,-4.16944),(10.569,13.8829),(-20.495,66.0215)]
triangle[(5.86197,-4.54894),(10.6223,10.6232),(-6.21541,15.9062)]
triangle[(-19.8777,-10.2768),(-6.37998,14.827),(-32.7082,28.9831)]
triangle[(-4.94655,-1.89828),(17.7717,0.0167661),(14.1081,43.4793)]
triangle[(2.46616,-0.0222775),(-9.89754,7.08567),(-21.8223,-13.6564)]
triangle[(-5.29616,4.70354),(15.387,-6.56709),(37.8418,34.6406)]
triangle[(13.2536,11.8102),(-12.4145,16.8827),(-21.5298,-29.2426)]
triangle[(-18.9973,-4.48233),(14.4569,5.97294),(-1.38003,56.6473)]
triangle[(8.67249,-4.96729),(10.282,5.57075),(-0.54261,7.22407)]
triangle[(-7.3422,-5.08636),(-17.9612,-19.8725),(5.07645,-36.4176)]
triangle[(20.0224,-13.1078),(17.1485,13.2967),(-13.4324,9.96831)]
triangle[(17.844,20.5385),(-15.9143,19.961),(-15.3164,-14.989)]
triangle[(-3.6692,-1.50021),(0.139342,5.76691),(-12.3509,12.3128)]
triangle[(-8.51893,-9.7787),(-20.3888,-11.4813),(-17.8125,-29.4417)]
triangle[(6.43825,-11.2445),(-10.7473,-7.85184),(-16.6119,-37.5596)]
triangle[(-6.71504,20.2996),(-4.38929,-4.1755),(35.31,-0.403065)]
triangle[(-17.6975,9.18663),(1.52381,9.95168),(0.0248592,47.6117)]
triangle[(2.46017,16.4563),(0.472485,12.7584),(6.60756,9.46065)]
triangle[(-9.30091,-5.97683),(19.1208,-12.4386),(30.9014,39.3773)]
triangle[(14.957,-6.29092),(-3.75459,-5.70651),(-4.4083,-26.6368)]
triangle[(16.3819,15.8727),(-8.18812,20.1029),(-12.9968,-7.82725)]
triangle[(9.91994,-2.13389),(8.1837,-5.85271),(13.6646,-8.41165)]
triangle[(-19.9249,15.4524),(-14.7981,14.9138),(-13.7218,25.1593)]
triangle[(-8.36822,-8.96342),(6.71073,-14.9688),(18.2844,14.0917)]
triangle[(-16.5679,-2.87397),(-18.9845,3.88725),(-28.5831,0.456536)]
triangle[(-7.5251,14.1541),(15.4141,8.47709),(21.1799,31.7749)]
triangle[(-9.97534,-15.3243),(5.60592,-5.67453),(-10.2036,19.8528)]
triangle[(6.41725,15.5347),(6.62863,10.6379),(15.1255,11.0047)]
triangle[(9.43435,-9.65163),(-5.87268,2.32305),(-24.2381,-21.1531)]
triangle[(0.499735,-5.16357),(11.2411,-4.31556),(9.75651,14.4891)]
triangle[(3.67774,13.7042),(6.8581,-17.5982),(49.0705,-13.3094)]
triangle[(8.51648,-17.3942),(-10.7844,6.71106),(-58.4374,-31.4443)]
triangle[(7.48202,18.4928),(-14.4617,-3.90728),(19.708,-37.3807)]
triangle[(1.88379,-3.66718),(-1.71938,-6.02286),(2.0044,-11.7186)]
triangle[(8.62382,7.94846),(13.5502,-9.21045),(35.0929,-3.02551)]
triangle[(14.5243,-1.65097),(-7.99524,-11.3248),(10.7236,-54.9001)]
triangle[(10.1101,4.60003),(19.6909,6.52775),(16.6012,21.8835)]
triangle[(-3.5673,-14.2742),(-16.2283,2.09128),(-41.6562,-17.5808)]
triangle[(5.34833,-13.9865),(3.6445,-2.09091),(-11.4211,-4.24878)]
triangle[(-12.3218,-19.2539),(-4.20122,18.7903),(-63.6255,31.4744)]
triangle[(-13.136,18.069),(-3.04355,18.2536),(-3.275,30.909)]
triangle[(-19.823,-13.3408),(11.291,15.6912),(-22.074,51.4489)]
triangle[(-9.96891,-11.3806),(-19.6409,-0.285787),(-31.9429,-11.0102)]
triangle[(11.3693,-2.35735),(10.315,12.8087),(-15.2099,11.0342)]
triangle[(-11.4385,8.38096),(-20.1778,-16.3667),(27.6914,-33.271)]
triangle[(-7.52435,17.4957),(9.39171,-15.5503),(57.0087,8.82449)]
triangle[(18.1008,-12.8203),(-5.45174,11.6846),(-50.5575,-31.6682)]
triangle[(14.7871,1.80918),(-16.5443,16.4269),(-39.43,-32.626)]
triangle[(-9.22519,-9.30606),(-0.760977,-6.16643),(-5.80507,7.43211)]
triangle[(-14.536,-11.2189),(8.56167,7.67768),(-21.9551,44.979)]
triangle[(6.54099,-3.93614),(0.667512,-15.4304),(21.0602,-25.8509)]
triangle[(-14.1522,-19.9375),(-12.6242,-13.2835),(-21.3489,-11.2799)]
triangle[(9.82508,5.84871),(-7.84885,0.462792),(-1.94616,-18.907)]
triangle[(3.30147,12.5473),(6.48888,-1.76213),(34.459,4.46822)]
triangle[(11.9282,-12.0747),(-7.17013,-15.3053),(-1.79463,-47.0845)]
triangle[(20.2919,7.89689),(5.9682,-0.949478),(18.7717,-21.6804)]
triangle[(19.2294,-4.71203),(-17.6808,-6.36536),(-14.3988,-79.6361)]
triangle[(17.1896,12.2573),(-20.2701,-20.9278),(26.6331,-73.8725)]
triangle[(-7.73014,6.77955),(-13.8586,2.2562),(-6.10306,-8.25144)]
triangle[(-0.149585,-16.6387),(2.85285,17.7991),(-56.7827,22.9984)]
triangle[(-10.3042,-19.0858),(0.708056,0.795903),(-36.6931,21.512)]
triangle[(-1.33569,17.334),(12.9955,-6.41487),(42.2011,11.2092)]
triangle[(1.53802,-13.1409),(-17.798,16.2374),(-49.2711,-4.47733)]
triangle[(-14.212,-1.53712),(7.93493,3.0937),(2.50238,29.0749)]
triangle[(-12.7219,3.06459),(-10.1707,-3.87372),(1.28103,0.337087)]
triangle[(11.8025,-1.98869),(-9.69685,-7.34976),(-0.316287,-44.9683)]
triangle[(15.9599,-16.5247),(2.74139,18.1174),(-62.5947,-6.81311)]
triangle[(17.4138,1.37408),(14.3438,-19.0509),(47.916,-24.0971)]
triangle[(-18.8534,-16.2993),(20.6211,-5.78751),(8.61426,39.3012)]
triangle[(20.9749,11.0352),(10.8477,-6.28564),(45.0535,-26.285)]
triangle[(15.5514,-7.47818),(11.3652,15.02),(-11.7243,10.7237)]
triangle[(-7.31885,-11.0044),(2.31662,-11.9069),(3.29002,-1.51452)]
triangle[(-4.68592,13.5107),(-7.91102,1.29429),(6.65145,-2.55018)]
triangle[(-6.60409,-19.3494),(9.31334,14.0807),(-33.1632,34.3055)]
triangle[(-8.83938,-1.16684),(-2.92099,8.44355),(-20.5939,19.3271)]
triangle[(-13.7089,7.13963),(-15.9697,0.0578141),(-3.09867,-4.0512)]
triangle[(13.9251,8.25773),(2.88547,17.757),(-9.63082,3.21117)]
triangle[(-3.22592,19.6082),(14.3922,-19.6446),(78.0347,8.92054)]
triangle[(9.32425,-0.824055),(-9.06161,13.6568),(-28.3108,-10.7832)]
triangle[(8.88071,-5.38514),(-2.46291,1.69461),(-9.56456,-9.68409)]
triangle[(-12.8932,9.69871),(9.2562,-12.5978),(51.3696,29.2376)]
triangle[(5.30607,-12.9927),(11.7406,5.00615),(-19.2735,16.0936)]
triangle[(-9.62922,18.3239),(-5.02865,4.06948),(21.3542,12.5845)]
triangle[(8.96875,-9.2502),(1.52696,3.72135),(-14.8393,-5.66798)]
triangle[(-1.50589,-17.7079),(-4.96055,6.9317),(-51.697,0.378904)]
triangle[(7.69671,16.9461),(-18.095,8.0635),(-1.30807,-40.6795)]
triangle[(-5.32198,-18.3027),(2.64449,16.0583),(-51.9639,28.7191)]
triangle[(14.2052,-10.5762),(17.3502,1.22173),(4.95842,4.52509)]
triangle[(-20.054,-12.1928),(-18.7705,7.09203),(-51.2764,9.25531)]
triangle[(-19.4855,20.6869),(-11.7098,1.4524),(18.4935,13.6623)]
triangle[(-11.6907,-15.9358),(-20.9583,-20.7685),(-15.2179,-31.7769)]
triangle[(15.3472,-6.57116),(9.11844,-5.16167),(6.8405,-15.2283)]
triangle[(-8.30555,17.7496),(-1.12083,-12.2389),(46.7119,-0.779018)]
triangle[(1.83687,-16.8464),(5.98017,6.48796),(-27.2938,12.3962)]
triangle[(-18.8161,13.537),(-15.6569,-18.4253),(38.905,-13.0323)]
triangle[(12.3398,-2.69138),(1.74228,-0.284363),(-1.50294,-14.5723)]
triangle[(19.5953,-14.8421),(-18.1188,13.2349),(-51.2585,-31.2797)]
triangle[(18.5474,-16.1227),(5.87949,16.6431),(-32.0328,1.98549)]
triangle[(-5.93975,0.201291),(-5.37425,-6.93865),(5.42968,-6.08295)]
triangle[(1.4357,14.7955),(19.4811,2.80986),(32.2491,22.0332)]
triangle[(20.6118,16.4851),(16.9145,2.17281),(36.6855,-2.9346)]
triangle[(-5.4181,-14.0575),(-8.36011,18.914),(-57.369,14.541)]
triangle[(9.56949,-17.4314),(-7.2694,-1.71342),(-35.0409,-31.4655)]
triangle[(-3.74009,7.28635),(16.0443,-9.29349),(41.0406,20.5342)]
triangle[(17.6547,1.03765),(-7.21513,-1.88221),(-3.71553,-31.6899)]
triangle[(16.4344,-10.6525),(-7.33149,5.20372),(-26.015,-22.7999)]
triangle[(-8.6669,2.53443),(12.3547,-9.54602),(28.8684,19.19)]
triangle[(10.1256,10.3861),(19.2507,0.0392738),(35.2452,14.1452)]
triangle[(16.3817,-8.4054),(-14.8488,-8.64603),(-14.4587,-59.2745)]
triangle[(20.8261,-0.609635),(-13.8602,-4.37454),(-7.71254,-61.0137)]
triangle[(-19.0349,-11.4952),(11.0796,-17.9015),(18.5558,17.2423)]
triangle[(5.62768,-13.1151),(9.39794,-6.52495),(-2.86388,0.490057)]
triangle[(-12.5134,-0.990987),(-10.5173,19.7653),(-32.8161,21.9098)]
triangle[(-5.7031,15.1347),(14.9774,-9.57953),(55.5339,24.3575)]
triangle[(6.56883,-5.19586),(-19.0801,-1.47773),(-24.5323,-39.0887)]
triangle[(-2.03223,-13.5349),(-9.57331,-1.10026),(-25.3715,-10.6812)]
triangle[(-3.06984,17.4675),(-4.47346,-12.6862),(27.8397,-14.1904)]
triangle[(-17.9794,-11.5082),(8.55767,13.1072),(-37.1853,62.4211)]
triangle[(1.0419,10.0056),(-0.156891,-13.0851),(31.2488,-14.7156)]
triangle[(10.7435,-2.91513),(-11.7046,-20.7326),(22.1509,-63.3867)]
triangle[(-12.817,-4.16693),(-17.3147,10.9949),(-42.4357,3.54276)]
triangle[(-11.6861,14.3446),(17.5328,5.87799),(32.7628,58.4378)]
triangle[(1.71451,-7.06776),(-8.2337,-4.08899),(-14.0243,-23.4278)]
triangle[(-2.7779,-13.7124),(10.6671,15.1191),(-21.9271,30.3188)]
triangle[(-1.1458,12.2118),(-5.48372,1.2325),(14.8467,-6.80007)]
triangle[(8.22335,2.67662),(4.5856,5.98204),(1.02361,2.06193)]
triangle[(15.7798,-14.0346),(9.27696,-13.4373),(8.56128,-21.2292)]
triangle[(3.45038,7.39777),(-6.80986,5.76736),(-4.51945,-8.64623)]
triangle[(-3.86405,-12.7007),(16.5828,20.6573),(-34.9891,52.2684)]
triangle[(14.4402,0.214868),(-17.3524,13.1431),(-33.7894,-27.278)]
triangle[(-7.25445,3.83046),(-11.6804,-14.6614),(22.2595,-22.7848)]
triangle[(-2.79556,17.4456),(12.5145,-8.53067),(41.2041,8.3786)]
triangle[(6.2503,5.54059),(-20.8569,-19.0436),(6.50994,-49.219)]
triangle[(-2.58362,-5.8337),(17.4498,-0.521878),(8.29732,33.9967)]
triangle[(7.59538,20.2702),(9.51998,1.17123),(40.6895,4.3122)]
triangle[(-16.6185,-15.6487),(14.0414,-16.0655),(14.4708,15.5193)]
triangle[(18.1175,-7.53527),(15.0897,5.94476),(-2.42014,2.01185)]
triangle[(18.8616,10.7652),(-7.13691,-8.39158),(31.1041,-60.2902)]
triangle[(14.4804,-6.68221),(19.7662,-11.3864),(27.7916,-2.36874)]
triangle[(-15.6682,11.1531),(-5.21696,11.2398),(-5.32599,24.3936)]
triangle[(-1.44163,13.133),(-16.8836,-11.7571),(10.6888,-28.8631)]
triangle[(-14.796,19.3864),(10.9883,18.0155),(12.7565,51.2746)]
triangle[(20.6001,-18.5488),(0.433332,17.1994),(-35.7704,-3.22425)]
triangle[(1.97447,14.333),(19.3672,10.4232),(23.766,29.9913)]
triangle[(3.30065,5.06841),(-9.45861,-16.4513),(30.677,-40.2481)]
triangle[(4.73348,-4.43269),(-4.38073,-4.20313),(-4.74527,-18.6767)]
triangle[(-15.6619,11.4128),(20.8647,-7.05861),(54.0254,58.5154)]
triangle[(8.42222,5.54273),(-2.9782,-6.07571),(15.8037,-24.5052)]
triangle[(-5.71213,3.54918),(-18.807,-3.40561),(-11.5152,-17.1351)]
triangle[(-1.30023,-3.15155),(-6.06742,15.599),(-29.8086,9.56294)]
triangle[(-0.862466,-1.5562),(-6.63537,-14.9431),(12.6968,-23.2799)]
triangle[(-7.21421,-10.7156),(-20.2025,-3.67571),(-34.1302,-29.3717)]
triangle[(11.6324,-13.7076),(9.06006,-6.28356),(-3.90338,-10.7752)]
triangle[(19.6028,-16.12),(-1.82004,7.88325),(-34.1178,-20.9423)]
triangle[(16.0857,2.76345),(20.8762,20.782),(-7.36143,28.2893)]
triangle[(3.70829,11.8895),(-5.08333,5.02362),(3.22656,-5.61709)]
triangle[(17.6725,18.0677),(17.8793,-13.8841),(67.4016,-13.5635)]
triangle[(18.5223,-19.1991),(20.0503,7.68624),(-22.4158,10.0997)]
triangle[(6.09044,-6.66193),(9.91892,-12.3837),(20.5014,-5.30294)]
triangle[(-17.376,10.7432),(0.743671,12.7775),(-2.61521,42.6961)]
triangle[(-2.90266,10.2943),(3.91942,-6.21405),(29.6991,4.43944)]
triangle[(1.4358,8.38677),(12.3225,-8.50901),(44.1669,12.0098)]
triangle[(-5.4795,8.50637),(-9.27068,5.74969),(-4.40637,-0.940061)]
triangle[(6.14854,-3.61027),(-1.79288,-11.8768),(14.1314,-27.1747)]
triangle[(15.2942,-4.01549),(20.3693,-19.5277),(39.4423,-13.2876)]
triangle[(20.5616,7.10688),(-16.2036,8.00263),(-17.6882,-52.9312)]
triangle[(15.44,-0.197973),(-20.4239,6.72364),(-33.6635,-61.8766)]
triangle[(15.3314,12.496),(-20.0052,3.84928),(-6.40808,-51.7184)]
triangle[(-20.7256,16.5099),(-17.3071,20.9831),(-22.1637,24.6945)]
triangle[(20.2002,13.4001),(4.05228,-4.0145),(29.3045,-27.4299)]
triangle[(-7.93394,5.0619),(-7.17623,-5.95557),(8.17303,-4.89996)]
triangle[(-14.5567,0.902338),(-7.89911,7.00271),(-16.677,16.5824)]
triangle[(-1.31616,-12.0346),(20.1971,-0.702125),(-1.85659,41.1639)]
triangle[(18.6614,-9.06193),(-4.62121,0.215633),(-14.4173,-24.3683)]
triangle[(-1.92395,5.92256),(-2.44395,-13.8964),(30.7305,-14.7668)]
triangle[(-4.0131,1.20788),(1.69237,-4.92869),(9.21479,2.06528)]
triangle[(-4.62237,-4.34025),(-19.5255,-20.9651),(7.36583,-45.0714)]
triangle[(3.08998,7.00185),(7.48577,-11.8495),(33.6395,-5.75091)]
triangle[(-10.5964,10.8642),(-16.1503,11.6905),(-17.5771,2.09939)]
triangle[(-11.1704,-4.42515),(-19.6428,-19.2981),(6.27817,-34.0641)]
triangle[(11.4219,-2.76264),(15.0284,18.5605),(-10.4582,22.8712)]
triangle[(8.27264,5.5836),(18.229,1.55215),(25.7734,20.1843)]
triangle[(1.71575,19.2134),(4.6065,19.0875),(4.78812,23.2581)]
triangle[(-3.50763,-2.99289),(19.9121,0.44287),(14.7732,35.4727)]
triangle[(15.8518,19.524),(-7.13058,-5.7092),(38.712,-47.4627)]
triangle[(1.08843,6.09708),(8.83957,-0.272957),(15.2251,7.49708)]
triangle[(4.01697,-13.7151),(15.1912,-8.40869),(9.17506,4.26023)]
triangle[(-17.4168,0.0662578),(-14.5781,7.87942),(-28.8134,13.0514)]
triangle[(2.03171,5.27192),(-19.9255,-5.09213),(-3.85986,-39.1287)]
triangle[(-3.72132,-16.8485),(10.565,12.2481),(-34.5127,34.3811)]
triangle[(-6.9923,6.10109),(-15.2146,10.7439),(-21.0049,0.489293)]
triangle[(2.77624,6.97263),(-5.52884,0.885386),(4.80676,-13.2159)]
triangle[(15.449,14.3581),(18.2539,-10.2427),(43.1084,-7.40888)]
triangle[(0.787802,-8.45949),(-3.75679,5.81921),(-24.695,-0.844971)]
triangle[(14.9482,3.36546),(-17.7661,11.4676),(-28.5707,-32.1584)]
triangle[(-0.21082,-17.7075),(10.7845,-19.9437),(13.8623,-4.81016)]
triangle[(-3.96359,0.0474616),(-2.25835,-4.54361),(6.49383,-1.29283)]
triangle[(13.5904,7.17986),(9.53585,0.261045),(22.5593,-7.37091)]
triangle[(20.6874,8.3183),(19.6815,-0.252103),(31.4937,-1.63847)]
triangle[(19.9756,-3.67218),(-17.2315,0.431032),(-23.2295,-53.9583)]
triangle[(8.58785,-9.10865),(3.79227,-5.78294),(-0.209372,-11.5532)]
triangle[(-11.1365,-8.55355),(-19.1293,-8.89625),(-18.5808,-21.6869)]
triangle[(19.6561,-6.47007),(5.76785,14.285),(-19.8341,-2.84651)]
triangle[(-16.8019,-8.65593),(-3.1828,-4.94563),(-7.00077,9.06868)]
triangle[(11.8269,-8.53909),(-16.4262,-13.7178),(-9.28398,-52.6835)]
triangle[(18.9169,-8.84201),(12.0639,2.83677),(-9.75429,-9.96596)]
triangle[(4.55401,0.911573),(-18.4433,16.0891),(-38.3232,-14.0332)]
triangle[(-6.2423,-4.41643),(14.008,-7.13339),(18.8666,29.0792)]
triangle[(-20.8003,20.5073),(-4.01395,13.7187),(4.43031,34.5989)]
triangle[(-19.8898,9.91781),(-18.0786,11.3447),(-20.7766,14.7692)]
triangle[(-13.9992,-6.1715),(14.1873,10.4102),(-7.06554,46.5371)]
triangle[(-2.43871,2.23335),(1.73661,-13.1838),(29.7657,-5.59284)]
triangle[(-13.4773,19.3404),(15.7736,4.85466),(40.3427,54.4667)]
triangle[(-18.9644,14.7311),(16.1842,5.58582),(31.2934,63.6558)]
triangle[(10.1176,7.18213),(-13.1638,2.87186),(-7.74958,-26.3724)]
triangle[(-15.0621,2.84733),(-16.4851,-10.7396),(-0.860179,-12.3761)]
triangle[(-0.151831,9.41782),(-16.3095,-6.56169),(8.58796,-31.7368)]
triangle[(-3.17068,11.5178),(-14.5085,0.880005),(-3.64048,-10.7031)]
triangle[(-19.1713,12.2017),(7.29591,1.957),(19.3645,33.1362)]
triangle[(-19.3322,-13.3815),(-0.606391,-20.909),(11.1198,8.26158)]
triangle[(-13.9659,18.2633),(16.4677,-11.8988),(58.9622,30.9782)]
triangle[(-18.5653,-9.31983),(-16.6371,-18.8975),(-5.70308,-16.6962)]
triangle[(-14.7711,-14.2374),(13.4827,16.2076),(-27.41,54.157)]
triangle[(-1.94559,-12.1812),(1.23847,-18.9663),(11.7114,-14.0517)]
triangle[(6.29095,13.9643),(1.45185,6.23385),(10.6548,0.472957)]
triangle[(0.880804,-17.7573),(20.3334,14.0851),(-41.4303,51.8166)]
triangle[(16.0444,-8.48413),(-10.8663,-5.2546),(-17.135,-57.49)]
triangle[(-5.29684,14.6801),(5.77145,17.705),(2.22067,30.6976)]
triangle[(-2.09594,7.32452),(16.3139,20.5703),(-9.63996,56.6426)]
triangle[(-4.02856,-6.06011),(-11.4469,-11.1737),(-4.60592,-21.0979)]
triangle[(-3.40225,9.67256),(14.6281,8.23592),(17.4921,44.1791)]
triangle[(20.163,-8.62148),(0.30933,12.2686),(-37.1228,-23.3064)]
triangle[(-14.6727,5.41606),(-15.2947,10.9311),(-25.3028,9.80249)]
triangle[(-14.6712,15.3102),(16.9744,16.2763),(15.1673,75.4723)]
triangle[(11.4523,3.15962),(3.2791,0.180344),(8.23667,-13.42)]
triangle[(19.3538,6.82624),(11.7662,5.46447),(13.2208,-2.6405)]
triangle[(17.0382,-11.8603),(-10.5537,20.5717),(-65.7314,-26.3713)]
triangle[(17.9236,9.0075),(-1.25104,-2.47681),(18.5576,-35.5501)]
triangle[(2.14544,-8.95923),(4.6289,-16.8295),(19.8617,-12.0228)]
triangle[(15.3992,-7.07277),(14.5177,18.0959),(-13.5995,17.1111)]
triangle[(4.30816,5.4182),(13.9761,-10.4567),(34.8831,2.2759)]
triangle[(13.1572,-14.4109),(-15.0215,-15.3587),(-13.2649,-67.5793)]
triangle[(19.7891,5.40455),(-2.21522,-19.6905),(41.1396,-57.7057)]
triangle[(-20.074,5.2709),(18.5461,7.71156),(13.9336,80.6993)]
triangle[(-4.51999,20.4507),(7.48472,-0.11006),(39.9837,18.8649)]
triangle[(7.55525,-1.59471),(-0.376849,-9.45211),(9.34633,-19.2677)]
triangle[(-6.93933,16.4628),(4.1956,16.367),(4.33039,32.0307)]
triangle[(13.3294,12.7128),(5.95965,20.1255),(-2.7517,11.4645)]
triangle[(17.3207,12.6005),(6.32453,5.72336),(15.3148,-8.65167)]
triangle[(18.6413,11.0451),(-20.7065,10.7121),(-20.0796,-63.3813)]
triangle[(8.85838,5.58655),(-12.5277,12.7616),(-23.5593,-20.1193)]
triangle[(11.0401,18.9971),(-12.1691,9.96618),(2.62242,-28.0478)]
triangle[(-14.7419,16.8552),(2.67408,9.45922),(16.1112,41.101)]
triangle[(11.6995,-0.727146),(2.12722,-18.3354),(36.8748,-37.2251)]
triangle[(-16.8426,-3.78249),(5.9901,-0.575404),(0.92332,35.4972)]
triangle[(9.93252,-9.02181),(-10.1966,10.6333),(-31.6097,-11.2962)]
triangle[(8.40847,-4.58282),(-16.1712,-1.07211),(-21.8814,-41.0515)]
triangle[(-10.3209,0.465461),(20.1038,11.4518),(1.51921,62.9187)]
triangle[(-17.8726,1.69696),(-6.59898,-17.5588),(14.6938,-5.09245)]
triangle[(19.095,2.67283),(-6.57551,-14.0855),(15.9946,-48.6585)]
triangle[(1.69334,15.3784),(18.8657,11.4357),(26.003,42.5227)]
triangle[(8.94261,7.31675),(0.0218913,6.4498),(1.53307,-9.09982)]
triangle[(-12.9291,-15.9126),(13.0819,11.6253),(-16.2352,39.3168)]
triangle[(4.49622,-12.9591),(-0.601987,-14.4837),(1.77623,-22.4363)]
triangle[(0.891218,20.0057),(-8.41573,-7.65696),(25.2892,-18.9968)]
triangle[(13.8056,9.44485),(-5.39474,11.8582),(-8.07299,-9.44944)]
triangle[(15.2346,-20.2748),(-16.199,3.85057),(-45.4509,-34.2627)]
triangle[(17.7987,8.29732),(-19.7397,12.2501),(-24.4713,-32.6842)]
triangle[(11.1789,6.08438),(17.1884,-5.19364),(35.3817,4.50068)]
triangle[(18.746,9.62588),(4.92022,-9.12633),(33.0715,-29.8819)]
triangle[(3.1931,-13.93),(11.0477,19.623),(-45.9047,32.9552)]
triangle[(-3.06752,2.54701),(-11.9097,-12.7947),(15.4717,-28.576)]
triangle[(0.788084,-19.0447),(-19.9413,-7.7949),(-41.075,-46.7368)]
triangle[(-14.7898,-6.07065),(-15.7327,20.8038),(-54.8851,19.4302)]
triangle[(-5.76748,5.98479),(4.51814,-10.8337),(33.0521,6.61672)]
triangle[(-17.1419,13.853),(4.05237,-1.97933),(30.8361,33.8753)]
triangle[(-0.533711,11.9419),(-3.42208,9.5313),(0.506507,4.82406)]
triangle[(3.8303,10.7555),(-10.5484,-19.9317),(21.5734,-34.9826)]
triangle[(-11.6895,-12.5768),(-7.13022,-18.3242),(-0.284282,-12.8934)]
triangle[(-9.56033,-5.24857),(1.89282,5.78735),(-10.9701,19.1366)]
triangle[(-15.2259,18.7127),(16.6662,10.3917),(32.6632,71.7037)]
triangle[(0.332067,-16.7335),(10.2153,3.52546),(-18.9497,17.7534)]
triangle[(-7.50831,7.60707),(3.55426,-11.7835),(26.0466,1.04872)]
triangle[(-6.63131,16.8464),(16.9866,-20.3619),(70.8374,13.8199)]
triangle[(7.05296,19.7143),(-16.3594,13.1613),(-3.3801,-33.2105)]
triangle[(-8.75117,20.5311),(-8.67428,8.32928),(15.1037,8.47912)]
triangle[(-11.0872,9.29278),(-4.14442,15.85),(-11.362,23.492)]
triangle[(8.91551,-4.34169),(16.7833,-7.26985),(19.9798,1.31895)]
triangle[(-4.82463,-19.7729),(20.5018,-3.06305),(-12.3223,46.6868)]
triangle[(-19.5152,7.86647),(-13.6965,-3.49679),(4.31921,5.72831)]
triangle[(12.7084,0.256963),(-10.0247,-8.54591),(-0.293479,-33.6765)]
triangle[(8.01545,-2.79117),(-5.22614,-15.8817),(11.5196,-32.8206)]
triangle[(2.32037,-12.444),(15.3073,17.3203),(-29.8312,37.0154)]
triangle[(-10.8339,16.6806),(-17.0376,15.3502),(-15.5799,8.55276)]
triangle[(10.0896,10.9616),(-13.3958,-15.1704),(26.5611,-51.0805)]
triangle[(-16.52,-14.9573),(-4.5575,12.241),(-56.4043,35.0445)]
triangle[(1.41869,-12.0653),(-14.8632,12.4783),(-46.8263,-8.72556)]
triangle[(-18.4352,-0.887013),(10.6803,-4.68572),(14.8219,27.0579)]
triangle[(10.9483,3.38856),(-5.54581,15.6082),(-19.0586,-2.63145)]
triangle[(13.8986,10.4079),(-20.7106,-9.97698),(9.92925,-61.9969)]
triangle[(20.0834,5.36899),(-16.27,12.4413),(-25.7878,-36.4829)]
triangle[(-3.51001,-20.5551),(-18.8763,-20.0993),(-19.5553,-42.9859)]
triangle[(19.1488,17.0029),(-17.212,-8.1662),(10.53,-48.244)]
triangle[(14.7817,-3.27679),(-14.5097,-8.37541),(-8.63314,-42.1358)]
triangle[(15.9133,-20.9275),(2.10228,-2.95651),(-23.7614,-22.8332)]
triangle[(-13.8647,0.600106),(10.5487,9.17838),(-3.78114,49.9606)]
triangle[(10.1647,-7.16161),(-16.8359,-3.00097),(-22.7794,-41.5714)]
triangle[(13.3301,-6.6785),(-8.50289,17.8736),(-56.769,-25.0473)]
triangle[(-15.3962,-13.9788),(5.36233,-5.63708),(-7.47508,26.3091)]
triangle[(-12.4554,0.193654),(5.31305,0.782704),(4.21182,34.0008)]
triangle[(17.4411,-3.22185),(0.676597,-12.7052),(13.8783,-36.0429)]
triangle[(-8.26417,18.5826),(7.48187,20.8444),(3.45004,48.9125)]
triangle[(4.09242,4.5533),(18.3178,15.0418),(3.77111,34.7711)]
triangle[(-18.4254,16.3393),(-3.75399,-1.94723),(18.5198,15.9232)]
triangle[(-1.05159,11.2497),(13.1858,-5.16216),(34.0255,12.9164)]
triangle[(-16.7087,9.57995),(16.9959,17.4134),(5.65551,66.2072)]
triangle[(-18.9384,3.51519),(-0.796953,13.7774),(-16.0463,40.735)]
triangle[(-1.97566,-15.67),(-20.5151,-16.9486),(-18.2068,-50.4188)]
triangle[(-14.49,9.39188),(-6.03558,-4.05896),(16.2864,9.97129)]
triangle[(5.64737,-12.1476),(-20.1103,14.5778),(-50.7144,-14.918)]
triangle[(-1.89227,-3.80833),(-19.3586,19.4411),(-62.2432,-12.7764)]
triangle[(-15.4315,-17.8185),(-8.70257,20.9059),(-66.6089,30.968)]
triangle[(5.01749,9.80902),(-9.3092,14.5991),(-18.8522,-13.9435)]
triangle[(-9.71387,-18.0454),(-1.1768,1.11401),(-35.6195,16.461)]
triangle[(10.8538,10.5503),(17.1675,15.5921),(11.3074,22.9306)]
triangle[(-0.239364,10.6136),(1.51579,-12.5627),(28.4874,-10.5201)]
triangle[(4.94814,-14.8753),(14.1284,0.3763),(-15.3796,18.1378)]
triangle[(-13.0185,-9.04781),(15.2505,-7.83661),(13.7035,28.2701)]
triangle[(8.48887,-10.4665),(12.0079,-8.85686),(9.64769,-3.69679)]
triangle[(-4.44974,-18.2361),(-11.3349,-0.864149),(-36.5666,-10.8645)]
triangle[(-5.44691,9.89498),(-19.9315,3.87666),(-9.15082,-22.0696)]
triangle[(11.6646,18.6289),(-0.832088,-4.16458),(26.5377,-19.1703)]
triangle[(-9.18053,-4.75771),(-15.3653,-12.3747),(-6.87165,-19.2712)]
triangle[(8.73939,-13.5059),(-3.5471,-12.5022),(-4.82261,-28.1148)]
triangle[(18.7844,9.25716),(2.36724,-1.71639),(20.6395,-29.053)]
triangle[(-13.8097,-13.5891),(12.9343,13.2429),(-19.1135,45.1855)]
triangle[(-9.66784,-19.7445),(-13.9562,-13.8876),(-20.7137,-18.8353)]
triangle[(11.0102,18.4698),(-4.11719,4.7007),(16.8465,-18.3311)]
triangle[(19.3788,-7.21775),(4.96996,-2.09362),(-0.181473,-16.5792)]
triangle[(8.23894,-0.959948),(-17.3438,20.398),(-43.9192,-11.4342)]
triangle[(16.3568,-7.95142),(20.52,14.0121),(-9.84319,19.7675)]
triangle[(13.2924,-12.1636),(8.48975,18.0518),(-49.5578,8.82542)]
triangle[(4.84357,-9.55269),(-9.2144,0.479581),(-28.2314,-26.1685)]
triangle[(-0.692904,19.4221),(-4.88813,-1.32422),(34.0361,-9.19528)]
triangle[(-12.1927,20.2511),(4.78751,17.4704),(9.74408,47.7375)]
triangle[(-12.206,-3.51937),(-3.71131,-12.236),(7.19095,-1.61125)]
triangle[(-0.28713,1.69838),(9.44114,9.89128),(-5.17788,27.2499)]
triangle[(-5.10308,15.9671),(-12.7933,9.11276),(-3.24643,-1.59841)]
triangle[(-15.9302,18.434),(-13.5579,-10.7379),(37.8543,-6.55694)]
triangle[(-17.9414,-18.3229),(3.79179,7.50461),(-32.8454,38.3339)]
triangle[(-6.84491,-17.0068),(6.73013,-9.40046),(-2.03443,6.24174)]
triangle[(19.1647,-12.4722),(8.5065,-4.38976),(-2.18118,-18.4835)]
triangle[(-1.62239,1.00518),(-0.80354,-6.38811),(7.82214,-5.43277)]
triangle[(-3.88264,19.2265),(9.4842,-5.21099),(41.2241,12.1501)]
triangle[(19.1767,-18.5144),(5.29049,17.1501),(-61.8623,-8.9963)]
triangle[(13.3722,-0.110124),(10.167,18.1232),(-19.3531,12.9338)]
triangle[(11.6828,7.48324),(20.7272,14.0506),(8.33954,31.1106)]
triangle[(-7.2765,-2.24174),(9.73972,-12.8371),(29.8234,19.4173)]
triangle[(13.6896,19.7592),(15.9198,-17.3713),(60.7379,-14.6794)]
triangle[(-6.09174,-11.3646),(3.97695,7.41863),(-17.3462,18.8488)]
triangle[(0.56633,-20.3109),(-0.434531,-12.9462),(-15.0894,-14.9378)]
triangle[(-12.7624,19.7887),(-13.0693,-5.13598),(17.5097,-5.51246)]
triangle[(-6.96507,5.0012),(-0.0333719,-17.3737),(25.1534,-9.57092)]
triangle[(-15.2061,-14.9649),(-10.8236,3.35188),(-41.8092,10.7655)]
triangle[(-20.0316,15.9964),(-7.61028,-20.1003),(30.3807,-7.02708)]
triangle[(19.4541,10.3226),(-3.89977,-8.96126),(25.8447,-44.9834)]
triangle[(10.1534,-10.7964),(-2.32402,-3.81989),(-16.1015,-28.4607)]
triangle[(6.37345,-9.16554),(-14.5473,-15.5618),(-7.0422,-40.1094)]
triangle[(-6.23741,-8.80478),(20.2839,-11.9767),(25.4799,31.4685)]
triangle[(20.6653,-18.6041),(-0.0581872,3.06868),(-34.3572,-29.728)]
triangle[(11.805,-5.40266),(-17.999,9.97215),(-48.3721,-48.906)]
triangle[(16.0923,-9.08737),(7.75652,-2.43304),(-2.09265,-14.7709)]
triangle[(-10.6901,4.02658),(-14.3016,8.1614),(-21.3849,1.97467)]
triangle[(-10.6085,-20.8749),(-14.1476,17.6399),(-73.1138,12.2215)]
triangle[(-0.205058,18.9969),(0.283075,-1.39142),(29.3581,-0.695309)]
triangle[(-20.2241,14.1192),(15.708,-0.64772),(43.7619,67.6155)]
triangle[(-0.733112,1.12679),(-6.53093,-16.754),(21.4254,-25.8188)]
triangle[(2.45064,17.2754),(7.51165,16.4764),(8.70789,24.0535)]
triangle[(15.2354,-0.731224),(-9.8408,12.1372),(-30.0157,-27.1767)]
triangle[(4.80215,10.4724),(20.7539,9.01548),(22.6661,29.9514)]
triangle[(-6.98705,12.7872),(4.8497,9.88067),(10.0273,30.9664)]
triangle[(-0.922031,-20.9686),(-18.9344,-17.5396),(-24.6825,-47.7337)]
triangle[(-15.0237,7.92428),(20.7616,7.84417),(20.8866,63.6525)]
triangle[(4.02136,20.8587),(9.55131,-13.241),(50.2901,-6.63445)]
triangle[(-20.1736,-8.52268),(5.26687,-17.7248),(23.3672,32.3163)]
triangle[(13.8693,-20.4641),(12.3148,1.742),(-29.5352,-1.18765)]
triangle[(-18.9544,17.1114),(-2.9821,-15.973),(58.8888,13.8967)]
triangle[(4.10648,4.45104),(1.58975,-15.1575),(31.6324,-19.0135)]
triangle[(-1.94168,2.18962),(3.94329,-14.2469),(36.0054,-2.76729)]
triangle[(-4.53096,-2.65186),(-16.5763,-10.4532),(-2.91219,-31.5507)]
triangle[(20.5608,-19.639),(18.289,13.5379),(-21.6029,10.8062)]
triangle[(-14.9617,-5.47265),(14.27,4.5454),(-3.83779,57.3824)]
triangle[(18.8442,13.1378),(-12.3013,13.4586),(-12.8674,-41.4954)]
triangle[(-16.775,-6.08134),(-10.6971,-3.74996),(-15.2095,8.0136)]
triangle[(1.56705,-0.948875),(-16.8151,14.6227),(-44.9175,-18.5521)]
triangle[(-17.4751,-10.2076),(20.7807,3.97246),(-4.74774,72.8445)]
triangle[(-7.81332,-3.62495),(-13.3459,-20.1222),(7.12698,-26.9882)]
triangle[(-11.6741,10.6593),(-1.29636,3.78309),(11.9325,23.7484)]
triangle[(17.6885,-0.490837),(14.459,-2.17243),(17.1293,-7.30055)]
triangle[(4.79207,16.8222),(19.4395,-1.19489),(46.4141,20.7347)]
triangle[(-18.2931,-10.8082),(-14.7841,9.53529),(-35.5026,13.109)]
triangle[(17.5444,-12.5223),(-10.3732,3.53928),(-26.5305,-24.5446)]
triangle[(1.16445,-15.5898),(2.55492,13.9338),(-34.3149,15.6702)]
triangle[(-17.5269,6.14269),(-20.1202,-2.39893),(-4.45279,-7.15564)]
triangle[(14.0525,15.2893),(-8.28917,13.9218),(-6.42104,-16.5991)]
triangle[(-2.2155,3.40351),(-20.7063,16.6941),(-39.3633,-9.26279)]
triangle[(17.0925,-1.39632),(13.5801,5.91995),(4.06258,1.3508)]
triangle[(-10.8555,0.773472),(14.7512,-0.149499),(16.0399,35.6042)]
triangle[(-1.54955,-11.7581),(-2.02007,5.97139),(-29.5944,5.23959)]
triangle[(11.4422,-7.61874),(11.928,14.3393),(-20.125,15.0485)]
triangle[(-2.02689,18.5473),(-17.2671,3.35989),(11.6996,-25.7076)]
triangle[(-16.3818,-2.93423),(-8.27038,-16.2487),(13.2307,-3.14992)]
triangle[(-1.34298,7.6561),(-3.22044,-14.577),(30.2106,-17.4001)]
triangle[(18.7978,8.63013),(18.0092,0.265002),(29.4818,-0.816486)]
triangle[(-8.81179,12.5297),(-6.82819,7.17885),(3.17028,10.8854)]
triangle[(-20.274,-6.26726),(-1.85252,16.6085),(-39.4106,46.8534)]
triangle[(12.5439,2.33601),(-5.95887,-7.42817),(5.30183,-28.7668)]
triangle[(-2.16879,-18.2703),(-14.4866,-4.31389),(-35.0142,-22.4313)]
triangle[(-16.2335,17.5614),(1.8296,-13.5779),(57.967,18.986)]
triangle[(3.29569,-12.597),(20.3262,9.55092),(-13.4315,35.5088)]
triangle[(-16.687,-9.9964),(6.12077,13.9671),(-29.5401,47.9082)]
triangle[(19.3354,-17.9256),(17.9505,-10.1655),(5.07059,-12.4642)]
triangle[(-13.3885,-19.1615),(-17.4554,8.71978),(-49.1067,4.10299)]
triangle[(-14.2313,-20.8991),(19.3375,17.097),(-51.9301,80.0605)]
triangle[(-11.1618,-1.19843),(-9.31973,14.7066),(-26.6887,16.7182)]
triangle[(16.4272,15.7865),(-6.75094,4.05181),(15.5075,-39.9127)]
triangle[(18.3427,20.4185),(0.559985,18.8464),(3.24843,-11.563)]
triangle[(13.6508,2.18615),(17.2417,7.50696),(7.18608,14.2933)]
triangle[(7.75281,7.93407),(3.08122,3.1273),(8.49531,-2.13453)]
triangle[(1.22514,16.3335),(-1.21745,8.78982),(8.10044,5.77277)]
triangle[(16.5209,17.8445),(-1.36768,-15.6908),(51.5693,-43.9288)]
triangle[(-4.40808,10.4723),(-15.2026,-9.5007),(21.3707,-29.2669)]
triangle[(-20.0512,-16.0401),(9.90496,15.5885),(-51.7551,73.988)]
triangle[(2.73789,-7.54801),(-17.1453,-9.39095),(-14.3195,-39.8778)]
triangle[(-19.2528,-7.29309),(-6.30094,10.5347),(-25.0678,24.1688)]
triangle[(-13.2431,11.451),(9.72768,-1.98501),(24.3037,22.9348)]
triangle[(-17.4907,4.31781),(-1.04365,-20.8459),(45.7058,9.70962)]
triangle[(5.2014,-9.24545),(20.2091,-12.5028),(26.5353,16.644)]
triangle[(14.5531,-17.6128),(-1.34198,-3.61566),(-17.6835,-22.173)]
triangle[(0.174984,19.777),(-10.0591,-8.42632),(36.4293,-25.2954)]
triangle[(-3.63623,-16.6457),(8.09619,10.7489),(-30.2322,27.164)]
triangle[(-1.22117,-11.8741),(-9.81933,13.3334),(-41.2353,2.61755)]
triangle[(-2.78803,-6.47186),(16.9825,12.772),(-10.5731,41.0818)]
triangle[(-5.69214,-4.36837),(15.9431,-10.963),(24.3726,16.6917)]
triangle[(-11.7391,8.17253),(4.61775,14.0313),(-2.86194,34.9134)]
triangle[(-7.34093,-11.6466),(-15.2859,-1.14013),(-35.1128,-16.1332)]
triangle[(6.36397,5.48282),(-16.3368,-0.126433),(-5.79277,-42.7983)]
triangle[(-8.3645,8.97824),(-4.65381,-19.6807),(39.7603,-13.93)]
triangle[(12.9545,19.2914),(19.1324,19.94),(18.4737,26.2152)]
triangle[(15.9472,20.9802),(-11.4348,-1.83246),(20.8567,-40.5919)]
triangle[(-7.12977,17.7377),(-20.054,-10.3601),(24.3257,-30.7736)]
triangle[(2.50327,10.8555),(-18.9672,14.1561),(-22.4253,-8.33891)]
triangle[(4.23604,12.5615),(7.31829,1.22389),(20.162,4.71557)]
triangle[(15.5276,-1.89819),(16.6761,6.99253),(1.91152,8.89972)]
triangle[(-17.4719,3.22201),(-18.6678,-12.3463),(3.71197,-14.0655)]
triangle[(11.9613,-4.33479),(-5.71344,13.9996),(-25.939,-5.49839)]
triangle[(-11.3545,-18.1295),(-20.8326,-12.4927),(-29.0461,-26.3036)]
triangle[(14.4477,-15.0026),(-3.33344,-6.41119),(-13.1338,-26.6944)]
triangle[(-12.3564,-1.41905),(-7.79591,14.649),(-25.4939,19.6721)]
triangle[(-8.83298,-16.6282),(5.62117,2.21605),(-29.1705,28.9024)]
triangle[(-20.0046,3.38331),(-11.2977,12.6111),(-27.9386,28.3126)]
triangle[(0.181296,-5.44075),(-17.0361,-20.8206),(4.22001,-44.6164)]
triangle[(10.9999,19.7718),(-10.2352,14.6885),(-4.73968,-8.26889)]
triangle[(4.418,-6.23821),(13.0249,-4.04991),(9.87728,8.33038)]
triangle[(-16.285,17.2029),(6.12019,-6.74564),(53.854,37.912)]
triangle[(12.7896,-8.75825),(0.655593,-0.843046),(-8.21306,-14.4387)]
triangle[(-10.9785,-6.11014),(-17.1555,-19.6938),(4.7823,-29.6697)]
triangle[(-13.0744,-19.2673),(14.5406,-5.2226),(0.246852,22.8821)]
triangle[(-18.8775,-16.022),(6.56198,19.3344),(-31.853,46.9745)]
triangle[(-18.4479,16.5113),(4.16297,9.41044),(18.2028,54.1164)]
triangle[(-14.5629,-20.741),(-12.5069,7.35275),(-59.5007,10.792)]
triangle[(-0.982527,18.6992),(5.633,17.0699),(8.74731,29.7146)]
triangle[(11.3579,-6.09335),(-11.1937,5.99531),(-31.5499,-31.9794)]
triangle[(0.986962,-5.11493),(-13.8327,5.39629),(-25.8038,-11.4817)]
triangle[(-8.53644,2.71676),(-6.68256,1.44484),(-5.18163,3.6325)]
triangle[(2.54963,-16.0252),(3.84522,-20.0736),(9.87188,-18.1449)]
triangle[(-20.2872,2.79457),(-17.2743,-5.14462),(-6.17805,-0.93364)]
triangle[(-11.2942,-0.906669),(-11.5539,-6.86066),(-3.47831,-7.21285)]
triangle[(-8.84923,10.1941),(10.8653,5.20657),(16.7202,28.3499)]
triangle[(-17.128,11.1033),(18.345,-15.0461),(67.144,51.1523)]
triangle[(-13.032,-1.22256),(20.3764,3.36961),(14.3025,47.5576)]
triangle[(13.7241,9.39974),(-14.5943,-5.02149),(8.41549,-50.205)]
triangle[(-12.01,18.9362),(14.4692,9.7359),(23.98,37.1088)]
triangle[(-16.6862,12.1078),(4.5835,5.98307),(14.5812,40.7027)]
triangle[(3.93412,3.82814),(7.12112,-5.64543),(24.014,0.0375083)]
triangle[(1.92191,5.59409),(-0.0354748,15.9719),(-11.9304,13.7284)]
triangle[(-12.2507,-10.4326),(-12.905,16.4913),(-51.384,15.556)]
triangle[(4.15251,-14.4275),(-8.07491,14.5254),(-56.1279,-5.76831)]
triangle[(1.14108,-18.0133),(20.6662,-11.3814),(13.6165,9.37394)]
triangle[(-6.66602,-1.06374),(0.00471782,5.76139),(-11.2482,16.7597)]
triangle[(-7.54982,12.6796),(-7.28797,-1.90496),(16.6317,-1.47551)]
