triangle[(-14.0999,-0.372973),(20.3836,16.9744),(-6.99442,71.3971)]
triangle[(5.49817,-9.46172),(14.7231,14.323),(-11.5254,24.5035)]
triangle[(5.75741,-10.8667),(-15.1966,-12.5363),(-12.0501,-52.0265)]
triangle[(-16.1376,1.45896),(5.17114,-16.5418),(27.9439,10.4159)]
triangle[(4.879,7.93362),(-16.8155,-9.11303),(9.80649,-42.9937)]
triangle[(11.7116,20.8824),(3.51933,20.8986),(3.4926,7.33608)]
triangle[(8.89984,-0.674976),(8.68092,-12.5981),(29.9732,-12.989)]
triangle[(12.4408,-14.842),(-4.70599,13.8829),(-38.9514,-6.55926)]
triangle[(-0.888435,-0.703646),(-5.94532,5.59682),(-12.3165,0.483216)]
triangle[(-14.8715,15.7657),(4.934,-20.1361),(48.1444,3.70129)]
triangle[(3.54937,-5.13272),(-10.4566,16.3234),(-46.6165,-7.28086)]
triangle[(15.8079,-5.71506),(-7.73083,-19.7193),(11.8715,-52.6675)]
triangle[(-6.27543,3.14819),(-18.242,0.691148),(-15.081,-14.7039)]
triangle[(1.73404,16.8756),(7.47197,8.18089),(23.388,18.6844)]
triangle[(5.78028,-5.95663),(16.0396,-20.0139),(43.5969,0.0980477)]
triangle[(10.0361,19.0034),(2.38747,-17.4089),(48.4348,-27.0815)]
triangle[(9.43141,-13.0277),(11.4222,-4.94855),(1.79684,-2.57676)]
triangle[(7.72136,9.54708),(-0.693412,19.0263),(-13.5845,7.58271)]
triangle[(13.1886,3.21425),(-11.9786,18.8051),(-31.5871,-12.8475)]
triangle[(6.5704,10.2952),(-7.81878,5.34554),(-2.77349,-9.32165)]
triangle[(19.504,-14.0065),(-18.6662,13.6238),(-56.2269,-38.2648)]
triangle[(2.90391,-1.76928),(-18.7681,-7.9388),(-11.0931,-34.8994)]
triangle[(19.9207,-9.32013),(19.754,-17.6823),(34.1616,-17.9695)]
triangle[(2.29883,-14.1211),(-8.03156,-19.4745),(0.101935,-35.1695)]
triangle[(8.16992,9.41906),(19.6269,-14.2229),(45.9642,-1.45968)]
triangle[(6.35956,9.23828),(-12.9715,3.51787),(-6.15544,-19.5157)]
triangle[(8.81025,-0.354457),(17.3208,10.5484),(5.72329,19.6012)]
triangle[(0.716637,0.534434),(-5.10424,-15.7519),(25.5211,-26.6977)]
triangle[(17.8781,-4.32566),(18.9292,7.33515),(-2.20617,9.24021)]
triangle[(0.378153,1.46117),(6.97145,-7.37696),(18.7405,1.40283)]
triangle[(-9.68591,1.54391),(0.558805,18.1951),(-19.6248,30.6132)]
triangle[(12.2495,-10.8718),(-19.184,-14.7727),(-15.2303,-46.6322)]
triangle[(-4.54354,-20.8617),(11.5659,17.3554),(-33.8443,36.4969)]
triangle[(1.14948,-5.09995),(0.132746,-14.7415),(11.0734,-15.8952)]
triangle[(8.01204,9.18558),(1.22872,-2.37375),(21.5764,-14.3143)]
triangle[(14.9979,-13.7366),(-19.4731,18.953),(-72.7419,-37.2187)]
triangle[(-14.765,16.45),(16.4358,-6.06227),(42.6417,30.2577)]
triangle[(6.3232,-3.75682),(-5.1932,-8.23515),(2.73815,-28.6312)]
triangle[(8.32728,-16.5125),(-0.29728,-7.53234),(-16.689,-23.275)]
triangle[(-18.6751,9.58357),(14.5773,18.818),(2.16291,63.5213)]
triangle[(-16.8571,-0.164821),(-20.5812,-16.4828),(3.2857,-21.9297)]
triangle[(13.6288,-18.644),(-11.5188,-20.4529),(-9.06685,-54.5414)]
triangle[(12.9937,10.9602),(-0.535941,-2.11894),(14.9398,-18.1277)]
triangle[(6.89145,-11.1311),(5.10106,-17.6017),(15.1099,-20.3711)]
triangle[(-14.7463,2.89784),(-12.2122,-3.65675),(-2.20735,0.211267)]
triangle[(-17.3461,-10.9947),(-8.29617,15.1002),(-53.083,30.6327)]
triangle[(-20.618,18.949),(5.54247,6.17626),(25.7289,47.521)]
triangle[(-14.539,14.5466),(-0.544754,-10.0506),(26.2117,5.17214)]
triangle[(16.6469,5.83646),(4.82273,-8.94585),(33.9578,-32.2506)]
triangle[(-18.7415,-1.7488),(-3.22061,-14.3709),(17.2827,10.8412)]
triangle[(16.912,-12.7238),(1.38537,-8.11118),(-7.35109,-37.5188)]
triangle[(-4.70965,16.5866),(12.2018,-0.41214),(35.2943,22.5619)]
triangle[(-0.808002,-14.2796),(9.15561,12.7582),(-30.5499,27.3899)]
triangle[(-1.85199,-10.1299),(-13.1129,-2.44962),(-25.4798,-20.5821)]
triangle[(5.61468,-16.8339),(11.3618,5.91266),(-28.0185,15.8625)]
triangle[(-8.76623,11.675),(17.8801,1.85603),(28.0531,29.4631)]
triangle[(15.1636,-11.2965),(-12.3688,-19.952),(-2.59384,-51.0454)]
triangle[(-5.88256,-20.8352),(-18.8496,15.8368),(-59.977,1.29437)]
triangle[(-9.24792,-15.765),(-5.24751,6.66146),(-33.2624,11.6587)]
triangle[(8.84909,-9.76194),(16.4804,8.24376),(-13.3072,20.8687)]
triangle[(1.65683,-7.29965),(-9.46961,-18.8272),(2.84123,-30.7097)]
triangle[(20.9273,11.0647),(6.12599,12.4943),(4.43107,-5.0532)]
triangle[(-4.11023,-13.1093),(-14.1359,-17.233),(-8.08694,-31.9395)]
triangle[(-19.9747,-15.313),(-1.47218,16.6701),(-54.0599,47.0925)]
triangle[(0.54702,16.4335),(-10.7373,7.79543),(4.26638,-11.8044)]
triangle[(-7.71402,19.6817),(15.3272,11.673),(27.5227,46.7596)]
triangle[(0.835807,0.402033),(-15.884,12.9303),(-37.673,-16.1486)]
triangle[(9.24012,13.3469),(11.4124,11.9146),(13.7494,15.4591)]
triangle[(5.70859,5.4149),(-11.3922,2.512),(-5.67269,-31.1812)]
triangle[(14.0772,-0.0792735),(8.91088,2.8098),(5.22022,-3.7899)]
triangle[(-6.70826,-15.8922),(-3.45921,18.9348),(-39.3521,22.2833)]
triangle[(-1.63482,1.08241),(-4.95932,3.44446),(-8.27359,-1.22026)]
triangle[(17.0063,-3.50641),(3.832,8.6205),(-14.7442,-11.56)]
triangle[(11.2694,-13.4696),(-4.98691,7.45287),(-46.672,-24.9356)]
triangle[(-8.08445,-10.8989),(1.31191,12.2415),(-39.8971,28.9748)]
triangle[(-20.2501,-9.97239),(4.70573,3.24113),(-9.00596,29.1378)]
triangle[(3.52862,2.4282),(-17.1453,1.97221),(-16.2794,-37.2842)]
triangle[(8.98912,-6.88162),(14.1328,-6.34968),(13.2083,2.59069)]
triangle[(-5.87036,-1.35123),(20.4884,20.4072),(-2.51812,48.2779)]
triangle[(1.21318,-19.1867),(-12.5977,11.0659),(-72.6301,-16.3401)]
triangle[(12.6005,11.7467),(11.2895,-0.267565),(34.6415,-2.81576)]
triangle[(-7.69586,0.231393),(-19.0215,-14.6329),(-3.87798,-26.1713)]
triangle[(-15.3397,12.1961),(6.64918,-17.0048),(46.3727,12.9077)]
triangle[(14.5538,12.3242),(-8.7245,-14.9727),(45.3956,-61.1252)]
triangle[(-17.2287,-12.6629),(-1.31533,-14.9848),(1.93851,7.31625)]
triangle[(14.1775,-11.1938),(-14.1245,17.9137),(-45.0003,-12.1078)]
triangle[(0.23416,-12.6513),(7.19914,-20.3847),(16.6944,-11.8328)]
triangle[(-19.5213,5.18948),(-6.10139,20.2607),(-32.6668,43.9155)]
triangle[(8.18048,20.1268),(-7.72288,3.57676),(18.4416,-21.5653)]
triangle[(-8.01039,-14.969),(-19.0618,-1.64111),(-43.8145,-22.1658)]
triangle[(10.6594,16.138),(15.2347,2.16651),(32.1907,7.71919)]
triangle[(-19.8022,-8.09341),(15.209,14.1893),(-16.3121,63.716)]
triangle[(0.346712,5.15396),(0.460276,-10.1336),(30.3244,-9.91178)]
triangle[(15.1052,4.49827),(19.9982,17.1072),(-1.92702,25.6154)]
triangle[(-6.42864,-16.6365),(-14.6271,-4.06511),(-27.2788,-12.316)]
triangle[(-7.87788,-4.53346),(5.46165,-14.6463),(21.1364,6.0297)]
triangle[(-8.77516,-10.844),(-1.26463,2.48823),(-27.8606,17.4707)]
triangle[(-15.3707,-10.3016),(19.5804,-8.4539),(16.3022,53.5553)]
triangle[(7.29629,10.258),(-16.6445,-2.93634),(9.3507,-50.1041)]
triangle[(-4.66723,0.206791),(0.272775,-14.992),(15.5215,-10.0358)]
triangle[(17.416,-14.1141),(-6.80835,-20.6825),(4.84626,-63.665)]
triangle[(-16.2403,-6.77688),(-3.57628,10.3451),(-31.4342,30.9498)]
triangle[(9.78865,9.28937),(-10.004,-4.5243),(13.3513,-37.9884)]
triangle[(18.204,18.9608),(3.25361,1.72827),(33.3094,-24.3472)]
triangle[(-13.6261,13.3449),(-3.41685,-16.6963),(51.3861,1.92799)]
triangle[(6.24122,-8.29949),(16.669,12.1346),(-16.7444,29.1859)]
triangle[(4.56599,-10.6041),(7.92598,8.11747),(-11.3764,11.5817)]
triangle[(-1.50576,-5.90844),(18.1193,-20.3856),(33.7951,0.864463)]
triangle[(3.82457,2.97989),(-9.2539,-10.7955),(14.2414,-33.1021)]
triangle[(4.15363,-2.06234),(-5.28084,-15.1536),(9.22857,-25.6101)]
triangle[(-4.31205,0.732729),(-11.4931,-12.465),(3.23494,-20.4786)]
triangle[(5.1698,-19.9863),(19.1079,-1.32841),(-11.4412,21.4927)]
triangle[(12.0854,-0.00306346),(16.0124,6.24166),(3.52663,14.0934)]
triangle[(-20.7154,-0.999391),(18.3723,10.3156),(5.74858,53.9245)]
triangle[(7.68833,-18.2338),(13.6937,-13.2723),(7.63805,-5.94255)]
triangle[(-3.2566,-1.70296),(19.6038,13.6373),(3.65541,37.4039)]
triangle[(-20.6255,-15.5693),(11.0079,20.1076),(-33.1492,59.2602)]
triangle[(-17.9821,1.88407),(-9.72758,2.29777),(-10.5115,17.9393)]
triangle[(-10.035,17.4597),(-8.41691,12.4619),(0.184305,15.2466)]
triangle[(17.5103,8.52518),(13.3741,-6.96154),(41.7387,-14.5371)]
triangle[(-20.1564,-6.06848),(-12.3335,-9.60898),(-8.71363,-1.61065)]
triangle[(-20.8528,-14.3448),(-7.53886,4.35703),(-33.8965,23.1211)]
triangle[(-11.8136,-19.2655),(2.56658,-5.35067),(-25.141,23.2835)]
triangle[(-17.8247,13.391),(2.4438,-0.0629888),(27.4983,37.6817)]
triangle[(14.5885,-7.1318),(19.8908,2.23705),(7.30528,9.35991)]
triangle[(-12.1285,9.17215),(-7.99531,-7.8209),(18.5178,-1.37225)]
triangle[(18.7625,-0.494912),(4.42494,2.42907),(0.86999,-15.0025)]
triangle[(10.4077,12.2134),(-3.31868,-11.2794),(43.2388,-38.482)]
triangle[(16.5192,-1.81941),(-4.6251,3.3159),(-9.85785,-18.2296)]
triangle[(-7.45068,-20.9073),(-15.1656,12.0334),(-66.9883,-0.103794)]
triangle[(-2.4599,10.9448),(11.9506,-9.12259),(46.998,16.0451)]
triangle[(-14.401,17.9891),(14.3876,1.29275),(40.5055,46.3266)]
triangle[(1.03416,-8.91393),(-8.05293,12.1839),(-29.6266,2.8919)]
triangle[(-10.3145,1.15483),(-7.82203,15.8536),(-34.1244,20.3137)]
triangle[(-10.2402,18.1729),(13.0314,-10.0832),(45.6622,16.7913)]
triangle[(8.94863,-13.6576),(3.74179,20.2669),(-37.674,13.9103)]
triangle[(18.964,-19.1576),(-3.07008,-13.4296),(-11.1513,-44.5161)]
triangle[(18.1413,1.51011),(-7.70592,-8.70103),(9.84869,-53.1366)]
triangle[(6.41857,-16.0654),(3.649,17.0903),(-48.4408,12.7391)]
triangle[(11.6225,3.73355),(-5.96702,-14.9074),(17.2584,-36.8227)]
triangle[(-16.8758,-17.235),(-1.43469,16.21),(-50.724,38.9662)]
triangle[(6.96305,3.28217),(-19.3169,0.0770679),(-14.904,-36.1066)]
triangle[(-17.5656,-19.3945),(-18.9418,10.7701),(-62.3738,8.78855)]
triangle[(-10.5609,-17.2413),(-4.56244,-1.06778),(-23.9543,6.1243)]
triangle[(-8.2669,-10.171),(8.06203,-11.9037),(9.88004,5.22915)]
triangle[(3.32412,0.411769),(-1.03703,-15.7512),(15.1673,-20.1235)]
triangle[(4.84999,-6.886),(-11.574,-15.1438),(2.48629,-43.1083)]
triangle[(3.76918,9.09415),(13.7571,-15.9198),(57.0214,1.35531)]
triangle[(-12.8003,1.58453),(-19.078,0.783633),(-18.1553,-6.44917)]
triangle[(-14.0751,-4.76713),(-6.97193,-0.776939),(-14.0027,11.739)]
triangle[(10.6037,3.27272),(-13.4264,4.15341),(-14.3636,-21.4186)]
triangle[(12.2544,6.7134),(-6.10899,7.82758),(-8.10074,-24.9996)]
triangle[(5.41573,-15.8822),(-19.9886,-5.52784),(-37.8299,-49.3015)]
triangle[(-18.6206,13.4773),(13.5956,10.6773),(17.7851,58.8814)]
triangle[(-4.03017,-7.41457),(9.55473,-2.17086),(0.69179,20.7904)]
triangle[(-3.60781,-16.6857),(-4.69808,-5.86424),(-17.3702,-7.14097)]
triangle[(3.83411,2.10954),(18.8583,5.80174),(15.0627,21.2469)]
triangle[(-7.38165,13.2533),(-12.9121,17.7866),(-19.7743,9.41496)]
triangle[(-6.02406,2.90909),(-16.597,-5.54214),(-4.81706,-20.2794)]
triangle[(-9.40796,-20.6603),(-4.27206,-8.38089),(-16.936,-3.08414)]
triangle[(-1.78668,-9.47043),(0.922705,2.25645),(-18.6145,6.77033)]
triangle[(14.6711,-10.1641),(-20.855,-8.09542),(-23.1029,-46.6988)]
triangle[(17.0352,16.0284),(-12.9593,4.75691),(5.67663,-44.8349)]
triangle[(14.5506,3.57182),(9.79488,-18.7519),(54.4087,-28.2561)]
triangle[(11.1875,13.5653),(-3.67564,-8.2463),(32.7352,-33.0579)]
triangle[(10.0991,8.47916),(14.8249,10.9861),(10.7291,18.7071)]
triangle[(-11.9663,-11.9143),(9.2738,14.6142),(-18.2361,36.64)]
triangle[(7.18068,-19.7892),(-0.500102,-18.7626),(-2.29184,-32.1681)]
triangle[(-4.38053,20.7976),(-19.704,-8.96046),(25.5852,-32.2815)]
triangle[(-19.51,-13.4567),(15.4961,-10.4725),(11.7508,33.4627)]
triangle[(-1.35055,17.8902),(-17.7252,16.3415),(-16.0561,-1.30702)]
triangle[(5.09497,17.5973),(-14.9388,-18.2241),(32.0583,-44.5081)]
triangle[(1.99231,-15.9368),(-14.2035,9.18612),(-39.3442,-7.02112)]
triangle[(15.904,-2.98259),(1.82485,-14.358),(17.7408,-34.0569)]
triangle[(-8.01399,-9.20809),(-12.1637,-12.8191),(-7.03884,-18.7085)]
triangle[(-17.2292,-1.21347),(-14.4393,-16.47),(10.6691,-11.8785)]
triangle[(12.9731,5.84955),(1.59286,-17.1692),(43.1569,-37.7181)]
triangle[(-20.4185,-16.6595),(-17.5298,2.23321),(-53.8794,7.79117)]
triangle[(12.8846,-16.0352),(14.1274,15.1875),(-20.2847,16.5572)]
triangle[(0.33531,-19.3889),(-10.7708,5.11852),(-39.9223,-8.09217)]
triangle[(18.5683,-2.32355),(-1.13935,3.59548),(-12.5468,-34.3858)]
triangle[(-7.2353,-11.9378),(3.71294,9.81718),(-36.9456,30.2787)]
triangle[(-11.2733,12.6363),(-10.8157,-2.3322),(18.0584,-1.4495)]
triangle[(12.8602,16.8611),(4.9883,15.5426),(6.67623,5.46562)]
triangle[(-5.17105,19.6425),(1.07134,4.0358),(18.0639,10.8325)]
triangle[(-0.516985,-19.6439),(-1.26029,14.3658),(-49.3655,13.3144)]
triangle[(16.401,-14.4106),(-6.20162,-14.26),(-6.43397,-49.1425)]
triangle[(11.3419,17.2593),(2.14035,-17.5883),(48.8925,-29.9333)]
triangle[(-13.8628,16.8324),(-10.7245,15.801),(-9.51829,19.4714)]
triangle[(-15.3711,18.1802),(2.53043,12.0626),(10.7496,36.1142)]
triangle[(20.0941,11.9593),(-6.38585,8.74617),(0.0197025,-44.0422)]
triangle[(20.778,-14.0604),(15.7475,3.12545),(-1.82329,-2.01772)]
triangle[(5.24926,6.30985),(-0.224962,2.06377),(5.38087,-5.1635)]
triangle[(-5.60631,2.68662),(11.4461,19.9034),(-6.58228,37.7596)]
triangle[(-15.2322,9.45471),(-0.970173,19.9292),(-18.6625,44.0191)]
triangle[(-15.6806,-15.846),(-2.85377,6.01701),(-40.1194,27.8804)]
triangle[(-3.84048,-20.1609),(-0.655082,-2.28607),(-25.6779,2.17313)]
triangle[(17.2163,-17.3133),(-20.9494,14.8138),(-82.7781,-58.6361)]
triangle[(-14.0892,17.959),(-15.2356,0.53661),(18.867,-1.70737)]
triangle[(18.9895,-17.2239),(5.26768,20.2306),(-33.0141,6.20572)]
triangle[(13.5216,19.2788),(18.1532,9.81598),(28.8485,15.0508)]
triangle[(-4.85534,-14.3585),(10.6654,20.5965),(-25.8702,36.8191)]
triangle[(-5.86456,-9.6685),(-1.75493,-13.9329),(5.76136,-6.68931)]
triangle[(20.3663,-7.64259),(-18.4853,11.4312),(-45.8415,-44.2912)]
triangle[(-8.4333,-16.201),(12.1484,-14.2795),(8.92954,20.199)]
triangle[(2.67608,-19.2802),(9.46337,-8.26049),(-5.33862,0.856358)]
triangle[(5.62391,-5.95115),(8.41181,-2.99187),(2.68741,2.40101)]
triangle[(4.34782,-6.93948),(-11.2022,2.1183),(-22.0266,-16.4646)]
triangle[(-18.6885,4.73062),(8.78604,-18.4155),(36.1818,14.1033)]
triangle[(-10.0385,-5.51236),(17.9946,-20.1562),(33.3756,9.28799)]
triangle[(15.3493,9.75328),(6.77796,10.9647),(4.62346,-4.27968)]
triangle[(-17.9092,11.5108),(-13.6217,11.3197),(-13.3276,17.9172)]
triangle[(15.701,17.0677),(15.5868,-6.37518),(49.7591,-6.5417)]
triangle[(15.7213,6.30854),(12.0792,-20.8081),(47.9179,-25.6216)]
triangle[(-2.60492,-5.17071),(5.99878,-16.5579),(24.8963,-2.27965)]
triangle[(7.58717,9.3908),(20.5263,16.5565),(9.12915,37.1364)]
triangle[(-20.9225,-0.279823),(-20.8227,-13.7097),(-1.2649,-13.5643)]
triangle[(-20.6424,7.77876),(-3.39091,-5.33174),(17.5886,22.2741)]
triangle[(6.97797,-4.79165),(13.7518,-14.0819),(29.0204,-2.94895)]
triangle[(0.1795,17.4143),(-16.073,10.7746),(-3.90512,-19.0096)]
triangle[(-18.1271,13.6319),(-5.94236,-20.9636),(59.88,2.21934)]
triangle[(-9.37753,-6.30858),(-15.8591,-14.8983),(-3.13965,-24.496)]
triangle[(5.90877,-16.3349),(-3.64996,10.8643),(-54.1511,-6.88349)]
triangle[(8.3246,-9.46983),(20.5187,-6.86019),(17.2057,8.62027)]
triangle[(-13.5387,-0.781546),(-7.37245,-13.4338),(8.00711,-5.93831)]
triangle[(2.85106,-18.7079),(0.971493,-12.7915),(-5.07389,-14.7121)]
triangle[(-10.9519,7.07193),(6.07173,3.08805),(10.9381,23.8826)]
triangle[(10.9404,-1.94762),(-19.749,20.0365),(-51.7311,-24.6098)]
triangle[(-10.752,-5.72049),(-6.71546,-9.61762),(1.00428,-1.62178)]
triangle[(-17.5965,6.38386),(17.4826,20.1826),(-3.13739,72.6028)]
triangle[(16.4325,18.7794),(-3.51824,-5.97152),(38.3479,-39.7181)]
triangle[(-17.4745,16.2623),(18.8413,-1.20861),(40.0271,42.8291)]
triangle[(-14.1831,-0.100139),(14.0136,17.7138),(-10.1379,55.9419)]
triangle[(-2.35619,-4.30822),(18.6732,-0.534222),(14.14,24.7251)]
triangle[(4.40695,-0.687897),(12.3103,13.6496),(-5.97279,23.728)]
triangle[(1.5317,-20.0051),(-19.3447,16.9686),(-88.791,-22.2428)]
triangle[(8.5226,-3.09125),(8.95082,-0.64001),(4.97486,0.0545646)]
triangle[(-12.6357,-16.2155),(1.3167,11.7368),(-42.7087,33.7121)]
triangle[(-20.0505,14.5459),(-6.94487,-5.47288),(14.0242,8.25484)]
triangle[(6.33001,17.406),(9.92499,17.8951),(9.39492,21.7914)]
triangle[(-7.74906,20.7572),(-19.5995,7.56037),(1.05988,-10.9912)]
triangle[(-11.8769,15.5508),(8.58405,14.9943),(9.44893,46.7921)]
triangle[(14.8731,12.8176),(10.4146,11.8679),(11.9527,4.64725)]
triangle[(-12.4391,-9.50039),(-9.89446,15.4229),(-58.0175,20.3362)]
triangle[(-17.3609,-4.2582),(-19.5666,16.7112),(-55.7854,12.9014)]
triangle[(14.8355,13.8846),(18.3472,12.5535),(20.0218,16.9715)]
triangle[(-5.17695,-7.2374),(6.43957,10.9416),(-25.9726,31.6533)]
triangle[(1.80199,0.859553),(-6.25008,20.0146),(-41.2319,5.30947)]
triangle[(15.7868,20.5543),(-19.4877,-17.3272),(28.9372,-62.4194)]
triangle[(0.644098,-9.45336),(-4.50346,0.682561),(-15.5811,-4.94323)]
triangle[(12.3887,-7.74246),(-12.3747,2.4519),(-30.0369,-40.4518)]
triangle[(17.9739,-0.079869),(-10.291,-12.1072),(10.7722,-61.6067)]
triangle[(-11.307,12.1061),(7.12707,-12.7894),(35.2594,8.04145)]
triangle[(-19.1685,-16.2625),(-1.42561,15.133),(-60.9178,48.7544)]
triangle[(-3.4192,-1.60765),(16.7467,-5.73959),(22.8264,23.9324)]
triangle[(-7.87031,-10.4398),(10.1849,-10.9654),(11.044,18.5465)]
triangle[(-17.1889,-17.7748),(-15.9071,4.33739),(-48.4135,6.22171)]
triangle[(-0.576563,-20.2346),(-4.81432,8.6133),(-61.1735,0.334128)]
triangle[(7.41857,13.6384),(3.32765,16.4653),(0.333913,12.1329)]
triangle[(4.47882,14.1749),(-6.91137,-12.7495),(33.7849,-29.9657)]
triangle[(14.2575,2.32469),(-13.3669,-8.88806),(-1.33705,-38.5256)]
triangle[(7.91294,15.1929),(6.22718,0.275571),(28.9572,-2.29307)]
triangle[(-9.23425,2.58625),(0.389942,6.15654),(-6.73443,25.3612)]
triangle[(13.4562,15.3282),(2.6636,0.312339),(22.2197,-13.7436)]
triangle[(4.65582,-4.45386),(13.4092,-3.29417),(11.3959,11.9027)]
triangle[(-7.60056,-13.9008),(-15.1998,11.7721),(-56.9967,-0.599945)]
triangle[(-5.87714,-2.43767),(-14.2568,-6.85684),(-7.51178,-19.647)]
triangle[(0.414775,15.0227),(-6.76757,10.5241),(-1.36457,1.89784)]
triangle[(13.5713,10.7743),(12.3001,17.0748),(4.17832,15.4361)]
triangle[(13.433,-18.4191),(-5.78445,2.73986),(-31.8969,-20.9765)]
triangle[(-16.1933,18.3265),(-1.94176,-20.1413),(65.7257,4.92805)]
triangle[(11.8912,-9.09439),(-14.6375,3.0544),(-37.5927,-47.0718)]
triangle[(8.55856,-8.27833),(2.52091,-20.7913),(17.3974,-27.9694)]
triangle[(-7.69476,17.8295),(-1.23329,5.00708),(19.3652,15.3871)]
triangle[(-2.91853,-12.4337),(2.19013,5.53602),(-31.5212,15.1199)]
triangle[(-20.9882,8.90223),(16.5076,4.64886),(24.0577,71.2071)]
triangle[(18.351,4.99416),(-4.81708,-7.33194),(18.6211,-51.3864)]
triangle[(0.817421,2.95257),(6.05614,-14.3082),(31.2223,-6.6702)]
triangle[(3.25387,-13.2135),(11.5589,8.44765),(-28.3833,23.7618)]
triangle[(6.49942,-7.31414),(-5.21735,11.9883),(-30.2121,-3.18368)]
triangle[(12.6082,2.52561),(-19.6749,-4.73141),(-12.3425,-37.3499)]
triangle[(4.54114,19.7129),(9.15514,2.89636),(37.8861,10.7793)]
triangle[(12.9962,-17.143),(-5.96408,-14.3993),(-8.82784,-34.1895)]
triangle[(2.55779,4.45156),(-12.2456,-20.712),(33.1423,-47.4132)]
triangle[(17.5425,19.9524),(0.0623497,15.8534),(7.61384,-16.3502)]
triangle[(10.0999,11.0903),(-0.546995,7.89045),(2.8958,-3.56469)]
triangle[(-9.72729,-15.2572),(-0.738503,11.2496),(-32.0147,21.8557)]
triangle[(-18.475,-9.04205),(5.75864,-2.56774),(-2.36198,27.8282)]
triangle[(-0.0252709,-6.1502),(4.06621,-11.6542),(13.4124,-4.7066)]
triangle[(-4.75767,-19.5182),(12.833,-15.1142),(6.02185,12.0911)]
triangle[(-19.2358,-14.8424),(-14.5757,-15.4494),(-13.6535,-8.37006)]
triangle[(2.65748,-6.8605),(13.3843,5.90321),(0.233479,16.9554)]
triangle[(-5.23037,2.65033),(-0.199668,15.5956),(-23.7796,24.7591)]
triangle[(-15.8773,-4.03774),(-6.90139,-8.44308),(-0.289794,5.02804)]
triangle[(-7.0113,6.00908),(-9.5474,-17.8618),(26.9616,-21.7406)]
triangle[(-16.6716,-17.1278),(17.0195,16.2214),(-38.2821,72.09)]
triangle[(-0.135925,-7.15432),(-19.0757,-18.3844),(-5.73977,-40.8756)]
triangle[(-13.3855,-20.6754),(3.37331,-9.76559),(-15.3679,19.0234)]
triangle[(11.0546,10.3961),(13.9164,-4.76221),(32.0848,-1.33207)]
triangle[(4.75701,-11.8049),(16.9327,9.36672),(-20.2716,30.7628)]
triangle[(11.881,5.1895),(14.2233,-4.53455),(26.7734,-1.51152)]
triangle[(17.8681,8.9415),(-7.77062,-12.8337),(17.7528,-42.8857)]
triangle[(-10.9869,20.6262),(-3.27424,13.0416),(8.81431,25.3344)]
triangle[(-8.80634,-16.3569),(17.9219,-2.51863),(0.00306746,32.091)]
triangle[(-15.4846,4.45749),(16.3343,12.3627),(6.20728,53.1246)]
triangle[(10.7771,-15.6886),(3.13643,-3.66371),(-14.3707,-14.7878)]
triangle[(-2.28383,20.5111),(5.65859,0.472275),(36.415,12.6626)]
triangle[(12.6764,-18.2515),(13.3622,5.67743),(-19.7935,6.62766)]
triangle[(16.7553,8.51523),(10.7678,-10.07),(47.5609,-21.9233)]
triangle[(-1.45211,-1.21003),(20.2178,-11.2914),(33.8869,18.0902)]
triangle[(16.3796,-16.3306),(17.6858,20.0026),(-39.6708,22.0645)]
triangle[(9.20171,-13.4921),(14.4956,16.3671),(-23.455,23.0955)]
triangle[(0.963307,14.4901),(-7.04395,15.3346),(-7.98758,6.38676)]
triangle[(-20.0426,-11.3538),(19.2504,12.3547),(-7.57449,56.8126)]
triangle[(-17.9626,-9.17385),(-0.590447,-6.61831),(-4.82426,22.1624)]
triangle[(3.30558,16.4288),(-13.0282,-15.0279),(44.788,-45.0488)]
triangle[(9.44089,-16.1014),(-8.30659,16.3378),(-55.922,-9.71263)]
triangle[(-1.79625,-2.5132),(5.73168,-13.987),(18.622,-5.52964)]
triangle[(13.0725,-9.70638),(11.1743,-3.63079),(3.02689,-6.17627)]
triangle[(12.5268,18.1924),(13.5771,11.8272),(20.8548,13.0282)]
triangle[(-13.2296,12.5005),(-12.421,-18.3969),(20.9014,-17.5249)]
triangle[(-1.73177,-20.1479),(-15.0209,16.0892),(-80.8711,-8.0599)]
triangle[(-7.12175,-16.1249),(-16.3257,-8.86664),(-28.8084,-24.6954)]
triangle[(17.1329,6.31505),(18.715,3.1107),(22.4299,4.94492)]
triangle[(-19.8568,-15.8182),(15.6357,-7.65299),(3.3728,45.6512)]
triangle[(-20.9848,-6.68625),(12.0379,12.7533),(-12.3556,54.1916)]
triangle[(20.396,20.5246),(0.278339,18.2846),(3.80561,-13.3939)]
triangle[(5.72288,2.25952),(12.4931,-1.04253),(18.3595,10.9855)]
triangle[(12.7521,-17.6394),(5.14376,2.41796),(-22.0843,-7.91043)]
triangle[(-16.9294,-7.72453),(-11.5412,15.2237),(-55.6981,25.5916)]
triangle[(13.8943,-14.3738),(12.4747,20.4755),(-24.3973,18.9735)]
triangle[(4.2961,15.7816),(-12.324,-3.13772),(21.7322,-33.0551)]
triangle[(-1.87944,9.88877),(-5.90993,13.5159),(-10.394,8.53319)]
triangle[(11.8768,-15.593),(1.65518,1.8117),(-24.2531,-13.404)]
triangle[(4.81362,8.33305),(14.4704,-18.0452),(54.1634,-3.51402)]
triangle[(3.64296,-8.88318),(10.8054,-13.3771),(19.33,0.209488)]
triangle[(-12.2771,-7.94731),(19.2054,11.2036),(-4.64488,50.4115)]
triangle[(-19.462,5.24266),(-4.29504,-8.42208),(16.2265,14.3555)]
triangle[(18.8509,20.1508),(15.0848,12.2815),(30.3651,4.96867)]
triangle[(-10.033,16.3143),(7.76485,-17.2294),(49.6465,4.99247)]
triangle[(-17.1698,-17.1585),(-17.2958,13.8971),(-69.4497,13.6855)]
triangle[(19.3322,18.0889),(-8.35457,9.89892),(7.66605,-44.26)]
triangle[(-4.00092,18.2692),(-9.3508,-5.26472),(23.4576,-12.7229)]
triangle[(-15.3708,15.5344),(16.5792,11.4355),(22.5375,57.8785)]
triangle[(-4.48293,-9.67828),(19.7421,16.1932),(-25.4397,58.4997)]
triangle[(-2.15487,14.1561),(-20.1993,-2.54336),(0.962904,-25.4099)]
triangle[(-19.3606,3.92477),(-14.0521,-7.8423),(0.0236262,-1.49235)]
triangle[(9.43928,11.8382),(-12.8371,0.563177),(-1.33257,-22.1666)]
triangle[(10.4994,-1.36189),(-15.3015,10.3413),(-35.6804,-34.5863)]
triangle[(4.68112,-11.2835),(-14.4452,-8.56795),(-19.5218,-44.3242)]
triangle[(-10.5306,9.93437),(17.9023,20.7932),(0.261827,66.9832)]
triangle[(-12.4634,19.7739),(-11.8128,3.52453),(5.31278,4.21021)]
triangle[(-8.21058,16.5529),(-16.4624,-1.59522),(15.1435,-15.9662)]
triangle[(-19.9088,6.79621),(20.4354,12.7309),(14.0263,56.3004)]
triangle[(-11.339,-1.52023),(-5.02083,-15.9247),(15.4514,-6.94513)]
triangle[(-14.2418,-19.6827),(14.0213,-18.6782),(12.6292,20.4937)]
triangle[(19.8708,10.2137),(4.92999,18.2295),(-3.70081,2.14239)]
triangle[(2.74823,13.0145),(4.34002,0.95453),(23.6949,3.50917)]
triangle[(12.2781,14.0888),(-13.3793,17.3157),(-18.3346,-22.0845)]
triangle[(2.1371,-13.2762),(1.33956,-9.07106),(-5.35942,-10.3416)]
triangle[(-1.81649,-3.40891),(-10.3826,12.3268),(-37.2885,-2.32017)]
triangle[(-10.4179,-4.53403),(14.7144,-13.8767),(31.1851,30.4301)]
triangle[(-16.6112,9.89484),(9.2548,6.58935),(15.6078,56.3026)]
triangle[(13.3286,-11.4133),(-5.18335,-9.80947),(-6.94318,-30.122)]
triangle[(-15.1812,17.0639),(0.0323028,1.34438),(19.2654,19.9583)]
triangle[(7.43772,-4.39217),(8.62016,-19.1675),(30.1701,-17.4429)]
triangle[(-2.28587,-8.16972),(13.3193,-11.1288),(17.956,13.3241)]
triangle[(-20.9114,-3.02115),(8.82827,17.6283),(-29.5255,72.8659)]
triangle[(6.82565,-6.96138),(7.65397,-1.59163),(-0.83991,-0.281396)]
triangle[(-19.0199,-17.3145),(14.838,-15.0647),(11.8703,29.598)]
triangle[(8.35406,-11.4916),(-7.19678,1.91689),(-30.5971,-25.2222)]
triangle[(-9.80866,-15.9604),(-17.5586,7.58339),(-52.8924,-4.04748)]
triangle[(10.5988,14.1855),(-1.37745,-8.8336),(28.6372,-24.4495)]
triangle[(10.7291,12.3851),(-4.03898,11.8169),(-2.94448,-16.6298)]
triangle[(-20.2219,-18.2056),(8.78841,-18.0327),(8.58423,16.237)]
triangle[(13.1881,-14.8432),(17.624,-3.75757),(4.37325,1.5447)]
triangle[(-10.4368,-12.6469),(13.3315,-2.24199),(-3.80524,36.9044)]
triangle[(-4.06131,7.54308),(-14.9195,-5.06469),(10.1799,-26.681)]
triangle[(16.7843,9.62131),(-16.4787,-2.90574),(7.06614,-65.4244)]
triangle[(5.00266,-1.3776),(-14.2033,12.7231),(-42.0562,-25.2142)]
triangle[(11.2596,-4.91893),(2.18643,1.80329),(-10.9617,-15.9432)]
triangle[(-8.16839,13.1442),(6.4715,-12.483),(38.9131,6.04969)]
triangle[(11.4949,3.23545),(-1.37962,9.58835),(-8.80747,-5.46456)]
triangle[(-13.2602,8.11928),(17.1674,-6.48274),(33.8545,28.2896)]
triangle[(8.32264,-9.11266),(10.4043,16.3375),(-22.7885,19.0524)]
triangle[(-11.6203,18.7645),(13.4225,-11.4743),(70.2143,35.5587)]
triangle[(-16.475,6.20575),(8.7123,-20.5595),(42.8419,11.5581)]
triangle[(3.39852,-1.92522),(-7.07597,-0.948304),(-8.20915,-13.0983)]
triangle[(-2.53621,7.05553),(-11.4907,9.33039),(-14.7184,-3.37459)]
triangle[(18.0575,10.8676),(-8.99798,13.0721),(-12.1461,-25.5627)]
triangle[(-16.9251,-12.2815),(-6.3084,-6.39555),(-17.7545,14.2502)]
triangle[(8.10693,-10.8828),(-10.0298,-14.8837),(-2.45274,-49.2315)]
triangle[(0.806277,10.9268),(-8.60066,3.67282),(0.0746937,-7.57737)]
triangle[(-6.33985,0.15083),(-13.7857,-13.6681),(4.52537,-23.5344)]
triangle[(-14.8805,20.7093),(-0.174569,-2.31744),(32.596,18.6113)]
triangle[(20.3781,19.7713),(-13.3533,3.63248),(6.63571,-38.1461)]
triangle[(-10.5219,-19.922),(0.9633,-9.21369),(-20.1335,13.4137)]
triangle[(-6.15061,12.5728),(-15.0565,-6.03639),(16.9479,-21.3529)]
triangle[(-9.22777,-3.93584),(-3.77295,-14.1105),(7.53544,-8.04793)]
triangle[(13.0046,-13.8849),(-5.99618,-17.9317),(-0.381762,-44.2928)]
triangle[(18.7857,-18.1165),(-4.41447,-8.65906),(-19.6813,-46.1101)]
triangle[(-14.356,-9.17647),(19.639,-7.42908),(17.3334,37.4254)]
triangle[(-11.616,-6.16839),(-5.39793,7.04722),(-29.5613,18.4163)]
triangle[(1.92385,-11.6942),(8.0255,18.767),(-32.5455,26.8937)]
triangle[(-5.55331,-3.62785),(1.3692,-3.43189),(1.07701,6.89014)]
triangle[(-12.4484,-9.12909),(16.9766,3.45908),(-1.19409,45.9331)]
triangle[(-3.96468,17.7424),(-9.20889,-1.12038),(28.2014,-11.5212)]
triangle[(17.7696,-20.2123),(-2.26954,10.6999),(-52.4873,-21.8543)]
triangle[(-0.334255,14.5023),(14.9507,17.6052),(11.1886,36.1377)]
triangle[(-19.2507,3.0837),(3.83734,0.50521),(7.93729,37.2165)]
triangle[(2.05302,-19.8175),(6.37712,11.5062),(-26.8565,16.0939)]
triangle[(-11.2586,4.22205),(8.48856,-7.30304),(20.9749,14.0912)]
triangle[(8.98365,-11.2227),(0.66276,-3.2274),(-12.7042,-17.1387)]
triangle[(-5.66363,-17.5531),(14.5364,12.4555),(-39.6867,48.9553)]
triangle[(1.36302,-16.9899),(6.38564,-19.1728),(10.717,-9.20647)]
triangle[(12.1626,-8.41301),(15.0321,11.2296),(-20.1244,16.3655)]
triangle[(12.2039,13.0442),(0.51981,-14.5197),(41.7668,-32.0039)]
triangle[(-4.0374,-15.6919),(-11.8987,13.6279),(-47.3384,4.12572)]
triangle[(-12.3585,-5.24913),(14.9478,14.8203),(-20.4929,63.0405)]
triangle[(20.3479,-18.5061),(-16.8698,-11.6809),(-26.9863,-66.8466)]
triangle[(18.7813,-20.8053),(-20.2339,6.21302),(-58.1461,-48.5331)]
triangle[(16.3398,15.5148),(14.6408,-7.82631),(59.4825,-11.0903)]
triangle[(-3.13829,3.47967),(14.9601,4.92094),(12.187,39.7431)]
triangle[(17.8074,-6.45936),(4.94307,-1.78569),(-1.51995,-19.5753)]
triangle[(1.73765,10.9321),(-12.2635,-17.4082),(16.7208,-31.7275)]
triangle[(6.20957,9.93312),(-6.52511,-17.0583),(27.5753,-33.147)]
triangle[(10.7544,-9.82139),(-18.6385,-4.4489),(-24.243,-35.1108)]
triangle[(4.45033,1.96233),(2.57689,5.13355),(-2.96218,1.86126)]
triangle[(17.3889,-11.921),(15.6814,-14.7127),(18.7619,-16.5968)]
triangle[(11.7375,2.19355),(18.0002,11.6318),(0.742149,23.0831)]
triangle[(-14.8179,2.60667),(-14.6771,-12.3658),(3.85981,-12.1914)]
triangle[(15.5727,-5.10496),(9.704,6.80472),(-11.7084,-3.74666)]
triangle[(-9.49317,-8.02465),(7.39432,-13.6469),(15.9467,12.0415)]
triangle[(13.7814,-7.1132),(14.4553,16.6018),(-17.2857,17.5038)]
triangle[(-19.4998,-8.4223),(-14.9563,-1.42327),(-22.3671,3.3876)]
triangle[(-0.454143,-6.97412),(-2.74539,6.14833),(-28.6463,1.6259)]
triangle[(-19.2127,-1.2649),(16.8901,20.3781),(-4.94363,56.7989)]
triangle[(-10.9309,-17.4081),(-11.5005,17.5382),(-57.8016,16.7835)]
triangle[(-11.1541,-6.59498),(-17.4637,-7.51482),(-16.2638,-15.7459)]
triangle[(17.2434,-8.49401),(5.38466,12.4081),(-25.4933,-5.11033)]
triangle[(-1.32067,20.7535),(5.72926,-14.6247),(68.665,-2.08325)]
triangle[(2.79699,-3.06222),(-14.07,-11.3546),(1.49691,-43.0181)]
triangle[(14.0594,17.3822),(3.25231,19.8999),(-1.58919,-0.881177)]
triangle[(19.1916,18.7909),(-5.63527,2.30191),(14.7617,-28.4091)]
triangle[(-4.68341,-10.571),(-2.53561,14.8797),(-48.5455,18.7625)]
triangle[(-3.66819,-14.4944),(20.3943,-14.407),(20.2598,22.665)]
triangle[(-8.59049,-8.70606),(-17.7939,-11.0579),(-13.1054,-29.4054)]
triangle[(17.5787,-5.55526),(-1.1909,-11.4818),(7.85552,-40.1323)]
triangle[(17.3914,2.29765),(-15.5094,-16.028),(9.49873,-60.926)]
triangle[(4.62906,9.98161),(2.44058,9.53984),(2.9011,7.25846)]
triangle[(12.1247,4.8736),(11.5977,-18.0579),(42.4664,-18.7673)]
triangle[(-4.34809,-4.69061),(3.49056,8.48474),(-18.0468,21.2983)]
triangle[(10.169,10.9933),(1.95665,-16.9928),(32.8787,-26.0666)]
triangle[(15.1791,15.4711),(-7.66033,-12.8547),(30.1397,-43.3333)]
triangle[(-4.81754,11.1005),(2.34855,17.9148),(-5.77877,26.4617)]
triangle[(-16.9771,14.5069),(10.1641,-16.4665),(61.6706,28.6671)]
triangle[(-7.36079,16.0032),(-16.4575,-13.6536),(40.6672,-31.1756)]
triangle[(-1.83382,-10.8609),(-10.4138,8.71887),(-44.3699,-6.16093)]
triangle[(14.2683,3.49169),(13.2745,-15.785),(43.8702,-17.3624)]
triangle[(15.5617,10.881),(-14.9905,-11.9455),(9.02099,-44.0838)]
triangle[(-15.7703,-16.9983),(9.29457,12.9208),(-48.1382,61.0354)]
triangle[(12.2902,15.6865),(11.9576,6.84952),(25.2629,6.3488)]
triangle[(-12.3957,-18.505),(2.7502,18.7876),(-66.3415,46.8484)]
triangle[(-1.32022,-2.481),(12.9192,-20.9658),(44.5696,3.41541)]
triangle[(-0.895383,-16.5667),(-4.39835,10.7018),(-36.4162,6.5887)]
triangle[(-9.31061,20.0004),(-1.66547,7.16036),(15.4187,17.3326)]
triangle[(-17.744,-15.5209),(0.883773,-16.0747),(1.50779,4.91713)]
triangle[(0.143461,-5.71399),(20.0703,16.0797),(-12.5697,45.9237)]
triangle[(-4.04269,12.3974),(-5.66923,20.3409),(-17.2874,17.962)]
triangle[(-14.5953,19.2991),(9.40817,-20.4225),(75.4598,19.492)]
triangle[(-2.79331,1.91281),(4.24837,15.8936),(-9.88146,23.0103)]
triangle[(-0.210109,14.4762),(18.6804,-15.4208),(58.3951,9.6731)]
triangle[(-7.69153,5.70148),(11.1193,1.1949),(19.5646,36.4461)]
triangle[(10.1671,-11.72),(14.3423,14.7839),(-28.2534,21.4941)]
triangle[(16.468,-7.7128),(-14.3622,9.086),(-39.8092,-37.6159)]
triangle[(4.72024,12.6578),(-15.3412,18.9191),(-24.6745,-10.9856)]
triangle[(-16.1921,-2.8578),(-4.10507,16.6394),(-26.8597,30.7459)]
triangle[(14.209,11.9692),(5.65092,-11.2449),(37.5518,-23.0055)]
triangle[(-17.8765,13.7588),(-6.29749,12.847),(-4.75856,32.3906)]
triangle[(16.7543,3.43922),(-14.0023,4.92529),(-16.6959,-50.8233)]
triangle[(-5.2139,4.57975),(14.5699,13.8921),(1.1778,42.3432)]
triangle[(-20.0852,0.35001),(-12.2148,0.407508),(-12.3279,15.8896)]
triangle[(-6.99728,-2.98904),(-4.13296,-13.4525),(13.2041,-8.70656)]
triangle[(9.66142,4.89742),(14.7388,-18.9373),(59.1763,-9.47111)]
triangle[(-9.12998,-18.5405),(4.34834,5.11122),(-36.4306,28.3498)]
triangle[(17.7247,-19.1378),(-19.0861,12.4835),(-54.6907,-28.9642)]
triangle[(-1.51978,-1.63217),(4.52005,-20.6412),(25.0076,-14.1316)]
triangle[(4.22729,-3.15046),(-6.32016,-10.5877),(7.35651,-29.9838)]
triangle[(-2.36924,-11.7412),(8.92506,-9.85374),(6.37018,5.43415)]
triangle[(6.87861,-16.6616),(-20.163,12.0217),(-58.1181,-23.7611)]
triangle[(-0.360856,-9.48063),(-9.97134,-0.261008),(-25.6185,-16.5716)]
triangle[(9.90966,-3.3938),(-9.71551,-16.9693),(5.35239,-38.7519)]
triangle[(16.139,6.98465),(3.16333,13.6164),(-9.04051,-10.2616)]
triangle[(11.6361,0.680145),(-15.7361,-3.9576),(-7.46226,-52.7902)]
triangle[(-13.2278,20.574),(17.5322,7.6433),(32.5061,43.2638)]
triangle[(-13.6557,-15.9324),(9.64951,0.991554),(-21.5835,44.001)]
triangle[(4.09819,16.897),(4.66229,20.6975),(0.53085,21.3107)]
triangle[(19.9987,9.61365),(9.96513,-7.61873),(34.2909,-21.7824)]
triangle[(15.6166,-0.847537),(5.15564,7.22902),(-10.6167,-13.1997)]
triangle[(16.7546,10.8573),(14.6573,14.5737),(10.074,11.9871)]
triangle[(-2.72879,-12.5989),(-10.7417,20.8566),(-64.081,8.08127)]
triangle[(8.7999,-20.4059),(2.64484,11.6756),(-37.5732,3.95955)]
triangle[(13.7957,-6.32841),(-11.6726,8.1405),(-29.0306,-22.4132)]
triangle[(-18.3968,14.8371),(-12.9239,-14.0719),(41.7168,-3.72759)]
triangle[(0.949273,-18.3291),(0.37898,5.69229),(-29.3059,4.98754)]
triangle[(-18.9162,10.0828),(-10.2302,-20.8056),(26.5318,-10.4678)]
triangle[(-0.462118,17.0941),(10.6276,-11.7154),(66.8194,9.91467)]
triangle[(-2.05833,-20.2855),(-5.73341,-17.7259),(-10.6069,-24.7233)]
triangle[(14.5682,-4.07164),(-9.41431,-16.1246),(8.44604,-51.6625)]
triangle[(-6.5794,-7.3946),(-4.85045,3.95716),(-19.4699,6.1838)]
triangle[(-19.7351,12.703),(-12.0682,1.15792),(7.35096,14.0539)]
triangle[(-16.0923,-6.01228),(-7.37827,-13.5381),(5.26251,1.09856)]
triangle[(-15.5559,-16.0753),(-1.49031,-5.50776),(-17.7985,16.1987)]
triangle[(-19.8723,0.0788771),(-3.71768,19.7768),(-24.9268,37.1708)]
triangle[(-16.4428,-1.78657),(2.97148,-5.19932),(8.21202,24.6128)]
triangle[(0.830938,11.8692),(12.4117,-10.0149),(41.5468,5.40302)]
triangle[(-15.9819,2.25575),(18.5259,-7.07907),(29.2154,32.4366)]
triangle[(-18.4648,0.0783681),(-9.57242,-18.4866),(25.3826,-1.74355)]
triangle[(-7.0093,-20.5994),(-9.27853,7.20729),(-54.2626,3.53626)]
triangle[(-13.3482,-9.23112),(-11.6571,3.45289),(-31.1502,6.05185)]
triangle[(1.361,11.3265),(-0.029109,-16.1723),(32.3541,-17.8093)]
triangle[(-11.1772,17.9886),(-4.89565,9.55893),(6.10867,17.7591)]
triangle[(9.02151,14.243),(12.0805,-0.168412),(32.7516,4.21924)]
triangle[(3.14937,-14.5256),(0.782809,-18.1041),(5.3903,-21.1512)]
triangle[(-8.41897,0.997293),(3.52997,18.0531),(-21.0215,35.2533)]
triangle[(14.6279,-15.7427),(15.7459,-5.59292),(4.91075,-4.39943)]
triangle[(3.90392,5.70486),(-18.1315,-18.4312),(20.7333,-53.9135)]
triangle[(-16.7116,17.8364),(-2.6443,-9.71109),(39.8553,11.9917)]
triangle[(-16.4369,-17.7607),(-20.3238,-5.13993),(-35.4763,-9.80653)]
triangle[(-12.4798,16.2167),(20.7037,12.5559),(27.0091,69.7126)]
triangle[(-14.525,20.4511),(16.5083,8.70644),(33.4919,53.5826)]
triangle[(8.53548,6.87598),(15.8651,11.4463),(7.64617,24.6275)]
triangle[(-13.2141,19.9288),(-1.00144,16.6431),(2.61307,30.078)]
triangle[(19.9706,9.00759),(-7.06853,-3.68587),(12.8768,-46.1726)]
triangle[(-12.6493,-20.9793),(11.7534,6.39151),(-39.2433,51.8582)]
triangle[(4.91505,10.372),(-11.8383,15.8733),(-18.299,-3.80166)]
triangle[(-4.10609,19.2413),(-0.820627,7.40178),(18.5574,12.7792)]
triangle[(3.50966,12.1662),(-16.5533,9.19016),(-12.3677,-19.027)]
triangle[(2.14516,-7.4236),(-19.5899,8.3389),(-50.911,-34.8501)]
triangle[(9.9894,16.2219),(18.7277,-9.55133),(68.1508,7.2054)]
triangle[(10.7497,-0.939651),(5.6424,-9.84564),(18.7078,-17.3382)]
triangle[(-9.6639,-8.73827),(7.88893,-1.62252),(-5.18333,30.6236)]
triangle[(-14.7799,-3.30403),(-14.3439,1.3761),(-19.703,1.87532)]
triangle[(12.2966,16.6018),(6.30655,-15.4125),(68.4192,-27.0341)]
triangle[(-3.61064,10.1507),(9.3095,-11.7124),(47.3347,10.7588)]
triangle[(19.3988,-1.37836),(-12.8375,9.78456),(-27.1844,-31.6464)]
triangle[(14.981,-8.96193),(-5.78513,19.9779),(-38.6016,-3.57)]
triangle[(17.0574,12.8383),(-15.5883,10.6321),(-11.2853,-53.0402)]
triangle[(1.61595,2.641),(16.3591,-4.29856),(24.2895,12.5497)]
triangle[(-12.5607,19.0546),(-16.8025,19.2359),(-17.0464,13.5303)]
triangle[(6.07572,16.9545),(3.93359,9.92777),(12.4662,7.32654)]
triangle[(-13.2554,9.75334),(10.0468,-2.13826),(30.2974,37.5438)]
triangle[(9.80434,-11.5935),(-8.72725,8.09705),(-36.4072,-17.9537)]
triangle[(-19.8938,-17.8303),(-9.40531,-16.4199),(-11.2229,-2.90361)]
triangle[(-16.2086,-19.7332),(2.04937,-16.5738),(-1.83273,5.86089)]
triangle[(-4.83206,17.849),(20.9509,20.01),(17.247,64.2011)]
triangle[(-12.7709,-12.8581),(-3.79105,-19.0801),(7.11434,-3.34085)]
triangle[(3.61344,9.90284),(-19.4407,1.31747),(-6.97276,-32.1623)]
triangle[(16.5291,0.860446),(19.8889,-15.25),(44.4633,-10.1249)]
triangle[(-20.7734,10.2736),(-8.7576,-11.2326),(27.1887,8.85106)]
triangle[(8.35348,2.14004),(-9.36012,-16.8544),(10.7134,-35.5743)]
triangle[(17.8127,18.0341),(17.5449,14.3652),(22.8637,13.9771)]
triangle[(4.95218,16.0826),(-11.9077,2.1659),(10.4782,-24.9543)]
triangle[(7.78195,-2.51347),(-7.76665,-13.8331),(3.80198,-29.7237)]
triangle[(-11.5188,20.8679),(-8.56833,13.6102),(3.16969,18.382)]
triangle[(2.62593,13.473),(-17.666,12.6516),(-16.8237,-8.15732)]
triangle[(-17.0577,-12.0687),(11.9939,16.0147),(-37.8744,67.6021)]
triangle[(6.74932,14.8094),(-11.8914,5.72434),(-0.054872,-18.5617)]
triangle[(-5.87439,17.0181),(-8.07211,14.1374),(-4.40073,11.3364)]
triangle[(2.34586,20.5496),(18.5502,-2.30185),(42.8666,14.9413)]
triangle[(-16.0442,12.5478),(11.4306,14.3144),(8.30112,62.9862)]
triangle[(-7.12034,-4.55837),(-2.22872,5.09481),(-18.7842,13.4841)]
triangle[(20.8522,-13.5347),(-2.37216,-19.6276),(4.03472,-44.0487)]
triangle[(-4.49183,-16.5143),(8.75745,-5.44899),(-9.22476,16.0825)]
triangle[(-5.67747,-10.4178),(17.0454,3.54711),(-7.33331,43.2148)]
triangle[(-1.33069,-1.49837),(-12.083,10.8071),(-26.0775,-1.42114)]
triangle[(15.6789,13.9449),(5.01987,14.0597),(4.90002,2.9307)]
triangle[(-1.36282,-20.7138),(-5.81196,7.30933),(-52.8917,-0.165385)]
triangle[(-3.50157,9.56654),(-8.23298,-12.4312),(25.1355,-19.6083)]
triangle[(13.3628,-7.47996),(14.4645,-9.82912),(17.2288,-8.5327)]
triangle[(-10.0114,-19.4115),(11.0343,6.07),(-22.9095,34.105)]
triangle[(0.555939,15.0372),(-11.9317,19.1983),(-18.119,0.630003)]
triangle[(17.8847,1.39708),(20.6611,-15.3176),(40.2644,-12.0614)]
triangle[(20.4342,3.7895),(6.68304,-8.40506),(22.8662,-26.654)]
triangle[(15.7051,2.64641),(-8.45472,-3.89636),(-1.62375,-29.1204)]
triangle[(-11.6776,18.1125),(4.63344,18.4433),(4.21323,39.1642)]
triangle[(-14.8278,-4.98548),(-15.6245,14.471),(-51.8087,12.9893)]
triangle[(14.8662,9.4266),(17.8077,-16.7016),(56.9231,-12.298)]
triangle[(8.16225,-13.6758),(-19.6185,4.12601),(-46.3697,-37.6209)]
triangle[(17.035,1.71953),(20.7048,-13.9704),(44.5211,-8.39979)]
triangle[(7.82649,19.3981),(7.02827,9.41622),(18.391,8.50757)]
triangle[(-12.3303,-3.96631),(-4.87091,19.5208),(-39.6965,30.5812)]
triangle[(16.6917,6.29633),(19.7439,19.0639),(2.02859,23.2988)]
triangle[(-16.3459,5.8116),(9.84487,14.062),(-5.5224,62.8452)]
triangle[(-13.6873,2.98477),(-10.9857,-18.4524),(12.5697,-15.4839)]
triangle[(-8.32991,-8.92892),(-2.7881,-7.8212),(-4.10862,-1.21477)]
triangle[(10.4959,-19.8749),(7.31734,-14.5952),(1.32139,-18.2049)]
triangle[(20.864,14.0039),(-10.986,-18.0847),(41.8671,-70.5447)]
triangle[(13.9544,-19.0643),(-3.10928,16.8396),(-66.109,-13.1014)]
triangle[(6.19032,18.9154),(9.45566,-16.4961),(61.1996,-11.7247)]
triangle[(17.7514,16.2505),(10.9495,-0.214374),(37.4319,-11.1547)]
triangle[(12.0669,8.81034),(-20.0235,10.3834),(-21.7992,-25.8408)]
triangle[(9.69823,10.8232),(-5.17183,3.96021),(6.30514,-20.9069)]
triangle[(-7.18003,-6.08197),(-3.17338,8.2851),(-20.1292,13.0137)]
triangle[(-17.2031,-13.3503),(-9.01856,16.7706),(-54.2622,29.0643)]
triangle[(18.2778,6.96811),(9.14564,14.4651),(-3.99947,-1.547)]
triangle[(-9.8862,20.9669),(20.398,0.565317),(53.4904,49.6879)]
triangle[(-7.13493,1.84059),(-14.4787,19.8874),(-36.8913,10.767)]
triangle[(-3.24891,19.6182),(-0.999353,-19.3223),(44.41,-16.699)]
triangle[(10.4854,-11.3602),(-2.88702,15.4366),(-51.3795,-8.76248)]
triangle[(7.36736,8.54118),(-15.0656,-12.1552),(20.9697,-51.2142)]
triangle[(20.717,-19.4016),(20.6906,9.45849),(-13.8207,9.42688)]
triangle[(11.8706,1.96012),(10.169,5.48978),(3.22959,2.14436)]
triangle[(-13.592,-4.0017),(-12.9214,4.08034),(-24.9377,5.0775)]
triangle[(-11.0134,11.1149),(17.7732,-8.55215),(49.5283,37.9278)]
triangle[(-5.23909,-15.755),(10.3919,9.59737),(-20.0014,28.3364)]
triangle[(18.7902,-3.35105),(-20.3918,-13.8275),(-7.95088,-60.3566)]
triangle[(-18.7721,-14.2153),(14.9999,4.61764),(-7.99323,45.85)]
triangle[(-9.88599,-1.08269),(-5.15989,-5.28519),(1.05557,1.70468)]
triangle[(4.07543,-1.72),(13.1557,-6.95085),(21.8764,8.1875)]
triangle[(12.2629,0.965341),(4.89297,-5.58143),(15.9303,-18.0064)]
triangle[(2.18919,-13.8737),(12.7762,18.5576),(-20.6302,29.463)]
triangle[(14.7247,4.23415),(-10.1439,17.1152),(-27.0476,-15.5197)]
triangle[(-4.88606,-11.8778),(-14.3614,-14.1232),(-11.8983,-24.5176)]
triangle[(-16.0334,-18.4262),(-16.7117,14.9539),(-58.0503,14.1139)]
triangle[(-4.40547,-6.16646),(-11.2574,12.4553),(-34.4773,3.91155)]
triangle[(18.6668,-6.33296),(8.95733,6.65268),(-15.7734,-11.8387)]
triangle[(13.9582,9.85173),(-17.0294,5.48838),(-9.83146,-45.63)]
triangle[(3.31106,-10.8891),(2.17597,-12.8537),(4.90885,-14.4327)]
triangle[(-17.552,-3.82207),(11.7275,12.3154),(-17.4663,65.2842)]
triangle[(8.60396,-13.1889),(-17.9239,7.94178),(-47.3459,-28.9952)]
triangle[(11.4656,13.3992),(2.61031,-16.2128),(46.5046,-29.3392)]
triangle[(-8.59343,-8.88567),(-15.3309,-13.7858),(-8.01547,-23.8443)]
triangle[(3.54037,2.42403),(3.06457,-7.06878),(18.8878,-7.86188)]
triangle[(10.6111,8.07505),(16.0589,-6.58506),(36.4983,1.01046)]
triangle[(18.7333,20.5209),(16.9583,-6.60289),(51.6012,-8.86996)]
triangle[(-9.10182,5.80499),(6.61835,0.116892),(13.5857,19.3724)]
triangle[(1.39229,-4.32606),(-14.8782,-14.8933),(-1.81478,-35.0071)]
triangle[(-13.0187,-14.168),(8.71795,20.0798),(-54.0562,59.9219)]
triangle[(6.67847,-17.755),(-5.45371,-19.0404),(-3.68687,-35.7169)]
triangle[(-0.704965,1.22841),(-18.572,15.581),(-43.7947,-15.8177)]
triangle[(6.03206,1.74003),(-11.1119,0.614607),(-9.57577,-22.7859)]
triangle[(-18.0853,-0.340131),(10.0125,17.6413),(-8.04321,45.8551)]
triangle[(-14.2,-6.5205),(8.04036,20.4075),(-38.6134,58.9398)]
triangle[(3.26056,20.8535),(17.8691,14.3538),(28.9159,39.1822)]
triangle[(-10.0076,-16.6509),(-18.7687,-3.38558),(-37.5268,-15.7744)]
triangle[(-1.00903,-7.29906),(-12.2347,9.02534),(-29.8226,-3.06918)]
triangle[(12.5406,-7.50174),(14.3007,12.0562),(-19.1455,15.0662)]
triangle[(-12.4425,-10.3543),(-15.2259,-5.18819),(-24.6323,-10.2563)]
triangle[(-12.7169,20.7878),(-13.3723,-2.45056),(20.2284,-3.39827)]
triangle[(-1.85249,3.8658),(-9.27806,14.9381),(-23.4492,5.43438)]
triangle[(10.7745,-11.7847),(-18.6325,19.8901),(-66.5552,-24.6014)]
triangle[(-10.9629,17.1681),(20.4392,-14.3925),(61.6287,26.59)]
triangle[(-5.51237,6.33977),(2.22186,-7.00508),(19.7814,3.17183)]
triangle[(9.9367,0.471058),(8.42434,5.70201),(-1.16617,2.92922)]
triangle[(-7.43503,-7.35784),(-20.4752,-12.4945),(-12.3416,-33.1425)]
triangle[(15.1162,-17.9976),(1.51354,18.5441),(-62.7584,-5.38123)]
triangle[(-6.8607,15.3496),(11.6769,-13.8576),(69.7468,22.999)]
triangle[(-4.99091,5.16115),(-16.4693,-12.3501),(9.14386,-29.1392)]
triangle[(-16.8264,-13.7525),(-18.6641,14.4189),(-63.6982,11.4812)]
triangle[(-19.641,-11.808),(-10.3864,-8.2925),(-15.428,4.97928)]
triangle[(2.33879,18.3935),(-19.6324,-4.07099),(15.6649,-38.5933)]
triangle[(13.0788,7.88643),(12.6869,-1.55936),(28.0333,-2.19593)]
triangle[(-19.5387,19.0409),(15.2534,-0.796311),(44.0126,49.6438)]
triangle[(11.2079,4.42486),(12.4429,15.5021),(-2.68905,17.1892)]
triangle[(-4.39058,-11.8754),(3.60942,17.7774),(-50.5557,32.3905)]
triangle[(8.69687,6.88878),(-0.549095,-19.7971),(46.5809,-36.1265)]
triangle[(-12.0955,19.512),(-11.5686,-7.62731),(37.0687,-6.68292)]
triangle[(-7.40637,6.12274),(-18.8663,-16.874),(5.35035,-28.9418)]
triangle[(-5.86604,16.022),(-18.9171,5.66242),(0.881286,-19.2798)]
triangle[(-9.77399,17.6773),(-5.30265,17.1299),(-4.51232,23.585)]
triangle[(19.2868,-3.7617),(15.112,13.3349),(-14.7683,6.03859)]
triangle[(14.8506,-16.5082),(-5.85407,-1.36113),(-35.4525,-41.8196)]
triangle[(6.9324,3.11295),(-10.6764,-8.26021),(2.86637,-29.2281)]
triangle[(-1.47668,-6.90445),(-20.9477,-2.53776),(-27.4196,-31.3961)]
triangle[(-7.08508,-13.5547),(-0.00812605,18.0673),(-53.3232,29.9991)]
triangle[(10.8004,14.2053),(-3.5275,-2.04634),(23.3053,-25.7029)]
triangle[(5.52389,20.3473),(10.5905,6.26336),(37.4349,15.9204)]
triangle[(-15.7221,1.56719),(-13.8386,9.13878),(-25.1425,11.9507)]
triangle[(5.2711,16.1867),(-16.0285,7.25995),(-2.09563,-25.9844)]
triangle[(-9.28886,20.0551),(-14.9826,19.6486),(-14.5378,13.4175)]
triangle[(-20.7248,-10.9902),(6.62884,-19.5416),(16.5723,12.265)]
triangle[(-5.28592,-2.73535),(1.41181,-1.21844),(-1.54303,11.8283)]
triangle[(5.72939,5.48726),(4.1148,-20.8835),(45.0194,-23.3879)]
triangle[(13.443,18.1218),(3.15987,20.8135),(0.0211744,8.82237)]
triangle[(1.87239,6.93711),(16.7526,10.3539),(10.905,35.8208)]
triangle[(-3.00413,-20.491),(10.2723,10.946),(-34.6586,29.9212)]
triangle[(-4.93851,-0.862109),(14.3714,-20.6734),(44.0721,8.27566)]
triangle[(-3.68466,3.34648),(6.58274,19.4291),(-22.4032,37.9342)]
triangle[(8.12873,3.6213),(8.06556,-14.0951),(27.2261,-14.1634)]
triangle[(9.69565,-19.7565),(-6.96538,-18.4585),(-8.8878,-43.1354)]
triangle[(11.4588,17.1593),(4.30409,3.71108),(26.0911,-7.88001)]
triangle[(-15.5927,10.5998),(-10.8354,-4.15371),(6.93857,1.57762)]
triangle[(-1.27741,19.9969),(-16.6246,1.21079),(12.8555,-22.8728)]
triangle[(-18.6272,-20.9852),(11.6425,6.1492),(-23.313,45.1439)]
triangle[(-18.2841,-12.0153),(16.5935,-20.5542),(30.5057,36.2714)]
triangle[(6.5279,-8.49324),(-20.4732,6.20381),(-42.5359,-34.3293)]
triangle[(5.21436,-2.97918),(12.8806,-10.6924),(25.4556,1.80611)]
triangle[(10.5503,-10.4042),(10.1241,3.52026),(-16.882,2.69382)]
triangle[(11.3271,-2.12287),(16.77,-14.8752),(34.996,-7.09597)]
triangle[(-17.0453,18.9665),(-4.41999,11.9597),(5.73045,30.2495)]
triangle[(7.64884,-15.0516),(-7.46207,-19.0097),(-0.0152018,-47.4401)]
triangle[(-20.4736,1.9744),(1.14616,-1.00601),(4.42893,22.807)]
triangle[(17.8298,-10.9657),(-12.927,-11.4834),(-12.2281,-53.0044)]
triangle[(17.44,20.0344),(2.69216,14.7427),(11.2846,-9.20418)]
triangle[(-11.0599,2.87199),(-0.508733,-14.0999),(25.3701,1.98873)]
triangle[(-9.70802,5.79168),(-13.1673,12.7188),(-25.5004,6.55988)]
triangle[(-9.20817,19.0945),(-10.2541,-17.676),(54.7957,-19.5264)]
triangle[(10.2664,-13.4376),(-9.81703,-5.46944),(-24.9006,-43.4867)]
triangle[(-12.5643,-1.73408),(-1.75367,6.70679),(-17.5828,26.9799)]
triangle[(-15.8794,-16.9975),(18.2988,9.885),(-10.2576,46.1913)]
triangle[(17.5606,17.4055),(-4.84792,-12.7828),(41.1638,-46.9368)]
triangle[(-3.77352,7.2569),(4.03196,-0.14375),(18.4962,15.1117)]
triangle[(-11.8298,-8.02505),(-6.32877,-16.0913),(9.3554,-5.39493)]
triangle[(-19.3418,15.6885),(14.4016,6.48908),(24.4687,43.4148)]
triangle[(6.69502,11.5557),(4.53524,7.66996),(10.5643,4.31882)]
triangle[(-4.39129,-2.92759),(2.64066,13.3633),(-27.8258,26.5141)]
triangle[(10.2019,-5.48704),(-2.85468,-7.43057),(0.534481,-30.1988)]
triangle[(-15.2825,-7.27831),(5.89334,11.9016),(-22.5009,43.2507)]
triangle[(-5.83768,4.46632),(-5.93332,17.1281),(-22.2449,17.0049)]
triangle[(7.23061,16.0977),(12.3831,-11.0602),(57.9375,-2.4174)]
triangle[(-18.1052,-7.44209),(16.7807,2.62514),(1.67063,54.9862)]
triangle[(-18.5459,12.6908),(2.61629,-12.6583),(41.7402,20.0035)]
triangle[(6.03098,20.9091),(-1.89429,15.6556),(6.7122,2.67203)]
triangle[(-6.38073,-16.3346),(-13.2287,13.476),(-43.8072,6.45165)]
triangle[(-15.2804,-18.5991),(18.6793,16.0745),(-20.7177,54.6603)]
triangle[(-6.26362,14.8567),(6.17293,7.19476),(14.2847,20.3614)]
triangle[(10.0971,-3.57003),(-19.1413,12.3994),(-37.6184,-21.4304)]
triangle[(-4.85829,-14.9467),(20.0163,7.76539),(-24.547,56.5716)]
triangle[(-6.51489,-15.3307),(5.333,12.7747),(-45.2748,34.1085)]
triangle[(16.2143,7.81989),(14.5149,6.07762),(17.8853,2.79031)]
triangle[(-18.681,-12.6257),(-20.7182,-0.114722),(-34.1868,-2.30784)]
triangle[(13.7272,-16.995),(-20.8168,-2.36696),(-45.4653,-60.5742)]
triangle[(16.6648,14.3255),(-1.03011,11.3292),(4.30476,-20.1758)]
triangle[(6.04831,-3.65523),(13.6075,-5.85852),(16.5989,4.4047)]
triangle[(-15.466,-20.4855),(-0.281362,10.1887),(-32.178,25.9785)]
triangle[(19.5919,4.68119),(20.2797,-10.1419),(39.1638,-9.26571)]
triangle[(-7.61482,20.1831),(-8.16869,-11.0381),(34.0344,-11.7868)]
triangle[(-3.60298,13.198),(18.4735,-15.2147),(55.2983,13.3978)]
triangle[(8.06032,-2.1933),(-6.58161,-9.04906),(5.19061,-34.1911)]
triangle[(-18.8983,-4.00864),(18.346,6.92428),(-0.786459,72.1015)]
triangle[(15.1516,18.552),(19.7545,-18.6371),(77.9888,-11.4293)]
triangle[(-9.86519,17.8403),(11.3836,-18.124),(50.7338,5.12528)]
triangle[(-15.2694,5.03562),(2.43002,8.48731),(-1.73101,29.824)]
triangle[(-5.50261,15.8448),(-17.5822,-3.03316),(7.59759,-19.1452)]
triangle[(-19.3771,-20.0072),(14.0877,-5.29499),(-14.279,59.2287)]
triangle[(20.6913,-15.7859),(1.52636,-16.2832),(2.34338,-47.7667)]
triangle[(5.04441,-13.9623),(-0.955052,-20.1924),(5.84411,-26.7398)]
triangle[(-17.4244,-15.1693),(19.2696,3.81778),(-6.20689,53.0533)]
triangle[(6.40684,-15.0325),(16.7924,12.8174),(-37.266,32.9764)]
triangle[(-6.85403,-3.33299),(-18.8592,18.649),(-57.867,-2.65466)]
triangle[(18.6763,-13.8946),(0.729661,6.54456),(-27.6537,-18.3775)]
triangle[(3.63462,-5.4132),(-5.11983,-20.3109),(22.7003,-36.6591)]
triangle[(8.05122,-6.9326),(-5.80379,-9.74037),(-1.26966,-32.1141)]
triangle[(10.3982,-1.19874),(-2.82841,18.3586),(-41.6321,-7.88419)]
triangle[(17.0324,-1.90073),(-18.4507,12.4403),(-33.862,-25.6909)]
triangle[(0.52395,20.7502),(11.2093,-11.8798),(75.2197,9.08171)]
triangle[(2.17395,0.757162),(7.35384,14.7242),(-20.3143,24.9853)]
triangle[(-0.477429,8.73709),(-17.8012,19.1779),(-30.3589,-1.65838)]
triangle[(-19.6684,5.80902),(-16.6843,15.3636),(-28.8299,19.1569)]
triangle[(-1.45195,11.3554),(-19.3267,1.91292),(-1.69446,-31.465)]
triangle[(-1.26763,17.5475),(-15.7309,14.0706),(-9.64911,-11.2284)]
triangle[(1.55394,2.31777),(-18.8889,-5.60697),(-8.4241,-32.6022)]
triangle[(-6.79658,-6.03238),(6.53938,7.7582),(-19.5048,32.9438)]
triangle[(-0.0881587,-8.15709),(-18.4772,12.8247),(-40.0091,-6.04646)]
triangle[(1.29494,-2.38101),(5.61053,-18.708),(24.0419,-13.8362)]
triangle[(8.24097,-3.44151),(8.39316,-0.0881219),(3.03839,0.154903)]
triangle[(-7.46279,-2.15793),(-8.74081,10.646),(-33.6584,8.15888)]
triangle[(5.42438,16.4193),(4.2622,-5.89596),(38.8678,-7.69821)]
triangle[(17.6588,-15.7918),(19.5079,2.54654),(-5.8162,5.10009)]
triangle[(1.0572,14.0205),(20.9077,-1.43418),(37.6833,20.113)]
triangle[(17.2389,-20.6186),(12.6067,-5.29663),(-6.69475,-11.1319)]
triangle[(12.152,3.95509),(19.9397,-4.7835),(31.622,5.6275)]
triangle[(11.7487,-15.0351),(6.85926,2.46591),(-14.0776,-3.38345)]
triangle[(11.632,1.34571),(-3.46032,11.503),(-16.4726,-7.83129)]
triangle[(-9.62975,17.9648),(-16.3203,-8.58928),(10.9524,-15.4609)]
triangle[(4.95079,-20.8301),(-11.0745,9.1908),(-47.6008,-10.3071)]
triangle[(7.29518,-0.633088),(-3.27041,-3.63955),(1.89444,-21.7903)]
triangle[(8.3112,-7.14148),(20.9963,13.4874),(-4.37235,29.087)]
triangle[(-16.4785,-13.4542),(-10.5417,6.21698),(-37.2011,14.2628)]
triangle[(-6.17337,-6.84693),(-17.6416,-5.03473),(-20.3573,-22.2205)]
triangle[(1.04361,-8.29449),(-10.9501,0.630343),(-20.2188,-11.8255)]
triangle[(12.2867,7.30957),(8.91619,-15.5296),(32.4124,-18.9971)]
triangle[(-12.9951,1.10475),(-0.0798442,17.3609),(-21.5615,34.4278)]
triangle[(-13.7525,-6.19994),(-19.1461,11.3499),(-54.2169,0.571447)]
triangle[(-10.0732,12.4828),(12.6803,4.49751),(26.4417,43.7097)]
triangle[(0.574848,18.2245),(15.5486,4.35321),(36.3678,26.8271)]
triangle[(-6.5454,7.75729),(-15.3078,5.61587),(-11.5801,-9.63742)]
triangle[(9.55714,-20.3837),(-20.5783,-3.88895),(-52.0873,-61.4548)]
triangle[(-2.74315,13.3051),(10.6355,4.867),(26.8351,30.5516)]
triangle[(13.5293,5.67884),(-9.87826,-8.93209),(14.9418,-48.6952)]
triangle[(0.499159,-18.3521),(7.8397,-13.7183),(1.03123,-2.93277)]
triangle[(-14.9937,18.3316),(-5.19353,-8.75699),(38.3151,6.98358)]
triangle[(18.1234,16.0601),(-13.998,-0.0179755),(9.27922,-46.5221)]
triangle[(13.0357,-14.3118),(-15.2927,4.03507),(-37.5102,-30.2699)]
triangle[(15.1051,-5.18464),(-16.1155,-1.4027),(-21.4745,-45.6422)]
triangle[(6.03905,3.26938),(9.09504,20.0601),(-19.2347,25.2163)]
triangle[(20.3327,-10.7793),(0.562307,5.92548),(-24.2997,-23.4992)]
triangle[(1.48915,-17.3587),(-4.62444,15.46),(-51.5261,6.72296)]
triangle[(13.0345,6.23138),(-6.25088,20.0744),(-23.8142,-4.39383)]
triangle[(5.09713,11.0785),(5.17221,17.1925),(-3.4614,17.2985)]
triangle[(-13.7081,-20.8571),(18.3027,-3.08324),(-17.1864,60.8327)]
triangle[(19.0601,9.1759),(6.12185,-0.00582203),(23.2994,-24.2113)]
triangle[(-3.21495,-1.55162),(-13.6476,14.5871),(-42.962,-4.36293)]
triangle[(-1.9683,-0.315113),(15.8334,-13.9109),(37.5225,14.4877)]
triangle[(17.1243,-0.116028),(-16.1874,5.4465),(-22.9728,-35.1889)]
triangle[(-16.9078,3.64332),(3.32242,-12.3559),(35.1908,27.9402)]
triangle[(-4.27154,-16.2975),(11.9906,-19.9363),(17.9441,6.67072)]
triangle[(11.3234,2.25981),(1.46252,-0.0419795),(5.74124,-18.372)]
triangle[(-14.3867,12.2428),(-7.79995,4.9211),(4.79987,16.2561)]
triangle[(-15.7286,-15.0667),(13.6262,-7.77814),(0.534369,44.9494)]
triangle[(9.0866,13.1023),(13.3291,8.96435),(19.7231,15.5199)]
triangle[(16.2901,-10.5735),(7.03755,15.8321),(-25.1781,4.5437)]
triangle[(11.9678,12.395),(18.5938,8.12628),(23.3946,15.5782)]
triangle[(6.25658,8.44234),(16.1461,19.16),(3.93754,30.4252)]
triangle[(9.71688,-3.39246),(0.501723,9.2137),(-16.9976,-3.57837)]
triangle[(-1.07623,-18.2865),(15.0868,3.28339),(-7.70424,20.3614)]
triangle[(-11.5732,16.7982),(-0.689391,-9.27546),(47.1471,10.6926)]
triangle[(-17.7348,-1.88701),(0.286899,-3.3671),(1.93476,16.6973)]
triangle[(9.61768,7.43255),(7.64761,3.33821),(12.1232,1.1847)]
triangle[(-13.9716,4.16701),(7.15508,-19.5683),(35.6983,5.83792)]
triangle[(-4.04651,4.52078),(-2.01732,-11.2966),(18.296,-8.69062)]
triangle[(18.3245,-8.53867),(5.42677,-12.7915),(10.3902,-27.8442)]
triangle[(-2.88488,14.2821),(12.0985,-18.8147),(56.7395,1.39486)]
triangle[(-14.4314,3.57169),(1.98021,-20.731),(48.4396,10.6432)]
triangle[(15.1086,-13.0609),(9.69682,8.97755),(-15.0829,2.89265)]
triangle[(18.7122,4.54982),(7.78093,15.5967),(-8.29738,-0.313405)]
triangle[(5.43391,-8.54904),(-0.802053,-14.0307),(6.5227,-22.3634)]
triangle[(15.7287,-19.2277),(-3.0789,4.31328),(-45.8382,-29.8484)]
triangle[(-18.3839,-6.20433),(5.93387,-11.0185),(15.4158,36.8778)]
triangle[(-12.0394,19.1554),(-9.95539,14.6354),(-3.87139,17.4405)]
triangle[(-3.09227,2.83161),(8.0909,-15.4224),(36.0263,1.692)]
triangle[(5.64608,9.64366),(-17.1751,-15.1012),(9.11828,-39.3505)]
triangle[(-5.52758,11.6728),(3.56435,19.4076),(-6.34836,31.0595)]
triangle[(-4.10265,6.35932),(9.94886,-20.8258),(55.4931,2.71525)]
triangle[(-7.15869,16.8709),(-15.0636,9.29308),(-5.61841,-0.559742)]
triangle[(-4.94782,-19.0931),(-6.96234,-19.8856),(-5.83191,-22.7592)]
triangle[(-7.88843,7.26573),(18.9768,14.4424),(9.06576,51.5433)]
triangle[(-18.7649,-11.7332),(7.8013,-9.65768),(4.76615,29.1914)]
triangle[(-8.61855,-5.10134),(8.54797,19.2485),(-34.5339,49.621)]
triangle[(1.96718,-14.1009),(18.4007,-8.04171),(10.5535,13.2411)]
triangle[(-0.0365913,-13.5582),(2.60632,-15.0307),(5.46019,-9.9085)]
triangle[(-13.2945,1.19557),(17.4225,-12.8926),(41.5587,39.7324)]
triangle[(7.78906,-16.2821),(5.15876,-7.35719),(-10.5586,-11.9893)]
triangle[(-11.4173,17.4769),(4.14572,-3.41372),(36.2858,20.5299)]
triangle[(0.31217,9.93878),(-17.4609,-15.9894),(13.1387,-36.9646)]
triangle[(-11.8525,4.81196),(15.0362,-9.77514),(39.5375,35.3887)]
triangle[(9.71252,9.20763),(16.876,-1.43542),(36.8652,12.0186)]
triangle[(19.2503,-1.23285),(10.4466,-12.1124),(24.0149,-23.0918)]
triangle[(11.8368,14.4655),(-16.7075,-10.1092),(10.7232,-41.9709)]
triangle[(-5.59111,-19.7089),(2.06136,4.40115),(-43.6405,18.9068)]
triangle[(8.96259,7.89431),(16.9287,-2.70376),(29.1873,6.51053)]
triangle[(-6.52352,-1.68416),(12.4802,9.35173),(-7.12459,43.111)]
triangle[(-4.33139,4.62919),(-9.69528,-1.90805),(-2.64656,-7.6916)]
triangle[(19.364,8.92566),(-11.5534,2.7595),(-1.01363,-50.0872)]
triangle[(0.735001,-17.816),(17.9526,-16.4649),(16.3325,4.18043)]
triangle[(-10.3764,15.3533),(-9.92859,-4.87271),(14.5289,-4.33119)]
triangle[(5.54969,-10.2646),(-6.58613,10.3473),(-32.0485,-4.64447)]
triangle[(-20.7223,7.51277),(-1.78084,-6.82652),(26.7798,30.9007)]
triangle[(-8.20429,-3.62903),(3.57155,-8.29391),(8.2593,3.53966)]
triangle[(-6.08873,8.80344),(-14.6645,14.4995),(-20.9428,5.0471)]
triangle[(14.9631,-10.116),(-15.1177,-3.66169),(-27.7939,-62.7396)]
triangle[(-14.4937,-12.264),(-6.38304,20.8958),(-50.1143,31.5922)]
triangle[(16.8494,-20.9527),(6.90211,14.8064),(-51.577,-1.46108)]
triangle[(-6.12377,-15.6786),(2.20994,-19.1065),(8.29526,-4.31218)]
triangle[(-4.43866,6.4563),(-1.9394,-8.05244),(18.1844,-4.58593)]
triangle[(2.92182,-2.08143),(13.8074,5.19873),(-0.507024,26.6023)]
triangle[(15.2521,15.1051),(-2.1129,-17.2016),(41.5776,-40.6854)]
triangle[(-1.3681,6.24429),(-4.63292,-16.0334),(20.2483,-19.6797)]
triangle[(-4.88184,-16.6529),(8.00786,-7.96288),(-5.28222,11.7499)]
triangle[(-9.66788,-16.3943),(-8.24237,13.7105),(-53.8193,15.8687)]
triangle[(-7.25274,-7.94526),(-4.1487,-18.7762),(13.2181,-13.7991)]
triangle[(-3.31199,-5.76944),(-2.83897,-9.9884),(4.37706,-9.17936)]
triangle[(12.1293,-6.83159),(-16.7654,15.445),(-46.1874,-22.7181)]
triangle[(15.2503,-15.6145),(20.3685,19.672),(-43.8538,28.9871)]
triangle[(-18.8504,-5.61831),(18.1726,-10.9682),(24.9308,35.8007)]
triangle[(-10.8504,0.301769),(20.7803,-13.2467),(35.0771,20.1312)]
triangle[(2.42737,-0.212164),(-3.97263,-5.35659),(5.35645,-16.9626)]
triangle[(2.23799,-19.989),(-4.72019,15.1544),(-72.6889,1.69697)]
triangle[(-14.4299,11.1089),(7.86242,8.24895),(11.8752,39.5279)]
triangle[(-1.74726,9.09626),(-15.7206,15.4763),(-26.7337,-8.64422)]
triangle[(-7.39085,7.93846),(18.7387,14.4565),(11.6967,42.6866)]
triangle[(-6.18763,12.0572),(-9.37238,4.78657),(3.82557,-0.994562)]
triangle[(7.61048,-5.29167),(-15.0646,-9.78693),(-8.32363,-43.79)]
triangle[(4.67871,0.536394),(1.78558,-17.3743),(26.4778,-21.3628)]
triangle[(-11.9656,4.22777),(3.0695,15.618),(-10.5143,33.5486)]
triangle[(-16.552,-12.6379),(3.43222,16.9958),(-53.7586,55.5638)]
triangle[(-11.7225,2.99173),(-4.82914,-6.34658),(8.77547,3.69606)]
triangle[(2.985,0.0609966),(-19.279,10.7926),(-34.2205,-20.2053)]
triangle[(-1.17496,19.1055),(-8.06748,-16.7692),(41.1318,-26.2217)]
triangle[(0.6143,12.6709),(-6.8282,-15.131),(46.325,-29.36)]
triangle[(18.4611,6.815),(-0.80247,-9.2606),(25.3969,-40.6556)]
triangle[(13.6443,1.8843),(1.39929,0.611341),(3.17615,-16.4809)]
triangle[(17.5757,-5.32503),(14.0608,-8.7314),(19.9941,-14.8537)]
triangle[(-16.6549,13.7872),(-12.5112,-9.74326),(18.1817,-4.33826)]
triangle[(8.7832,-9.75836),(4.77184,13.8244),(-25.8323,8.61878)]
triangle[(-6.19761,3.48874),(-17.1478,19.9971),(-38.146,6.06869)]
triangle[(4.13762,12.6572),(0.173225,-15.964),(44.8476,-22.152)]
triangle[(-12.3921,18.9008),(12.9287,-4.52537),(46.8968,32.1899)]
triangle[(-13.9004,-18.3645),(-20.3997,-7.83727),(-35.7699,-17.3265)]
triangle[(-0.930292,-19.1342),(15.0153,-18.2612),(13.9823,0.607274)]
triangle[(-18.5233,6.50423),(5.50709,9.91202),(-0.703876,53.7094)]
triangle[(-11.1681,-15.0101),(2.55064,16.3085),(-55.8043,41.8702)]
triangle[(-20.6216,2.45792),(-1.15845,19.1588),(-33.0318,56.3039)]
triangle[(7.54698,13.6169),(-19.8054,12.8714),(-18.3595,-40.1753)]
triangle[(2.59235,3.22062),(19.1072,20.1059),(-0.508209,39.2909)]
triangle[(-19.1468,5.11008),(-18.211,17.0285),(-38.2949,18.6054)]
triangle[(5.17241,10.7681),(-5.67242,14.7416),(-10.9401,0.36477)]
triangle[(7.60021,9.49666),(0.870968,-11.6438),(33.5781,-22.0548)]
triangle[(-3.32725,11.4233),(3.51981,7.28259),(10.0777,18.1267)]
triangle[(-12.0974,7.11868),(7.67084,16.8488),(-9.8678,52.4813)]
triangle[(-2.06027,10.5916),(-20.0436,11.0039),(-20.8213,-22.9181)]
triangle[(-11.1763,-0.0914405),(1.17637,-0.620344),(2.17695,22.7485)]
triangle[(16.1472,18.1557),(-3.57383,0.108433),(22.0809,-27.9256)]
triangle[(-4.67707,8.50258),(-7.12023,-7.69042),(23.6931,-12.3395)]
triangle[(-8.28284,18.6038),(-15.0378,14.3394),(-7.75931,2.81007)]
triangle[(11.7334,1.29702),(17.5564,20.9615),(-18.1116,31.5234)]
triangle[(-1.51209,19.2949),(7.95058,-14.8476),(75.7377,3.93971)]
triangle[(-2.0427,18.9898),(16.8474,17.1503),(18.9923,39.1775)]
triangle[(-8.93852,19.4514),(9.4469,-18.4367),(58.4497,5.34215)]
triangle[(-9.76824,-20.7145),(1.4647,2.18923),(-27.3865,16.3391)]
triangle[(6.48263,-15.1442),(18.9591,-5.76967),(4.47653,13.505)]
triangle[(-4.45034,-4.56763),(18.2045,-4.80703),(18.5014,23.2835)]
triangle[(17.9423,-8.24439),(17.5348,-14.972),(29.1911,-15.6781)]
triangle[(10.4318,-13.2641),(6.80507,6.52366),(-21.1112,1.40717)]
triangle[(6.86588,-13.6692),(-6.65538,16.3866),(-63.0769,-8.9959)]
triangle[(19.9511,12.3219),(5.86758,-1.50844),(27.8229,-23.8657)]
triangle[(-5.84051,-6.58108),(-6.8362,-4.60034),(-9.89072,-6.1358)]
triangle[(-9.24279,-7.961),(-19.602,-17.6273),(-6.3558,-31.8229)]
triangle[(6.44328,13.3605),(-9.36042,6.15944),(0.408963,-15.2807)]
triangle[(19.1833,-15.083),(4.62998,4.67319),(-32.5489,-22.7144)]
triangle[(10.6791,5.53745),(-15.0207,-7.71175),(-0.0449473,-36.7606)]
triangle[(-19.6109,4.21851),(-0.792296,-15.4435),(20.639,5.06851)]
triangle[(16.3903,-16.4328),(13.5533,4.22703),(-12.3663,0.667765)]
triangle[(-0.678769,14.5534),(-16.915,-1.31392),(13.5407,-32.4776)]
triangle[(-20.0468,-20.5905),(-7.12761,-0.290078),(-39.3036,20.1867)]
triangle[(16.876,16.7951),(18.6777,11.224),(29.538,14.7363)]
triangle[(-4.79751,-17.8065),(-7.46108,-4.34413),(-26.4671,-8.10453)]
triangle[(20.1623,-10.9567),(-16.872,15.0102),(-53.0269,-36.5546)]
triangle[(19.8598,10.5088),(16.6642,20.6379),(-0.172971,15.3261)]
triangle[(-1.84614,18.8888),(-16.9578,-5.21056),(28.649,-33.8086)]
triangle[(16.428,10.8957),(18.935,-15.505),(46.0046,-12.9346)]
triangle[(-9.91915,15.3055),(-19.2813,17.6489),(-22.039,6.63167)]
triangle[(18.6049,10.61),(-10.5307,1.79787),(2.62162,-41.6875)]
triangle[(6.18279,-7.67666),(5.68523,-1.05901),(-4.81225,-1.84828)]
triangle[(-20.3817,-8.31758),(-6.79376,-17.7035),(10.8937,7.90274)]
triangle[(16.1186,-5.72498),(-11.1767,18.391),(-56.4421,-32.8417)]
triangle[(0.786751,-11.754),(-13.2671,-5.45907),(-22.9152,-26.9991)]
triangle[(-17.2943,-18.8144),(16.7072,12.9508),(-40.3011,73.9727)]
triangle[(12.4666,-6.92761),(5.82595,18.4022),(-32.2606,8.41715)]
triangle[(-14.7804,20.3547),(8.40075,20.0519),(8.79187,49.9893)]
triangle[(-12.7878,-18.8108),(-12.3923,16.5173),(-58.3218,17.0315)]
triangle[(-3.85322,-3.13444),(-10.5818,16.5353),(-33.796,8.59431)]
triangle[(0.860921,18.7817),(19.2848,3.22233),(40.7789,28.6734)]
triangle[(20.0718,2.14527),(-11.2927,12.4757),(-29.2854,-42.1526)]
triangle[(4.90553,12.3368),(17.3971,14.5034),(14.812,29.4076)]
triangle[(10.8048,-19.1727),(-17.3326,2.38105),(-41.548,-29.2309)]
triangle[(0.697234,-10.8869),(14.2082,6.61347),(-10.5441,25.7233)]
triangle[(17.9793,11.0785),(3.44981,6.19257),(11.1722,-16.7718)]
triangle[(1.18951,7.92816),(-5.56818,11.291),(-9.26617,3.85976)]
triangle[(8.48674,3.40841),(13.5919,6.95898),(6.54609,17.0897)]
triangle[(15.646,12.1002),(-9.25024,12.27),(-9.58923,-37.4234)]
triangle[(-0.34947,17.5729),(6.19236,-16.0935),(58.1781,-5.99202)]
triangle[(10.423,-8.56341),(6.92272,11.3997),(-26.2744,5.57897)]
triangle[(2.55058,-12.2551),(8.13871,-16.7759),(14.2036,-9.27918)]
triangle[(12.1775,-2.50391),(17.818,-10.1576),(28.8645,-2.01671)]
triangle[(6.28264,0.706789),(-8.80904,-9.34319),(7.32985,-33.5784)]
triangle[(-15.5592,-20.5054),(7.18959,14.947),(-54.3663,54.4456)]
triangle[(1.88194,-2.63987),(15.5793,20.0675),(-27.0419,45.7771)]
triangle[(0.694594,11.3132),(19.2292,8.68214),(22.2637,30.0587)]
triangle[(14.2863,13.0529),(8.21223,11.7453),(10.338,1.87114)]
triangle[(-2.80963,-14.4172),(9.56169,18.2314),(-40.802,37.3154)]
triangle[(-7.63357,3.00378),(19.5461,14.5445),(7.21109,43.5947)]
triangle[(-4.1923,13.3947),(5.16226,-19.6269),(39.4137,-9.92388)]
triangle[(19.8224,10.99),(18.7052,-15.1811),(69.8448,-17.364)]
triangle[(17.8902,-4.96811),(6.72229,-13.2704),(17.1889,-27.3497)]
triangle[(-7.90489,20.9904),(20.0756,-19.8411),(99.984,34.9174)]
triangle[(-12.0076,-20.8351),(-8.05,-2.14492),(-28.8815,2.26607)]
triangle[(-18.6875,-20.3204),(-5.95843,10.9288),(-52.4713,29.8754)]
triangle[(-18.6131,-3.53614),(-4.79093,10.5401),(-29.6855,34.9854)]
triangle[(-13.8826,-16.2672),(-18.9121,-1.27461),(-44.6961,-9.92422)]
triangle[(17.7596,-17.7093),(1.03861,10.2751),(-42.371,-15.6627)]
triangle[(-4.75616,-7.6244),(1.2253,20.1779),(-38.3643,28.6953)]
triangle[(8.25414,-11.5035),(-19.1235,-5.36161),(-26.8116,-39.6316)]
triangle[(17.0586,-12.1705),(1.42797,-18.8296),(9.50287,-37.7835)]
triangle[(15.3546,-16.5334),(10.6886,-9.4249),(-1.65696,-17.5285)]
triangle[(9.00354,11.4177),(-1.4034,4.95083),(8.0291,-10.2287)]
triangle[(-12.6174,-0.0600801),(18.9552,-19.0316),(42.7482,20.5649)]
triangle[(12.9138,7.934),(-18.3668,20.2834),(-41.946,-39.442)]
triangle[(-11.3367,-0.318982),(0.783309,-19.1166),(28.9345,-0.965767)]
triangle[(-6.00841,13.8677),(16.0207,19.1128),(6.81914,57.7586)]
triangle[(-7.26947,3.80455),(10.7371,-0.284448),(17.841,30.9986)]
triangle[(-6.62411,-8.33),(-14.5547,-16.072),(0.558349,-31.5533)]
triangle[(19.6471,-9.37912),(-10.6992,18.2548),(-64.2273,-40.5274)]
triangle[(-15.7473,7.88573),(7.20649,2.93981),(12.6375,28.1448)]
triangle[(5.59116,19.8324),(6.51622,9.56541),(24.608,11.1955)]
triangle[(18.1921,3.40793),(-19.1855,-4.23966),(-4.03558,-78.2848)]
triangle[(13.6552,14.9966),(-9.7449,-11.6642),(40.0064,-55.3308)]
triangle[(11.0437,-12.0075),(9.56008,1.50007),(-8.78626,-0.515075)]
triangle[(-9.62275,17.1148),(4.9428,-15.4811),(59.4639,8.88177)]
