triangle[(-13.49,-16.1791),(18.7184,15.6405),(-33.1972,68.1905)]
triangle[(1.47046,10.9935),(-20.0351,-15.9674),(23.6039,-50.7762)]
triangle[(-13.7387,-8.39399),(-10.9302,-16.3),(2.18398,-11.6414)]
triangle[(-10.888,14.4242),(1.09736,-0.480939),(23.2775,17.3543)]
triangle[(-16.5043,-1.97671),(-1.2596,-9.18511),(7.3935,9.11501)]
triangle[(9.46033,-13.8176),(19.4262,11.0135),(-7.44771,21.7992)]
triangle[(-19.8121,-15.3637),(-11.5011,9.99118),(-47.9347,21.9336)]
triangle[(-3.13464,11.8909),(10.3511,9.37835),(14.3955,31.0861)]
triangle[(-14.5855,-15.9404),(6.98555,9.67791),(-31.7643,42.3059)]
triangle[(-8.54182,12.5255),(9.57947,-10.1255),(37.8754,12.5118)]
