triangle[(0.553177,-17.1534),(6.05987,1.71396),(-16.8002,8.38599)]
triangle[(3.99258,2.23442),(9.17624,15.7077),(-4.76815,21.0726)]
triangle[(1.08137,2.00704),(-3.47195,-3.44783),(6.84444,-12.0592)]
triangle[(10.0037,19.1455),(-5.87701,-13.8678),(52.0686,-41.742)]
triangle[(-17.015,-13.4471),(8.37075,-10.9731),(3.59675,38.0127)]
triangle[(-15.6134,-16.7393),(11.928,8.30365),(-34.1251,58.9513)]
triangle[(19.3041,-20.9476),(-17.1342,9.02533),(-53.031,-34.6146)]
triangle[(14.6974,5.05021),(9.81691,2.47123),(14.053,-5.54519)]
triangle[(5.0191,-2.41085),(-6.9158,-19.0723),(23.6666,-40.979)]
triangle[(0.769983,-12.8993),(-14.4854,-12.2524),(-15.1361,-27.5967)]
