triangle[(-20.0619,-17.353),(2.12902,0.546815),(-27.6789,37.5006)]
triangle[(5.39771,-14.8317),(-3.80346,3.51858),(-35.5976,-12.4235)]
triangle[(-16.8093,5.61957),(10.3197,-14.9393),(35.0624,17.7105)]
triangle[(-18.8298,10.2564),(-13.9642,-15.662),(13.8658,-10.4375)]
triangle[(9.51642,5.12178),(4.89086,-15.2356),(40.0842,-23.2322)]
triangle[(-9.82881,15.4073),(10.0116,2.95223),(30.6708,35.8616)]
triangle[(-16.1831,-3.91247),(-13.8583,14.2292),(-34.9549,16.9326)]
triangle[(12.8094,6.4459),(19.7542,4.70524),(22.752,16.6657)]
triangle[(8.2111,-14.6173),(15.6194,-14.7587),(15.8963,-0.255967)]
triangle[(5.45003,17.059),(11.9159,20.1634),(5.87991,32.7352)]
