triangle[(-9.14817,20.9139),(17.341,-3.99848),(47.0289,27.5684)]
triangle[(18.8698,8.68377),(-16.2417,6.39696),(-13.5574,-34.8184)]
triangle[(5.6707,14.1334),(-2.46564,0.432585),(13.5309,-9.06714)]
triangle[(-14.7421,20.3971),(-3.68687,-13.6849),(40.7879,0.741557)]
triangle[(-14.4184,16.909),(-10.1878,-5.8247),(19.2142,-0.353231)]
triangle[(14.0437,17.2244),(14.3295,-9.67065),(53.8998,-9.25013)]
triangle[(5.87789,-16.5161),(-14.802,-13.5792),(-19.4251,-46.1312)]
triangle[(19.9426,-6.81505),(-12.5669,18.05),(-58.5202,-42.0312)]
triangle[(9.60968,-1.60997),(-20.8564,-12.8748),(-4.26929,-57.7351)]
triangle[(15.408,12.1196),(20.1822,-6.78722),(39.9199,-1.80325)]
triangle[(9.02223,-20.9996),(-6.23371,-10.0566),(-21.8052,-31.7655)]
triangle[(-8.80726,14.5748),(18.5166,12.3767),(21.3265,47.3049)]
triangle[(-3.42009,-15.3692),(-0.428545,14.969),(-34.5911,18.3377)]
triangle[(14.7585,-19.7368),(-12.3173,3.1027),(-45.967,-36.7885)]
triangle[(-7.31878,19.8362),(-5.31838,9.21529),(8.4167,11.8022)]
triangle[(13.4962,0.281424),(-17.9034,-8.30886),(-7.59868,-45.9751)]
triangle[(16.5397,-17.6681),(2.65451,12.7525),(-35.2714,-4.55845)]
triangle[(1.27998,0.847428),(-2.22067,-14.3619),(17.9623,-19.0073)]
triangle[(-9.92305,6.34229),(8.43418,13.8998),(-2.19069,39.7076)]
triangle[(19.4548,16.5914),(-14.4663,19.6498),(-18.6925,-27.2226)]
triangle[(0.12353,4.07841),(-2.81081,2.24236),(-0.427286,-1.56692)]
triangle[(-12.7722,15.3919),(-6.52528,-11.1305),(34.7608,-1.4063)]
triangle[(19.6883,-19.0673),(-19.3148,0.0248148),(-50.9899,-64.6838)]
triangle[(14.5954,11.4836),(-1.62636,14.1193),(-4.51836,-3.68013)]
triangle[(14.0509,-15.4328),(16.839,18.0452),(-35.6092,22.413)]
triangle[(-6.45805,11.8035),(-1.05115,15.4267),(-5.24053,21.6785)]
triangle[(-16.0016,5.223),(-2.03715,-1.45418),(7.53807,18.5712)]
triangle[(-11.2031,12.7319),(-9.68381,-20.227),(55.5897,-17.2181)]
triangle[(9.96138,-17.3425),(2.68618,-18.2885),(4.45036,-31.8562)]
triangle[(4.32598,-3.65059),(-11.9059,11.4875),(-29.7134,-7.60674)]
triangle[(-11.8962,-5.06712),(-13.318,-10.3997),(-4.52817,-12.7432)]
triangle[(-3.24503,-1.38407),(-8.2724,10.9365),(-24.8051,4.19033)]
triangle[(13.6018,-18.5385),(16.2963,3.05686),(-17.1285,7.22736)]
triangle[(14.8382,-6.86372),(14.9374,14.1305),(-18.7223,14.2896)]
triangle[(1.50461,1.89255),(-19.8913,-15.4702),(12.7936,-55.7477)]
triangle[(-13.2184,11.5828),(-19.7496,11.8616),(-20.2152,0.952411)]
triangle[(19.5689,-0.00831164),(11.2603,2.30624),(8.82205,-6.4463)]
triangle[(-17.1813,-16.1649),(8.79157,4.0457),(-17.6112,37.9763)]
triangle[(18.3276,-0.581166),(15.2401,20.7533),(-8.19563,17.3617)]
triangle[(0.0117884,3.06427),(-11.7436,-16.7092),(8.24608,-28.5931)]
triangle[(-8.13556,-3.37163),(-10.366,19.6259),(-46.2994,16.1408)]
triangle[(20.6455,-19.5114),(11.3865,0.141461),(-8.6541,-9.30022)]
triangle[(-5.13135,19.4429),(4.91299,15.087),(9.39683,25.4265)]
triangle[(-1.24181,9.60287),(-6.46183,9.83777),(-6.81651,1.95564)]
triangle[(-4.88344,-15.6649),(-3.74952,12.5489),(-34.2931,13.7764)]
triangle[(-0.125223,17.367),(-8.07647,8.90113),(0.605749,0.746679)]
triangle[(2.96989,-11.7867),(7.50167,2.51474),(-21.0436,11.5601)]
triangle[(-5.66812,7.00263),(-12.1105,-11.7064),(11.6225,-19.8788)]
triangle[(7.57467,-11.8487),(-2.48463,-9.6431),(-6.75052,-29.0993)]
triangle[(-18.2258,1.01093),(3.26447,0.339973),(4.3164,34.0328)]
triangle[(6.11323,-19.9666),(-8.81796,-9.60356),(-28.9605,-38.6252)]
triangle[(8.65314,13.4232),(-11.3937,20.3721),(-22.7748,-12.4606)]
triangle[(-14.2043,-10.8015),(9.53315,20.0608),(-25.925,47.3331)]
triangle[(-16.1783,11.8281),(-0.684242,-16.688),(49.7191,10.6983)]
triangle[(17.7794,8.121),(6.40594,17.2564),(-7.88711,-0.538331)]
triangle[(-10.8955,-17.7148),(5.50663,-2.2122),(-22.7399,27.6733)]
triangle[(-14.4313,-6.65367),(11.4125,-13.1765),(20.1138,21.2984)]
triangle[(13.7438,-8.55687),(17.4553,17.8678),(-32.594,24.8976)]
triangle[(-16.214,5.83213),(5.87705,-20.7617),(36.9801,5.07505)]
triangle[(-8.89624,12.6847),(-12.7443,-16.0383),(36.3413,-22.6143)]
triangle[(-15.4073,-8.58092),(3.77854,-15.6168),(17.7854,22.5778)]
triangle[(-4.25562,14.538),(-2.35522,11.2113),(3.97141,14.8254)]
triangle[(-8.86352,1.43186),(-2.61943,-9.52262),(8.39399,-3.24494)]
triangle[(-12.54,20.3106),(-11.7198,0.956015),(21.4936,2.36347)]
triangle[(-15.0358,13.2307),(14.5702,-3.12947),(39.6722,42.2961)]
triangle[(20.6442,-14.8562),(-15.1262,-6.28397),(-30.5526,-70.6559)]
triangle[(9.85304,17.5196),(0.533832,17.1539),(1.18888,0.461416)]
triangle[(10.6928,13.7514),(-3.39962,-6.14901),(28.7241,-28.8974)]
triangle[(8.39834,3.11759),(-9.89505,-13.6313),(12.7146,-38.326)]
triangle[(0.743726,18.9656),(-8.70895,3.44566),(7.9038,-6.67263)]
triangle[(13.4034,20.5681),(14.5966,-16.3578),(64.9038,-14.7321)]
triangle[(16.2729,15.7843),(-15.4119,-14.8211),(40.6111,-72.82)]
triangle[(-2.95671,-1.58839),(-7.15262,-8.50474),(6.35603,-16.7)]
triangle[(0.853939,-16.2236),(15.526,-4.10662),(-8.34745,24.8011)]
triangle[(-19.0394,-5.36582),(13.3307,1.71462),(1.47807,55.9024)]
triangle[(1.77316,-3.44549),(-3.52485,17.5565),(-41.6991,7.92653)]
triangle[(1.83181,5.71583),(-4.4069,13.2546),(-17.478,2.43755)]
triangle[(-5.07025,-5.46771),(16.2012,1.75191),(7.51989,27.3299)]
triangle[(1.26566,20.5477),(-2.60761,3.0688),(29.3785,-4.01924)]
triangle[(0.711107,-15.7966),(-9.90276,18.8048),(-66.434,1.46406)]
triangle[(-18.8079,-18.7437),(17.9948,6.42105),(-12.3098,50.7406)]
triangle[(-6.96188,-5.97329),(-10.0734,16.8419),(-40.2457,12.727)]
triangle[(1.5598,-5.19015),(-10.3192,-20.8564),(12.2733,-37.9872)]
triangle[(14.2748,-19.926),(19.0843,9.39404),(-18.0319,15.4823)]
triangle[(-15.8864,8.0161),(12.2065,-13.95),(37.6167,18.5475)]
triangle[(-4.7164,-18.4067),(-13.7643,8.36513),(-41.71,-1.07953)]
triangle[(6.55158,-11.9555),(-19.1412,5.77912),(-52.2069,-42.1244)]
triangle[(17.3431,20.6029),(-15.9966,19.1796),(-13.9116,-29.6582)]
triangle[(3.152,1.60343),(-6.51271,20.6392),(-43.0869,2.07002)]
triangle[(9.69195,-18.8987),(-1.41289,17.1253),(-39.3596,5.42773)]
triangle[(18.2267,4.1097),(8.6196,0.6089),(15.0042,-16.9123)]
triangle[(6.72207,14.7636),(-7.2688,-3.07013),(14.9108,-20.4704)]
triangle[(-20.2667,-1.38478),(-15.227,-0.732517),(-16.2306,7.02188)]
triangle[(-11.5159,16.7277),(-3.83859,-17.1456),(37.0757,-7.87251)]
triangle[(10.0864,14.178),(1.57165,-20.981),(62.9802,-35.8529)]
triangle[(-4.36767,-0.937529),(-20.493,-12.1468),(-8.22837,-29.7903)]
triangle[(-20.5679,8.04707),(8.56986,-5.88382),(26.6558,31.9446)]
triangle[(-15.1383,1.32163),(6.19491,-10.1807),(17.7188,11.1923)]
triangle[(11.2115,-11.1595),(-11.6454,-3.4029),(-20.9046,-30.6877)]
triangle[(-11.1803,2.7696),(-20.118,9.03552),(-30.6837,-6.0354)]
triangle[(4.42189,-9.7983),(14.6147,11.6889),(-20.9515,28.5602)]
triangle[(-19.1743,-1.80715),(18.5875,-12.4883),(37.9104,55.8255)]
triangle[(-6.70723,-17.9396),(-0.374797,15.7839),(-52.0139,25.4804)]
triangle[(18.8098,2.90846),(11.3539,-4.6052),(20.3639,-13.5459)]
triangle[(10.0279,13.7511),(4.35427,8.54217),(12.5895,-0.427841)]
triangle[(18.3825,-16.9659),(9.19584,-11.3774),(1.79092,-23.55)]
triangle[(-4.49747,15.8262),(-18.9049,-13.4088),(21.1922,-33.1693)]
triangle[(-19.3517,-14.8113),(-10.4121,19.4501),(-64.6879,33.6119)]
triangle[(15.0418,6.26294),(-11.6016,19.9034),(-29.2317,-14.5326)]
triangle[(-3.20091,-0.0773162),(-0.5103,-2.6249),(4.16957,2.31771)]
triangle[(-3.96124,-2.18948),(1.28054,12.1532),(-17.4676,19.005)]
triangle[(15.3199,13.8404),(14.6111,18.6756),(8.19247,17.7347)]
triangle[(-0.0427359,11.1906),(-7.46518,11.0848),(-7.26407,-3.01953)]
triangle[(-8.22732,13.1085),(-17.4843,0.671627),(-3.74433,-9.5553)]
triangle[(-10.1593,2.03007),(-20.3553,-5.52655),(-11.6243,-17.3071)]
triangle[(15.4723,-8.47536),(-10.6993,-16.0528),(-1.23934,-48.7261)]
triangle[(11.3065,-18.0489),(0.0581504,10.1338),(-50.085,-9.87948)]
triangle[(17.5888,-7.29234),(16.8766,-12.5353),(26.9705,-13.9064)]
triangle[(8.03821,-11.7314),(-2.04171,-5.67369),(-11.1765,-20.8739)]
triangle[(2.00084,-17.8616),(-0.0577811,-17.3556),(-1.02498,-21.29)]
triangle[(7.87646,7.39518),(16.9734,18.3882),(-3.91285,35.6721)]
triangle[(5.76932,-14.9449),(9.6845,19.497),(-56.5943,27.0313)]
triangle[(-2.16434,15.8358),(-17.4984,-0.0499336),(4.125,-20.9225)]
triangle[(-5.907,5.17148),(12.0116,2.48809),(16.6224,33.2771)]
triangle[(16.3868,11.7827),(-19.9084,-19.1225),(15.3699,-60.5537)]
triangle[(8.69389,2.79792),(2.21871,-3.90557),(15.209,-16.4534)]
triangle[(-4.09982,7.81718),(13.3475,-12.7285),(52.312,20.3601)]
triangle[(-10.9053,19.1236),(10.3516,-11.3533),(70.0847,30.3092)]
triangle[(19.3772,-4.69772),(-6.03607,15.4613),(-30.418,-15.2756)]
triangle[(-9.7686,2.48982),(-17.6934,-0.557406),(-13.2276,-12.1716)]
triangle[(-7.66738,-12.6538),(-18.7479,11.7786),(-63.6036,-8.5643)]
triangle[(-9.54911,20.9456),(0.0714844,-13.4455),(65.078,4.7394)]
triangle[(-10.2498,7.4107),(-20.1457,-6.82757),(-0.283255,-20.6325)]
triangle[(-16.7959,7.01324),(18.9654,-12.4141),(52.1867,48.739)]
triangle[(-1.30891,20.2895),(-16.0216,-13.4537),(21.9389,-30.0052)]
triangle[(-11.192,18.8142),(-3.90428,-15.7795),(50.7905,-4.25704)]
triangle[(-12.5755,-16.121),(20.5587,-0.261867),(3.3481,35.6961)]
triangle[(-11.4221,-8.94098),(-2.14565,4.38568),(-24.5706,19.9953)]
triangle[(-8.32798,-11.5919),(-12.2119,14.3007),(-49.3008,8.73728)]
triangle[(-5.40285,16.3256),(11.393,-9.4759),(40.5844,9.52669)]
triangle[(18.0523,11.8726),(6.33926,3.61411),(15.7765,-9.77081)]
triangle[(-13.7553,-9.015),(-7.86993,-0.139253),(-22.2796,9.41559)]
triangle[(-6.62268,-10.7174),(-19.8833,18.8304),(-57.9345,1.75366)]
triangle[(-12.5049,-0.937239),(6.87135,10.5735),(-14.1663,45.9866)]
triangle[(18.4791,-11.4227),(-11.284,-16.7382),(-2.54996,-65.6429)]
triangle[(1.45368,12.8989),(-17.2199,1.84435),(-4.35785,-19.8823)]
triangle[(-20.8857,17.9143),(-0.604879,10.1494),(13.0173,45.7285)]
triangle[(-0.267841,-0.0592316),(9.1666,3.47925),(2.80286,20.4465)]
triangle[(-6.16502,-6.7118),(18.5638,16.546),(-26.8407,64.8224)]
triangle[(-11.9328,-2.39904),(-14.5834,-19.649),(7.88656,-23.1018)]
triangle[(5.50712,20.3332),(14.4226,-12.4742),(53.6672,-1.80941)]
triangle[(-12.7743,12.9702),(8.39216,14.1174),(6.99907,39.8206)]
triangle[(-5.83563,-20.559),(1.9355,18.9252),(-71.7809,33.4338)]
triangle[(12.0028,15.1216),(19.7839,-13.4908),(51.7016,-4.81086)]
triangle[(3.01172,-8.76189),(7.50435,1.66806),(-3.76196,6.52095)]
triangle[(1.12376,-8.54863),(5.54267,-5.83841),(1.46836,0.80461)]
triangle[(18.1733,-8.96152),(13.2655,11.7024),(-25.8097,2.42178)]
triangle[(11.0971,10.6033),(15.2465,19.7281),(5.11745,24.3341)]
triangle[(12.6034,11.511),(-4.02021,-13.3835),(27.0188,-34.1101)]
triangle[(-0.19495,-0.241404),(5.22802,-10.7255),(17.7636,-4.2414)]
triangle[(18.1238,-20.2376),(-18.6038,-19.5549),(-19.8587,-87.0674)]
triangle[(-19.7684,7.49062),(-9.90267,-12.7017),(24.3388,4.02831)]
triangle[(14.1678,17.8709),(0.825525,-7.05382),(28.6366,-21.9412)]
triangle[(-5.65031,-8.34227),(-19.4857,9.37624),(-45.8367,-11.1998)]
triangle[(-9.72965,1.40806),(-9.74533,12.2561),(-23.0267,12.2369)]
triangle[(-19.491,-19.3413),(-11.9839,20.2646),(-76.1673,32.4303)]
triangle[(18.5348,-4.18448),(-15.5834,12.7091),(-39.8208,-36.2408)]
triangle[(-1.85809,17.3991),(13.4604,16.9907),(13.9026,33.5796)]
triangle[(-10.4957,5.98537),(19.5749,-15.2978),(46.6977,23.0235)]
triangle[(12.1147,-6.5695),(-7.10852,3.57396),(-20.9224,-22.6051)]
triangle[(10.6642,12.195),(4.32553,-19.7451),(40.1572,-26.8561)]
triangle[(4.04324,-1.69726),(18.695,-2.38577),(19.9674,24.6911)]
triangle[(-8.1729,-11.6417),(17.2754,2.97903),(-4.26001,40.4629)]
triangle[(4.54229,14.5334),(-10.6108,-13.6322),(29.8649,-35.408)]
triangle[(-2.44916,12.5572),(-20.5931,8.91211),(-15.7846,-15.0223)]
triangle[(17.6276,17.1848),(-7.29982,-16.8534),(33.1105,-46.4475)]
triangle[(-3.71634,12.0263),(17.5872,-8.56664),(46.0341,20.8619)]
triangle[(-10.135,14.4641),(19.2939,4.49451),(34.1735,48.4173)]
triangle[(-15.0608,-10.4777),(12.4447,3.63057),(-11.3858,50.0904)]
triangle[(-4.13433,17.6957),(7.02048,14.5368),(10.5184,26.8887)]
triangle[(10.2453,-14.6821),(-0.458599,0.0513812),(-25.0823,-17.8378)]
triangle[(1.99321,-17.6835),(10.2379,4.40323),(-32.2424,20.2605)]
triangle[(-19.5828,-19.3759),(11.3677,-3.47797),(-15.8868,49.5819)]
triangle[(-3.73662,-15.93),(2.81425,4.92318),(-32.1037,15.8924)]
triangle[(11.6981,-11.4831),(-3.48008,-17.8311),(6.21993,-41.0241)]
triangle[(16.7365,-19.5017),(5.0849,5.59977),(-27.8508,-9.68835)]
triangle[(13.3659,19.9627),(-1.29873,17.7116),(1.09108,2.14337)]
triangle[(3.93925,-16.2535),(8.31399,-12.66),(2.62246,-5.73121)]
triangle[(8.74271,7.89204),(-20.4707,-2.12124),(-7.12211,-41.0655)]
triangle[(-15.8177,17.4912),(-7.63615,-9.67386),(23.1354,-0.406107)]
triangle[(9.39376,-6.69105),(-17.9483,17.8845),(-53.4566,-21.6209)]
triangle[(-13.3743,0.300374),(3.70362,12.5389),(-16.6992,41.0096)]
triangle[(-10.6124,-9.95748),(-16.3657,6.50863),(-33.9177,0.375986)]
triangle[(0.459759,11.2917),(-18.0182,-12.6177),(26.1352,-46.7408)]
triangle[(-20.911,-14.6954),(19.3541,-0.847498),(-0.169794,55.9216)]
triangle[(0.257462,-4.31581),(6.5829,11.633),(-20.4714,22.363)]
triangle[(-15.6698,-4.57177),(5.83576,-12.0353),(17.9294,22.8112)]
triangle[(4.56382,-9.29585),(-12.6222,15.3539),(-59.5578,-17.37)]
triangle[(0.857062,0.681016),(10.0455,16.5143),(-17.8036,32.6759)]
triangle[(3.00701,10.6803),(-5.94045,11.1632),(-6.76751,-4.15953)]
triangle[(-16.5495,10.1561),(-4.46176,7.48184),(0.730892,30.9531)]
triangle[(9.47475,14.2683),(-10.6226,-4.43146),(25.6019,-43.3634)]
triangle[(12.3512,-1.23222),(-3.99567,-18.4387),(19.2272,-40.5014)]
triangle[(17.6518,-8.45426),(-15.1331,18.7796),(-51.8745,-25.4506)]
triangle[(12.3277,9.13946),(13.8758,12.9117),(8.54687,15.0986)]
triangle[(-7.84152,0.00329831),(5.22953,13.5313),(-11.8495,30.0335)]
triangle[(12.6312,-7.72424),(-11.9969,-4.35566),(-17.1315,-41.8952)]
triangle[(10.7841,3.18046),(18.509,-0.107725),(22.2583,8.7004)]
triangle[(14.1304,-2.6374),(0.306757,-15.5744),(18.379,-34.8852)]
triangle[(19.6643,15.0131),(8.47322,-7.63926),(44.1368,-25.2584)]
triangle[(-0.363509,16.0986),(-6.94498,1.11844),(15.8782,-8.90883)]
triangle[(12.4159,-6.68904),(-20.5244,-14.6645),(-4.96397,-78.9328)]
triangle[(4.35501,15.7884),(19.3402,11.995),(24.0211,30.4856)]
triangle[(-4.68757,-10.0512),(-13.3944,8.40176),(-41.7186,-4.96272)]
triangle[(10.2384,13.3008),(20.6659,12.0489),(22.0896,23.9071)]
triangle[(5.92347,-20.2757),(-12.9926,20.4316),(-71.6007,-6.80281)]
triangle[(14.023,18.0783),(18.4786,-0.95861),(44.1676,5.05395)]
triangle[(15.6595,14.2953),(-9.20275,-9.22981),(18.3294,-38.3268)]
triangle[(5.78409,-8.55244),(-10.6841,5.44222),(-27.258,-14.0611)]
triangle[(18.641,-2.26282),(-10.3041,2.33336),(-16.242,-35.0612)]
triangle[(-3.80241,-1.97367),(-9.14542,-5.81218),(-2.06777,-15.6639)]
triangle[(4.33493,-18.8551),(-9.39123,-18.2301),(-10.0392,-32.4603)]
triangle[(9.52247,16.5356),(-3.45048,18.9783),(-7.28378,-1.37987)]
triangle[(-2.69249,-9.93705),(19.1571,-13.5711),(23.7963,14.322)]
triangle[(7.37468,10.3953),(-17.9166,-4.12917),(6.46216,-46.5795)]
triangle[(12.1453,13.6104),(-17.3705,-17.7637),(17.9734,-51.0142)]
triangle[(-0.52953,18.1725),(6.03643,13.5151),(12.2257,22.2406)]
triangle[(-10.9833,3.70033),(-17.8653,-7.0238),(1.06279,-19.1704)]
triangle[(10.719,-1.21795),(-19.1488,16.7069),(-54.7636,-42.6375)]
triangle[(12.5014,-17.9778),(0.369917,2.12756),(-31.7832,-17.2736)]
triangle[(-10.9828,1.92056),(-8.09688,1.4901),(-7.40279,6.14337)]
triangle[(1.60467,4.12882),(-7.24325,-0.283738),(-1.06325,-12.6757)]
triangle[(11.0533,3.59348),(-2.23495,2.3166),(-0.909247,-11.4797)]
triangle[(-3.38475,12.9993),(12.482,-10.7666),(45.7857,11.4677)]
triangle[(20.8292,3.33416),(-17.4392,4.42017),(-19.1309,-55.19)]
triangle[(-10.1021,-1.2647),(18.7125,5.72194),(11.0745,37.2228)]
triangle[(-8.52869,-16.9556),(-8.48947,-10.8007),(-16.6898,-10.7484)]
triangle[(12.2692,-4.21941),(10.8515,2.3214),(3.58802,0.747077)]
triangle[(-15.7428,-0.695259),(4.28256,6.7046),(-3.82911,28.6562)]
triangle[(5.77395,12.3137),(-5.56625,-6.74884),(17.135,-20.2537)]
triangle[(19.6166,12.8115),(-16.7045,-2.50785),(0.842596,-44.1107)]
triangle[(-7.08964,-6.18509),(-1.27479,-9.15072),(2.59264,-1.56766)]
triangle[(0.0128585,12.3721),(9.28241,7.26602),(18.3344,23.6989)]
triangle[(19.4372,12.8494),(16.8332,-19.1914),(73.7521,-23.8174)]
triangle[(-7.08008,-0.370733),(1.44276,18.4112),(-33.2977,34.1757)]
triangle[(9.34041,-4.58368),(7.78294,0.971513),(-2.13603,-1.8094)]
triangle[(-6.67209,18.9042),(19.4886,13.2302),(25.9867,43.1901)]
triangle[(-18.0516,8.32781),(-12.0372,-3.91606),(3.19361,3.5656)]
triangle[(-6.93989,-4.69524),(0.592694,-15.1105),(16.9095,-3.30967)]
triangle[(13.6547,18.5277),(-16.2218,-13.5394),(28.3908,-55.1043)]
triangle[(15.8351,-14.3379),(9.74044,-7.60497),(-3.12924,-19.2545)]
triangle[(12.4988,17.7744),(9.43883,20.8927),(6.22601,17.74)]
triangle[(12.5092,-17.1862),(19.1677,-13.7456),(15.2556,-6.17455)]
triangle[(-0.682643,4.42225),(16.0473,-7.94715),(38.9997,23.0966)]
triangle[(-14.1083,-13.2429),(8.35447,-1.09644),(-11.0483,34.7855)]
triangle[(6.5135,-8.99297),(-9.8107,10.8017),(-40.7839,-14.7411)]
triangle[(5.56861,18.1007),(10.2725,-13.3949),(65.8229,-5.09836)]
triangle[(-0.613156,19.9533),(2.83259,-20.9147),(66.7625,-15.5246)]
triangle[(-13.3297,0.871778),(7.40978,-3.59105),(14.7505,30.5222)]
triangle[(14.4669,-0.930119),(5.36327,-17.7839),(38.7029,-35.7924)]
triangle[(-3.33519,-6.20232),(-3.69222,-1.84754),(-10.0672,-2.3702)]
triangle[(17.6708,0.862062),(-6.97076,-12.5176),(7.75041,-39.6299)]
triangle[(-2.92303,10.1224),(19.42,-6.57274),(44.7319,27.3021)]
triangle[(-16.1429,-1.446),(-1.51017,-12.0053),(17.3464,14.1256)]
triangle[(-18.537,-18.6053),(3.85873,11.7954),(-53.9453,54.3788)]
triangle[(13.8261,12.439),(5.51021,-11.2643),(43.9852,-24.7626)]
triangle[(-8.05094,-20.6862),(15.8686,20.7494),(-39.6037,52.772)]
triangle[(-5.5184,17.2359),(8.74539,4.04593),(24.0964,20.6467)]
triangle[(1.75034,9.68443),(-0.214148,-20.875),(37.2602,-23.284)]
triangle[(3.64905,12.2949),(15.3944,-13.8807),(61.4534,6.78674)]
triangle[(-12.7671,-20.7447),(-14.7432,-0.565661),(-43.89,-3.41998)]
triangle[(16.2207,20.7252),(0.192278,-5.61893),(41.0085,-30.4526)]
triangle[(-15.0032,14.2463),(-19.1766,4.34767),(-6.10136,-1.16505)]
triangle[(-0.0639338,-6.26116),(-10.5453,15.926),(-38.6579,2.64535)]
triangle[(20.8576,8.5047),(12.2036,-12.846),(41.1631,-24.584)]
triangle[(8.29071,11.0497),(-19.0423,15.5597),(-24.4672,-17.3179)]
triangle[(-15.4609,-17.0894),(-3.9945,-0.0969986),(-36.8838,22.0966)]
triangle[(-14.1587,-16.8168),(20.9763,-0.299276),(-11.9853,69.8141)]
triangle[(-0.459352,-1.96196),(6.2496,15.6998),(-12.8272,22.9462)]
triangle[(-0.00442711,1.70129),(9.52614,-8.85767),(28.989,8.70961)]
triangle[(18.8466,-14.687),(-10.9295,-8.42576),(-23.0431,-66.0341)]
triangle[(2.42316,-9.01136),(-2.94692,5.81453),(-26.3234,-2.65266)]
triangle[(6.15074,-1.23321),(-3.82432,-11.0688),(6.446,-21.4847)]
triangle[(-10.2553,-3.11063),(20.8536,-8.9379),(31.0631,45.5657)]
triangle[(-12.7675,16.7499),(18.9074,-6.43187),(43.808,27.5917)]
triangle[(-15.6016,18.7019),(1.84473,8.00516),(19.5645,36.9058)]
triangle[(5.14334,16.4347),(-7.26918,13.0553),(-0.6307,-11.3279)]
triangle[(4.77517,-11.3023),(-3.62063,9.96048),(-32.9065,-1.60327)]
triangle[(-6.32389,-6.83962),(-16.4588,-12.9754),(-5.83845,-30.5179)]
triangle[(-18.1809,-0.398674),(6.37452,18.1101),(-20.1972,53.3626)]
triangle[(12.2226,4.25853),(9.17068,-0.323756),(18.1553,-6.30764)]
triangle[(-3.36889,3.7622),(-5.46955,16.0461),(-25.987,12.5374)]
triangle[(3.85302,-13.8678),(-15.5241,12.5507),(-51.337,-13.717)]
triangle[(2.97931,7.5743),(14.2092,-5.59241),(37.2798,14.0846)]
triangle[(4.299,-20.0176),(-5.8601,13.4028),(-68.605,-5.67024)]
triangle[(20.7949,6.67135),(-14.5902,9.9092),(-17.984,-27.18)]
triangle[(-6.88314,-12.9408),(6.49608,7.34021),(-15.3229,21.734)]
triangle[(17.4516,4.51662),(-11.8899,11.2619),(-21.9241,-32.3862)]
triangle[(-6.84134,3.15512),(15.7057,20.8051),(-9.91334,53.5322)]
triangle[(-17.3392,6.37922),(-14.0525,10.0634),(-20.7273,16.0181)]
triangle[(12.8325,6.11403),(18.9084,-6.58214),(41.4667,4.21348)]
triangle[(9.82479,3.71354),(7.65773,-17.5569),(39.9938,-20.8513)]
triangle[(12.3095,17.9203),(-3.60686,17.9695),(-3.65617,2.02489)]
triangle[(-7.50028,-1.55197),(-20.4456,-15.8314),(-5.75015,-29.1538)]
triangle[(3.69546,-6.26673),(-14.7393,3.26708),(-31.4582,-29.0608)]
triangle[(14.0204,-8.21704),(-2.53385,-9.34695),(-0.583579,-37.9202)]
triangle[(-3.51158,-13.1451),(15.994,-18.7874),(24.1936,9.55906)]
triangle[(10.6337,16.4469),(-0.206035,11.3958),(6.82156,-3.68557)]
triangle[(7.32787,13.1173),(-19.1934,0.327686),(-5.999,-27.033)]
triangle[(-0.43591,-4.91066),(11.7442,17.498),(-32.4463,41.5174)]
triangle[(1.49451,19.5399),(12.1526,16.0202),(18.7478,35.9919)]
triangle[(17.6792,2.09162),(2.58227,-17.7096),(40.1074,-46.3197)]
triangle[(-12.5238,-7.08058),(-8.35648,1.06731),(-21.9828,8.03663)]
triangle[(14.553,-9.29907),(-12.3461,-4.60376),(-18.164,-37.9342)]
triangle[(-17.0597,11.0884),(11.9905,-0.646951),(32.9002,51.114)]
triangle[(-0.928998,-19.6811),(-12.7938,13.1682),(-56.8277,-2.73639)]
triangle[(5.14859,19.136),(-8.30563,1.15474),(13.6182,-15.2494)]
triangle[(-10.4248,3.35015),(-1.09107,-8.71752),(15.0183,3.74221)]
triangle[(-0.342915,19.5302),(-10.6363,1.81184),(13.226,-12.0508)]
triangle[(0.204568,-14.3136),(-6.82918,0.168905),(-34.2704,-13.1586)]
triangle[(-6.68447,2.74275),(13.2494,17.9202),(-16.7385,57.306)]
triangle[(6.14218,-3.94226),(12.3965,14.1398),(-16.0196,23.9685)]
triangle[(7.27476,13.7113),(3.31362,8.21833),(11.1849,2.54212)]
triangle[(16.2129,-9.30805),(-8.54815,10.0915),(-43.1663,-34.0942)]
triangle[(-15.4254,-4.45751),(-3.44585,-15.9932),(10.2158,-1.80601)]
triangle[(-8.85893,-11.3533),(12.8157,15.6093),(-14.2141,37.3379)]
triangle[(-5.08606,-19.9422),(-20.4687,-5.66169),(-47.1275,-34.3778)]
triangle[(9.92221,-9.65374),(9.55645,19.2154),(-20.1691,18.8388)]
triangle[(12.3114,-8.0813),(11.5592,7.38631),(-16.7139,6.01137)]
triangle[(19.9753,-18.4843),(7.03457,13.3467),(-50.6904,-10.1211)]
triangle[(12.5594,2.9193),(-9.42495,-12.1479),(17.9692,-52.1183)]
triangle[(17.7483,-0.0116661),(-12.7719,5.71971),(-21.2977,-39.6806)]
triangle[(-8.90932,-12.6937),(1.24674,20.8052),(-42.5506,34.0835)]
triangle[(3.76578,-16.5212),(9.57064,-16.4149),(9.41794,-8.07836)]
triangle[(-10.778,2.91242),(3.60414,-9.5106),(19.0816,8.40769)]
triangle[(-7.63524,9.36399),(-15.8172,16.5732),(-29.6298,0.896915)]
triangle[(-7.00945,-5.47618),(-17.4232,-15.4745),(-0.388521,-33.2169)]
triangle[(10.8147,-7.02029),(15.8427,-10.7796),(20.0239,-5.18728)]
triangle[(0.365431,9.64966),(3.77039,-10.5215),(35.0107,-5.24802)]
triangle[(-9.2675,-9.8954),(-0.264802,-17.7973),(12.1634,-3.63786)]
triangle[(-13.2923,-6.76842),(13.6569,-17.3811),(27.923,18.8456)]
triangle[(9.02566,-11.4547),(-8.43905,15.2066),(-40.2393,-5.62435)]
triangle[(-13.2965,-6.40115),(1.92893,-9.53832),(7.21954,16.1384)]
triangle[(13.3154,-16.1072),(9.62914,-13.6231),(4.81871,-20.7615)]
triangle[(-20.8202,-18.984),(-4.86106,-17.0693),(-7.24362,2.78937)]
triangle[(7.14098,19.3598),(-8.37526,-12.4189),(46.6972,-39.3086)]
triangle[(7.29568,9.87781),(19.1834,13.8079),(14.5942,27.6893)]
triangle[(-19.8418,20.2022),(-20.8863,8.3888),(-2.92505,6.80083)]
triangle[(0.819013,-6.23109),(-4.66275,11.7691),(-22.8313,6.2361)]
triangle[(11.5552,-15.9672),(14.3343,8.7264),(-21.5508,12.7651)]
triangle[(-3.68107,2.70151),(-16.1642,-12.2999),(3.88776,-28.9857)]
triangle[(4.66245,-12.8533),(0.0240224,7.08337),(-30.9717,-0.128067)]
triangle[(-17.6441,4.83011),(5.16095,20.2346),(-13.5498,47.9343)]
triangle[(-4.67798,-19.979),(18.9033,-6.56242),(-2.19458,30.5197)]
triangle[(-7.7503,-10.2458),(1.37546,-11.4624),(2.82222,-0.610365)]
triangle[(15.5885,20.7261),(-0.00799945,-5.28041),(39.7382,-29.1167)]
triangle[(-17.6415,-15.5596),(7.69135,5.60507),(-22.7086,41.992)]
triangle[(-5.00335,13.2224),(-3.27776,-15.5864),(43.4344,-12.7885)]
triangle[(18.297,-6.10021),(20.0435,-3.12896),(14.9011,-0.106125)]
triangle[(-9.00278,-15.5201),(19.1346,9.27607),(-6.48289,38.3453)]
triangle[(11.5314,7.84329),(-19.5594,-7.32736),(4.20322,-56.0265)]
triangle[(12.9218,11.2338),(8.01031,13.0797),(5.67885,6.87644)]
triangle[(16.1795,10.4539),(17.2779,-20.0292),(50.4508,-18.8339)]
triangle[(20.758,13.6196),(-15.4559,-0.300254),(11.3022,-69.9143)]
triangle[(14.8939,0.980183),(-8.26669,13.3044),(-27.8223,-23.446)]
triangle[(3.49521,11.0686),(10.4252,3.17718),(18.5272,10.2921)]
triangle[(10.5027,19.701),(-3.93165,-1.72414),(21.1991,-18.6549)]
triangle[(17.0028,5.04123),(-16.8906,-3.49201),(-6.48455,-44.824)]
triangle[(-17.8712,0.937331),(-17.2136,10.0158),(-27.7116,10.7762)]
triangle[(-2.53476,2.82878),(-16.6622,1.08093),(-14.798,-13.9871)]
triangle[(7.46157,4.98827),(-0.468911,-11.367),(24.2188,-23.3378)]
triangle[(-19.6527,-1.09098),(16.5472,1.31965),(13.511,46.9127)]
triangle[(6.77473,-18.7103),(-12.6717,-12.4736),(-19.6314,-34.1749)]
triangle[(-8.017,1.6404),(-8.0545,-9.7514),(6.728,-9.80005)]
triangle[(-5.91002,-2.02789),(-15.8373,8.34916),(-29.9887,-5.1889)]
triangle[(-13.5905,18.1241),(-14.2267,-4.44139),(20.9066,-5.43189)]
triangle[(-4.23323,-11.1983),(-20.2056,6.61956),(-40.8369,-11.8749)]
triangle[(20.0333,13.9941),(-4.54397,-0.466413),(19.0306,-40.5341)]
triangle[(7.57121,-14.4382),(-16.2852,7.33861),(-58.7219,-39.1506)]
triangle[(17.3524,2.48205),(-8.8219,-0.445347),(-3.33552,-49.4999)]
triangle[(-10.2325,-11.1981),(-19.7115,-1.07014),(-34.7824,-15.1754)]
triangle[(4.52461,-3.38733),(-1.33501,-9.4936),(10.6882,-21.0312)]
triangle[(-11.2967,14.0886),(-5.03544,18.2798),(-12.2797,29.1022)]
triangle[(-0.700806,-12.6686),(3.66498,-0.986126),(-17.7757,7.02638)]
triangle[(-20.9058,-14.2329),(0.450444,14.4876),(-36.2104,41.7482)]
triangle[(-15.3126,-17.0366),(-19.6188,18.7984),(-81.1331,11.4063)]
triangle[(1.05605,-17.3411),(-6.0575,-4.25043),(-30.0479,-17.2869)]
triangle[(9.71127,2.4852),(-0.135182,-0.959117),(4.28931,-13.6077)]
triangle[(-19.4302,-17.8444),(-14.9512,14.4673),(-62.0039,20.9897)]
triangle[(5.55777,-18.6287),(-16.9187,18.5336),(-59.9241,-7.47682)]
triangle[(0.291596,11.3893),(-7.30438,7.95846),(-2.61076,-2.43335)]
triangle[(-3.45432,-2.29004),(0.793885,19.7685),(-32.8781,26.2533)]
triangle[(5.81446,-19.1593),(6.23957,3.22009),(-36.3316,4.02876)]
triangle[(-8.17443,7.12367),(-13.9126,-10.5829),(16.1528,-20.3262)]
triangle[(3.15536,-13.6277),(17.2812,17.1621),(-17.9445,33.323)]
triangle[(11.3499,-11.1655),(6.25723,-6.0367),(-3.89262,-16.1149)]
triangle[(8.6371,12.6712),(-8.97074,8.31587),(-3.99028,-11.819)]
triangle[(2.62559,13.5423),(-18.6417,-14.682),(27.3438,-49.3325)]
triangle[(-16.6872,10.5489),(3.54226,-0.887966),(21.5439,30.9532)]
triangle[(-17.2426,5.22321),(15.7166,-13.1185),(44.0187,37.7392)]
triangle[(6.68967,3.88547),(-19.7683,-4.20884),(-10.8334,-33.4143)]
triangle[(-16.765,17.7103),(5.27767,10.9772),(18.5867,54.548)]
triangle[(16.4406,4.45319),(-18.5178,11.2027),(-29.4843,-45.597)]
triangle[(-4.79184,5.53642),(-11.7619,-6.60556),(9.65346,-18.899)]
triangle[(17.4818,-5.62137),(6.7335,9.51577),(-15.1905,-6.05157)]
triangle[(1.83872,17.2078),(-5.60976,-5.0189),(34.8716,-18.5848)]
triangle[(-4.20801,19.5432),(9.70088,2.75186),(27.955,17.8725)]
triangle[(16.6019,-17.2159),(4.53805,-3.60698),(-11.9036,-18.182)]
triangle[(7.21591,-15.7801),(-13.067,-20.0197),(-5.41605,-56.6229)]
triangle[(7.75487,12.94),(14.502,6.95588),(23.4983,17.0993)]
triangle[(-19.7388,-14.4341),(19.7585,-4.5145),(2.36598,64.7381)]
triangle[(13.5461,16.0852),(-5.12768,-5.21331),(31.8224,-37.6098)]
triangle[(-0.235804,-12.2388),(-5.71612,-4.18697),(-19.3125,-13.4411)]
triangle[(18.5299,-14.3413),(-5.23439,-8.37695),(-11.7774,-34.4469)]
triangle[(-9.26638,-14.3011),(-1.24382,7.31136),(-30.9701,18.3458)]
triangle[(12.7929,-2.5033),(16.6728,14.9977),(-5.23326,19.8542)]
triangle[(-3.52002,-20.6429),(-19.641,-13.3412),(-32.5382,-41.816)]
triangle[(-0.710762,6.28349),(-5.49114,16.8363),(-16.1213,12.0208)]
triangle[(-12.0912,-14.0842),(-8.23724,-17.4203),(-2.64436,-10.9594)]
triangle[(-0.0800725,15.4294),(15.7252,17.592),(13.5602,33.4152)]
triangle[(-13.5221,-13.3907),(1.75668,6.67408),(-37.5578,36.611)]
triangle[(10.626,19.7203),(1.23712,-10.2962),(52.2539,-26.2538)]
triangle[(19.9907,10.606),(3.7803,14.731),(-1.88876,-7.54736)]
triangle[(5.59611,-9.58142),(-17.717,-0.701529),(-30.8813,-35.2628)]
triangle[(-17.2647,-9.33625),(10.3913,-8.58236),(9.5108,23.7177)]
triangle[(19.636,14.0154),(12.8264,-16.2031),(66.6856,-28.34)]
triangle[(4.75001,-6.36452),(-2.13433,-2.97748),(-7.49586,-13.8751)]
triangle[(-4.21685,-14.3035),(-12.7704,-5.4045),(-25.0372,-17.1951)]
triangle[(10.0217,0.660714),(8.48631,-7.27848),(20.0237,-9.50969)]
triangle[(0.485104,16.963),(-5.7348,4.14675),(12.4891,-4.69752)]
triangle[(15.6618,-20.1249),(-8.20824,-10.1906),(-23.769,-47.58)]
triangle[(-19.7336,-20.0375),(4.81398,-18.9362),(2.81107,25.7097)]
triangle[(-19.7334,-1.9842),(-5.16997,-11.364),(9.21117,10.9647)]
triangle[(6.10858,-20.1567),(2.50261,-11.4181),(-12.5199,-17.6171)]
triangle[(-3.14565,16.2877),(-9.97092,-10.9499),(31.354,-21.3052)]
triangle[(-0.449079,-20.2096),(-6.83163,-17.1517),(-11.0464,-25.9489)]
triangle[(-9.65903,-4.50014),(2.31028,7.02036),(-12.4022,22.3061)]
triangle[(-0.00949943,-17.4882),(-6.02917,-20.7829),(-0.757463,-30.4148)]
triangle[(-3.71812,20.7815),(17.9902,-19.9691),(75.14,10.4752)]
triangle[(19.1752,-16.9797),(12.3686,-15.4121),(10.7383,-22.4905)]
triangle[(-14.0874,6.16759),(-2.52629,-5.80965),(12.1848,8.39028)]
triangle[(-8.13818,-19.8804),(-3.89104,-15.5079),(-8.58498,-10.9485)]
triangle[(-1.61515,7.88852),(3.62191,1.59287),(10.0345,6.9272)]
triangle[(8.80406,-3.0236),(-19.6729,-6.57838),(-12.6005,-63.234)]
triangle[(9.49431,-10.875),(15.1002,-7.48884),(9.5701,1.6664)]
triangle[(-8.63986,4.00552),(14.405,-20.0684),(39.6854,4.13133)]
triangle[(-10.1956,-1.51473),(-18.4727,-19.8464),(1.78463,-28.993)]
triangle[(-18.5566,6.42894),(-13.2959,7.74255),(-15.8067,17.7978)]
triangle[(-1.10631,-14.5283),(-18.4035,7.42335),(-54.4613,-20.9891)]
triangle[(20.1177,15.9123),(20.901,-1.64557),(48.3464,-0.421246)]
triangle[(-4.39333,-16.9029),(-8.04324,14.4865),(-55.8701,8.92531)]
triangle[(7.47929,-2.27674),(3.46582,-7.72427),(12.8053,-14.6052)]
triangle[(15.3499,-19.4234),(-15.4954,-11.1667),(-28.4445,-59.542)]
triangle[(-12.1564,3.95993),(19.9526,13.1165),(3.91512,69.3541)]
triangle[(-10.9186,-4.15025),(-8.48369,5.55676),(-21.3557,8.78564)]
triangle[(0.674977,-16.5336),(1.23953,16.1475),(-53.9171,17.1003)]
triangle[(-0.932193,-3.65633),(-0.596991,-8.49549),(4.42088,-8.14791)]
triangle[(20.7977,6.52373),(8.65148,-8.69354),(34.0134,-28.9371)]
triangle[(-16.6153,-2.10871),(-14.2988,12.101),(-29.8584,14.6376)]
triangle[(-16.8043,3.35315),(3.61993,-13.2442),(26.8396,15.3292)]
triangle[(15.7768,8.06802),(-4.69287,10.7621),(-9.52172,-25.9274)]
triangle[(-0.720169,9.96944),(15.0675,13.0172),(10.3806,37.2958)]
triangle[(-19.3457,-18.496),(1.30139,-8.93202),(-15.1295,26.5398)]
triangle[(-10.6878,0.73859),(-16.6729,-11.8),(6.69459,-22.9542)]
triangle[(3.43882,19.6022),(-8.2389,-3.52144),(30.0689,-22.8674)]
triangle[(5.94819,3.29727),(2.76271,-16.4012),(32.9164,-21.2774)]
triangle[(7.17598,6.38893),(9.509,-18.6179),(45.5273,-15.2576)]
triangle[(-14.1919,-13.3304),(13.0161,-8.39091),(6.014,30.1789)]
triangle[(1.26105,-5.28807),(-20.0373,19.2477),(-67.154,-21.6522)]
triangle[(-0.543547,19.1866),(-16.7253,-19.8253),(33.1738,-40.523)]
triangle[(-9.55078,-6.71013),(-17.9444,17.5143),(-58.1498,3.58339)]
triangle[(1.16754,18.9251),(1.62877,7.94545),(23.1563,8.84977)]
triangle[(-7.25805,-19.7539),(13.9012,19.2532),(-39.0629,47.9834)]
triangle[(11.8156,-6.8542),(-10.0454,-8.07952),(-8.5182,-35.326)]
triangle[(19.2213,8.73133),(-12.8999,11.7129),(-17.9201,-42.3703)]
triangle[(11.0529,-15.3113),(-12.8248,-7.54025),(-27.9788,-54.1033)]
triangle[(-11.4583,-6.23982),(11.2619,-18.1604),(28.0963,13.9252)]
triangle[(16.0517,-11.6146),(8.12041,18.7606),(-27.9741,9.33596)]
triangle[(15.9466,19.5411),(-20.9283,19.1379),(-20.2774,-40.3852)]
triangle[(18.7078,18.8289),(-16.2823,19.3044),(-16.9955,-33.1753)]
triangle[(-18.7182,-20.3425),(3.49332,19.9052),(-45.0387,46.6886)]
triangle[(-19.4527,10.4183),(2.65425,20.71),(-15.6679,60.0664)]
triangle[(7.24854,20.2591),(16.3118,16.6154),(22.9731,33.1849)]
triangle[(-13.1989,-11.3849),(-2.80072,-14.2225),(2.3597,4.68695)]
triangle[(7.47793,1.32865),(-9.28041,-13.4328),(11.0553,-36.5194)]
triangle[(-5.96775,2.33852),(-17.466,17.4906),(-43.3392,-2.14336)]
triangle[(-1.77564,15.7041),(-17.164,-7.1718),(8.79571,-24.6347)]
triangle[(1.18757,13.2332),(14.777,3.67102),(27.6728,21.9981)]
triangle[(-15.1779,19.2394),(20.6628,5.89391),(35.9433,46.9312)]
triangle[(0.702121,-8.48809),(8.78669,14.1045),(-17.566,23.5346)]
triangle[(12.3058,-17.4268),(2.723,9.27584),(-30.0252,-2.47653)]
triangle[(-9.7793,0.606841),(5.46153,-7.87238),(16.7535,12.4242)]
triangle[(-7.92217,17.3839),(-4.25479,13.3904),(0.161627,17.446)]
triangle[(12.4144,-4.1467),(-16.9735,10.8625),(-35.9967,-26.3846)]
triangle[(-9.11578,19.5316),(-12.8767,-2.70555),(22.4802,-8.68533)]
triangle[(10.2491,20.6059),(3.07705,-14.8094),(48.0862,-23.9244)]
triangle[(-12.5626,12.6246),(-15.2194,-11.9007),(21.0205,-15.8265)]
triangle[(13.1333,-16.1056),(-12.5889,-1.84608),(-34.972,-42.2221)]
triangle[(10.0821,-15.3322),(6.83753,7.88458),(-35.1611,2.01512)]
triangle[(-13.3448,4.5179),(9.77853,7.34903),(6.07653,37.5851)]
triangle[(-10.3994,-18.9154),(-19.9504,-5.7838),(-44.4246,-23.5846)]
triangle[(-17.9753,7.53867),(12.6567,2.35376),(21.9116,57.0308)]
triangle[(3.03068,-12.9608),(1.32145,10.5028),(-36.5745,7.74218)]
triangle[(-3.54405,3.38153),(-9.05248,11.8349),(-18.5171,5.66756)]
triangle[(12.5739,17.1603),(16.5325,0.45839),(38.3705,5.63435)]
triangle[(7.96374,-19.859),(-3.09561,17.2889),(-65.4599,-1.27768)]
triangle[(-11.5826,-11.1892),(4.45762,-14.6545),(9.61506,9.21868)]
triangle[(-1.0066,0.205986),(-10.3224,-16.9674),(13.5168,-29.8992)]
triangle[(2.10705,11.4124),(8.14923,-13.0301),(47.296,-3.35301)]
triangle[(-18.0085,0.333303),(-5.56649,6.28796),(-15.0478,26.0988)]
triangle[(9.84983,16.2848),(16.7052,4.77733),(36.1801,16.3791)]
triangle[(17.807,14.4326),(-11.4879,-6.95346),(15.2175,-43.5348)]
triangle[(-4.31819,6.31701),(0.572729,-6.75538),(18.7658,0.0513968)]
triangle[(3.02799,-20.1126),(5.29131,9.9234),(-45.7514,13.7696)]
triangle[(15.3372,19.5556),(-13.5034,-19.4988),(37.0396,-56.8235)]
triangle[(12.8253,-10.2787),(16.1189,7.20322),(-18.2623,13.6808)]
triangle[(-11.6207,4.74191),(9.29784,3.31007),(11.8766,40.9849)]
triangle[(13.6383,14.2401),(6.94518,16.4238),(4.59421,9.21797)]
triangle[(-16.3165,-16.2866),(1.75645,-18.0271),(4.46562,10.1044)]
triangle[(6.91753,0.326825),(-7.69981,-11.9861),(9.87336,-32.8481)]
triangle[(-8.35115,18.9695),(-0.154366,-17.382),(69.6087,-1.65132)]
triangle[(-20.6821,-8.89368),(-5.02622,-9.58971),(-4.00435,13.3956)]
triangle[(16.6232,-17.5281),(-17.4819,-4.89321),(-35.1657,-52.6264)]
triangle[(-13.0884,8.45002),(4.17393,-14.1576),(38.4981,12.0511)]
triangle[(-20.3813,12.4844),(-11.7778,20.7307),(-20.9735,30.3248)]
triangle[(9.56048,-13.8739),(10.0053,-0.999334),(-4.22689,-0.507653)]
triangle[(-11.6698,-9.90253),(-20.4609,-6.52685),(-25.9422,-20.8016)]
triangle[(-12.3357,-5.63639),(-15.128,8.85764),(-38.7972,4.2978)]
triangle[(1.79737,-20.7286),(9.39855,-6.60462),(-4.84562,1.06123)]
triangle[(-19.0456,14.9897),(-10.9536,6.68959),(3.77305,21.047)]
triangle[(8.72667,-4.58041),(-19.6641,11.1622),(-36.7611,-19.6712)]
triangle[(-19.0345,-17.4833),(16.8257,-3.01093),(-7.27789,56.7141)]
triangle[(12.6193,2.38297),(11.46,20.5394),(-21.3999,18.4414)]
triangle[(18.7524,4.28622),(12.6563,-19.6529),(43.1482,-27.4177)]
triangle[(-11.116,-12.9366),(17.2003,-11.8482),(15.5494,31.1029)]
triangle[(-19.1815,-0.722135),(-5.31303,6.23045),(-14.9239,25.4013)]
triangle[(10.2293,13.2544),(-4.66307,-6.50888),(18.7605,-24.1594)]
triangle[(-15.978,-12.506),(-19.2802,4.58784),(-46.9595,-0.759219)]
triangle[(16.5147,-11.0103),(17.7875,1.99033),(-6.01062,4.32018)]
triangle[(-12.1585,-4.48292),(-16.0568,-17.4482),(7.70122,-24.5917)]
triangle[(-3.07851,-10.4038),(17.1915,-18.3491),(29.7582,13.7106)]
triangle[(-18.3773,20.6748),(-13.7594,15.5659),(-8.19504,20.5955)]
triangle[(3.28635,-3.70827),(1.91086,3.9631),(-8.31417,2.12973)]
triangle[(18.0903,15.2019),(15.3243,1.68446),(36.6868,-2.68683)]
triangle[(16.8813,11.0157),(10.6305,7.77585),(15.1146,-0.875587)]
triangle[(-3.61076,-16.4856),(-1.41457,-12.2016),(-7.95014,-8.85118)]
triangle[(-6.05456,2.58496),(-6.1788,9.69116),(-17.234,9.49788)]
triangle[(10.3038,-20.3552),(8.36838,0.693079),(-30.0853,-2.84272)]
triangle[(-5.47406,-17.1325),(7.49604,-19.7193),(12.3386,4.56109)]
triangle[(18.677,-20.1781),(-14.8232,-8.5674),(-37.4253,-73.7808)]
triangle[(9.10301,17.2875),(18.465,19.6316),(15.6971,30.6863)]
triangle[(-9.5564,-9.50233),(-16.1641,15.2863),(-62.6452,2.89615)]
triangle[(-6.18454,-16.2781),(-9.45835,0.29472),(-37.1569,-5.17685)]
triangle[(-6.77646,6.7677),(14.784,-11.7531),(41.3475,19.1702)]
triangle[(-19.7117,-4.68064),(-20.8402,-20.4879),(3.08742,-22.1962)]
triangle[(6.76764,-5.38704),(-8.41199,-1.88121),(-13.0345,-21.896)]
triangle[(9.50171,1.52384),(-20.2989,13.1976),(-35.2616,-24.999)]
triangle[(-5.38181,2.98145),(9.22214,-19.4951),(49.1032,6.41734)]
triangle[(-20.1412,-11.7076),(6.90905,-2.75529),(-3.41492,28.4395)]
triangle[(-19.4274,9.00294),(-17.0452,-19.8527),(16.5686,-17.0778)]
triangle[(14.272,12.3115),(1.77761,-1.22437),(26.8907,-24.4052)]
triangle[(11.7807,15.0414),(-15.7805,19.2236),(-21.1504,-16.1652)]
triangle[(13.322,16.9101),(-12.2944,-7.00008),(27.7655,-49.9185)]
triangle[(10.3707,-4.63562),(-16.0039,-5.85285),(-13.8848,-51.7697)]
triangle[(-8.03008,17.1308),(0.886101,-2.96368),(22.5702,6.65786)]
triangle[(14.1196,-18.7359),(11.7352,5.26216),(-34.4504,0.673293)]
triangle[(-20.0023,19.1653),(-10.0924,12.8018),(0.788066,29.7462)]
triangle[(18.7451,14.9186),(-3.50074,-12.497),(35.2825,-43.9669)]
triangle[(3.72726,19.214),(2.36689,-13.1048),(63.4036,-15.674)]
triangle[(14.3609,14.2818),(-9.82138,20.5881),(-22.38,-27.5698)]
triangle[(-6.77083,8.83731),(1.0654,12.5224),(-6.24707,28.072)]
triangle[(17.1089,-6.60358),(9.19486,4.57946),(-2.22207,-3.5001)]
triangle[(3.76837,13.0731),(-12.5517,-2.11329),(11.4459,-27.9022)]
triangle[(3.1311,-17.5009),(-16.217,-7.91395),(-27.6634,-31.0148)]
triangle[(-5.04244,4.75265),(0.649316,10.1724),(-9.90365,21.255)]
triangle[(-0.95141,0.516124),(10.6476,1.70725),(9.40657,13.7917)]
triangle[(-12.2365,-4.8144),(-0.0631865,1.73659),(-11.3906,22.7856)]
triangle[(1.20365,-5.59596),(1.96798,-15.8976),(20.7734,-14.5023)]
triangle[(2.86568,0.494154),(12.8577,-19.5216),(51.9987,0.0179182)]
triangle[(-6.46842,-16.7864),(-7.32113,-2.419),(-22.7148,-3.33262)]
triangle[(6.53962,-15.2623),(-16.0089,-7.19939),(-27.9359,-40.5542)]
triangle[(16.5122,1.66477),(-12.3781,-18.4061),(9.9824,-50.592)]
triangle[(-9.22155,-3.17171),(9.38341,15.3232),(-14.5588,39.4078)]
triangle[(5.55295,14.192),(19.9349,4.449),(30.828,20.5288)]
triangle[(-10.9702,8.14052),(14.4325,5.11605),(20.4673,55.8033)]
triangle[(-15.8767,-8.6265),(15.9307,-6.96672),(14.0877,28.3517)]
triangle[(-19.4103,-20.696),(16.7782,-20.3068),(16.3593,18.6469)]
triangle[(12.1451,11.2993),(5.03327,17.1902),(-6.27781,3.53495)]
triangle[(0.944753,0.935815),(16.1548,-11.2141),(29.5659,5.57487)]
triangle[(4.4966,16.309),(-15.721,8.64159),(-6.15894,-16.5717)]
triangle[(-13.2847,-6.38424),(17.0192,-5.98231),(16.4431,37.4472)]
triangle[(-15.9061,9.27418),(20.1128,10.2302),(19.1276,47.3464)]
triangle[(-12.8184,12.0799),(-8.8466,-3.10234),(7.09948,1.06933)]
triangle[(11.645,-12.5458),(-9.97858,-16.3253),(-4.35769,-48.4843)]
triangle[(-1.59929,5.24147),(-14.0103,-2.88357),(-1.17043,-22.4965)]
triangle[(9.99834,-0.653826),(17.091,-10.5101),(36.5295,3.47815)]
triangle[(5.9527,18.2309),(-17.523,8.34102),(2.11985,-38.2856)]
triangle[(-3.01204,13.2391),(-19.1214,-1.00478),(5.79239,-29.1815)]
triangle[(-11.4085,-8.21328),(1.46826,19.0088),(-33.2587,35.4356)]
triangle[(10.2058,13.737),(14.0238,8.21743),(21.9432,13.6953)]
triangle[(-12.3798,-17.7663),(2.85804,19.3626),(-38.611,36.3817)]
triangle[(-16.0011,15.4711),(8.43914,-14.1713),(40.1935,12.0103)]
triangle[(5.7233,-3.97027),(1.14203,-3.71956),(0.780704,-10.3222)]
triangle[(-8.02029,6.23755),(-15.5283,-8.82301),(13.3083,-23.1986)]
triangle[(4.45531,-18.8985),(-12.9165,20.6959),(-56.6841,1.49314)]
triangle[(5.70116,20.5299),(2.89162,20.6968),(2.65437,16.7017)]
triangle[(3.18111,4.29268),(15.8407,4.53143),(15.5276,21.1355)]
triangle[(17.5955,14.061),(0.243388,9.47769),(5.89162,-11.9063)]
triangle[(-9.27322,-4.27927),(6.79735,-20.7596),(36.3008,8.01015)]
triangle[(6.8133,-18.5035),(-4.09754,-2.42488),(-29.9989,-20.0014)]
triangle[(4.44023,-4.35694),(7.43308,-15.0258),(24.5818,-10.2152)]
triangle[(14.352,-18.1407),(-3.2965,-2.26025),(-31.4557,-33.5545)]
triangle[(0.555335,6.54159),(0.56019,-8.07089),(20.3723,-8.0643)]
triangle[(-9.98464,10.9843),(-18.5037,8.24559),(-14.7356,-3.47533)]
triangle[(-11.3479,-13.3921),(-1.01649,-1.26252),(-22.4899,17.0275)]
triangle[(-16.9483,-9.84632),(1.01382,17.2378),(-51.879,52.3162)]
triangle[(-2.15975,7.23247),(7.02063,-4.25722),(21.3492,7.19143)]
triangle[(-10.261,-2.64063),(-10.2036,-20.0811),(7.45005,-20.023)]
triangle[(20.8505,-14.1732),(10.8331,3.58706),(-7.34331,-6.66509)]
triangle[(-12.0914,15.4016),(-3.8442,-8.93987),(20.6066,-0.655666)]
triangle[(4.56618,2.99012),(1.73476,8.00794),(-6.69769,3.24976)]
triangle[(5.99245,-6.14024),(15.7365,7.00336),(-3.16462,21.0158)]
triangle[(14.3326,2.00227),(-2.00412,14.5549),(-25.7276,-16.3202)]
triangle[(-17.2497,-6.28859),(-0.284336,-12.0669),(9.02163,15.2555)]
triangle[(-11.9491,0.318614),(-20.2504,-5.13117),(-12.1942,-17.4026)]
triangle[(-1.93653,-11.5503),(12.7823,-1.27898),(-4.76879,23.872)]
triangle[(-19.6618,0.44582),(-1.18182,1.48987),(-3.05891,34.7148)]
triangle[(-13.678,-19.8133),(17.1181,-17.9794),(13.7162,39.1482)]
triangle[(14.0948,-5.24882),(4.93148,-9.97171),(11.3919,-22.5062)]
triangle[(-16.2667,3.29044),(-11.4961,-12.374),(10.4049,-5.70396)]
triangle[(-8.27782,-17.4447),(15.2957,19.4175),(-55.1086,64.4413)]
triangle[(-8.96726,10.3944),(-7.98092,16.1711),(-16.9141,17.6964)]
triangle[(-14.83,11.3278),(-10.8369,-4.57527),(15.2861,1.98392)]
triangle[(-1.21737,-4.09206),(12.2428,2.71709),(2.06828,22.8297)]
triangle[(3.59976,-10.791),(7.68086,-9.68653),(6.01854,-3.54397)]
triangle[(2.17369,-0.34927),(14.2136,-16.6093),(39.3074,1.97166)]
triangle[(-8.32391,-19.9998),(17.2622,-12.5236),(3.45432,34.7315)]
triangle[(4.52858,-19.8293),(-18.3802,-7.55865),(-39.9175,-47.7679)]
triangle[(-9.21863,-0.0215852),(11.8138,7.25868),(2.34839,34.6038)]
triangle[(-2.82134,-12.6985),(2.94056,19.0826),(-50.1744,28.7124)]
triangle[(-9.34642,1.19733),(-14.6569,14.3148),(-32.8537,6.94797)]
triangle[(-12.5364,5.54345),(-7.58388,2.25736),(-1.96892,10.7197)]
triangle[(-6.60168,13.1588),(-14.8222,-14.4604),(29.3313,-27.6022)]
triangle[(11.1127,-8.91339),(-2.82617,12.795),(-40.7594,-11.5617)]
triangle[(9.47827,10.1285),(-0.541345,-6.32202),(23.7229,-21.1007)]
triangle[(-11.1634,-13.0187),(-18.3064,9.07141),(-44.0719,0.739863)]
triangle[(-19.5269,-7.82023),(2.52236,-15.2971),(11.1127,10.0357)]
triangle[(12.7692,0.148333),(6.8511,0.956682),(5.76915,-6.96456)]
triangle[(-10.9471,-8.65605),(-10.7715,15.35),(-42.1563,15.5797)]
triangle[(-12.1108,7.98739),(9.12605,-9.56503),(43.0028,31.4229)]
triangle[(20.7058,18.094),(-19.547,13.3733),(-11.9745,-51.1973)]
triangle[(9.31094,2.88257),(13.6215,7.99322),(6.35447,14.1226)]
triangle[(17.3937,13.3144),(10.0738,9.74741),(14.7205,0.211779)]
triangle[(-7.76481,-6.48226),(-2.06127,-5.43111),(-3.99731,5.07383)]
triangle[(8.97619,-19.3005),(6.54573,4.94492),(-19.3218,2.35184)]
triangle[(-8.96369,6.65534),(-2.19872,-18.732),(46.4964,-5.75614)]
triangle[(18.9618,2.46212),(-3.88271,4.49995),(-6.50027,-24.8435)]
triangle[(11.4677,8.34784),(19.1549,-16.919),(48.5598,-7.97293)]
triangle[(5.30599,18.7398),(-10.5879,-12.6334),(26.6844,-31.5159)]
triangle[(8.69273,1.97853),(-14.3852,6.78243),(-22.767,-33.4836)]
triangle[(7.24636,15.6485),(0.533985,11.4087),(8.18077,-0.697523)]
triangle[(-3.47403,-8.67971),(-17.264,-9.161),(-16.6662,-26.2898)]
triangle[(13.9343,4.72007),(2.81458,-7.73516),(25.5347,-28.0191)]
triangle[(-19.5197,15.353),(15.8798,19.5111),(10.6981,63.6245)]
triangle[(9.15005,-11.1259),(-15.799,-20.1511),(0.306737,-64.6737)]
triangle[(11.1154,8.68194),(8.63527,20.0403),(-12.1386,15.5044)]
triangle[(-20.1912,-9.09048),(7.17738,-17.9944),(16.892,11.8662)]
triangle[(-19.1311,10.062),(-19.3744,-7.2729),(12.3915,-7.71875)]
triangle[(-10.0939,20.0437),(5.99167,-9.85367),(63.8998,21.3024)]
triangle[(-6.24397,17.0579),(14.2488,-6.14032),(50.8455,26.1884)]
triangle[(-18.5774,-16.668),(0.487882,9.03628),(-29.2275,31.0767)]
triangle[(1.35201,-1.00394),(-18.3089,4.07706),(-24.6006,-20.2689)]
triangle[(5.88544,-17.3867),(16.9323,-4.20269),(1.2663,8.92383)]
triangle[(10.7128,-6.15609),(-1.97789,17.7281),(-41.7119,-3.38427)]
triangle[(3.06667,16.2254),(5.80777,-8.16125),(30.2576,-5.41305)]
triangle[(-13.2246,-0.756004),(-11.3877,-12.2939),(5.96936,-9.53045)]
triangle[(-3.33478,8.19214),(3.8418,20.6428),(-16.6719,32.467)]
triangle[(20.4016,16.6032),(-10.3989,-4.1648),(18.8595,-47.5572)]
triangle[(9.74988,6.5888),(-9.0117,-16.3862),(31.0458,-49.0975)]
triangle[(-20.2382,6.25968),(-12.3543,8.59252),(-16.8904,23.9226)]
triangle[(15.0854,-14.8154),(-6.45543,-8.82007),(-12.8495,-31.7935)]
triangle[(-15.6547,-8.70664),(11.2147,15.5239),(-32.6024,64.1128)]
triangle[(-10.6431,-5.53624),(-5.52905,20.9353),(-41.2952,27.845)]
triangle[(-8.64733,-14.1361),(5.67716,19.8284),(-32.8574,36.0803)]
triangle[(1.44221,18.2348),(16.2318,-8.55129),(64.7909,18.26)]
triangle[(-10.7757,-9.14667),(9.62943,14.4783),(-18.0104,38.3511)]
triangle[(-5.20396,3.18682),(-20.5682,-10.2243),(-2.46627,-30.9625)]
triangle[(14.3236,20.8197),(13.1727,18.0351),(16.5207,16.6513)]
triangle[(-18.0108,-10.2604),(-20.8917,-2.5279),(-33.2662,-7.13827)]
triangle[(0.0867812,-6.03709),(10.6047,7.56829),(-14.6049,27.057)]
triangle[(-16.2198,1.77197),(-3.43982,5.50668),(-9.71473,26.9791)]
triangle[(1.60254,-0.292471),(9.55091,-4.98271),(15.3515,4.84736)]
triangle[(-15.837,-13.3877),(9.86788,-4.96679),(-1.13799,28.6289)]
triangle[(-12.4769,-16.386),(12.3356,-8.35976),(-0.839246,32.3693)]
triangle[(-13.1107,10.5023),(-17.982,-13.8291),(25.5504,-22.5447)]
triangle[(15.4844,-16.2045),(-12.889,-9.98562),(-22.2547,-52.7161)]
triangle[(15.4742,-1.03771),(-15.8095,-10.8271),(-3.32591,-50.7207)]
triangle[(18.2378,12.4766),(-2.94303,-10.8601),(24.3766,-35.6559)]
triangle[(-12.9911,-8.18607),(19.1756,-16.2108),(30.1521,27.7878)]
triangle[(2.72493,3.3507),(11.9227,-20.7423),(53.1205,-5.01461)]
triangle[(-9.40735,-17.952),(-6.00477,-20.4726),(-1.79293,-14.7869)]
triangle[(-10.095,-0.919),(7.34379,20.0519),(-26.7426,48.3972)]
triangle[(8.3667,-5.46999),(7.67279,8.54436),(-11.7389,7.5832)]
triangle[(2.63939,-9.61886),(1.57143,-7.06133),(-1.98674,-8.54714)]
triangle[(-7.38692,17.9961),(6.37078,-8.56716),(38.0467,7.83853)]
triangle[(-3.66189,-17.0226),(12.42,14.854),(-45.5358,44.093)]
triangle[(9.1453,4.07654),(19.089,-8.74217),(32.8506,1.93296)]
triangle[(-1.67449,-5.34483),(1.1769,8.85397),(-22.8749,13.684)]
triangle[(3.79278,-0.190957),(13.8221,8.84129),(2.44892,21.4699)]
triangle[(2.763,1.30787),(2.51361,-4.18895),(12.7029,-4.65124)]
triangle[(-8.41096,12.7108),(-6.75305,20.4808),(-16.6727,22.5973)]
triangle[(12.1472,7.48162),(-1.67455,5.90926),(0.0512308,-9.26107)]
triangle[(-12.0143,-3.7935),(-11.697,3.19513),(-21.3642,3.63411)]
triangle[(-8.72803,7.31736),(13.845,-16.7619),(51.7135,18.7378)]
triangle[(-4.50611,-9.47655),(-7.72424,7.77336),(-32.2036,3.2065)]
triangle[(-8.84871,5.67101),(15.6918,-6.77592),(40.4192,41.9769)]
triangle[(-9.29689,-4.59031),(-10.5065,19.1074),(-37.0624,17.752)]
triangle[(-6.89554,-18.8847),(-6.58652,3.3601),(-45.1937,3.8964)]
triangle[(-12.2954,19.0218),(-13.1172,-17.7129),(51.8389,-19.1661)]
triangle[(10.7916,-0.229702),(11.019,-3.86359),(18.0838,-3.4215)]
triangle[(18.4619,-11.1324),(-11.0651,-8.98252),(-14.8401,-60.8309)]
triangle[(12.6104,17.6887),(2.96598,14.2514),(8.10434,-0.165965)]
triangle[(19.9516,-6.30761),(-9.60066,-20.2292),(9.27232,-60.292)]
triangle[(-1.49772,15.5694),(20.7667,-10.6754),(71.7386,32.566)]
triangle[(-6.28243,-3.24885),(14.2316,5.46071),(2.76313,32.473)]
triangle[(0.360318,-10.386),(9.69922,-14.3658),(15.3241,-1.16671)]
triangle[(12.4816,19.1447),(7.8596,-4.98068),(34.896,-10.1604)]
triangle[(-6.18966,16.9325),(-19.0197,16.4664),(-18.3192,-2.81784)]
triangle[(-13.8227,-13.5268),(-15.9633,8.96506),(-39.2272,6.75097)]
triangle[(-20.2901,12.6866),(-2.78933,3.5187),(15.1452,37.7542)]
triangle[(15.0352,-19.7478),(1.16457,-6.78982),(-14.0918,-23.1207)]
triangle[(-16.3038,-12.4918),(18.5514,-10.0577),(13.915,56.3328)]
triangle[(-18.5336,-10.8696),(13.7787,2.99455),(-11.7877,62.5804)]
triangle[(6.73537,-11.8441),(7.91637,-5.54171),(-2.38325,-3.61167)]
triangle[(0.199157,-19.0566),(6.32321,-1.07137),(-27.1489,10.326)]
triangle[(-15.1642,-6.24861),(-15.5427,4.23712),(-28.1604,3.78167)]
triangle[(-15.1346,2.28092),(-14.0717,-10.5847),(-1.13762,-9.51614)]
triangle[(20.3507,15.9179),(-17.0521,10.2021),(-7.539,-52.0489)]
triangle[(6.49809,16.7473),(5.22991,1.53645),(29.4913,-0.486299)]
triangle[(20.5654,4.26277),(19.5898,-4.04673),(32.0018,-5.50401)]
triangle[(5.15669,-2.93385),(-1.23199,11.5903),(-29.2712,-0.743218)]
triangle[(-19.5928,5.99152),(-12.8953,-10.5961),(15.0041,0.668869)]
triangle[(9.09479,13.0494),(-5.36079,-16.5875),(32.3252,-34.9691)]
triangle[(-8.69097,4.87698),(20.4133,-9.93611),(40.202,28.9441)]
triangle[(-7.70057,0.363117),(8.53641,-5.48236),(15.5209,13.9184)]
triangle[(12.0867,7.26596),(9.85907,-5.30854),(24.9081,-7.97454)]
triangle[(-19.0372,-11.8714),(-11.0891,6.61252),(-29.6508,14.5941)]
triangle[(-16.0762,-8.66179),(19.6363,-8.76464),(19.8394,61.7413)]
triangle[(-1.12183,6.55705),(-9.87677,-15.772),(15.4004,-25.6829)]
triangle[(-8.53949,18.8494),(19.2694,-8.48367),(47.6135,20.3538)]
triangle[(18.7421,3.22338),(-17.2597,12.8539),(-31.8908,-41.8416)]
triangle[(1.63822,11.63),(-4.36953,12.6498),(-5.87988,3.75216)]
triangle[(16.7822,-3.34632),(11.3102,14.3066),(-18.5652,5.04592)]
triangle[(16.2689,-0.701853),(14.5936,-20.3383),(47.8335,-23.1742)]
triangle[(-7.35023,-1.04331),(-20.1126,-14.9177),(1.98243,-35.2418)]
triangle[(-0.949549,1.83136),(2.58992,-12.8741),(31.2139,-5.98463)]
triangle[(5.44094,9.94037),(13.7499,-6.86523),(33.3342,2.81759)]
triangle[(-14.0068,7.12772),(20.8619,-11.2098),(44.5397,33.8136)]
triangle[(6.13823,-17.5538),(11.3328,2.20128),(-25.7037,11.9399)]
triangle[(-15.6039,15.3197),(4.75655,-18.1418),(59.8498,15.3811)]
triangle[(3.46435,-2.19818),(14.9205,-0.434182),(12.9995,12.0412)]
triangle[(-11.5278,15.3693),(-9.43159,20.138),(-18.0373,23.9209)]
triangle[(-18.377,-10.7094),(19.7448,-16.8669),(28.8892,39.7469)]
triangle[(19.8916,4.25038),(-5.63565,16.165),(-26.0958,-27.6712)]
triangle[(2.24698,-5.11897),(10.7838,8.03737),(-11.3666,22.4101)]
triangle[(-3.05396,13.6381),(7.99533,15.0968),(5.11167,36.9389)]
triangle[(-2.92758,2.65512),(-11.4909,-19.5973),(13.1323,-29.0729)]
triangle[(-14.2559,-13.282),(-15.2005,20.3547),(-82.2614,18.4715)]
triangle[(0.174673,20.7438),(16.3296,19.8439),(18.1148,51.8932)]
triangle[(-18.5805,-8.16087),(15.0327,-4.02987),(6.90628,62.0932)]
triangle[(-3.69688,11.9308),(4.37616,1.77171),(17.7772,12.421)]
triangle[(8.33298,-6.37203),(-19.7938,2.81244),(-33.3827,-38.8025)]
triangle[(-20.2333,17.482),(0.352745,-10.8069),(53.9901,28.2254)]
triangle[(1.40705,14.6409),(-0.354557,8.5497),(11.5298,5.11267)]
triangle[(-16.3737,-8.79553),(-11.0816,-9.75845),(-9.27981,0.143891)]
triangle[(10.3417,-11.1795),(10.8541,18.9248),(-29.6084,19.6135)]
triangle[(19.6448,16.919),(-12.7644,11.4616),(-4.04708,-40.3066)]
triangle[(19.1501,-11.8895),(14.7241,-0.670776),(-3.56834,-7.8875)]
triangle[(-2.36342,-10.8486),(-16.6346,15.0469),(-61.3975,-9.62224)]
triangle[(0.10207,-17.8077),(9.81201,-1.87598),(-21.7229,17.3437)]
triangle[(-10.734,8.75963),(-15.6097,15.3823),(-25.5853,8.03814)]
triangle[(-2.01311,-1.7748),(1.85058,-14.8941),(25.0448,-8.0633)]
triangle[(14.0455,5.57883),(8.17341,5.92173),(7.65493,-2.95724)]
triangle[(10.4416,-7.57698),(-16.0848,-8.00618),(-15.2702,-58.3538)]
triangle[(8.89841,-11.5334),(-10.6236,-13.4633),(-7.41706,-45.8985)]
triangle[(-11.9782,10.5612),(5.20313,9.09014),(7.00462,30.1302)]
triangle[(20.8113,-17.8397),(-0.238151,13.9647),(-61.5244,-26.597)]
triangle[(-11.2341,-3.42401),(8.73497,17.7266),(-17.4516,42.4503)]
triangle[(15.1849,-12.3103),(-9.44671,13.4063),(-36.8324,-12.8241)]
triangle[(14.4382,18.6934),(-16.1032,-20.7958),(42.7682,-66.3276)]
triangle[(-14.5037,-4.0471),(6.76038,-11.825),(20.6453,26.1352)]
triangle[(15.0694,1.0498),(-20.8051,-14.7184),(5.9965,-75.6954)]
triangle[(8.63994,7.80179),(6.08612,-6.13313),(32.3461,-10.9457)]
triangle[(19.6291,-1.73075),(3.2164,-2.8722),(5.48552,-35.4994)]
triangle[(17.5401,-11.6796),(14.682,3.40142),(-4.43031,-0.220675)]
triangle[(5.67637,-5.72062),(6.18872,-18.4257),(25.2381,-17.6575)]
triangle[(5.20369,5.95318),(12.8762,-16.0666),(51.828,-2.49443)]
triangle[(-9.64864,-1.63597),(-19.3102,7.46192),(-29.4095,-3.26315)]
triangle[(18.5321,-7.46844),(20.6443,14.9412),(-18.7005,18.6495)]
triangle[(-20.7043,0.529143),(11.6586,6.82758),(0.81967,62.5207)]
triangle[(6.11532,10.7717),(8.22783,17.3698),(0.391876,19.8786)]
triangle[(8.53183,13.973),(13.208,-8.93686),(48.3843,-1.75699)]
triangle[(-9.96318,13.1001),(9.91551,-19.7687),(69.618,16.3388)]
triangle[(16.1026,18.525),(-12.4781,8.41128),(0.330309,-27.7845)]
triangle[(12.6221,-3.93952),(5.22912,7.06963),(-9.44702,-2.78591)]
triangle[(-2.61276,-11.9599),(12.5078,-11.1503),(11.0579,15.9277)]
triangle[(-13.432,-7.71065),(12.5148,13.6086),(-13.6391,45.4394)]
triangle[(-11.1456,-13.8105),(-2.89535,15.199),(-49.9337,28.5767)]
triangle[(-15.583,2.96877),(-18.0873,-18.9282),(5.6738,-21.6457)]
triangle[(-11.9715,-17.8857),(3.73657,-7.68581),(-16.5482,23.5535)]
triangle[(10.1048,-7.44248),(18.0548,-13.8946),(26.261,-3.78346)]
triangle[(-2.89797,3.74059),(13.7337,3.83524),(13.5468,36.6821)]
triangle[(-7.93288,5.63421),(-7.72745,-2.57669),(2.70743,-2.31562)]
triangle[(3.78785,12.4665),(9.428,-3.24769),(29.172,3.83884)]
triangle[(18.9891,-10.8561),(0.342087,1.73057),(-17.0126,-23.9801)]
triangle[(10.6797,-3.72315),(-13.2015,-17.7719),(8.83111,-55.2246)]
triangle[(-11.6554,-17.0216),(19.204,-8.52177),(9.60404,26.3315)]
triangle[(-14.0059,-12.1781),(5.59749,-9.69861),(2.7953,12.4562)]
triangle[(11.428,-12.5655),(4.17585,-14.6383),(7.39866,-25.9143)]
triangle[(-15.5455,-16.5969),(1.14918,-10.1176),(-9.69544,17.8251)]
triangle[(14.5445,-5.48372),(-19.8003,2.77459),(-35.1279,-60.97)]
triangle[(-1.58934,-5.52947),(0.476306,9.84858),(-29.3573,13.856)]
triangle[(-7.89141,20.6171),(-11.3927,15.814),(-3.73756,10.2337)]
triangle[(-16.7749,6.74024),(-15.9986,-8.12172),(8.44112,-6.84515)]
triangle[(2.91486,14.1231),(6.73242,15.1105),(5.52301,19.7864)]
triangle[(-7.78884,-5.09614),(16.3731,-0.225572),(9.11149,35.7977)]
triangle[(6.16018,-5.35007),(9.94786,16.675),(-30.1156,23.5647)]
triangle[(5.85047,-12.6337),(4.01476,-1.3866),(-12.5555,-4.09113)]
triangle[(3.50761,5.76633),(-3.00199,-12.8587),(23.0695,-21.9709)]
triangle[(-14.9549,12.5305),(-8.07706,-1.03963),(15.7316,11.0275)]
triangle[(19.7957,5.00489),(-3.43071,-20.1504),(46.0186,-65.808)]
triangle[(10.7282,-8.17149),(-6.92795,19.0755),(-59.5179,-15.0031)]
triangle[(-5.75956,-6.82936),(15.0661,-13.8383),(25.1285,16.0603)]
triangle[(-7.78598,-5.74035),(7.95125,18.5553),(-21.4842,37.6218)]
triangle[(-14.9509,-19.4644),(-4.97014,0.87689),(-43.4866,19.7755)]
triangle[(-0.0577147,6.61765),(-19.8063,-18.7332),(16.2372,-46.8115)]
triangle[(-13.1665,-6.0313),(-9.56452,19.7199),(-42.5134,24.3287)]
triangle[(6.71915,2.41811),(10.7629,-5.38994),(25.8474,2.42233)]
triangle[(5.26843,-14.2315),(0.134954,9.01131),(-37.9072,0.609193)]
triangle[(-16.3474,-7.6666),(-5.82398,6.66689),(-25.3353,20.9918)]
triangle[(5.9939,18.6499),(-2.09044,20.9556),(-4.64909,11.9843)]
triangle[(-13.9138,-9.986),(-18.7037,-1.96431),(-32.5355,-10.2235)]
triangle[(-12.7719,-5.89959),(-8.11866,-19.5751),(19.1018,-10.3132)]
triangle[(3.81792,14.4956),(-9.8408,-10.0268),(18.6515,-25.8967)]
triangle[(-18.5241,13.8912),(11.4954,-5.25795),(39.9874,39.4082)]
triangle[(-6.57518,-18.2198),(16.3004,-17.4079),(15.1505,14.9889)]
triangle[(-4.46774,-11.1723),(16.3658,20.8792),(-24.9838,47.7566)]
triangle[(-8.30524,-3.92155),(-3.53475,-17.074),(11.9014,-11.4752)]
triangle[(-18.1832,-17.7795),(2.74679,-3.04009),(-19.9745,29.2241)]
triangle[(7.59866,13.3305),(7.75273,-11.2661),(52.3734,-10.9866)]
triangle[(5.26797,-16.8975),(-8.37156,4.29698),(-49.7943,-22.3602)]
triangle[(14.2742,4.63134),(4.86999,-4.95126),(17.1124,-16.9658)]
triangle[(-20.9055,-9.66063),(10.4709,2.27004),(-13.1927,64.5027)]
triangle[(-11.88,-14.1332),(9.12681,-18.0609),(13.1087,3.2359)]
triangle[(13.7921,2.5489),(-18.7467,8.10875),(-24.51,-25.6206)]
triangle[(4.9934,-9.82986),(-5.46084,-14.3503),(0.363123,-27.8192)]
triangle[(-9.33933,1.11998),(5.7165,11.6852),(-15.1318,41.3947)]
triangle[(-15.4841,13.8149),(19.1808,-8.21759),(58.8741,54.234)]
triangle[(20.9439,2.59397),(14.9017,-17.3061),(49.2734,-27.7423)]
triangle[(18.1634,5.04147),(-4.02685,-19.0327),(37.2661,-57.0943)]
triangle[(10.1146,-17.4016),(18.7077,8.67834),(-15.5888,19.9787)]
triangle[(9.89081,-20.6888),(6.83286,-4.2376),(-24.7191,-10.1025)]
triangle[(1.70062,6.59975),(10.0115,12.2881),(0.222152,26.5907)]
triangle[(5.77431,-20.94),(16.1269,-7.42133),(2.0942,3.3249)]
triangle[(-2.0644,-4.56507),(-19.3279,-9.45904),(-12.9237,-32.0498)]
triangle[(-4.35581,-9.87555),(12.4799,3.21731),(-3.69016,24.0099)]
triangle[(1.75522,-4.55621),(-3.42001,14.486),(-36.5264,5.48838)]
triangle[(-14.0259,-8.66839),(-18.5114,11.8619),(-52.898,4.34909)]
triangle[(-9.47782,15.4899),(20.0281,-1.14372),(46.037,44.9927)]
triangle[(-19.438,-20.8682),(10.1184,-20.6832),(9.90662,13.1641)]
triangle[(14.8131,14.3483),(-11.4667,-16.2116),(36.1173,-57.1311)]
triangle[(2.69452,-16.0368),(-3.50128,-19.9205),(3.22091,-30.6447)]
triangle[(-16.2867,-18.6773),(15.3364,15.0906),(-23.1589,51.1408)]
triangle[(17.5886,12.6184),(-1.08878,-10.8297),(24.5141,-31.2235)]
triangle[(-16.3044,-14.4039),(11.628,9.64334),(-23.2733,50.1834)]
triangle[(-6.15801,-2.56269),(-6.86483,0.521387),(-11.9583,-0.64595)]
triangle[(-17.6149,-3.10013),(18.9803,8.43439),(-1.87765,74.6095)]
triangle[(6.48,-6.58404),(-18.6194,-14.9107),(-7.99175,-46.9462)]
triangle[(-18.0952,7.18306),(3.5092,20.6807),(-22.9896,63.0951)]
triangle[(-4.04932,-0.498817),(-16.2588,-13.4717),(6.1825,-34.5923)]
triangle[(-11.5875,-6.98349),(-14.6557,-4.57826),(-18.0054,-8.85132)]
triangle[(14.0685,-4.14428),(17.4831,20.0017),(-25.6077,26.0955)]
triangle[(3.90581,11.851),(15.4275,11.9439),(15.2708,31.3747)]
triangle[(10.1536,-3.57416),(16.029,-0.419859),(9.97381,10.8588)]
triangle[(-16.4517,14.4901),(1.24746,-10.2266),(48.311,23.4749)]
triangle[(20.2511,8.87476),(10.2683,-17.7284),(41.334,-29.3856)]
triangle[(-18.0197,-3.42747),(3.01461,0.752329),(-2.05879,26.2836)]
triangle[(-11.0217,-19.2419),(9.76724,13.9528),(-35.6527,42.3981)]
triangle[(-7.2915,-4.04128),(14.3087,-13.0709),(26.1612,15.282)]
triangle[(9.64735,-9.32616),(8.6319,-5.07184),(0.323095,-7.05503)]
triangle[(-10.3292,0.125419),(-1.49597,-12.8681),(22.931,3.73775)]
triangle[(5.1077,-5.95359),(18.663,-19.2152),(37.787,0.332219)]
triangle[(20.4073,-18.5921),(-18.4634,-14.5617),(-22.7618,-56.0174)]
triangle[(17.6858,-11.525),(11.0253,-12.4196),(11.9842,-19.5587)]
triangle[(-13.8303,-7.53246),(20.1093,20.1862),(-17.3313,66.0296)]
triangle[(0.145674,-1.32285),(-8.69209,11.6909),(-32.1254,-4.22293)]
triangle[(5.00525,18.3644),(-3.80737,-16.771),(58.7969,-32.4733)]
triangle[(8.02812,-7.18409),(-13.4963,-2.20752),(-20.8647,-34.0768)]
triangle[(8.01884,18.0879),(15.6297,-18.0893),(63.8001,-7.95531)]
triangle[(-6.19737,12.5503),(1.04806,-17.451),(58.1925,-3.65037)]
triangle[(1.75631,8.634),(-16.9905,6.12902),(-14.233,-14.5071)]
triangle[(9.05051,6.08134),(3.56705,4.32971),(5.68625,-2.30446)]
triangle[(-13.3907,-2.2938),(3.57893,-20.2847),(26.4365,1.27529)]
triangle[(-12.0115,-9.18063),(18.816,13.5327),(-9.52344,51.9962)]
triangle[(-14.26,-1.32679),(-8.97756,-7.59962),(0.737792,0.581859)]
triangle[(-9.32931,-20.482),(6.54004,20.2452),(-57.1325,45.0552)]
triangle[(1.95903,-7.08611),(-1.1807,-18.5042),(21.2907,-24.6834)]
triangle[(-8.04104,14.3385),(18.884,2.01127),(32.6537,32.087)]
triangle[(-17.2913,15.5993),(-20.2395,0.967978),(8.45378,-4.8137)]
triangle[(0.11752,-1.83308),(10.2368,11.2527),(-3.16694,21.6179)]
triangle[(14.8119,20.2583),(17.6486,-20.6147),(91.6961,-15.4755)]
triangle[(1.97704,2.10989),(10.0823,19.4919),(-16.2501,31.7708)]
triangle[(2.66904,-13.8832),(-19.0411,0.826246),(-34.8979,-22.5772)]
triangle[(15.8327,5.8378),(4.72784,7.79461),(1.89134,-8.3024)]
triangle[(16.1424,-17.7715),(-8.22926,-12.3258),(-16.9834,-51.5042)]
triangle[(19.924,7.75016),(12.6118,0.0991698),(21.2317,-8.13893)]
triangle[(-10.1868,-7.92337),(-12.4445,-10.792),(-7.93714,-14.3394)]
triangle[(5.77515,12.7166),(20.5143,13.3443),(19.8535,28.8626)]
triangle[(8.35284,-19.382),(-18.9612,-0.490943),(-54.0743,-51.2598)]
triangle[(-1.40051,10.7943),(18.4613,15.5047),(9.82721,51.9105)]
triangle[(0.0165507,-14.4518),(20.4189,16.0856),(-17.7026,41.555)]
triangle[(19.3683,13.681),(4.06038,-0.249497),(19.0849,-16.7596)]
triangle[(-14.9841,15.8624),(20.4964,-13.1192),(76.7486,55.7472)]
triangle[(20.528,18.807),(-9.51181,-11.6965),(43.5376,-63.9395)]
triangle[(12.6879,8.6471),(-10.6965,13.4155),(-18.2329,-23.5435)]
triangle[(20.8914,-8.83942),(0.0523528,-1.31919),(-9.61876,-28.1185)]
triangle[(19.7963,10.2015),(-14.7878,1.20547),(-0.608347,-53.3058)]
triangle[(1.85954,-11.9049),(-15.1388,3.47324),(-38.1459,-21.9579)]
triangle[(18.5801,-10.0358),(11.1699,7.2692),(-20.2484,-6.18452)]
triangle[(16.9237,16.3835),(-16.7743,5.30338),(1.13527,-49.1651)]
triangle[(-18.0458,15.5911),(2.18234,-19.9001),(44.4191,4.17261)]
triangle[(-18.7732,-19.5975),(10.8149,10.8793),(-24.2427,44.9147)]
triangle[(15.7383,-8.05687),(-18.7896,11.1608),(-41.0567,-28.8459)]
triangle[(-6.02745,-13.2337),(-12.1222,-0.631989),(-32.0675,-10.2784)]
triangle[(5.60523,12.0233),(1.56426,-12.5441),(30.0917,-17.2364)]
triangle[(8.59302,-7.50842),(9.67361,3.34854),(-6.63241,4.97148)]
triangle[(-7.63753,8.34535),(-8.78395,14.5322),(-15.4991,13.2879)]
triangle[(12.2164,4.43514),(-9.18383,4.41545),(-9.15232,-29.8307)]
triangle[(4.46135,14.2707),(2.67763,-15.8671),(41.3148,-18.1539)]
triangle[(-6.51594,-4.18251),(7.50051,-15.9439),(27.2095,7.54399)]
triangle[(17.9164,13.5741),(-13.4489,16.9223),(-17.0133,-16.4685)]
triangle[(-0.720721,17.8427),(15.9549,10.5978),(23.8178,28.6957)]
triangle[(-3.43981,12.7826),(-11.8786,17.4375),(-19.068,4.404)]
triangle[(2.48499,19.8491),(2.48107,-19.6853),(48.175,-19.6898)]
triangle[(-8.6513,4.10846),(2.53832,-17.9599),(43.4173,2.76757)]
triangle[(6.06136,2.85811),(-18.5659,-18.1149),(9.98464,-51.6399)]
triangle[(-7.15961,9.32757),(6.67117,3.4378),(13.0747,18.475)]
triangle[(3.0074,9.40617),(10.5793,20.7843),(-4.66687,30.9303)]
triangle[(-7.59923,-0.961383),(-20.9553,-10.6432),(-8.61853,-27.6617)]
triangle[(-17.2504,20.1014),(7.60967,10.999),(23.0388,53.1383)]
triangle[(-16.4498,18.1111),(12.7281,13.8725),(19.2287,58.6231)]
triangle[(9.90884,9.88297),(-0.789167,8.59114),(1.72434,-12.2239)]
triangle[(-11.0924,-13.4861),(-3.15754,-8.49072),(-12.8015,6.8281)]
triangle[(5.61008,3.65803),(-15.8493,14.691),(-32.1814,-17.0754)]
triangle[(9.86261,6.69454),(5.46708,-11.4141),(25.3331,-16.2362)]
triangle[(8.01892,4.33761),(3.92191,10.2158),(-7.22554,2.44613)]
triangle[(-3.45286,10.7283),(16.502,-4.62436),(41.1564,27.4205)]
triangle[(12.5223,14.0952),(5.58391,1.62268),(29.769,-11.8314)]
triangle[(-11.829,-5.19451),(-19.1605,-9.59147),(-14.2877,-17.7165)]
triangle[(6.12443,3.67351),(16.9907,-6.82515),(32.6805,9.41411)]
triangle[(-6.04046,3.39451),(-20.3966,-0.0479145),(-14.213,-25.8356)]
triangle[(2.70381,-17.065),(-18.3162,0.631911),(-39.32,-24.3159)]
triangle[(20.0157,17.2074),(10.7495,2.93729),(36.5675,-13.8275)]
triangle[(-10.5434,3.6078),(1.29437,0.807174),(4.69618,15.1861)]
triangle[(-2.14526,-9.46293),(4.65046,-8.40202),(3.10383,1.50499)]
triangle[(7.69986,10.7157),(-5.39312,4.09744),(1.73107,-9.99636)]
triangle[(-10.755,17.8707),(12.6287,-8.94411),(43.0646,17.5974)]
triangle[(18.9894,9.92595),(20.1543,-19.0572),(71.2905,-17.0019)]
triangle[(-13.6549,9.57198),(0.998078,4.91532),(5.9147,20.3863)]
triangle[(6.0528,1.80578),(-15.3395,13.4785),(-30.8732,-14.9896)]
triangle[(3.35507,-2.99104),(-12.066,-20.3292),(10.6896,-40.5687)]
triangle[(18.4355,-20.0326),(-8.86437,-8.48414),(-25.6113,-48.0729)]
triangle[(6.02538,11.9498),(9.82461,19.6762),(-1.81915,25.4017)]
triangle[(-12.0602,16.1047),(14.2331,5.70751),(29.9492,45.4516)]
triangle[(6.64893,-7.17903),(8.67819,-6.61309),(7.7326,-3.22254)]
triangle[(12.7141,9.47111),(-7.17725,16.4823),(-16.2965,-9.38973)]
triangle[(-2.69018,-1.90526),(-19.2989,16.1404),(-43.589,-6.21561)]
triangle[(-15.8377,-18.7301),(-1.90958,-6.2613),(-25.9323,20.5729)]
triangle[(6.70036,17.7517),(12.6706,7.931),(30.3775,18.6954)]
triangle[(0.457094,7.03681),(11.4394,-11.6464),(39.1693,4.65379)]
triangle[(-15.9781,2.83536),(-2.56127,-3.87351),(6.11578,13.4794)]
triangle[(-13.4753,-7.34036),(14.3135,-4.35799),(8.44953,50.2809)]
triangle[(-13.7966,-9.23571),(-15.6427,-15.7553),(-7.53939,-18.0499)]
triangle[(16.3496,-6.58918),(-16.2572,-14.2483),(-7.58774,-51.1563)]
triangle[(18.3806,10.649),(-14.2768,-15.7324),(19.03,-56.9626)]
triangle[(12.7879,15.5263),(-11.3271,-15.5742),(36.6572,-52.7807)]
triangle[(0.346311,-1.43907),(-2.56381,1.54009),(-6.87274,-2.66898)]
triangle[(-0.850367,17.6807),(15.5475,3.69412),(30.4377,21.1514)]
triangle[(-9.06241,5.2583),(18.9609,14.6155),(5.50329,54.9187)]
triangle[(1.12039,-18.8239),(-1.60148,-10.1699),(-16.7495,-14.9343)]
triangle[(-3.17462,6.1676),(-11.1015,12.8935),(-20.6756,1.6099)]
triangle[(2.3361,-6.18609),(-7.37954,16.726),(-52.7022,-2.49265)]
triangle[(-12.8031,-16.5351),(7.18206,12.5843),(-38.7983,44.1414)]
triangle[(15.1333,0.228808),(8.30121,-5.72623),(15.3468,-13.8095)]
triangle[(3.57591,-2.92629),(-4.35046,8.36952),(-25.6521,-6.57802)]
triangle[(-5.15565,-10.2941),(1.80101,-6.21608),(-5.56442,6.3484)]
triangle[(5.06297,14.1806),(10.6587,10.8546),(16.2588,20.2763)]
triangle[(-18.3275,-3.3024),(-0.320306,16.2038),(-23.0959,37.2291)]
triangle[(11.1044,8.53829),(15.2892,3.25783),(25.6978,11.5066)]
triangle[(12.7601,14.1283),(2.67668,-4.26026),(36.9566,-23.0579)]
