triangle[(17.3798,-7.29679),(-8.31127,-17.109),(3.36008,-47.6679)]
triangle[(18.1013,14.6296),(16.4668,4.25508),(35.3342,1.2824)]
triangle[(-8.67604,13.5228),(8.40659,-16.5676),(50.8055,7.50284)]
triangle[(-8.49281,-11.786),(-18.3628,18.5758),(-75.54,-0.0113177)]
triangle[(17.0352,5.34449),(16.1888,17.8985),(-6.24769,16.3858)]
triangle[(-9.04503,4.86429),(-14.6319,10.1152),(-22.5755,1.66347)]
triangle[(-19.4145,-14.36),(-12.5481,-15.7112),(-11.1668,-8.69216)]
triangle[(2.69165,0.101201),(-19.4914,-19.4834),(1.45082,-43.2041)]
triangle[(-15.5488,-10.4455),(8.98376,-4.17399),(2.37389,21.6823)]
triangle[(1.89635,-10.3725),(-7.26234,5.23022),(-29.7638,-7.97799)]
triangle[(-19.5836,-10.6251),(-14.7657,-20.922),(-4.06191,-15.9138)]
triangle[(-1.96006,-8.50571),(1.25035,-7.44827),(-0.738512,-1.41008)]
triangle[(16.9118,4.63281),(11.05,15.6058),(-9.65393,4.54565)]
triangle[(-6.72207,15.1874),(11.6806,11.7041),(18.6047,48.2856)]
triangle[(-16.9307,13.0091),(7.74915,-14.8542),(62.8167,33.922)]
triangle[(2.65132,14.0717),(19.9036,8.89207),(28.1664,36.4137)]
triangle[(-17.4367,-14.9541),(-1.16276,-7.52674),(-13.0431,18.5043)]
triangle[(3.68154,5.10947),(1.11345,-12.18),(21.3301,-15.1829)]
triangle[(-0.176634,-12.1253),(20.0266,-14.6942),(22.9793,8.52733)]
triangle[(-19.1149,7.71079),(-10.3561,5.11843),(-7.03277,16.3469)]
triangle[(3.64843,2.71934),(-12.3155,-7.52075),(4.59074,-33.8771)]
triangle[(-10.7809,1.51362),(4.4653,5.1926),(-1.46824,29.782)]
triangle[(-3.58397,-2.72927),(13.2631,17.8439),(-14.0911,40.2438)]
triangle[(12.0402,-18.3022),(13.5574,11.8896),(-19.9117,13.5715)]
triangle[(-10.2712,11.9572),(-4.51658,-17.8207),(27.2089,-11.6897)]
triangle[(14.0797,-15.4687),(-15.5739,16.4226),(-69.3575,-33.5873)]
triangle[(-10.2375,-17.0983),(-1.19636,15.5366),(-37.8917,25.7026)]
triangle[(12.2243,8.95411),(18.7951,-20.2193),(50.4877,-13.0811)]
triangle[(13.888,3.11605),(-5.65262,-13.6374),(21.144,-44.8919)]
triangle[(-5.57947,14.1728),(18.6117,-11.2782),(55.9866,24.2468)]
triangle[(-8.73008,2.31147),(2.42424,-20.5905),(29.8065,-7.25406)]
triangle[(16.4578,-20.7089),(13.2998,-20.9223),(13.7055,-26.9255)]
triangle[(-5.87389,7.43024),(19.4518,-17.2534),(64.6305,29.1003)]
triangle[(-13.4692,18.1208),(-19.9929,13.7937),(-14.5272,5.55331)]
triangle[(-3.47663,-20.5835),(8.55282,-14.6744),(-0.831077,4.42881)]
triangle[(-0.291179,-16.2251),(12.9813,7.58477),(-32.8795,33.1492)]
triangle[(20.746,-5.01949),(-11.9547,-8.32663),(-6.18337,-65.393)]
triangle[(8.73881,20.9615),(18.3036,2.37368),(38.2761,12.6509)]
triangle[(-4.16958,15.723),(7.41347,18.5692),(3.58424,34.1528)]
triangle[(-4.75579,-1.46891),(18.8457,-15.3117),(41.2897,22.9544)]
triangle[(13.1355,-17.4729),(3.69951,10.117),(-26.8845,-0.343032)]
triangle[(7.41469,-12.0811),(2.41586,-9.63968),(-0.0395441,-14.6671)]
triangle[(-13.9019,-4.75188),(16.5583,6.67929),(3.83719,40.5767)]
triangle[(-8.73024,-3.33542),(-5.74003,-6.37827),(0.323248,-0.419871)]
triangle[(-14.5738,20.042),(15.6798,-12.0601),(62.3076,31.8828)]
triangle[(-2.25019,-8.55896),(-8.16698,-15.0268),(-0.210108,-22.3058)]
triangle[(19.5899,16.5986),(13.5012,0.921064),(43.7261,-10.8175)]
triangle[(-8.57224,13.8792),(1.88356,-17.9104),(60.1184,1.24342)]
triangle[(3.791,6.23617),(-19.8702,-7.21375),(-0.461773,-41.357)]
triangle[(13.5561,-16.6828),(10.3263,18.7282),(-57.8255,12.5121)]
triangle[(15.4639,16.779),(-10.3974,3.94913),(6.0543,-29.2128)]
triangle[(-5.2563,4.74315),(-3.02742,-10.6985),(20.1302,-7.35584)]
triangle[(11.5324,10.9408),(1.9678,2.3275),(18.2525,-15.756)]
triangle[(-15.5262,0.379197),(13.0682,-14.199),(37.5519,33.8248)]
triangle[(-12.4572,11.9417),(-16.8336,-13.4401),(21.4355,-20.0386)]
triangle[(-13.1246,-11.2835),(-8.85491,-7.31025),(-15.8795,0.238516)]
triangle[(-15.4864,-14.5784),(8.72923,9.06813),(-15.5231,33.9041)]
triangle[(17.5736,-0.0989512),(12.9424,-14.3738),(35.1763,-21.5872)]
triangle[(-16.4006,18.9027),(17.0819,8.64493),(33.4624,62.1126)]
triangle[(-19.3706,-14.9401),(5.55229,18.016),(-40.2753,52.673)]
triangle[(-0.173883,-7.70355),(8.584,18.87),(-24.9112,29.9091)]
triangle[(18.8003,12.2004),(-14.0073,-10.4554),(11.1142,-46.8335)]
triangle[(4.87187,-20.3924),(-4.02691,-15.8428),(-12.6357,-32.6813)]
triangle[(8.91771,-7.88337),(19.5222,-18.905),(33.9802,-4.99424)]
triangle[(18.9878,19.2476),(14.5966,17.6884),(16.5212,12.2682)]
triangle[(-3.57043,13.2005),(-11.804,7.80769),(-4.02854,-4.06361)]
triangle[(-11.182,19.953),(2.77058,14.1207),(11.8363,35.8086)]
triangle[(-5.03373,2.78201),(8.00443,14.3115),(-9.28546,33.8638)]
triangle[(-11.4326,20.4384),(3.9556,-2.22267),(39.6722,22.0309)]
triangle[(-5.93766,18.5621),(-19.8887,11.963),(-6.86928,-15.5609)]
triangle[(-11.0337,13.9123),(18.4905,-15.0783),(74.7484,42.2151)]
triangle[(3.38941,7.63239),(-17.7549,0.981469),(-10.4616,-22.205)]
triangle[(-12.9866,-15.7962),(-18.9783,-11.1853),(-23.8171,-17.4732)]
triangle[(-20.8713,3.43133),(19.9538,-2.19369),(30.603,75.0957)]
triangle[(-19.639,-0.73757),(19.3985,-12.0822),(36.1742,45.6439)]
triangle[(5.70418,3.10579),(15.6089,13.7746),(-1.61502,29.7649)]
triangle[(6.92259,17.1081),(16.6201,1.88899),(35.8938,14.1701)]
triangle[(-15.7648,-3.63002),(6.61097,-9.72789),(15.2082,21.819)]
triangle[(0.694509,17.7364),(1.53353,-15.1426),(57.3454,-13.7184)]
triangle[(-10.3913,10.6043),(-15.3725,18.2829),(-23.8192,12.8035)]
triangle[(-6.9233,-10.014),(7.42244,-14.3113),(14.8375,10.4425)]
triangle[(5.5948,-12.6397),(-10.1881,-4.77782),(-25.1347,-34.7837)]
triangle[(-6.28856,13.1218),(10.8465,-0.601704),(26.4598,18.8928)]
triangle[(-4.18784,-10.9272),(9.49509,20.9869),(-43.5117,43.7132)]
triangle[(-13.931,-13.2508),(-9.59298,17.4542),(-43.95,22.3081)]
triangle[(-15.3482,-18.4499),(-8.27268,-5.62699),(-31.8832,7.40108)]
triangle[(19.8788,-19.4159),(-17.4091,12.0685),(-78.6563,-60.4683)]
triangle[(-7.43109,20.3535),(-18.8513,0.441618),(15.1904,-19.0826)]
triangle[(-20.4423,5.69798),(11.2887,-12.8413),(45.0201,44.8917)]
triangle[(-8.88118,-8.47595),(16.2952,-4.74014),(11.861,25.1427)]
triangle[(17.3091,-10.6274),(-9.34218,-0.826647),(-26.3921,-47.1908)]
triangle[(0.0872142,4.32135),(-9.81066,-2.66353),(3.58451,-21.6451)]
triangle[(-11.9897,-3.33197),(14.4743,-12.8775),(25.1462,16.7092)]
triangle[(-3.13763,5.9173),(3.83863,3.54899),(6.21302,10.5432)]
triangle[(-0.727051,-10.6745),(4.16988,-0.524597),(-8.36663,5.52378)]
triangle[(12.6462,11.4741),(-17.1405,2.78907),(-7.95789,-28.7043)]
triangle[(-6.87278,9.71596),(0.39062,5.88642),(7.66419,19.682)]
triangle[(11.0413,-10.4551),(3.46232,17.0542),(-33.1884,6.95679)]
triangle[(7.26424,-4.9371),(-19.2465,-17.9433),(-4.48939,-48.023)]
triangle[(-9.95826,-4.76792),(13.8724,-7.02662),(17.9208,35.6856)]
triangle[(-13.4611,-9.64177),(14.1258,-14.8777),(21.5263,24.1134)]
triangle[(-4.12994,-9.64668),(19.288,-2.36679),(8.22204,33.2302)]
triangle[(5.28574,-9.58179),(-9.0356,11.3223),(-50.625,-17.1705)]
triangle[(17.6073,15.1079),(-15.6365,-4.90508),(9.39229,-46.4809)]
triangle[(-19.9691,18.8609),(7.89004,18.5808),(8.38461,67.775)]
triangle[(4.53361,-20.0593),(4.74605,-3.08826),(-16.4346,-2.82313)]
triangle[(-19.4778,3.14556),(-9.40468,-7.76398),(11.8723,11.8817)]
triangle[(-2.14448,-8.61755),(10.8412,17.0073),(-18.9804,32.1198)]
triangle[(-18.9692,14.7839),(-19.7214,16.7139),(-22.4138,15.6646)]
triangle[(19.4629,-8.46345),(12.5683,-7.97858),(11.9745,-16.4208)]
triangle[(-19.863,-5.94177),(5.89382,13.2027),(-15.05,41.3804)]
triangle[(-5.63091,-4.77359),(-8.15667,15.162),(-36.8077,11.532)]
triangle[(16.395,19.6416),(19.02,-8.025),(73.5802,-2.84836)]
triangle[(-0.208322,16.7702),(14.804,14.3743),(18.7934,39.371)]
triangle[(-0.487523,-3.2237),(20.9487,-18.4037),(41.3193,10.3624)]
triangle[(14.8084,-12.6764),(-18.53,-15.5138),(-14.6262,-61.3821)]
triangle[(-4.62812,9.88791),(0.536298,-17.2976),(29.3917,-11.816)]
triangle[(5.26916,-11.3786),(1.86021,-18.5168),(15.514,-25.0374)]
triangle[(13.6556,-19.3883),(6.89783,-0.392413),(-29.122,-13.2064)]
triangle[(-9.78073,3.84824),(-13.2828,-7.74),(5.68561,-13.4725)]
triangle[(-6.77831,-15.9088),(16.8725,-7.14794),(4.49892,26.2555)]
triangle[(19.3451,4.0015),(16.8206,17.8223),(-6.48681,13.5649)]
triangle[(20.7192,4.38015),(-7.93433,-1.18821),(0.539842,-44.7945)]
triangle[(-12.7198,-9.85385),(19.8696,16.7148),(-18.715,64.043)]
triangle[(18.6966,-14.2983),(16.102,4.26443),(-4.37435,1.40237)]
triangle[(-8.24665,10.7577),(-4.88809,-17.9203),(28.1964,-14.0457)]
triangle[(-5.75365,14.0004),(8.47945,-6.26945),(37.6178,14.1909)]
triangle[(-1.20317,-10.151),(-9.09429,-8.12883),(-11.3841,-17.064)]
triangle[(-3.70244,-8.55973),(5.05072,-10.3603),(7.38408,0.983257)]
triangle[(-12.0084,-10.9374),(2.87089,-17.8953),(15.8325,9.82301)]
triangle[(-10.1182,6.47848),(3.29206,-7.93045),(28.98,15.977)]
triangle[(-16.8543,10.2926),(-5.95122,-4.24946),(16.0661,12.2584)]
triangle[(9.41113,-19.8199),(14.6352,16.8941),(-58.5102,27.3021)]
triangle[(-3.87018,11.1285),(6.58988,-16.8031),(53.0726,0.604116)]
triangle[(-11.7146,-16.0328),(6.22003,18.3285),(-54.2005,49.8645)]
triangle[(-1.67983,-4.60791),(4.47859,0.865843),(-1.62261,7.7302)]
triangle[(-16.5033,12.0464),(8.21661,4.89576),(16.9745,35.172)]
triangle[(-9.6281,7.65654),(-12.3551,-6.82699),(7.58057,-10.5805)]
triangle[(-7.96585,-11.4994),(-12.1913,-20.8452),(2.03055,-27.2752)]
triangle[(15.1704,16.3907),(-20.9257,-11.652),(22.028,-66.9411)]
triangle[(17.9814,-17.0053),(9.87391,-17.7311),(10.8458,-28.5865)]
triangle[(3.60747,14.5584),(17.6159,-11.0397),(43.2618,2.99489)]
triangle[(18.4796,13.9842),(3.07384,9.3163),(11.0497,-17.0072)]
triangle[(2.93076,-1.59507),(-20.1067,-3.67747),(-16.9933,-38.1207)]
triangle[(-7.01191,-20.1402),(-11.0473,2.90922),(-42.9526,-2.67659)]
triangle[(-6.45666,-18.3159),(-10.128,-2.76253),(-38.1798,-9.38415)]
triangle[(13.6373,8.8579),(2.76017,-19.3146),(31.1019,-30.257)]
triangle[(9.30777,18.7392),(-11.8733,-1.58112),(13.2475,-27.7659)]
triangle[(-3.18534,-11.1869),(9.0223,-5.66729),(1.61064,10.7251)]
triangle[(-15.0088,-11.9725),(-3.48308,17.6554),(-44.7962,33.7268)]
triangle[(-14.2783,-2.52844),(-8.12886,17.2012),(-46.4041,29.1311)]
triangle[(-5.73905,-13.4169),(-16.122,-7.47621),(-23.0887,-19.6522)]
triangle[(4.01402,-17.237),(9.35152,4.38107),(-12.7321,9.83351)]
triangle[(0.113449,3.18127),(7.6115,-10.0903),(22.9896,-1.40204)]
triangle[(7.45001,-11.8899),(-13.2368,12.6014),(-50.8131,-19.1377)]
triangle[(-12.4202,10.0045),(-0.867203,3.74274),(10.303,24.3516)]
triangle[(14.9853,2.35458),(17.8563,13.967),(5.4463,17.0353)]
triangle[(-4.9535,2.94308),(-4.65605,-18.3134),(20.0425,-17.9678)]
triangle[(0.991431,-3.33918),(-20.2001,16.6889),(-42.652,-7.06723)]
triangle[(-8.52859,12.7169),(-10.8777,7.43731),(-4.25658,4.49134)]
triangle[(-6.46003,-16.0824),(20.2768,16.0599),(-19.616,49.2438)]
triangle[(3.09774,5.44302),(19.6313,1.65273),(27.12,34.3189)]
triangle[(18.6498,-15.4743),(12.5992,-3.17796),(-4.10848,-11.3993)]
triangle[(-0.942799,14.2665),(-6.45787,-6.22453),(16.5675,-12.4217)]
triangle[(-6.55802,11.2739),(2.47826,-9.06522),(38.8102,7.07636)]
triangle[(-11.6699,15.6419),(14.2687,11.4853),(21.5983,57.2244)]
triangle[(-3.49778,-6.7639),(5.50682,-12.6359),(16.4537,4.15104)]
triangle[(-3.87538,-20.1232),(-2.02286,10.4244),(-45.4743,13.0595)]
triangle[(14.6723,-10.644),(-4.99305,5.25017),(-30.1138,-25.8308)]
triangle[(12.3174,-12.4596),(3.62605,14.7644),(-35.9699,2.12324)]
triangle[(6.17651,2.01055),(5.37139,19.2889),(-17.3946,18.2281)]
triangle[(-10.4126,13.2814),(-11.5545,-2.94988),(8.27455,-4.34485)]
triangle[(-14.334,-15.8312),(19.8063,-4.62776),(3.21652,45.9262)]
triangle[(15.2434,8.60298),(-19.0676,-11.7725),(16.1465,-71.0709)]
triangle[(-3.19464,-16.2889),(-18.5214,-5.14257),(-29.8467,-20.7154)]
triangle[(-11.8707,9.65134),(0.0154785,4.06033),(8.36108,21.8026)]
triangle[(-2.28476,-0.409482),(-3.22851,13.5719),(-19.7365,12.4575)]
triangle[(7.60032,-19.9301),(0.73772,2.67628),(-40.1161,-9.72571)]
triangle[(-7.66887,14.0221),(-11.9943,-2.50904),(5.05865,-6.97096)]
triangle[(11.7627,1.43759),(-16.4022,-4.76945),(-7.01922,-47.3454)]
triangle[(13.2671,0.511228),(10.1682,6.11189),(0.458195,0.73923)]
triangle[(8.87578,-9.23576),(1.34748,-9.44208),(1.58824,-18.2269)]
triangle[(-10.2082,-14.9003),(-10.4485,5.17796),(-32.5003,4.91405)]
triangle[(-6.70558,5.95073),(-0.919454,-16.6179),(26.2546,-9.65103)]
triangle[(19.118,-16.6844),(18.116,12.4191),(-36.3043,10.5455)]
triangle[(7.86399,12.4136),(-18.4573,-8.33748),(17.5581,-54.0206)]
triangle[(-18.8503,-20.2449),(15.9807,16.3299),(-23.3402,53.7761)]
triangle[(18.3655,-18.9627),(-12.5963,-20.4553),(-10.47,-64.5594)]
triangle[(17.0753,-18.9502),(-10.4413,-18.1669),(-11.5419,-56.8334)]
triangle[(-2.37952,-17.3945),(18.813,-0.110895),(-0.680359,23.791)]
triangle[(2.82882,3.82281),(16.566,-9.2343),(30.1698,5.07805)]
triangle[(16.7255,0.65167),(14.3285,-7.34598),(23.056,-9.9617)]
triangle[(4.04975,11.8571),(-5.09491,18.2134),(-16.1912,2.2493)]
triangle[(16.5007,-11.3757),(-4.85642,-0.714062),(-21.0062,-33.0649)]
triangle[(-15.5588,5.86574),(8.58288,-5.47843),(29.7997,39.6734)]
triangle[(1.65445,11.6135),(16.4786,-6.56565),(41.6158,13.9324)]
triangle[(-15.0328,-13.2719),(-5.40749,-12.2101),(-6.96122,1.87473)]
triangle[(6.77564,-9.32763),(7.43652,-5.46647),(-0.143295,-4.16909)]
triangle[(4.47164,-12.5377),(-16.5546,8.33646),(-41.4629,-16.7532)]
triangle[(-11.2451,17.7003),(-17.2514,6.04158),(2.57688,-4.17343)]
triangle[(-17.9103,-12.8166),(6.87071,6.77083),(-22.5787,44.0288)]
triangle[(15.3435,-10.6179),(-6.35128,-2.19122),(-15.3264,-25.2981)]
triangle[(-2.26121,19.1331),(-6.39099,18.027),(-4.31882,10.2903)]
triangle[(0.128366,-6.62942),(12.5346,17.9685),(-22.3071,35.5413)]
triangle[(20.7492,11.4753),(11.7761,6.81606),(20.2452,-9.4946)]
triangle[(8.79319,-8.50261),(0.289687,9.95053),(-23.9523,-1.22058)]
triangle[(8.57329,12.842),(-6.28641,13.653),(-7.29508,-4.82882)]
triangle[(-6.68626,19.0077),(13.8932,-3.19546),(39.0623,20.133)]
triangle[(0.84475,12.3462),(-18.1593,-9.45014),(8.17658,-32.4123)]
triangle[(10.1022,-6.62595),(2.5496,12.2257),(-31.0306,-1.22772)]
triangle[(3.6065,-13.1415),(17.8375,-9.15867),(11.8865,12.1047)]
triangle[(-10.1517,12.4202),(13.0346,-11.2777),(39.111,14.2356)]
triangle[(10.6782,16.4217),(-2.50736,-19.9699),(36.0419,-33.9372)]
triangle[(-8.20941,18.0581),(-19.623,-7.15911),(23.077,-26.4855)]
triangle[(-14.4913,4.22494),(11.9382,-3.19233),(26.4957,48.6797)]
triangle[(-20.6664,15.0915),(7.68429,13.4326),(10.8287,67.174)]
triangle[(10.1055,-18.2363),(-0.553898,-16.3731),(-4.14119,-36.8962)]
triangle[(-2.77235,-19.0567),(-9.32966,2.73678),(-44.3694,-7.80607)]
triangle[(-17.6451,-15.4179),(-20.9599,-15.023),(-21.5083,-19.6276)]
triangle[(9.15858,-16.1014),(-5.68683,12.7021),(-52.4438,-11.3966)]
triangle[(14.0392,-4.6133),(15.4698,-12.9731),(24.4237,-11.4409)]
triangle[(13.9759,17.5773),(-4.9047,17.992),(-5.48555,-8.45595)]
triangle[(-13.3638,3.09762),(-19.5878,-10.9358),(-3.26113,-18.177)]
triangle[(-5.6811,-0.817903),(-20.0903,-18.5321),(12.0996,-44.7162)]
triangle[(-7.409,10.9608),(18.4321,-6.88788),(41.9514,27.1631)]
triangle[(7.90798,-11.5877),(13.6143,9.291),(-16.5239,17.528)]
triangle[(-2.03272,-0.130422),(-11.688,11.4172),(-24.5276,0.6817)]
triangle[(-11.9813,7.41357),(0.126,7.90481),(-0.604022,25.8973)]
triangle[(15.9459,-11.2119),(19.9065,5.66363),(-9.92303,12.6646)]
triangle[(14.2676,13.8546),(-17.7859,10.6182),(-13.7762,-29.0952)]
triangle[(-17.7126,19.7434),(0.772642,5.1926),(17.9702,27.0402)]
triangle[(-0.390642,20.3793),(10.2195,-10.4517),(71.5587,10.6575)]
triangle[(-17.473,-12.9243),(7.15509,13.6594),(-44.2576,61.2899)]
triangle[(2.5287,-10.6007),(-7.01344,-5.8195),(-16.542,-24.8363)]
triangle[(-11.478,17.1323),(7.04378,3.03635),(28.1671,30.792)]
triangle[(-18.4107,1.57536),(12.6515,4.56355),(7.3324,59.8556)]
triangle[(11.2852,7.34669),(-4.82951,2.26913),(1.12062,-16.6149)]
triangle[(-4.25999,-15.599),(-15.065,15.7533),(-71.298,-3.62647)]
triangle[(7.70035,-8.21333),(19.4583,-17.6163),(34.0912,0.681325)]
triangle[(0.899353,6.10913),(6.57718,-9.78258),(33.7976,-0.0572058)]
triangle[(-17.7432,-19.2148),(11.7271,8.2554),(-21.2675,43.6523)]
triangle[(-14.3306,15.7107),(16.6336,9.42616),(25.5611,53.4123)]
triangle[(19.1646,-20.1199),(-17.4577,-15.4995),(-22.8372,-58.1386)]
triangle[(14.5995,-5.60204),(-9.14627,-5.87589),(-8.84992,-31.5717)]
triangle[(-20.3213,-13.9537),(-11.886,4.98742),(-35.0746,15.3143)]
triangle[(2.11374,-0.65122),(12.224,1.90003),(8.63199,16.1347)]
triangle[(6.29138,-20.0054),(-11.0587,-8.65053),(-27.1613,-33.2551)]
triangle[(-13.4062,-9.4081),(10.9855,-3.47537),(-0.292583,42.8929)]
triangle[(-7.79438,-14.8515),(-5.25191,-3.81431),(-18.2028,-0.830995)]
triangle[(-3.58654,10.2309),(9.63211,-6.41587),(35.2337,13.9135)]
triangle[(16.4344,-14.6517),(-3.57804,-12.69),(-6.58988,-43.4156)]
triangle[(-11.3997,13.5554),(-5.94028,-19.9136),(43.8823,-11.7866)]
triangle[(-2.87363,-13.6607),(18.1376,18.0732),(-45.0004,59.8772)]
triangle[(12.5804,-7.41091),(2.7349,-12.3904),(7.99804,-22.7968)]
triangle[(14.8354,10.215),(-6.25084,6.74053),(-0.120579,-30.4631)]
triangle[(2.62106,6.70968),(7.83431,-2.26725),(18.0579,3.66997)]
triangle[(14.9645,-17.4658),(15.9484,13.202),(-36.8551,14.8961)]
triangle[(-12.2939,10.3203),(-9.31842,6.12449),(-1.54015,11.6405)]
triangle[(-2.75929,-9.60966),(15.6875,6.85952),(-11.3299,37.1212)]
triangle[(14.4808,5.61801),(12.891,-19.0968),(41.011,-20.9056)]
triangle[(-16.9963,-20.7521),(10.9244,20.5812),(-38.8982,54.2363)]
triangle[(12.5059,-7.03555),(-18.7512,10.0918),(-38.6231,-26.174)]
triangle[(-10.598,-11.4875),(4.88031,4.87606),(-16.7207,25.3084)]
triangle[(-19.1033,5.70822),(-10.5929,3.50564),(-7.59287,15.0972)]
triangle[(-2.7159,-7.94478),(-17.9618,-9.77366),(-16.0143,-26.0082)]
triangle[(20.8859,16.5301),(-6.42652,-11.7554),(43.0996,-59.5778)]
triangle[(-9.57816,3.87145),(-7.3766,5.52797),(-9.27446,8.05029)]
triangle[(-3.17348,-11.1923),(9.55553,-10.0834),(7.36292,15.0853)]
triangle[(-6.76695,13.1154),(-3.13214,-6.7463),(23.752,-1.82635)]
triangle[(-3.2374,-6.82401),(16.1462,10.146),(-8.68876,38.5132)]
triangle[(-1.27547,-11.5371),(9.74168,-18.9304),(21.2424,-1.79256)]
triangle[(14.8159,-9.08005),(6.82273,2.66007),(-14.3515,-11.7562)]
triangle[(17.7914,3.32684),(-2.91667,-6.92214),(17.4257,-48.0239)]
triangle[(10.4718,-19.6121),(18.1125,3.67039),(-21.8472,16.7841)]
triangle[(-9.78991,-12.0927),(12.2601,18.387),(-29.7021,48.7438)]
triangle[(10.5906,-11.494),(11.6875,-6.42649),(3.01873,-4.5502)]
triangle[(14.8675,7.61715),(20.9595,11.5898),(15.275,20.3069)]
triangle[(-7.76957,10.1654),(14.7034,3.88286),(24.755,39.8383)]
triangle[(-20.7506,-1.07488),(3.19141,0.925358),(0.198616,36.7478)]
triangle[(20.0556,9.59138),(10.9598,-13.4195),(43.4041,-26.2442)]
triangle[(-9.34831,-14.5896),(-10.5687,-9.37625),(-20.7165,-11.7518)]
triangle[(-4.6207,-16.2907),(14.5801,-18.7313),(19.1888,17.5271)]
triangle[(-11.5801,-6.95423),(-0.203747,9.15222),(-16.4018,20.5933)]
triangle[(18.2841,4.11928),(4.61058,-13.8638),(36.328,-37.9802)]
triangle[(4.00453,-10.5872),(15.0689,-15.971),(22.8322,-0.0167141)]
triangle[(-7.47924,1.00632),(-11.9162,3.47056),(-15.1534,-2.35805)]
triangle[(15.7407,19.9121),(3.72738,-18.4595),(74.9057,-40.7439)]
triangle[(-15.8804,-3.62368),(-1.1357,-15.5506),(11.9308,0.60299)]
triangle[(-20.2182,8.82902),(5.2646,-13.7299),(37.5456,22.7351)]
triangle[(9.55175,4.18177),(-15.8123,18.9497),(-37.0823,-17.5817)]
triangle[(-7.49052,-20.604),(14.3666,-2.2732),(-12.1251,29.3146)]
triangle[(7.64306,14.4443),(7.91303,-11.4604),(35.0538,-11.1775)]
triangle[(2.17979,7.5317),(-12.6789,-4.76054),(9.1744,-31.1766)]
triangle[(-10.3839,-20.3908),(16.2005,20.7491),(-29.8365,50.4979)]
triangle[(0.270727,20.1483),(-7.27159,5.57921),(18.0108,-7.50927)]
triangle[(2.4806,6.19126),(-10.7248,12.1917),(-17.6481,-3.04457)]
triangle[(-3.00852,-14.2471),(4.0132,6.03789),(-30.71,18.0574)]
triangle[(11.6759,19.5204),(-20.2859,18.1579),(-18.0792,-33.6111)]
triangle[(14.7216,18.689),(-8.07789,-11.7951),(45.2206,-51.6578)]
triangle[(7.16524,-15.9134),(-0.826749,-6.36115),(-11.7682,-15.5155)]
triangle[(-5.95381,-15.4018),(-11.3633,-4.43705),(-26.0104,-11.6633)]
triangle[(-4.59642,12.2205),(-3.64434,14.2622),(-6.42969,15.5611)]
triangle[(-19.7208,-10.4565),(-8.82685,-8.98104),(-11.0767,7.63025)]
triangle[(-2.38701,20.812),(5.47704,-19.9082),(49.8902,-11.331)]
triangle[(3.71886,19.3495),(17.5502,-3.40527),(62.9704,24.2032)]
triangle[(-4.43652,-20.8471),(1.00617,15.4018),(-65.4921,25.3864)]
triangle[(-17.2042,-0.0342713),(-13.0362,5.90956),(-19.4603,10.4144)]
triangle[(15.5746,-1.89917),(8.33787,15.06),(-12.5213,6.15912)]
triangle[(15.6271,0.490067),(-17.1582,20.993),(-50.2996,-32.0021)]
triangle[(5.39182,-1.82816),(14.5985,14.2516),(-10.5281,28.6382)]
triangle[(18.9141,20.1833),(14.7667,-14.5568),(53.6317,-19.1966)]
triangle[(-15.1302,-6.77313),(-6.24238,7.0715),(-32.1565,23.7075)]
triangle[(-11.5498,3.75017),(20.1682,4.7939),(19.0476,38.8477)]
triangle[(-3.68572,11.4953),(11.5653,-12.2098),(45.8231,9.8305)]
triangle[(7.78133,7.14127),(8.38046,-0.526117),(22.2037,0.554032)]
triangle[(17.9065,-17.8231),(18.3729,16.2794),(-43.7856,17.1294)]
triangle[(-19.0591,-15.3172),(-15.57,20.7073),(-53.6262,24.3932)]
triangle[(18.2344,-17.7582),(-1.61714,-5.83185),(-21.6376,-39.1561)]
triangle[(-10.2351,9.91422),(-10.3036,-8.48812),(17.316,-8.59097)]
triangle[(17.3815,0.537456),(1.89806,-17.8862),(33.2593,-44.2425)]
triangle[(7.17368,6.96132),(-20.4466,-0.815295),(-6.06935,-51.8793)]
triangle[(19.7884,-1.57108),(-8.7646,17.9773),(-31.263,-14.8845)]
triangle[(4.0356,16.7113),(-10.2139,11.3467),(-3.03123,-7.73175)]
triangle[(-8.87631,-2.10681),(14.8286,6.93189),(-1.93547,50.8975)]
triangle[(-10.0938,12.7009),(-18.2342,-7.60484),(13.2147,-20.2123)]
triangle[(-12.7883,-8.65407),(-6.52372,2.8063),(-23.2592,11.9544)]
triangle[(-20.5037,14.1042),(-16.7651,-12.4287),(15.4348,-7.89165)]
triangle[(-2.78945,-20.2496),(-0.366692,2.38391),(-37.5336,6.36236)]
triangle[(-20.6994,19.3848),(-8.81601,-8.31848),(31.8216,9.11315)]
triangle[(-15.016,15.2625),(-11.5586,-17.8872),(31.5088,-13.3954)]
triangle[(16.7985,-9.78601),(7.85397,18.9159),(-22.2813,9.52469)]
triangle[(9.13143,-8.17879),(-20.5394,-11.3926),(-14.1461,-70.4166)]
triangle[(-12.7298,-14.0723),(16.8696,-9.50316),(9.19393,40.2212)]
triangle[(-2.35605,5.98037),(-6.11793,-12.2977),(25.2271,-18.7489)]
triangle[(-2.75837,-15.9179),(-11.7756,-6.97465),(-28.0445,-23.3782)]
triangle[(-13.3478,6.28792),(-18.8072,8.25831),(-22.5953,-2.23737)]
triangle[(-16.6903,14.9833),(0.434898,-19.5047),(62.1823,11.1562)]
triangle[(-16.56,7.44681),(15.3811,-16.5303),(57.6001,39.7118)]
triangle[(-12.6897,16.4336),(-9.94235,-20.5373),(28.0714,-17.7125)]
triangle[(-5.49936,-11.6312),(0.316869,-4.12464),(-9.53323,3.50745)]
triangle[(3.7731,-1.8154),(13.3864,-3.67288),(16.996,15.0082)]
triangle[(-0.159491,20.0105),(17.1259,8.15035),(29.0898,25.587)]
triangle[(18.1196,2.55645),(-1.30659,-0.221345),(4.00327,-37.3552)]
triangle[(-9.29957,19.1575),(-20.6782,-11.5275),(37.1991,-32.9896)]
triangle[(-8.53437,-14.9525),(-19.1187,12.4744),(-56.8852,-2.1002)]
triangle[(11.7172,8.41469),(3.8369,20.3605),(-13.68,8.80525)]
triangle[(9.08338,-20.6888),(3.87019,-11.7197),(-6.90566,-17.9831)]
triangle[(11.9329,0.318037),(-2.35666,0.9296),(-3.0756,-15.8687)]
triangle[(-11.7149,15.7244),(-4.19827,-0.588845),(21.9462,11.4577)]
triangle[(7.93912,1.07757),(8.40504,16.1663),(-14.7897,16.8825)]
triangle[(5.86066,-1.36),(7.35276,-6.30423),(14.4817,-4.15283)]
triangle[(0.887013,-12.877),(18.5793,-14.3615),(21.2638,17.6333)]
triangle[(18.5546,-0.978093),(14.7756,6.57612),(6.40934,2.39086)]
triangle[(9.13309,-0.0450124),(-8.64969,-9.17691),(7.70072,-41.0165)]
triangle[(11.031,12.1714),(13.6106,-19.8101),(62.6156,-15.8573)]
triangle[(-18.1987,-17.2606),(18.9717,18.0226),(-50.4099,91.1151)]
triangle[(4.36283,-17.3058),(-0.202499,2.76015),(-39.6684,-6.21896)]
triangle[(-17.0728,12.99),(-14.8197,16.6159),(-19.8787,19.7596)]
triangle[(-3.85223,-5.17404),(-10.0862,14.5001),(-38.2092,5.58908)]
triangle[(-7.38883,-10.6715),(11.5006,-8.68693),(8.61372,18.7913)]
triangle[(2.60134,-2.08821),(-1.459,12.7532),(-22.9869,6.86354)]
triangle[(-6.89409,19.2827),(6.20833,-1.64253),(39.7335,19.3495)]
triangle[(14.4895,-4.78866),(0.34929,9.43896),(-15.2235,-6.03808)]
triangle[(-2.01721,-13.5747),(-13.9852,-2.01836),(-27.4535,-15.9665)]
triangle[(-19.4714,-9.76832),(-6.22712,0.256567),(-21.4299,20.3416)]
triangle[(-8.696,7.50077),(13.3767,18.7872),(-7.8799,60.3583)]
triangle[(-0.694188,-5.24572),(1.83982,3.31503),(-12.9589,7.69549)]
triangle[(7.8282,11.6729),(17.6551,2.87991),(29.8674,16.5282)]
triangle[(18.8851,-16.7636),(-7.33656,12.9146),(-61.2604,-34.7289)]
triangle[(5.4368,-0.96876),(5.54399,13.8737),(-19.3846,14.0538)]
triangle[(1.23591,-1.20422),(5.52195,13.2749),(-15.9814,19.6402)]
triangle[(-9.4283,-5.42634),(-9.73478,15.9651),(-46.7318,15.4351)]
triangle[(19.4946,5.5095),(10.8637,4.84409),(12.0038,-9.94269)]
triangle[(5.73254,11.7145),(5.51702,18.6197),(-2.00035,18.385)]
triangle[(-10.1807,14.3124),(17.7894,-10.8967),(50.5418,25.4428)]
triangle[(12.8929,-13.0452),(2.05977,13.125),(-28.0804,0.648492)]
triangle[(-6.90274,9.01385),(-6.98361,6.96959),(-4.35308,6.86553)]
triangle[(-10.9917,16.7309),(13.4222,-14.0392),(60.599,23.3922)]
triangle[(-15.1949,0.457323),(19.9518,2.74732),(17.1241,46.1456)]
triangle[(20.582,-5.31804),(18.1955,-9.30587),(22.9691,-12.1627)]
triangle[(-2.55652,16.8739),(-2.78497,-10.4097),(44.4763,-10.8054)]
triangle[(-5.99485,-16.2385),(5.00416,18.3544),(-55.4524,37.5769)]
triangle[(13.0077,-20.7853),(-20.7074,17.2096),(-70.5736,-27.0396)]
triangle[(-18.7997,-7.7619),(20.6857,-7.59461),(20.3637,68.4044)]
triangle[(13.3402,-20.4646),(13.9764,-16.546),(7.72174,-15.5305)]
triangle[(-19.9468,-16.3835),(11.3522,-10.8695),(4.75035,26.6041)]
triangle[(18.0518,3.14982),(18.8797,7.63375),(11.9683,8.90986)]
triangle[(5.84256,-1.47629),(6.46127,-4.76687),(10.7129,-3.96746)]
triangle[(1.16712,12.5002),(-5.70374,7.52987),(0.935131,-1.64748)]
triangle[(13.0145,5.31753),(-14.5408,11.4065),(-21.183,-18.6523)]
triangle[(10.2353,15.072),(11.7567,8.33322),(24.4639,11.2022)]
triangle[(-6.98726,3.49177),(8.96783,-11.1231),(24.5081,5.84233)]
triangle[(-12.999,2.15416),(-6.60217,2.20251),(-6.65157,8.73781)]
triangle[(-14.8395,-17.1984),(14.8858,2.23533),(-13.1201,45.0724)]
triangle[(-18.1813,-5.79481),(-9.60476,4.38062),(-29.4333,21.0935)]
triangle[(15.6406,-4.77988),(11.7625,-16.8495),(34.4349,-24.1344)]
triangle[(13.2065,8.90097),(14.9668,-4.21674),(33.9139,-1.67415)]
triangle[(6.00103,-2.81106),(-2.24319,0.377685),(-6.91877,-11.7106)]
triangle[(-6.66403,-20.5711),(7.40225,11.0141),(-33.3838,29.178)]
triangle[(16.554,12.667),(-14.7627,3.9377),(-1.6199,-43.2124)]
triangle[(-8.12071,-9.18968),(13.069,17.8377),(-36.882,56.9998)]
triangle[(16.752,13.9808),(-3.6331,-9.25043),(33.5655,-41.8916)]
triangle[(11.1361,-11.3589),(12.0665,-17.0497),(18.6235,-15.9778)]
triangle[(0.28155,-10.2345),(12.5357,11.0889),(-9.43867,23.7171)]
triangle[(19.2667,19.6864),(-12.3473,12.9387),(-5.24257,-20.3479)]
triangle[(0.684215,-1.84861),(6.55288,-18.4867),(38.5717,-7.19295)]
triangle[(-3.77576,17.6737),(-13.8531,18.3389),(-15.1514,-1.33066)]
triangle[(-16.0145,16.8654),(-8.15054,19.744),(-13.4009,34.0871)]
triangle[(-19.6695,7.62385),(-19.7781,-2.56222),(-1.25174,-2.75965)]
triangle[(-0.974746,18.4976),(3.10373,-8.03608),(46.9766,-1.29239)]
triangle[(-1.09968,-11.4844),(-17.2958,-2.55971),(-26.5577,-19.3677)]
triangle[(-0.0307249,18.343),(7.10327,18.9027),(6.31415,28.9612)]
triangle[(-7.66069,-1.29075),(13.4137,11.173),(-8.82391,48.7735)]
triangle[(-20.3869,3.67097),(10.66,-6.42756),(22.9613,31.3913)]
triangle[(3.34296,-9.45636),(15.2777,14.3521),(-25.0774,34.5813)]
triangle[(-13.9874,-10.5046),(-17.4979,13.3947),(-47.5509,8.98025)]
triangle[(-14.0804,-16.715),(7.67801,-20.9455),(13.4378,8.67874)]
triangle[(13.9655,11.4443),(-12.1813,20.7249),(-29.8881,-29.1617)]
triangle[(-8.80105,9.94576),(18.3984,5.6964),(23.4501,38.0318)]
triangle[(-9.6686,12.915),(-2.30363,4.29928),(8.58652,13.6084)]
triangle[(20.8348,11.4973),(-20.502,-7.20985),(7.60807,-69.3243)]
triangle[(-8.48995,-8.56232),(5.4731,-1.83182),(-6.91466,23.8677)]
triangle[(0.196663,0.186217),(3.91999,-18.729),(28.9854,-13.7951)]
triangle[(1.40646,14.3409),(-7.38644,18.6914),(-14.8492,3.60835)]
triangle[(-20.087,11.784),(-11.1876,18.3354),(-23.9843,35.7186)]
triangle[(20.5175,7.46469),(2.45105,-12.9355),(30.053,-37.3798)]
triangle[(-2.70675,7.03311),(11.2974,-5.15551),(35.3691,22.5017)]
triangle[(-9.1947,8.9201),(-2.35564,-4.13175),(22.5446,8.91579)]
triangle[(17.3575,11.7246),(-19.0344,9.43028),(-14.7913,-57.8714)]
triangle[(-7.50075,-18.6753),(-15.7758,-9.96178),(-26.0085,-19.6796)]
triangle[(9.14129,-11.4755),(-17.8382,14.173),(-47.1655,-16.6763)]
triangle[(16.385,12.9335),(5.96779,20.9344),(-2.79642,9.52329)]
triangle[(-14.0807,17.4649),(5.64091,7.04362),(26.2061,45.9618)]
triangle[(2.79388,-6.1665),(-9.70974,8.0291),(-27.1654,-7.34598)]
triangle[(-17.1127,-7.2719),(0.0872263,-0.057587),(-9.55286,22.9257)]
triangle[(-16.9477,-3.37929),(-18.8722,15.1929),(-39.4219,13.0635)]
triangle[(19.2785,14.8001),(1.39736,-20.7435),(65.7257,-53.1055)]
triangle[(6.11931,-14.1654),(9.026,20.9009),(-53.7412,26.1037)]
triangle[(-6.23454,-3.04151),(-0.655928,-19.252),(22.1316,-11.41)]
triangle[(-9.73457,-14.6085),(9.63383,1.52745),(-15.8126,32.0716)]
triangle[(-19.2326,19.2338),(-20.5822,1.37125),(11.3506,-1.04137)]
triangle[(8.47199,-15.4127),(-19.7971,5.45458),(-41.4882,-23.9305)]
triangle[(8.69231,18.3234),(18.4252,-0.580265),(41.6824,11.3941)]
triangle[(0.0798606,17.6693),(6.35923,6.65112),(22.8828,16.068)]
triangle[(-3.17403,18.5823),(15.513,-19.3411),(77.3574,11.1333)]
triangle[(-20.523,14.6215),(-12.9728,-1.18262),(4.22872,7.03521)]
triangle[(5.2055,13.932),(-15.4565,9.71971),(-7.37704,-29.9113)]
triangle[(17.735,12.4227),(-7.92283,19.5368),(-20.1291,-24.4864)]
triangle[(-4.4737,-0.058055),(5.7529,4.15066),(-1.51224,21.8039)]
triangle[(13.3554,6.75092),(-1.14698,6.23305),(-0.563464,-10.1076)]
triangle[(-7.74167,-1.20278),(-6.769,-8.38408),(5.84912,-6.67501)]
triangle[(-2.76624,0.281999),(11.8672,3.42106),(7.19867,25.1843)]
triangle[(20.05,-1.55008),(11.718,7.88719),(0.285428,-2.20644)]
triangle[(-1.85343,0.898488),(-2.49307,-17.0095),(19.5032,-17.7952)]
triangle[(2.30259,-10.7759),(-9.61973,12.1995),(-51.3086,-9.43355)]
triangle[(0.750691,-18.6659),(10.4025,-2.98349),(-12.9859,11.4111)]
triangle[(-11.0515,11.1948),(18.7618,1.77607),(29.3606,35.3246)]
triangle[(-11.834,11.9588),(4.35547,0.82969),(22.6779,27.4832)]
triangle[(-5.53779,5.43486),(-14.7627,-11.9792),(17.3243,-28.9768)]
triangle[(-2.29818,-9.40752),(13.5991,20.5059),(-34.4732,46.0536)]
triangle[(-20.0053,16.1478),(13.1427,-10.6763),(46.5132,30.5616)]
triangle[(18.9598,11.7007),(-11.2854,-13.7674),(38.9707,-73.4501)]
triangle[(12.3058,2.14638),(15.6978,-2.215),(22.2191,2.85691)]
triangle[(-15.9584,-15.7125),(-18.4611,14.1455),(-71.1183,9.73171)]
triangle[(10.2494,6.45237),(-1.68489,13.758),(-14.3587,-6.94568)]
triangle[(-11.8847,-13.8556),(17.8193,13.0283),(-34.8674,71.2418)]
triangle[(-11.0901,9.21441),(-7.66088,19.1166),(-19.004,23.0448)]
triangle[(17.495,14.6464),(8.64928,-16.0552),(46.5647,-26.9794)]
triangle[(-1.43412,5.95742),(-0.934056,-16.9549),(30.0885,-16.2778)]
triangle[(1.26103,2.81289),(-13.847,14.4047),(-35.7013,-14.0788)]
triangle[(20.9201,-1.97786),(9.05034,11.8778),(-14.9976,-8.72349)]
triangle[(-1.81866,3.50404),(-12.5273,-19.843),(30.1647,-39.4246)]
triangle[(0.663322,-17.5449),(-12.8544,7.98358),(-38.6831,-5.6931)]
triangle[(12.1514,15.2009),(-0.902081,-13.6328),(38.2179,-31.3431)]
triangle[(13.9285,-9.87821),(3.78042,11.6134),(-22.8371,-0.954968)]
triangle[(-0.925192,15.264),(-20.3759,16.7453),(-22.6878,-13.6126)]
triangle[(-17.7891,4.81403),(-2.10752,1.7438),(2.12532,23.3636)]
triangle[(2.2394,12.2163),(3.40763,19.1395),(-9.13741,21.2564)]
triangle[(4.02366,14.696),(-3.75076,15.2189),(-4.74645,0.414505)]
triangle[(12.3588,-11.1089),(-3.22735,-18.9389),(8.6624,-42.6064)]
triangle[(-11.0324,16.7813),(20.3896,-11.5097),(67.3827,40.6842)]
triangle[(-12.9715,4.8606),(-2.77618,5.34574),(-3.39796,18.4125)]
triangle[(-15.6142,-0.0768333),(-3.40558,-3.08449),(0.736605,13.7294)]
triangle[(18.1975,16.164),(19.301,-2.35554),(50.1235,-0.518918)]
triangle[(18.8317,-8.48138),(5.86726,-9.13142),(6.68167,-25.3739)]
triangle[(-18.228,2.71328),(0.682646,10.8232),(-12.7778,42.21)]
triangle[(3.85688,10.6917),(-11.9543,-5.11272),(17.5146,-34.5942)]
triangle[(-2.24569,-3.41194),(-13.9401,-5.53912),(-10.6405,-23.6796)]
triangle[(12.4914,10.6084),(17.832,7.52526),(22.5207,15.6469)]
triangle[(-14.8746,-17.5379),(10.0507,9.30546),(-40.2948,56.0536)]
triangle[(3.88527,-11.8843),(-3.2055,1.67313),(-25.0502,-9.75208)]
triangle[(2.70697,14.5228),(-14.6983,-15.995),(30.61,-41.8357)]
triangle[(-15.6094,20.94),(-7.79994,-6.11361),(24.9839,3.34995)]
triangle[(14.7352,-14.8186),(10.3432,-19.8364),(18.0809,-26.6092)]
triangle[(16.7063,6.473),(15.1674,8.12586),(12.2092,5.37156)]
triangle[(-7.30549,2.65769),(9.09067,-8.4201),(21.0017,9.20927)]
triangle[(-10.7405,3.24719),(10.1108,9.13974),(-1.58874,50.5393)]
triangle[(-5.52776,-13.3647),(-4.73737,-2.12227),(-16.604,-1.28801)]
triangle[(-1.4959,-19.1087),(4.49013,-18.3005),(3.63352,-11.956)]
triangle[(-13.2002,-15.3049),(-10.6101,-12.4493),(-15.8866,-7.66354)]
triangle[(-5.84338,-4.08308),(18.5743,-15.373),(39.7208,30.3626)]
triangle[(-18.4567,10.0472),(-3.41236,-16.957),(49.5835,12.5678)]
triangle[(14.7585,20.4606),(19.5426,16.7792),(24.1857,22.813)]
triangle[(10.0052,-4.61891),(-11.9971,8.82698),(-31.8492,-23.6583)]
triangle[(-19.044,-3.0097),(-0.389911,18.7731),(-41.2261,53.744)]
triangle[(-3.6615,-12.575),(-5.81375,-6.70518),(-15.9912,-10.4369)]
triangle[(-7.95693,5.80899),(6.5163,-20.8244),(47.4286,1.40841)]
triangle[(-9.6329,17.065),(13.5576,1.48046),(37.8536,37.634)]
triangle[(7.14115,13.7604),(15.2792,-4.64708),(51.5208,11.3756)]
triangle[(-16.8773,18.4614),(11.4307,18.6553),(11.1441,60.5046)]
triangle[(-3.03962,-9.22975),(15.5058,6.83513),(-6.33312,32.0461)]
triangle[(-9.8395,10.6707),(17.1162,14.6556),(12.8821,43.2975)]
triangle[(13.2039,-6.51335),(-5.21056,17.8768),(-36.8341,-5.99891)]
triangle[(-12.884,1.49044),(7.84907,-12.2515),(26.5008,15.8893)]
triangle[(2.74693,20.0858),(8.47402,-6.30513),(49.0452,2.49923)]
triangle[(-13.4535,10.0173),(6.45918,19.4123),(-8.72528,51.5959)]
triangle[(7.45093,-7.28036),(-8.1621,2.07752),(-23.737,-23.9082)]
triangle[(-2.19484,-9.71754),(-3.30718,2.39564),(-17.4681,1.09526)]
triangle[(-17.7336,19.9574),(-10.5232,20.0998),(-10.7594,32.0645)]
triangle[(-4.91905,-5.61377),(16.97,-19.6402),(41.6916,18.9394)]
triangle[(19.7492,9.41665),(-3.02906,19.3945),(-21.3515,-22.4336)]
triangle[(6.75909,6.42682),(18.6269,-0.715373),(27.3506,13.7804)]
triangle[(-11.5623,4.86398),(4.77689,2.42832),(7.69163,21.9814)]
triangle[(13.6543,7.37314),(12.8496,-10.917),(33.7024,-11.8344)]
triangle[(7.53769,15.9077),(6.04874,-4.54304),(40.9524,-7.08426)]
triangle[(5.89368,-1.87346),(17.5594,-18.2549),(46.9133,2.64906)]
triangle[(5.5142,-6.72464),(-6.72241,7.4698),(-21.7079,-5.44875)]
triangle[(-0.937231,-9.29381),(-12.1043,-3.72421),(-20.38,-20.317)]
triangle[(-16.5821,20.9111),(18.0733,0.974733),(50.2482,56.9045)]
triangle[(1.8485,12.5617),(9.17746,18.2706),(0.212817,29.7793)]
triangle[(-4.08367,-5.67781),(9.55322,-18.9836),(23.6283,-4.55824)]
triangle[(5.63044,10.0114),(17.8573,15.6573),(10.8786,30.7705)]
triangle[(16.9998,-19.5425),(14.9809,2.31447),(-12.961,-0.266459)]
triangle[(7.08166,19.4012),(6.10437,16.5178),(11.6529,14.6372)]
triangle[(-0.682318,0.0107134),(9.6588,19.9307),(-14.8317,32.6445)]
triangle[(16.4066,14.5305),(-11.8336,-19.6683),(40.3488,-62.7587)]
triangle[(-2.54577,-17.8577),(-10.0766,-10.0964),(-20.8651,-20.5645)]
triangle[(-20.2489,-15.2043),(0.414626,11.6527),(-47.7456,48.7066)]
triangle[(7.70411,20.8209),(14.0578,16.6334),(20.8723,26.9731)]
triangle[(-1.37063,-1.37645),(-17.7116,-2.89148),(-14.8376,-33.8906)]
triangle[(-8.2973,5.8514),(-7.68125,20.2073),(-33.1976,21.3022)]
triangle[(20.2743,-19.8853),(-11.3257,4.90266),(-54.9413,-50.6992)]
triangle[(-13.4445,14.3782),(-17.4626,19.0882),(-26.8678,11.0647)]
triangle[(9.38493,-12.7177),(1.88012,15.333),(-46.9262,2.27517)]
triangle[(-14.9786,-7.71116),(17.3808,19.8999),(-12.2479,54.6238)]
triangle[(12.653,-13.2598),(15.4283,12.3952),(-20.6447,16.2974)]
triangle[(-9.6839,16.8842),(-6.02091,-20.4205),(48.4794,-15.0691)]
triangle[(-13.4262,17.586),(-0.453398,-12.0252),(30.4076,1.49516)]
triangle[(-14.9134,16.5587),(8.01711,-0.787653),(36.6407,37.0504)]
triangle[(7.41113,-12.1955),(-18.4783,-12.6917),(-17.6045,-58.2818)]
triangle[(-18.735,-15.2696),(-0.814964,-13.452),(-4.20497,19.9713)]
triangle[(11.6779,8.84984),(2.70936,8.00154),(4.1446,-7.17236)]
triangle[(-13.3285,-7.65791),(-18.07,-5.71773),(-20.0358,-10.522)]
triangle[(17.2845,13.1851),(-9.23419,-12.9955),(21.466,-44.0921)]
triangle[(-7.57459,5.08257),(9.06252,9.90582),(3.55269,28.9112)]
triangle[(-7.47839,-1.19235),(9.97564,10.0154),(-7.54079,37.294)]
triangle[(19.9485,-20.8408),(-2.58755,-15.6285),(-10.3804,-49.3228)]
triangle[(10.6663,-3.21181),(1.99019,9.39582),(-22.6305,-7.54722)]
triangle[(11.4977,-1.722),(17.1259,0.62614),(13.3811,9.60182)]
triangle[(20.9764,-18.4587),(0.0699062,4.47368),(-37.9786,-30.2137)]
triangle[(-15.7308,-20.6114),(-19.2188,0.582889),(-52.3661,-4.87231)]
triangle[(-3.64156,-1.92581),(-18.885,-4.46752),(-15.818,-22.8611)]
triangle[(-3.18363,-6.78297),(14.3776,14.5599),(-26.784,48.4283)]
triangle[(-19.1347,6.19004),(-19.4179,-10.6511),(10.5358,-11.1548)]
triangle[(10.1041,12.1682),(-6.94246,-2.04724),(10.1565,-22.5514)]
triangle[(11.046,-20.3524),(-14.7026,5.24608),(-40.3138,-20.5154)]
triangle[(-5.91598,-2.42264),(19.0624,-16.56),(33.4842,8.92096)]
triangle[(-2.05504,-7.91472),(-6.50339,12.1814),(-37.4997,5.32028)]
triangle[(-8.64497,18.3143),(-3.04157,5.86186),(9.5112,11.5104)]
triangle[(14.4697,10.1974),(5.40634,-2.65793),(22.0038,-14.3596)]
triangle[(-17.4005,18.4405),(7.34586,9.43262),(19.3803,42.4934)]
triangle[(19.8951,-9.17939),(8.62173,3.63624),(-4.43072,-7.84543)]
triangle[(-6.79922,-4.79941),(-18.4425,3.09744),(-32.0967,-17.0346)]
triangle[(6.33389,-0.676961),(0.696671,15.6767),(-30.7848,4.82478)]
triangle[(-14.0443,15.229),(-7.74792,-12.2567),(23.7881,-5.03251)]
triangle[(20.5706,17.9198),(18.4706,-2.43353),(45.122,-5.18325)]
triangle[(17.1587,13.0615),(-7.50626,4.74583),(2.28851,-24.3063)]
triangle[(13.3399,6.60639),(7.39943,-11.8563),(42.5745,-23.1741)]
triangle[(18.7956,5.19419),(16.7192,3.68311),(18.6153,1.07765)]
triangle[(15.75,-7.27938),(17.6183,2.87284),(-0.141484,6.14123)]
triangle[(8.43066,-12.9914),(-16.6486,4.3404),(-36.5484,-24.4549)]
triangle[(-7.89872,-9.51689),(-8.80214,12.3952),(-35.7704,11.2833)]
triangle[(13.2099,6.53606),(20.5732,3.87851),(24.8268,15.6639)]
triangle[(18.0803,20.5809),(7.23982,-9.78663),(40.0854,-21.5117)]
triangle[(-12.6457,-20.179),(12.8831,14.5676),(-51.9762,62.2205)]
triangle[(-15.4882,-15.8502),(-15.7758,2.21859),(-37.6735,1.8701)]
triangle[(15.5896,-4.13564),(17.8195,-17.4284),(40.3374,-13.6509)]
triangle[(-20.8313,8.73031),(11.4719,-18.0435),(65.0123,46.5542)]
triangle[(-7.7838,-3.57483),(0.790847,10.8835),(-18.8196,22.5136)]
triangle[(-8.422,0.833376),(0.815343,17.5566),(-23.1997,30.8217)]
triangle[(-14.7992,13.678),(13.8066,-8.89913),(53.5978,41.5173)]
triangle[(18.1393,10.5004),(-9.94036,-8.27658),(26.8446,-63.286)]
triangle[(1.56718,7.25993),(3.13037,-20.4852),(56.6843,-17.4679)]
triangle[(4.53189,0.488726),(8.49432,-5.54864),(19.6033,1.74238)]
triangle[(-13.9652,20.8835),(18.1836,-18.5037),(86.4485,37.2158)]
triangle[(-9.6405,-12.0733),(-7.17163,-1.95543),(-19.9074,1.15226)]
triangle[(4.64388,1.18643),(1.24769,12.8035),(-12.7869,8.7005)]
triangle[(10.7184,-5.57505),(-7.01043,-18.4705),(14.3144,-47.788)]
triangle[(-0.869187,13.3321),(13.0486,-20.6043),(59.6366,-1.4979)]
triangle[(-1.61817,-20.8837),(6.67492,-11.0021),(-8.8756,2.04863)]
triangle[(-16.3606,4.1476),(0.784034,1.901),(3.10687,19.6274)]
triangle[(13.896,-4.96303),(10.5494,-9.31438),(16.8421,-14.1542)]
triangle[(16.8918,20.3886),(12.5125,-11.8443),(70.8372,-19.7684)]
triangle[(-13.7401,-19.347),(-4.52061,-17.4191),(-7.61303,-2.63093)]
triangle[(4.00068,7.6706),(-2.27657,-20.1012),(28.2145,-26.9931)]
triangle[(12.9697,-2.72441),(10.5682,0.828217),(4.45999,-3.30071)]
triangle[(2.29168,11.9159),(19.1715,17.011),(12.6988,38.4544)]
triangle[(-15.507,-7.48637),(-15.0079,8.43819),(-45.8225,9.4038)]
triangle[(-11.5419,5.06479),(-18.4321,16.4997),(-40.9528,2.92972)]
triangle[(13.6953,-3.6487),(11.1425,12.8083),(-21.0177,7.81975)]
triangle[(-6.49888,-11.2798),(1.77529,-11.2558),(1.73162,3.76683)]
triangle[(-5.87762,19.6222),(6.06544,-9.14047),(54.5331,10.9847)]
triangle[(-10.7297,9.04142),(-13.349,-2.16476),(2.86539,-5.95467)]
triangle[(14.6929,18.2717),(2.10889,5.78014),(24.8639,-17.1434)]
triangle[(15.2592,-1.23984),(-18.1145,3.31363),(-26.3349,-56.9365)]
triangle[(16.5268,3.83321),(-16.2425,-0.512986),(-9.33552,-52.59)]
triangle[(-12.1203,-1.55684),(-0.125911,-19.1155),(20.4013,-5.09325)]
triangle[(-16.5085,-15.0313),(11.2766,1.66836),(-7.48056,32.8767)]
triangle[(-8.35476,-7.23468),(-12.9371,10.0028),(-31.2864,5.12492)]
triangle[(-3.97085,-0.931611),(13.4,-6.93782),(22.9411,20.6565)]
triangle[(2.31049,1.74162),(10.8523,-18.6477),(43.2014,-5.09553)]
triangle[(15.6429,-9.86258),(-3.33773,19.9814),(-50.0597,-9.73363)]
triangle[(15.8834,-6.35638),(-9.90064,12.374),(-29.2025,-14.1967)]
triangle[(11.1219,-1.2928),(-14.9387,12.8056),(-41.8063,-36.8585)]
triangle[(-18.3778,-12.7661),(9.36343,18.2706),(-33.9427,56.9785)]
triangle[(-6.04408,-9.16962),(9.4201,-3.45342),(-1.72165,26.6886)]
triangle[(-12.633,-18.8792),(19.5678,-16.6512),(15.9382,35.8053)]
triangle[(-18.3045,6.38617),(4.00727,-5.37712),(20.9685,26.7937)]
triangle[(-17.9131,20.6099),(-20.8024,11.6336),(-8.55441,7.69127)]
triangle[(7.07863,5.46591),(-3.19842,-10.2706),(20.5174,-25.7587)]
triangle[(3.47844,17.1848),(14.6159,5.36248),(28.6565,18.5898)]
triangle[(16.0099,15.5954),(19.3874,-12.9972),(51.6066,-9.19131)]
triangle[(-19.9655,17.1872),(-6.2101,0.165765),(13.5715,16.1517)]
triangle[(17.9219,-2.42402),(7.67062,-15.2308),(27.3487,-30.9823)]
triangle[(19.0267,2.51959),(4.08738,-16.3954),(33.3874,-39.537)]
triangle[(-4.63782,-20.0521),(-7.97274,-3.92924),(-30.3056,-8.54865)]
triangle[(16.4647,-2.4509),(5.51909,2.54149),(-4.02573,-18.3851)]
triangle[(20.6926,-9.37745),(-0.288623,15.3911),(-39.5287,-17.8487)]
triangle[(17.8053,-20.8354),(-1.44176,-9.64995),(-14.8921,-32.7943)]
triangle[(-16.2913,11.2216),(14.7921,0.733032),(27.0452,37.0459)]
triangle[(-13.0218,-14.0179),(-17.1705,-12.5673),(-19.3196,-18.7139)]
triangle[(3.17092,-6.84967),(18.4915,-17.4687),(37.0672,9.33144)]
triangle[(18.6764,12.7273),(-5.69206,0.177483),(9.85329,-30.0076)]
triangle[(-4.14319,1.05079),(-4.0086,11.668),(-22.4758,11.9021)]
triangle[(5.27551,-10.3897),(17.6147,-11.122),(18.566,4.90679)]
triangle[(13.9765,-11.0004),(18.1827,1.84652),(-4.52364,9.2808)]
triangle[(19.7659,-20.6293),(-2.70472,-19.6121),(-3.74284,-42.5447)]
triangle[(5.08518,3.66999),(-1.63921,-15.0493),(30.275,-26.5136)]
triangle[(8.73027,12.3482),(14.4406,-20.0045),(48.9846,-13.9074)]
triangle[(11.9537,18.2334),(17.714,14.0016),(24.6175,23.3989)]
triangle[(-3.04851,-16.9854),(4.59966,5.61702),(-26.9116,16.2798)]
triangle[(-2.58404,-0.0637432),(-13.1599,12.3672),(-33.5026,-4.93972)]
triangle[(12.7568,3.31299),(-3.56838,8.22276),(-9.07973,-10.1027)]
triangle[(-5.24173,-17.8499),(-5.74684,-14.6894),(-11.4086,-15.5943)]
triangle[(6.01197,-11.1625),(8.9463,18.7563),(-25.1679,22.1021)]
triangle[(-14.4598,-4.69413),(-18.8102,-2.01404),(-23.6794,-9.91788)]
triangle[(-1.40636,-7.63513),(18.8721,4.87027),(0.283214,35.0137)]
triangle[(10.1065,8.36919),(-16.1231,8.51862),(-16.2863,-20.1214)]
triangle[(-19.5166,5.60559),(4.85281,-4.58862),(18.3494,27.6753)]
triangle[(-20.8681,-12.5579),(19.7832,-3.0767),(5.19118,59.4876)]
triangle[(9.0997,11.8721),(3.22904,-10.0307),(32.2888,-17.8197)]
triangle[(2.7458,-9.39313),(-9.21087,12.5996),(-32.5963,-0.11425)]
triangle[(15.1561,16.1604),(-20.551,-13.1489),(9.42901,-49.6731)]
triangle[(-6.81829,-15.0276),(12.8849,13.9345),(-41.637,51.0264)]
triangle[(3.66832,-19.0998),(-12.4657,-19.0774),(-12.4925,-38.3454)]
triangle[(7.28792,10.4368),(7.97623,-14.6678),(37.313,-13.8634)]
triangle[(-7.7713,17.796),(-12.2095,10.1653),(-1.38157,3.86761)]
triangle[(-12.6584,-20.4344),(-7.626,-7.296),(-30.4795,1.45756)]
triangle[(-2.91522,-8.75512),(-10.7196,-6.58397),(-14.4565,-20.0164)]
triangle[(4.26378,-4.65058),(-10.3015,1.54576),(-19.4569,-19.9752)]
triangle[(-16.21,7.17526),(8.81237,-9.78471),(32.1518,24.6499)]
triangle[(-4.44211,-10.6272),(7.73356,4.68477),(-19.1121,26.0317)]
triangle[(17.5564,-7.98312),(-14.4345,10.568),(-46.967,-45.5336)]
triangle[(-18.2433,-18.8752),(6.76651,-1.38997),(-19.2343,35.8002)]
triangle[(4.9069,18.204),(-3.1954,-16.3828),(31.8177,-24.585)]
triangle[(3.11338,-9.57902),(9.79216,-20.1453),(20.5737,-13.3304)]
triangle[(-5.74372,7.19981),(-15.079,10.6437),(-20.9783,-5.34732)]
triangle[(1.17762,20.9534),(-3.74312,8.33378),(20.4507,-1.10002)]
triangle[(13.6633,16.2955),(-1.16763,-2.18981),(22.2111,-20.9467)]
triangle[(1.81347,-6.59284),(15.332,-7.76258),(16.8676,9.98404)]
triangle[(-2.91871,-0.324408),(-20.2852,15.0776),(-41.3265,-8.64749)]
triangle[(9.89399,19.3061),(-3.94398,-16.9738),(35.3896,-31.9765)]
triangle[(0.153053,1.93184),(-16.7805,1.6778),(-16.2768,-31.8948)]
triangle[(12.4231,-0.957975),(-16.0298,-7.33621),(-9.60547,-35.9947)]
triangle[(6.7416,16.3459),(3.40609,-15.75),(54.8316,-21.0943)]
triangle[(2.34257,1.06321),(-4.95426,-19.2491),(25.6738,-30.2517)]
triangle[(-4.8426,8.49844),(-8.37414,5.60226),(-4.31726,0.655388)]
triangle[(1.89522,-9.70331),(9.44768,-7.60767),(5.65646,6.0555)]
triangle[(-9.48095,-1.82331),(-9.60349,10.1322),(-23.8605,9.98602)]
triangle[(13.9036,-8.5558),(-9.77793,-7.83731),(-10.4995,-31.6203)]
triangle[(-6.23599,10.4319),(-9.09794,-20.9334),(50.6104,-26.3816)]
triangle[(12.6996,10.4467),(-2.66994,-13.927),(38.6227,-39.9652)]
triangle[(-1.43051,20.441),(10.2324,-19),(67.6515,-2.02087)]
triangle[(6.50302,19.5324),(20.3635,11.1586),(35.5813,36.3471)]
triangle[(-3.03287,-10.8945),(5.89787,12.4871),(-19.9887,22.3747)]
triangle[(-5.40127,-13.2997),(-3.80349,-11.6901),(-6.93513,-8.58146)]
triangle[(2.10939,-0.0199646),(-9.84979,-6.7176),(1.51101,-27.0032)]
triangle[(0.881761,9.25674),(-2.1237,7.07999),(1.55216,2.00469)]
triangle[(-14.088,-12.1803),(0.483752,7.12547),(-33.4865,32.7657)]
triangle[(-11.1481,7.855),(3.08263,2.44782),(13.1029,28.8195)]
triangle[(-19.8028,0.261993),(-11.3859,9.52993),(-25.2534,22.124)]
triangle[(-5.59964,-12.1938),(-10.8267,-15.3197),(-4.99042,-25.0788)]
triangle[(-7.52265,-11.6565),(-9.94497,-18.6041),(-0.419518,-21.9252)]
triangle[(1.82033,-13.1921),(14.7337,-1.81173),(2.48461,12.0873)]
triangle[(-17.0465,-20.8758),(3.60399,17.5959),(-49.3182,46.0029)]
triangle[(16.5079,-5.27942),(-16.687,-3.85168),(-18.204,-39.1214)]
triangle[(-0.25368,9.34666),(13.126,-1.86145),(32.9454,21.798)]
triangle[(-16.3026,10.4916),(10.2029,2.58057),(18.2438,29.521)]
triangle[(-20.6212,-4.42754),(19.2232,20.4455),(-22.4448,87.1943)]
triangle[(-12.1466,1.2478),(8.86867,-4.18825),(14.9507,19.3242)]
triangle[(12.342,17.1068),(13.6932,15.4066),(16.2919,17.472)]
triangle[(18.8833,5.80636),(9.09199,6.37313),(8.331,-6.77343)]
triangle[(16.8525,-9.4479),(10.4125,-6.42728),(5.77168,-16.3216)]
triangle[(-2.79964,-20.2771),(-19.1949,-14.6825),(-28.374,-41.5821)]
triangle[(-4.87421,-11.3065),(16.9755,-20.5254),(28.0022,5.60891)]
triangle[(15.0485,-9.80775),(-1.18458,15.8241),(-44.9446,-11.8899)]
triangle[(5.06057,-20.1157),(-0.20012,17.9286),(-57.5426,9.99944)]
triangle[(12.2756,11.5618),(-14.8638,-20.4214),(26.712,-55.7007)]
triangle[(4.83003,17.1087),(-20.1978,15.3861),(-17.4215,-24.9498)]
triangle[(-5.39946,-3.72984),(13.3049,-10.1689),(24.8794,23.4534)]
triangle[(-11.5521,-7.3769),(-16.5233,18.5332),(-60.7776,10.0424)]
triangle[(-20.5955,16.3609),(8.9789,-4.34719),(43.5346,45.0039)]
triangle[(-2.31165,6.68561),(0.930239,19.4048),(-16.4447,23.8334)]
triangle[(7.54149,-5.13017),(-13.2505,6.26235),(-30.7969,-25.7609)]
triangle[(6.62234,-9.04917),(-6.04484,19.1622),(-40.8753,3.52299)]
triangle[(-19.866,-4.17175),(19.3081,14.1119),(-11.9368,81.0563)]
triangle[(-11.9218,-12.8749),(12.2286,1.44108),(-7.29579,34.3779)]
triangle[(17.8102,19.5497),(-20.2557,15.091),(-11.5705,-59.0577)]
triangle[(-15.9287,4.16455),(3.54021,-16.6658),(25.9993,4.32544)]
triangle[(-2.44283,-18.2364),(-11.682,7.63674),(-51.3848,-6.54095)]
triangle[(6.00766,10.3479),(20.3239,-19.6451),(50.6641,-5.16313)]
triangle[(-12.7514,7.75739),(20.7578,15.5638),(9.89616,62.1873)]
triangle[(-7.02866,2.36708),(-3.90401,-4.08368),(4.71403,0.0907662)]
triangle[(5.36262,-0.436786),(7.30846,-4.97431),(14.186,-2.02499)]
triangle[(18.5847,8.65542),(12.0336,-9.66235),(31.8181,-16.7381)]
triangle[(-18.2954,20.5915),(-7.84388,-5.02121),(28.3076,9.73078)]
triangle[(-12.1442,-13.6963),(9.1988,-7.64389),(-0.40141,26.2101)]
triangle[(-8.80745,19.4082),(15.4864,6.08329),(38.3653,47.7959)]
triangle[(-7.47201,12.2029),(7.58193,-2.80539),(29.5028,19.1821)]
triangle[(15.0797,10.1256),(18.7498,-4.5814),(34.9838,-0.530284)]
triangle[(-7.4176,-7.23417),(14.476,0.218532),(3.03946,33.8153)]
triangle[(17.1169,-20.1626),(-6.75246,15.6503),(-57.3636,-18.082)]
triangle[(-3.94399,-1.93983),(0.162506,-12.417),(12.5578,-7.55868)]
triangle[(-10.7646,2.71507),(7.23863,15.171),(-11.612,42.4169)]
triangle[(-4.86878,17.549),(12.1454,12.3033),(18.0752,31.5359)]
triangle[(5.15418,7.50774),(-7.20679,-13.2049),(19.8703,-29.3641)]
triangle[(9.51943,10.9127),(-1.43402,-4.17332),(15.0113,-16.1137)]
triangle[(-9.14657,8.67962),(2.58864,-2.52621),(21.3169,17.0868)]
triangle[(-3.8775,-17.7429),(20.2196,-17.0839),(19.2151,19.6502)]
triangle[(15.874,14.5536),(-5.34273,-20.1854),(29.8812,-41.6982)]
triangle[(10.0146,-18.9954),(18.8577,20.0469),(-38.3299,33)]
triangle[(-13.3106,-18.1574),(-8.68274,-16.8223),(-11.0422,-8.64413)]
triangle[(0.39913,-20.1508),(-19.4047,-5.0888),(-38.3978,-30.0613)]
triangle[(13.8089,19.1078),(0.919519,-1.27751),(22.4409,-14.8851)]
triangle[(11.3547,-18.9318),(-7.79566,-14.8157),(-15.5131,-50.7216)]
triangle[(-4.71644,10.6981),(12.1316,-16.92),(50.3311,6.38305)]
triangle[(13.668,-6.75959),(-5.41425,14.5524),(-36.5221,-13.3008)]
triangle[(-1.17087,-0.928391),(-5.9237,-17.9999),(27.597,-27.3323)]
triangle[(-6.80858,-8.64552),(-12.6816,1.01951),(-22.449,-4.91575)]
triangle[(-12.8498,-11.1144),(-18.2668,-20.4066),(-2.07538,-29.8458)]
triangle[(18.5331,2.16127),(15.9076,7.88145),(4.935,2.84509)]
triangle[(4.09362,8.95549),(-1.3551,11.0286),(-5.2772,0.720242)]
triangle[(15.0436,15.1247),(12.2843,10.4373),(20.7672,5.44383)]
triangle[(17.6368,10.2758),(-7.96496,1.4594),(3.98036,-33.2282)]
triangle[(-12.9038,-18.2385),(10.5488,-12.0226),(1.30316,22.8612)]
triangle[(-13.0165,-6.47784),(20.8209,-20.3957),(43.8771,35.6591)]
triangle[(10.4644,-17.6418),(1.78381,19.8868),(-70.4504,3.17848)]
triangle[(-12.6391,-4.86677),(12.1193,5.54606),(-6.12343,48.9213)]
triangle[(-17.2121,8.28403),(-9.49423,-13.596),(29.9093,0.302972)]
triangle[(-7.89301,3.76881),(16.2595,3.3927),(16.7007,31.7227)]
triangle[(-14.0542,12.8408),(14.0072,8.1864),(19.5031,41.3213)]
triangle[(13.2761,9.93022),(-14.1855,19.4555),(-30.9137,-28.7723)]
triangle[(14.5304,-6.78988),(4.75389,7.89726),(-20.4726,-8.89476)]
triangle[(-5.36823,8.23393),(-8.96227,-10.6491),(21.9198,-16.527)]
triangle[(-5.03357,6.69204),(-11.977,0.316993),(-1.17972,-11.443)]
triangle[(15.1532,8.24381),(-18.2802,-16.8748),(29.8286,-80.9087)]
triangle[(19.2182,-14.8291),(10.2669,-6.16001),(-1.86271,-18.6845)]
triangle[(-7.39413,-19.9406),(-15.2252,0.47487),(-36.0349,-7.50747)]
triangle[(4.1676,5.98098),(13.2954,7.74831),(10.7452,20.9197)]
triangle[(0.708812,8.00538),(0.245251,19.4483),(-17.7742,18.7184)]
triangle[(3.34426,5.0452),(-19.7582,-1.9322),(-6.82989,-44.7385)]
triangle[(6.93156,-7.26288),(-10.1116,17.4998),(-48.4422,-8.88157)]
triangle[(5.27698,-0.619074),(-0.693836,-19.7434),(31.7645,-29.8772)]
triangle[(12.9453,7.5468),(6.74419,-7.30603),(27.8826,-16.1314)]
triangle[(20.5357,11.7249),(3.04705,-12.0155),(45.3568,-43.1835)]
triangle[(-3.94277,-7.63823),(18.1761,0.465936),(2.76552,42.5263)]
triangle[(-0.125571,7.17547),(-11.6462,11.6686),(-19.3263,-8.02383)]
triangle[(-0.412155,15.3376),(6.02095,2.29912),(22.5601,10.4594)]
triangle[(-13.4373,16.6566),(9.62104,-2.55119),(29.0947,20.8264)]
triangle[(14.0365,13.3773),(-3.2082,0.0971111),(14.4214,-22.7954)]
triangle[(-8.99133,-2.16568),(-11.5609,1.43336),(-16.1839,-1.86728)]
triangle[(1.78824,-19.7095),(7.12564,18.3522),(-56.4521,27.2677)]
triangle[(-20.0338,20.5156),(16.1554,-1.46374),(41.0109,39.4611)]
triangle[(-8.21196,-0.246569),(-3.55351,19.1243),(-34.6879,26.6117)]
triangle[(0.497609,-13.9783),(13.8224,11.8449),(-30.7235,34.8306)]
triangle[(20.6738,-16.3248),(-4.27153,-2.84014),(-24.4191,-40.1112)]
triangle[(-3.49368,-4.2908),(-6.18405,-8.97821),(2.03917,-13.698)]
triangle[(6.3421,17.4639),(-4.90061,9.27004),(8.65461,-9.329)]
triangle[(-8.03734,-6.88075),(6.42403,13.4247),(-30.9021,40.008)]
triangle[(-8.64178,-3.16937),(-10.5073,4.87035),(-25.2673,1.44553)]
triangle[(-20.2063,12.0057),(15.8201,-20.4586),(65.9276,35.147)]
triangle[(5.30246,-9.03431),(8.49859,7.50472),(-9.24893,10.9344)]
triangle[(-20.1938,18.5173),(0.618614,-14.9554),(49.697,15.5603)]
triangle[(9.20385,1.40163),(5.42432,-0.55524),(8.02283,-5.57404)]
triangle[(-0.472289,7.57171),(10.5811,-0.15912),(21.0522,14.8122)]
triangle[(-3.76076,1.37418),(-15.2288,-0.31873),(-12.7532,-17.0882)]
triangle[(1.73212,-10.3323),(11.6242,12.8225),(-32.96,31.8696)]
triangle[(-13.6623,-11.1972),(-1.5053,-4.83339),(-7.96227,7.50155)]
triangle[(6.48507,1.09645),(0.448546,-11.166),(21.783,-21.6685)]
triangle[(-5.65566,19.0033),(-20.0749,-16.4603),(34.1079,-38.4905)]
triangle[(6.34541,20.4054),(-4.89447,12.3412),(10.4377,-9.02867)]
triangle[(13.452,-5.13243),(6.33281,17.6236),(-36.9262,4.09022)]
triangle[(-11.1735,-12.8569),(-4.56269,-7.48727),(-10.0708,-0.70599)]
triangle[(1.68309,-16.1978),(12.88,2.15104),(-18.7403,21.4465)]
triangle[(-14.7147,-15.6988),(4.98381,-10.6228),(-2.83392,19.7161)]
triangle[(-1.07295,17.1679),(-10.7141,-5.90708),(22.919,-19.9596)]
triangle[(5.6941,-2.38182),(-18.1649,20.678),(-41.3104,-3.26977)]
triangle[(10.3407,-14.2559),(-15.7927,-20.1331),(-4.04736,-72.3595)]
triangle[(17.2494,-3.8017),(-9.2648,20.8289),(-49.1351,-22.0905)]
triangle[(-10.8151,-4.18551),(6.38017,-8.28278),(13.7436,22.6196)]
triangle[(4.3382,-0.842841),(-2.05492,-12.9006),(14.785,-21.8293)]
triangle[(-9.20447,9.18723),(-14.21,0.294563),(0.557083,-8.01748)]
triangle[(10.3506,13.4705),(-7.8891,-20.6783),(47.1945,-50.0998)]
triangle[(8.00573,11.4366),(-19.9203,15.3443),(-25.0261,-21.1442)]
triangle[(9.11044,-18.1378),(4.12226,-13.8712),(-3.82255,-23.1597)]
triangle[(3.75611,17.7462),(-14.4534,-1.15117),(18.9833,-33.3709)]
triangle[(-16.6306,-5.16838),(18.5843,-0.520598),(11.3528,54.2703)]
triangle[(10.31,7.21463),(5.617,13.9019),(-2.6711,8.08545)]
triangle[(0.135857,8.73872),(4.35222,-9.51251),(30.5694,-3.45587)]
triangle[(8.21449,1.67135),(-7.72081,2.26978),(-8.64159,-22.2493)]
triangle[(-19.8718,-4.02897),(13.9555,-18.3619),(29.5346,18.4065)]
triangle[(-2.07427,17.0134),(-12.385,20.6338),(-17.7169,5.44918)]
triangle[(-19.7158,20.8633),(-20.8665,-16.9173),(25.8612,-18.3405)]
triangle[(20.2165,6.17213),(6.66337,-5.89886),(23.1998,-24.4657)]
triangle[(-5.83305,-8.55268),(-10.1841,-16.1918),(-1.01662,-21.4134)]
triangle[(0.226271,-5.05564),(-1.19718,-17.8428),(20.7119,-20.2817)]
triangle[(-13.5204,15.7313),(-3.47043,-13.7838),(44.8652,2.67469)]
triangle[(-6.57164,8.8829),(-7.87578,6.18624),(-4.812,4.70457)]
triangle[(-1.11373,-1.39849),(14.9028,2.51759),(8.49446,28.7273)]
triangle[(-0.913601,-5.63257),(10.9134,-15.9932),(26.6165,1.93237)]
triangle[(20.8638,-5.1227),(20.5307,13.7128),(-9.04412,13.1898)]
triangle[(-4.10659,-9.36873),(-20.0811,13.0629),(-45.0806,-4.7403)]
triangle[(3.36707,12.5395),(-4.18388,19.6667),(-18.177,4.8415)]
triangle[(-13.3826,20.0223),(-12.669,-19.7712),(38.0086,-18.8625)]
triangle[(4.26201,-19.7017),(3.19412,9.28854),(-40.3338,7.68512)]
triangle[(2.08817,-19.8288),(-0.0585054,-13.0126),(-9.78945,-16.0773)]
triangle[(15.842,16.1571),(10.4433,12.3575),(15.8316,4.70136)]
triangle[(4.26737,-20.2126),(-19.8328,-9.38721),(-35.1775,-43.5485)]
triangle[(-18.463,-19.8863),(-4.78239,-12.2717),(-15.2185,6.47807)]
triangle[(-11.7562,8.04518),(-5.36326,15.1931),(-19.1219,27.4986)]
triangle[(10.5181,20.9123),(-11.7454,13.2548),(-3.00093,-12.1691)]
triangle[(4.75895,-13.7308),(-5.40697,16.2975),(-53.325,0.0750613)]
triangle[(-0.255069,-15.9112),(-8.4189,-6.71737),(-26.1267,-22.4415)]
triangle[(-16.9728,18.6789),(17.2395,18.7699),(17.0618,85.5695)]
triangle[(18.1545,3.29915),(-3.41734,-7.55386),(13.7098,-41.5964)]
triangle[(12.7004,7.90513),(8.10418,11.0558),(3.17632,3.86707)]
triangle[(-5.60449,19.0581),(-6.42717,0.724013),(24.7606,-0.675431)]
triangle[(12.9978,-16.4599),(9.94462,20.3301),(-37.7472,16.3722)]
triangle[(19.2308,15.1224),(20.6214,-4.71123),(54.2184,-2.35571)]
triangle[(1.22057,-6.73658),(0.851813,11.4371),(-25.9086,10.8942)]
triangle[(2.85755,-9.83863),(0.699509,-15.2102),(8.85273,-18.4858)]
triangle[(-5.7747,13.0988),(-13.0444,-19.1866),(38.4563,-30.783)]
triangle[(-20.2638,18.5296),(13.2419,14.6746),(19.3144,67.4545)]
triangle[(12.646,-16.5339),(11.6644,-7.9484),(0.277671,-9.25033)]
triangle[(18.1466,3.15911),(7.67079,-10.6349),(29.6062,-27.2937)]
triangle[(10.1563,0.534853),(5.43681,18.6701),(-21.9877,11.5332)]
triangle[(-11.076,-14.6363),(15.2869,-6.51205),(1.08457,39.5742)]
triangle[(-12.1087,5.22739),(-13.937,-20.4472),(36.7143,-24.054)]
triangle[(15.3544,0.400176),(10.0953,-2.66749),(15.5662,-12.0467)]
triangle[(-12.852,6.80429),(8.67772,-12.7529),(30.7386,11.533)]
triangle[(8.43512,-19.9367),(14.5526,1.89301),(-20.5882,11.7408)]
triangle[(16.112,-14.6009),(11.3607,15.0691),(-41.0339,6.67872)]
triangle[(17.6841,3.36708),(-10.4785,2.84144),(-9.64867,-41.6189)]
triangle[(-4.03516,8.36709),(-11.4002,-1.9979),(6.33383,-14.5993)]
triangle[(-6.7973,16.5555),(6.17001,14.5538),(10.0523,39.7046)]
triangle[(11.3687,11.6908),(-1.32504,5.25632),(7.2053,-11.5721)]
triangle[(16.1004,-17.2623),(-12.0041,6.26104),(-41.7103,-29.2304)]
triangle[(15.7086,-11.7832),(6.74101,10.6015),(-36.5632,-6.74674)]
triangle[(20.593,-10.3127),(12.8334,0.411467),(-6.96557,-13.9143)]
triangle[(-8.68971,-14.8122),(-12.7014,9.05937),(-58.5097,1.36106)]
triangle[(13.2992,1.24908),(-16.0534,-10.2972),(0.0748207,-51.2979)]
triangle[(-11.0089,20.2322),(15.955,5.11657),(43.9392,55.0359)]
triangle[(7.93298,-11.9115),(6.55765,6.34009),(-29.1225,3.65147)]
triangle[(10.5812,1.57775),(-19.9674,-3.97844),(-11.4017,-51.0736)]
triangle[(-10.7829,13.1249),(18.2719,7.52194),(25.9103,47.1322)]
triangle[(-17.1553,20.2029),(15.3335,2.23405),(40.6192,47.9522)]
triangle[(3.79606,-11.4584),(-20.1637,3.80455),(-47.371,-38.9056)]
triangle[(4.76597,-1.97734),(-14.3089,-9.18652),(-4.48844,-35.1705)]
triangle[(4.14759,-20.7231),(14.7973,-9.48973),(-7.03664,11.2097)]
triangle[(20.0798,-19.6094),(-7.71629,-13.8643),(-14.8321,-48.2929)]
triangle[(15.0372,-13.6685),(-8.94744,-0.33095),(-34.5142,-46.3069)]
triangle[(-3.04876,7.21748),(6.82657,-19.5313),(57.04,-0.99302)]
triangle[(-9.43097,-0.697332),(-5.86824,18.8411),(-39.0862,24.8982)]
triangle[(-2.65496,-1.82977),(-4.11799,-16.4694),(24.656,-19.345)]
triangle[(13.7951,-4.55525),(0.824339,-6.11404),(3.53227,-28.6469)]
triangle[(12.7921,-11.3616),(0.843127,-11.0554),(0.262467,-33.7122)]
triangle[(-15.5477,7.75826),(7.86728,-14.8074),(49.242,28.1246)]
triangle[(19.6199,11.6737),(-12.0851,-10.728),(14.4067,-48.2218)]
triangle[(0.205601,6.0001),(1.28601,-20.0323),(51.3583,-17.9542)]
triangle[(-0.290887,9.87663),(-17.3375,-6.74585),(9.79876,-34.5746)]
triangle[(3.67245,-13.664),(-16.6745,14.6722),(-68.8326,-22.7803)]
triangle[(-18.2129,18.3921),(16.457,7.08413),(37.0023,70.0756)]
triangle[(16.8547,-0.115537),(-7.62487,-5.37434),(-0.0598037,-40.5894)]
triangle[(2.73978,3.12292),(-5.38461,15.207),(-28.074,-0.047587)]
triangle[(4.18639,6.36713),(9.25062,-13.0186),(47.3951,-3.05387)]
triangle[(-13.7003,-6.96554),(-3.401,9.06784),(-28.3046,25.0651)]
triangle[(12.2399,8.23683),(-5.08956,3.7195),(3.57687,-29.5267)]
triangle[(5.05325,10.8493),(-1.74129,6.37465),(5.54079,-4.68294)]
triangle[(-12.7608,12.3853),(13.7949,-0.707232),(38.3834,49.1659)]
triangle[(-20.5245,-15.5908),(-0.711919,19.0384),(-49.7781,47.1109)]
triangle[(10.1928,4.98239),(-11.0233,14.9594),(-28.7407,-22.7164)]
triangle[(-7.81657,-12.6901),(6.0239,3.62438),(-22.336,27.6836)]
triangle[(-15.7973,3.27155),(14.034,-12.1901),(32.7263,23.8743)]
triangle[(-19.9731,-3.35353),(10.9145,-3.49668),(11.1614,49.7773)]
triangle[(6.26707,-11.2161),(13.5379,12.4818),(-14.3542,21.0394)]
triangle[(-15.9931,10.2824),(-11.6057,-14.0382),(33.5366,-5.8946)]
triangle[(-5.67939,-17.2498),(3.25094,10.0479),(-48.9101,27.1122)]
triangle[(-2.9596,14.6521),(-9.44552,-6.69811),(32.6269,-19.4792)]
triangle[(17.5898,-7.11416),(-1.64093,-12.4033),(6.73729,-42.8657)]
triangle[(-10.9981,17.764),(10.3479,16.485),(11.7301,39.5533)]
triangle[(-9.61259,7.85231),(-14.0529,-9.05289),(10.2483,-15.4358)]
triangle[(-5.50413,3.54238),(0.913362,-6.42842),(19.5981,5.59763)]
triangle[(8.521,5.01244),(-20.5321,6.9117),(-22.6083,-24.8473)]
triangle[(8.91848,-0.790814),(14.9146,-6.3469),(25.6442,5.23241)]
triangle[(2.10741,-1.74257),(-17.2277,-6.86433),(-10.3508,-32.8254)]
triangle[(-10.0275,12.7292),(-11.5292,20.1426),(-25.2221,17.3689)]
triangle[(17.3135,10.9488),(-2.78338,9.68634),(-0.93909,-19.6726)]
triangle[(-11.5512,0.0507212),(-7.42441,11.5377),(-29.917,19.6184)]
triangle[(-0.399746,-12.72),(11.5967,0.0667181),(-12.6308,22.7969)]
triangle[(-20.2247,-19.8907),(5.4384,5.15877),(-31.8828,43.3942)]
triangle[(-19.598,-19.1444),(3.7048,-11.302),(-11.5669,34.0764)]
triangle[(4.81001,13.3569),(-7.71564,-14.032),(32.5081,-32.4273)]
triangle[(13.9917,-10.9335),(7.84929,17.2885),(-39.8275,6.91175)]
triangle[(10.5276,-5.87304),(-2.09558,11.9402),(-26.1739,-5.1226)]
triangle[(-13.0783,10.8056),(15.0974,7.56136),(19.4994,45.7923)]
triangle[(-17.6894,-12.2775),(-10.3072,-9.88616),(-14.7611,3.86281)]
triangle[(-1.40551,-18.2265),(-11.6954,14.3808),(-51.8313,1.71505)]
triangle[(13.4679,7.58955),(20.0345,-18.9765),(66.0077,-7.61278)]
triangle[(-8.88715,-17.5406),(11.6122,20.2955),(-32.3652,44.1221)]
triangle[(-2.15345,11.6885),(17.332,-3.03843),(32.5912,17.1513)]
triangle[(-20.9739,11.7825),(-17.5345,-20.2366),(31.1917,-15.0026)]
triangle[(16.893,-18.2314),(-20.779,3.19704),(-59.1672,-64.291)]
triangle[(14.509,-7.59977),(-3.18871,17.6186),(-43.3179,-10.5433)]
triangle[(-19.5216,17.8255),(15.055,1.5065),(31.5612,36.4796)]
triangle[(-15.7161,-17.5088),(-6.016,4.90831),(-33.9635,17.0015)]
triangle[(15.9127,17.4223),(-10.6435,-20.4128),(59.0987,-69.3642)]
triangle[(0.684943,5.59471),(10.4742,18.7491),(-11.5163,35.114)]
triangle[(1.03124,10.0343),(-17.4301,15.0336),(-26.0908,-16.9487)]
triangle[(-12.9118,-10.6928),(14.9805,6.20956),(-6.43484,41.5491)]
triangle[(-0.634514,14.4939),(-11.5659,-14.7579),(28.7614,-29.8282)]
triangle[(-2.59172,16.2217),(-6.7696,-17.8138),(49.3257,-24.6995)]
triangle[(-16.4677,-13.9439),(-12.9059,-7.06475),(-22.7253,-1.98056)]
triangle[(8.49083,17.9817),(4.33787,-18.3326),(58.1726,-24.4892)]
triangle[(8.05986,17.5017),(-10.0573,11.1863),(-0.187434,-17.1277)]
triangle[(-2.32774,13.5971),(-17.8602,20.6897),(-28.6905,-3.02821)]
triangle[(-7.2392,5.26233),(2.7226,5.28811),(2.67982,21.8208)]
triangle[(1.56789,-20.1299),(-3.82528,-16.5245),(-8.99862,-24.2632)]
triangle[(8.34945,-4.04847),(12.9421,4.35575),(1.89067,10.3951)]
triangle[(12.9396,3.93862),(-0.0231636,7.63463),(-5.96332,-13.1988)]
triangle[(-8.66019,-18.8927),(-0.799991,7.08908),(-52.3746,22.6918)]
triangle[(15.3582,-19.5788),(-5.88251,3.91183),(-43.8363,-30.4068)]
triangle[(-11.1355,18.5328),(2.14264,18.3804),(2.32057,33.8825)]
triangle[(-12.3206,-20.3028),(20.2682,-6.7623),(2.12642,36.9009)]
triangle[(14.6117,16.7711),(16.2683,-0.870477),(48.4223,2.14881)]
triangle[(4.88571,15.2606),(-12.6033,-0.440791),(9.23933,-24.7701)]
triangle[(2.37308,-17.2373),(5.86578,12.2971),(-42.8191,18.0545)]
triangle[(-4.69103,-10.1813),(12.889,3.11831),(-10.9569,34.6389)]
triangle[(20.794,-18.6583),(9.48737,-0.363223),(-14.9367,-15.4577)]
triangle[(5.31592,-7.1085),(18.8339,-7.90027),(20.2748,16.6994)]
triangle[(11.0937,11.4941),(-6.52809,0.0150519),(13.6465,-30.9556)]
triangle[(-7.00119,18.7214),(-2.06743,11.3849),(7.8519,18.0557)]
triangle[(-14.1546,17.6292),(-15.6226,7.91131),(-5.41038,6.36866)]
triangle[(20.4639,-20.9677),(15.1742,-10.6026),(-4.53004,-20.6583)]
triangle[(13.8819,20.6469),(-11.6957,-17.9314),(64.0989,-68.1837)]
triangle[(13.4781,1.54462),(-18.9127,4.59241),(-22.9227,-38.025)]
triangle[(-20.3473,-13.0499),(-4.34737,5.21216),(-34.1302,31.3058)]
triangle[(-18.5446,5.26882),(-10.0467,11.9236),(-19.916,24.5263)]
triangle[(10.0752,11.6298),(-7.98003,-7.68837),(28.4443,-41.7313)]
triangle[(20.7456,4.75633),(15.4168,-13.8032),(50.9871,-24.0163)]
triangle[(-5.4415,13.8353),(-2.16233,-8.23309),(20.4287,-4.87626)]
triangle[(-3.84847,-10.0901),(-16.145,-19.7779),(-0.391715,-39.7732)]
triangle[(-17.1942,-18.7603),(18.3947,3.4233),(-9.23425,47.748)]
triangle[(7.91259,10.1318),(3.95444,8.99247),(5.85434,2.39219)]
triangle[(-10.74,-14.5428),(-4.57621,18.5974),(-38.739,24.9514)]
triangle[(18.5757,-5.63787),(-14.6667,-4.53146),(-16.6528,-64.2054)]
triangle[(-6.83126,1.59281),(7.19935,13.4028),(-8.71431,32.3086)]
triangle[(-12.5387,-16.9088),(-8.24877,-2.04174),(-37.1306,6.29225)]
triangle[(-12.7972,14.6436),(-0.259264,-15.4348),(54.3723,7.33796)]
triangle[(8.23557,2.61631),(-18.7596,-6.24402),(-5.71786,-45.9789)]
triangle[(14.8823,20.0085),(10.3096,-10.8217),(47.8196,-16.3852)]
triangle[(3.93618,-14.4612),(-5.71475,-3.77865),(-19.7191,-16.4306)]
triangle[(6.98861,0.0841483),(10.0472,-9.58723),(23.5343,-5.32187)]
triangle[(-17.4416,10.7588),(8.82764,-7.53563),(34.2768,29.0071)]
triangle[(-6.28621,-11.0821),(-14.6791,-5.60774),(-21.4088,-15.9253)]
triangle[(6.97353,14.4944),(-17.592,-18.3912),(31.4148,-54.9992)]
triangle[(-7.25103,-7.93476),(-13.0063,-19.6896),(2.59705,-27.3291)]
triangle[(-5.55156,-0.65467),(-0.00628723,-16.2534),(30.7453,-5.32135)]
triangle[(-8.40627,8.35383),(-10.8323,20.1003),(-23.9991,17.381)]
triangle[(-19.1647,11.253),(-10.1083,-20.1792),(38.4624,-6.18476)]
triangle[(19.712,20.9223),(-16.3716,3.24582),(3.18755,-36.6811)]
