triangle[(7.69097,-19.5981),(-9.31319,18.3062),(-84.1261,-15.2554)]
triangle[(-8.13893,10.794),(-15.2159,-20.4116),(38.641,-32.6256)]
triangle[(-1.9258,16.9992),(12.3197,15.613),(14.9771,42.9226)]
triangle[(-18.1113,19.4589),(5.70167,2.36683),(34.2367,42.1224)]
triangle[(-2.49544,-11.4592),(1.06037,-1.62459),(-15.9233,4.51608)]
triangle[(16.6199,-10.7421),(5.73953,-15.5103),(13.8405,-33.9958)]
triangle[(4.02807,-12.6174),(0.808353,12.028),(-24.9283,8.66577)]
triangle[(-10.1385,15.1368),(14.6558,12.5611),(18.6529,51.0385)]
triangle[(19.4876,-4.7265),(3.37121,20.5149),(-27.7788,0.625935)]
triangle[(-17.4514,-3.35773),(-10.4447,-4.86854),(-7.53922,8.60645)]
triangle[(-4.93305,-5.11076),(-12.6011,19.5466),(-48.3837,8.41878)]
triangle[(18.5718,-15.5129),(10.5386,13.2592),(-44.9576,-2.23535)]
triangle[(18.1023,-9.86572),(-4.35439,19.0163),(-50.8384,-17.1265)]
triangle[(-5.56715,-11.3952),(-7.76035,15.3121),(-39.7843,12.6822)]
triangle[(19.3023,-14.6519),(-14.8152,19.888),(-83.0383,-47.5007)]
triangle[(-14.9698,7.03658),(1.98375,-5.80861),(18.6636,16.206)]
triangle[(-9.74558,9.83584),(19.3931,8.35271),(21.6757,53.1969)]
triangle[(-4.43315,-18.7017),(9.66844,10.8635),(-46.3619,37.5881)]
triangle[(0.217832,-15.1443),(1.09503,-5.21376),(-12.5762,-4.00614)]
triangle[(1.69748,16.9752),(16.6908,14.0865),(22.3158,43.2828)]
triangle[(3.63155,-14.5387),(-9.6864,-14.7399),(-9.35581,-36.6225)]
triangle[(10.2432,5.65147),(-4.54405,11.4958),(-10.8316,-4.41278)]
triangle[(-0.20092,10.2015),(-10.4746,16.2782),(-17.9899,3.57231)]
triangle[(14.252,16.7475),(-2.67521,5.65271),(17.9508,-25.8163)]
triangle[(0.0222852,8.10944),(-0.0799833,13.0712),(-8.90028,12.8894)]
triangle[(3.85161,-8.26937),(-7.8816,-10.9517),(-4.59522,-25.3274)]
triangle[(5.10251,-18.0262),(5.0587,-6.72541),(-9.07082,-6.78018)]
triangle[(3.23429,-11.5915),(-16.5367,-15.2131),(-12.641,-36.4798)]
triangle[(17.9358,-5.77279),(18.6025,7.71651),(3.30393,8.47265)]
triangle[(-20.8484,5.53122),(2.57702,-12.0839),(30.7173,25.3385)]
triangle[(9.86997,-5.11366),(-12.5403,19.4301),(-59.5327,-23.4773)]
triangle[(-15.0414,4.83255),(20.2704,-3.32636),(31.4524,45.0696)]
triangle[(11.1936,-20.3278),(-8.29346,18.9386),(-57.0062,-5.23652)]
triangle[(9.19172,20.2679),(0.692063,6.28332),(25.073,-8.53507)]
triangle[(14.6411,3.4964),(-15.6915,-17.85),(20.9414,-69.9044)]
triangle[(17.4856,-13.4356),(-2.48968,20.3119),(-68.5748,-18.8041)]
triangle[(12.6016,17.8936),(17.1736,-3.38269),(42.8368,2.13191)]
triangle[(1.52465,-18.8189),(-7.2247,-0.318196),(-44.1703,-17.7905)]
triangle[(6.07702,-2.88839),(-7.72694,5.86889),(-18.9263,-11.7845)]
triangle[(4.7473,-11.677),(1.67845,-2.40497),(-10.8869,-6.56382)]
triangle[(-6.89173,16.1917),(-8.17984,-19.9805),(41.091,-21.7351)]
triangle[(5.22715,-15.2772),(8.72668,14.0731),(-30.6792,18.7716)]
triangle[(20.0954,0.457912),(-14.4355,-19.9632),(20.7579,-79.4734)]
triangle[(10.6281,-12.9028),(12.3138,6.70089),(-23.4876,9.77936)]
triangle[(-7.39639,-7.40718),(-4.14402,15.1303),(-46.5339,21.2476)]
triangle[(8.57841,-5.18886),(2.03692,6.84984),(-19.8617,-5.04926)]
triangle[(-3.93272,9.93514),(-4.75912,-0.243029),(13.12,-1.69469)]
triangle[(-12.5784,16.7813),(-11.3928,-18.3532),(39.7146,-16.6286)]
triangle[(-20.148,-7.08024),(-18.0009,-20.3154),(-2.62342,-17.8208)]
triangle[(-17.5839,3.34151),(16.803,-10.492),(33.8794,31.9558)]
triangle[(2.50164,7.40683),(-12.3748,-7.04179),(11.4396,-31.5614)]
triangle[(-0.0283217,-19.4431),(7.56151,-11.8876),(-7.16116,2.90205)]
triangle[(0.473342,-7.80214),(19.7892,-9.81202),(23.25,23.448)]
triangle[(-1.88751,14.4796),(-11.5491,2.77191),(0.252953,-6.96759)]
triangle[(-10.7173,3.73129),(17.8126,-19.3163),(42.5069,11.2519)]
triangle[(17.9297,0.380396),(-19.9391,10.3243),(-31.1352,-32.3134)]
triangle[(-13.4557,20.2148),(-13.966,-13.7006),(50.2014,-14.666)]
triangle[(-19.961,-15.7177),(19.4147,5.86241),(-8.35088,56.5242)]
triangle[(-15.4428,1.12603),(-6.29634,17.257),(-24.973,27.8469)]
triangle[(13.8568,14.0889),(-9.2276,14.4314),(-9.78269,-22.9815)]
triangle[(3.31099,-0.926515),(-19.2338,-8.57272),(-10.3932,-34.6393)]
triangle[(-13.1078,-10.372),(14.6774,-16.9688),(22.6565,16.6386)]
triangle[(8.25102,1.8858),(1.88654,6.21349),(-2.76129,-0.621801)]
triangle[(8.19654,-13.9623),(-18.434,-18.7579),(-13.2355,-47.6255)]
triangle[(2.86463,-4.93139),(-0.764703,8.171),(-24.2705,1.65994)]
triangle[(3.46247,7.5213),(2.35893,-16.3166),(30.4505,-17.617)]
triangle[(16.0778,12.6728),(-12.5707,-20.8799),(38.6386,-64.6044)]
triangle[(-5.00483,19.4054),(-9.42039,2.04084),(20.174,-5.4846)]
triangle[(14.5659,4.55048),(1.97176,17.1503),(-10.8267,4.35769)]
triangle[(19.8655,3.76144),(4.55164,-6.45547),(21.1828,-31.3834)]
triangle[(20.9048,-20.1438),(-19.423,19.5444),(-88.5302,-50.6765)]
triangle[(-20.876,16.4648),(-0.649573,-4.01741),(26.8989,23.187)]
triangle[(20.5965,9.98843),(-16.7911,4.81497),(-10.064,-43.8006)]
triangle[(8.57231,-5.21717),(-1.71197,8.84992),(-17.1934,-2.4684)]
triangle[(13.9015,18.6885),(-16.9833,-12.092),(43.6144,-72.895)]
triangle[(13.5854,18.2252),(5.25024,-2.26861),(39.309,-16.1208)]
triangle[(11.0025,-16.1184),(-3.02749,17.1005),(-57.1316,-5.75037)]
triangle[(4.54029,11.9936),(-4.21291,8.01466),(3.42093,-8.77876)]
triangle[(13.4177,-11.2534),(17.6664,-17.4362),(25.5355,-12.0287)]
triangle[(12.2857,17.684),(-7.70317,-1.88549),(28.1052,-38.4613)]
triangle[(-10.8235,-9.706),(-3.68857,19.1382),(-56.1703,32.1201)]
triangle[(-10.1766,4.18987),(-8.32522,12.4688),(-23.3682,15.8328)]
triangle[(-19.0848,-20.3503),(4.5634,15.5073),(-60.0162,58.0977)]
triangle[(-8.43333,-16.9012),(14.7671,15.7401),(-35.9211,51.7677)]
triangle[(-5.31869,-14.113),(-3.45597,15.411),(-53.5248,18.57)]
triangle[(0.0670894,-9.60993),(18.8943,-13.208),(24.4893,16.0684)]
triangle[(8.49031,-15.5761),(-3.38223,18.1462),(-62.2604,-2.58297)]
triangle[(-8.49972,-20.4099),(16.0361,-17.3127),(11.0134,22.4775)]
triangle[(19.7623,2.5449),(20.7645,-17.0228),(57.8722,-15.1221)]
triangle[(-11.2714,-4.65859),(19.5107,-5.27775),(20.4392,40.8846)]
triangle[(-0.367972,2.81386),(2.93509,-18.3547),(40.2282,-12.5357)]
triangle[(2.28292,-11.4005),(-10.9938,14.6588),(-60.7496,-10.6908)]
triangle[(-1.4886,-13.2185),(-12.4115,-19.5523),(-5.34268,-31.7428)]
triangle[(18.7288,-3.44781),(13.9865,-12.9345),(29.6321,-20.7556)]
triangle[(-0.830474,2.38601),(-8.2777,16.3072),(-31.9087,3.66572)]
triangle[(6.94671,-19.2583),(-13.5024,-11.9055),(-24.3201,-41.9912)]
triangle[(2.99025,-15.9425),(1.78259,10.274),(-34.4688,8.60407)]
triangle[(-7.97289,14.7991),(7.31268,8.42982),(19.7442,38.2642)]
triangle[(-4.96605,11.6625),(16.156,7.23676),(22.7312,38.6173)]
triangle[(-20.2037,20.2965),(14.3119,11.2922),(23.5395,46.6639)]
triangle[(-1.12969,-5.71997),(9.07172,-4.73224),(8.02443,6.08431)]
triangle[(10.9521,11.7985),(12.1686,-17.3095),(60.4268,-15.2927)]
triangle[(-11.8745,11.0581),(-20.2433,19.3204),(-36.2378,3.11964)]
triangle[(-3.75884,-19.2052),(-8.62185,-2.32121),(-40.2948,-11.4438)]
triangle[(-15.0029,13.0469),(-3.5746,-2.99933),(13.0114,8.81339)]
triangle[(-6.19779,-5.77773),(-20.7381,12.7061),(-44.4194,-5.92293)]
triangle[(16.5229,14.9254),(-3.03444,-17.9929),(50.337,-49.7018)]
triangle[(2.69814,-18.5211),(15.9089,-10.8013),(3.73241,10.0361)]
triangle[(1.80317,-7.47307),(-1.74666,19.5113),(-50.4282,13.1072)]
triangle[(-4.70517,-16.2961),(10.3836,13.2566),(-36.7584,37.326)]
triangle[(12.3641,-10.4362),(5.32134,9.50093),(-19.0933,0.876547)]
triangle[(-10.061,-5.20109),(-12.6884,7.39944),(-37.4404,2.2383)]
triangle[(13.6039,10.5062),(15.6936,-16.0356),(49.7939,-13.3507)]
triangle[(-3.62652,9.37527),(19.4989,14.8842),(8.48554,61.1158)]
triangle[(-3.68821,-9.19658),(-10.7202,-13.3794),(-2.63114,-26.9784)]
triangle[(3.94851,12.2318),(12.5071,-7.28951),(50.7993,9.49869)]
triangle[(-3.22648,20.6141),(-14.1631,14.2042),(-3.26705,-4.38664)]
triangle[(18.9081,19.2642),(3.38796,-20.4199),(54.3251,-40.341)]
triangle[(-4.05563,-5.03498),(16.2897,-8.08801),(20.4846,19.8666)]
triangle[(-12.3358,20.0092),(13.6222,-9.13573),(52.0379,25.0793)]
triangle[(-8.74677,-10.8473),(17.6439,0.703548),(3.29057,33.4972)]
triangle[(-14.5475,-6.45196),(8.62083,0.383861),(-1.96274,36.2542)]
triangle[(7.1165,-3.80699),(13.6283,1.76698),(2.71804,14.513)]
triangle[(13.9944,13.4713),(-19.8298,2.84016),(-0.85007,-57.5459)]
triangle[(-19.7442,-14.1925),(11.0733,20.256),(-37.4906,63.7009)]
triangle[(17.2512,-6.7551),(-3.28113,-5.55145),(-5.02974,-35.38)]
triangle[(-12.7165,-1.30759),(-3.72079,-19.6203),(31.8943,-2.12516)]
triangle[(6.90424,9.84972),(-3.48422,-6.57618),(25.0733,-24.6372)]
triangle[(18.8018,-1.32421),(-12.4138,11.5412),(-35.2039,-43.7545)]
triangle[(-4.56129,17.1137),(13.684,15.1276),(17.5075,50.253)]
triangle[(-20.7512,9.84905),(8.11231,-18.889),(40.1677,13.3064)]
triangle[(-16.9899,-19.457),(6.09383,-5.29035),(-15.0868,29.2221)]
triangle[(-16.5593,14.1163),(0.515531,-20.9317),(50.7761,3.55438)]
triangle[(-7.41323,-7.77082),(10.8358,9.09002),(-9.00381,30.563)]
triangle[(-16.7811,-17.2679),(-2.4044,14.7473),(-52.5153,37.2501)]
triangle[(-11.0365,-15.5561),(4.54354,17.3368),(-52.0744,44.1544)]
triangle[(3.39521,19.0854),(2.95981,-1.22605),(37.0844,-1.95754)]
triangle[(18.6779,12.463),(-4.31979,-5.00666),(14.0856,-29.2361)]
triangle[(-7.77421,-5.7156),(20.4527,-18.773),(42.7397,29.4061)]
triangle[(11.1333,16.6377),(-18.5839,20.8706),(-23.9373,-16.7136)]
triangle[(-2.54807,16.1906),(-14.4804,-4.41035),(24.4013,-26.9312)]
triangle[(14.4247,14.5052),(5.46063,18.4978),(1.02862,8.54706)]
triangle[(-2.07815,-14.5592),(15.4679,10.6268),(-27.9738,40.8909)]
triangle[(-10.5043,9.06367),(-16.9634,7.27166),(-14.6461,-1.08075)]
triangle[(-18.1776,-7.88619),(8.09515,-20.6284),(32.0553,28.7742)]
triangle[(-6.26884,-1.3755),(-1.95824,14.9959),(-19.8098,19.6962)]
triangle[(9.26869,13.2833),(6.38452,-8.04561),(31.0788,-11.3849)]
triangle[(12.847,-12.7636),(5.57762,6.55913),(-31.5269,-7.39989)]
triangle[(-1.04007,0.11869),(-6.91796,6.75693),(-16.0816,-1.35706)]
triangle[(7.69798,2.05889),(-1.8847,16.3027),(-29.1936,-2.06961)]
triangle[(0.403336,9.27262),(-20.2949,-8.60078),(3.20278,-35.8122)]
triangle[(17.2676,2.53947),(8.27128,-1.53174),(14.6619,-15.6534)]
triangle[(-5.84331,-12.9145),(3.03455,10.4017),(-41.8472,27.4909)]
triangle[(18.2425,-16.6352),(13.8573,14.6161),(-31.3497,8.27273)]
triangle[(15.0009,-7.28087),(1.55711,-19.4576),(23.1204,-43.2646)]
triangle[(-8.47574,4.55776),(-20.8555,14.5846),(-36.1825,-4.3391)]
triangle[(-8.66545,4.02934),(14.4297,-6.97577),(28.7694,23.1173)]
triangle[(15.4772,17.3567),(-10.2994,-18.3569),(52.4645,-63.6574)]
triangle[(-9.5792,19.3618),(2.15521,18.2652),(3.29914,30.5056)]
triangle[(9.64333,-13.829),(10.2313,-5.76414),(-0.903398,-4.95238)]
triangle[(2.24454,20.0348),(6.19898,1.70713),(29.9663,6.83525)]
triangle[(-7.15101,-14.6088),(4.63845,-18.7509),(10.7029,-1.4899)]
triangle[(-4.66176,-4.04186),(15.3002,-16.772),(40.1915,22.2597)]
triangle[(-2.32755,9.02652),(-2.85251,15.1477),(-14.4879,14.1498)]
triangle[(-6.26673,-20.2639),(-15.9962,1.45649),(-41.0823,-9.78063)]
triangle[(-5.47414,17.6507),(-10.799,-12.7537),(32.0315,-20.2548)]
triangle[(-15.9525,-12.8504),(-15.8657,17.9052),(-49.6743,18.0006)]
triangle[(-13.0031,9.78165),(9.40227,-18.3512),(63.3629,24.6237)]
triangle[(-2.22695,-18.4605),(10.6867,19.2766),(-49.878,40.0019)]
triangle[(18.7601,-8.32056),(5.9519,12.8318),(-28.6942,-8.14703)]
triangle[(16.9962,-9.0374),(2.62086,-5.04517),(-4.68573,-31.3549)]
triangle[(-1.00585,-13.5517),(-14.0899,-2.91279),(-26.343,-17.9821)]
triangle[(2.57082,-13.6218),(14.1522,-19.2011),(20.407,-6.21734)]
triangle[(-4.61911,16.7884),(15.8387,-4.4894),(42.485,21.1301)]
triangle[(-6.35822,-7.66199),(-8.13671,-12.1751),(-1.6161,-14.7447)]
triangle[(1.38272,-2.22206),(17.7572,-0.0652873),(14.7165,23.02)]
triangle[(13.658,-19.8383),(-16.2456,0.396445),(-36.7207,-29.8624)]
triangle[(-9.98651,13.5225),(4.66594,18.7821),(-2.40459,38.4794)]
triangle[(-15.9839,-8.76348),(-4.41052,18.3954),(-57.098,40.8475)]
triangle[(7.16882,-5.19517),(-8.2209,-9.84817),(-0.359233,-35.8505)]
triangle[(11.0137,-6.76071),(9.3837,-17.8859),(26.1184,-20.3377)]
triangle[(20.8246,17.1993),(7.32745,-12.3408),(52.763,-33.1008)]
triangle[(-5.41159,-15.683),(11.088,-11.8554),(3.52059,20.7659)]
triangle[(-3.46416,12.2017),(17.7539,-7.4659),(47.2551,24.361)]
triangle[(2.9052,9.06147),(-14.0786,16.5888),(-27.437,-13.5513)]
triangle[(13.2575,17.9999),(-15.0401,-8.95234),(30.034,-56.2764)]
triangle[(-20.7441,-0.518125),(-8.39983,-5.13018),(-3.53783,7.8831)]
triangle[(-6.15236,14.1757),(13.3692,-19.3073),(58.4743,6.99036)]
triangle[(12.303,-6.90924),(15.507,4.88769),(-5.98698,10.7254)]
triangle[(-2.37103,6.99766),(-17.2014,-4.37821),(-4.47779,-20.9655)]
triangle[(9.78967,-2.23068),(-15.5809,-13.0805),(2.9618,-56.4395)]
triangle[(-16.3422,-10.5688),(-5.58731,-12.4524),(-2.75441,3.72311)]
triangle[(17.4557,0.771457),(-20.4907,-0.516561),(-18.956,-45.7304)]
triangle[(18.0498,2.94593),(14.784,-6.95107),(30.7049,-12.2046)]
triangle[(11.5321,13.9806),(5.88535,6.20145),(21.4393,-5.08881)]
triangle[(4.43164,4.08564),(-8.1223,-12.055),(10.7852,-26.761)]
triangle[(0.394337,1.18974),(13.2532,-13.6413),(30.5962,1.39558)]
triangle[(16.8841,0.293185),(12.4521,9.42487),(-0.610231,3.08512)]
triangle[(-1.01507,17.3684),(0.876965,4.36832),(18.2865,6.9021)]
triangle[(12.7664,13.9583),(-1.23421,-3.25882),(30.4401,-29.0157)]
triangle[(13.2737,13.029),(-2.38617,-3.09085),(25.7399,-30.4143)]
triangle[(-4.90167,14.4194),(14.2791,-0.596516),(40.5086,32.9081)]
triangle[(4.02702,14.7104),(0.799449,7.6515),(13.0616,2.04483)]
triangle[(-12.0458,20.2686),(-13.8894,-3.44299),(20.7356,-6.13515)]
triangle[(13.9513,10.8108),(-4.86076,19.4904),(-16.1279,-4.92978)]
triangle[(6.33269,-12.7347),(-3.00584,7.46439),(-33.5759,-6.66884)]
triangle[(-2.59712,-0.884351),(-8.03161,-20.2694),(15.1121,-26.7576)]
triangle[(-4.06438,7.2044),(8.93971,0.787511),(18.5018,20.1655)]
triangle[(15.2035,6.30098),(-10.7541,16.2475),(-26.5377,-24.9433)]
triangle[(0.239554,9.04515),(10.6572,4.83492),(15.513,16.85)]
triangle[(-15.1206,-11.8766),(-2.2458,16.1625),(-56.796,41.2105)]
triangle[(20.3451,19.0511),(-0.307552,-15.8422),(48.2809,-44.6008)]
triangle[(11.7094,6.28041),(16.8597,-2.3018),(26.6303,3.56164)]
triangle[(-10.2818,-12.5653),(6.80761,1.51865),(-8.59742,20.211)]
triangle[(4.3441,-14.2261),(20.7226,-20.024),(30.6451,8.00599)]
triangle[(-7.0776,2.1274),(10.6357,0.435608),(12.9333,24.4919)]
triangle[(-17.8148,-14.114),(2.86011,-1.71468),(-10.1817,20.0315)]
triangle[(-17.9951,-10.4757),(-13.0549,-5.60714),(-21.8757,3.34348)]
triangle[(-12.8237,15.6258),(-18.6086,-4.05294),(15.0199,-13.9385)]
triangle[(-5.36646,-10.2566),(11.9959,7.18354),(-11.0161,30.0929)]
triangle[(-2.25521,4.73432),(-19.4976,-6.30139),(-5.3694,-28.3754)]
triangle[(16.9608,20.1246),(-2.99878,12.7369),(5.05293,-9.01656)]
triangle[(10.3182,-10.639),(14.1241,19.0765),(-17.0235,23.0658)]
triangle[(-11.8325,11.9495),(20.2941,-17.3056),(64.9134,31.6932)]
triangle[(16.4461,-10.0063),(-18.9123,-18.1665),(-7.79244,-66.3496)]
triangle[(7.33093,-19.2462),(-7.81752,6.22939),(-46.4756,-16.7577)]
triangle[(-0.0179041,-2.97566),(-3.16235,-15.0648),(12.7136,-19.1942)]
triangle[(-8.80109,2.57523),(-20.4424,-10.3924),(-4.79073,-24.4433)]
triangle[(-5.29507,-2.0736),(12.8754,-6.68002),(21.4748,27.2413)]
triangle[(5.12827,18.8104),(-13.3508,19.7417),(-14.8923,-10.8458)]
triangle[(10.9995,13.201),(1.2977,-7.66569),(36.4833,-24.0249)]
triangle[(-7.00082,7.23761),(18.707,-11.2081),(53.7346,37.61)]
triangle[(20.0421,-9.54278),(11.4476,-9.04271),(10.5938,-23.7176)]
triangle[(-20.1717,-14.8341),(8.12547,11.1811),(-35.8985,59.0667)]
triangle[(16.9252,-1.89187),(-15.6573,17.741),(-48.5256,-36.8066)]
triangle[(16.7945,5.84661),(-5.91389,-2.10968),(8.78439,-44.0607)]
triangle[(5.13506,-10.6309),(-13.821,-1.64211),(-27.2156,-29.8893)]
triangle[(-15.8448,-16.1631),(-12.2308,-16.8091),(-11.2975,-11.5873)]
triangle[(2.4678,-12.9358),(14.8492,9.17449),(-7.56254,21.7246)]
triangle[(17.1184,-6.13121),(5.48648,17.7122),(-21.5381,4.52829)]
triangle[(1.2981,17.7635),(-5.2645,-14.9743),(55.3038,-27.1158)]
triangle[(-17.2792,16.5913),(-17.9978,20.7752),(-25.2744,19.5253)]
triangle[(-19.7177,-11.7378),(12.0112,-6.38963),(6.34653,27.217)]
triangle[(1.97707,1.139),(3.31228,18.2312),(-27.9911,20.6766)]
triangle[(-15.5519,20.5174),(2.84531,7.9634),(19.4608,32.3125)]
triangle[(-14.5112,-1.97305),(-18.1945,1.13601),(-23.8101,-5.51686)]
triangle[(-20.4016,-0.97801),(-8.02426,-3.535),(-5.32273,9.54202)]
triangle[(10.3372,9.55169),(3.38688,12.5205),(-1.54098,0.983636)]
triangle[(-4.72268,-18.1777),(-5.59365,-11.8358),(-16.0986,-13.2785)]
triangle[(-5.23904,9.86049),(-14.826,-17.4838),(13.1491,-27.292)]
triangle[(-9.59631,-4.4838),(1.81825,-8.91464),(6.29152,2.60923)]
triangle[(-0.742767,-7.52547),(11.5236,18.9338),(-16.3318,31.8474)]
triangle[(7.37615,-18.966),(-3.02898,17.0875),(-71.6255,-2.70963)]
triangle[(14.7035,12.3689),(11.2664,-18.8375),(66.6919,-24.9421)]
triangle[(13.3501,3.24029),(11.0764,-0.957022),(17.1857,-4.26649)]
triangle[(5.53998,9.58239),(14.269,9.02337),(15.3155,25.364)]
triangle[(-13.9828,13.7913),(1.76921,-0.943053),(27.8142,26.9007)]
triangle[(1.41885,9.8926),(-2.88655,-4.30963),(21.6737,-11.7551)]
triangle[(7.4472,-20.2374),(-18.6352,-9.19974),(-37.7517,-54.3728)]
triangle[(-19.5324,-3.73188),(-10.7855,-0.312125),(-14.4219,8.98893)]
triangle[(9.59027,17.8394),(2.78929,-2.29951),(24.5779,-9.65761)]
triangle[(9.53376,-16.6914),(-19.2542,-15.1376),(-21.1677,-50.5916)]
triangle[(19.4461,1.01735),(-2.38134,-13.3389),(13.5432,-37.5507)]
triangle[(0.612435,-4.88968),(-20.5885,-11.4328),(-7.59168,-53.5452)]
triangle[(-15.837,-18.3289),(-0.857127,-10.4085),(-14.3833,15.1738)]
triangle[(-8.96841,8.18101),(0.387175,8.63885),(-0.402024,24.7655)]
triangle[(0.45219,8.34557),(8.83839,-3.12089),(29.8831,12.2705)]
triangle[(13.0454,-2.87159),(0.708736,4.78779),(-14.4635,-19.6496)]
triangle[(2.30762,10.6839),(13.4476,1.35187),(26.8889,17.3972)]
triangle[(-7.09202,16.1217),(-2.17533,9.27801),(5.14719,14.5387)]
triangle[(3.48312,14.3387),(16.4076,-10.5718),(58.8582,11.4533)]
triangle[(-12.0088,20.6306),(1.88063,4.6797),(31.3309,30.3238)]
triangle[(-5.884,-10.1497),(-19.3476,19.7149),(-59.9701,1.40143)]
triangle[(-20.9418,-12.337),(5.42629,-12.1587),(5.08077,38.9302)]
triangle[(-1.68592,7.49292),(-4.54186,-12.3706),(29.85,-17.3154)]
triangle[(7.98953,9.75962),(-17.4768,13.3465),(-22.81,-24.5186)]
triangle[(10.173,-10.9377),(19.6743,-4.80075),(10.1341,9.96949)]
triangle[(-19.6122,-20.4572),(8.52444,-11.92),(-1.66779,21.6713)]
triangle[(-18.8944,6.26835),(8.51833,-6.50386),(28.746,36.9104)]
triangle[(-1.09553,-19.1999),(12.1484,-18.5192),(10.9054,5.66395)]
triangle[(4.58985,8.30023),(14.3468,1.00805),(24.5838,14.7052)]
triangle[(-18.8827,11.9648),(-0.905741,-17.3221),(47.7504,12.5441)]
triangle[(5.31731,-1.81803),(9.43771,5.19966),(1.19665,10.0384)]
triangle[(-19.4378,-4.44273),(5.42054,-5.78316),(6.95499,22.6733)]
triangle[(-11.8673,4.46175),(-18.1369,2.88663),(-15.1224,-9.11214)]
triangle[(-20.1015,11.4892),(-15.1307,-16.3276),(23.1141,-9.49341)]
triangle[(10.8677,-11.7003),(20.2143,6.29792),(-13.7322,23.9265)]
triangle[(-8.40292,3.63192),(10.3873,9.83032),(-0.228168,42.0106)]
triangle[(-8.06476,-15.0473),(-12.3475,-7.74877),(-26.718,-16.1813)]
triangle[(-20.2742,-20.9637),(-8.42012,0.374977),(-49.0191,22.9285)]
triangle[(-11.6355,14.9455),(2.6645,-16.8769),(54.4904,6.412)]
triangle[(2.33978,-16.925),(-14.7054,7.63378),(-47.6394,-15.2242)]
triangle[(-19.1739,-6.48268),(-19.4552,-10.1501),(-14.9193,-10.4979)]
triangle[(-8.49302,17.9192),(-11.4296,-5.34821),(33.5438,-11.0244)]
triangle[(2.90861,-15.767),(14.7998,-1.63516),(-9.56036,18.8626)]
triangle[(-18.6102,-6.7935),(10.1575,-13.4682),(21.686,36.2193)]
triangle[(-12.968,-19.2676),(-18.5165,-0.897814),(-43.3727,-8.4054)]
triangle[(2.51285,11.9625),(-7.28866,10.7281),(-5.95631,0.148388)]
triangle[(-10.4696,1.07326),(-1.29813,12.0929),(-16.0934,24.4068)]
triangle[(-18.6456,-2.05793),(19.3894,4.87612),(9.44448,59.4264)]
triangle[(-9.18945,-6.16373),(18.6274,16.9256),(-21.6,65.3895)]
triangle[(-0.218513,-6.42117),(-20.1335,1.00817),(-30.0465,-25.5645)]
triangle[(5.39595,7.06688),(7.5354,-1.2906),(23.1078,2.69583)]
triangle[(11.0739,-18.547),(-13.2709,8.66022),(-43.9633,-18.8031)]
triangle[(-13.5162,17.2257),(-19.3426,-12.5025),(13.2294,-18.8862)]
triangle[(14.1193,-13.8501),(-6.76975,16.0286),(-46.697,-11.8856)]
triangle[(-1.6751,16.0449),(-5.91389,3.67767),(13.765,-3.06714)]
triangle[(2.4959,10.0091),(-19.6434,-19.7807),(18.1821,-47.892)]
triangle[(-15.2035,19.015),(-16.1442,-4.32164),(29.3377,-6.15517)]
triangle[(20.6855,-2.08987),(19.8984,5.31452),(6.22628,3.86118)]
triangle[(-6.54302,-15.2865),(-1.49137,2.37826),(-25.8103,9.33282)]
triangle[(2.32423,-7.04913),(-0.985632,-20.7491),(17.361,-25.1816)]
triangle[(18.7322,-6.34486),(17.9032,13.091),(-12.5181,11.7935)]
triangle[(-2.51784,0.83419),(6.29457,-6.61913),(14.2901,2.83434)]
triangle[(-3.53836,19.5064),(-9.32495,-20.836),(66.3047,-31.6841)]
triangle[(-18.1163,-2.04547),(-4.47967,-2.72965),(-3.235,22.0779)]
triangle[(-3.72624,-4.83352),(-6.62714,15.6041),(-45.0241,10.154)]
triangle[(8.16358,-0.60492),(-19.3852,-3.20699),(-15.3385,-46.0499)]
triangle[(4.12201,4.28159),(16.2172,-6.91756),(28.5543,6.40659)]
triangle[(-12.3985,14.308),(-3.42939,10.808),(2.77669,26.7118)]
triangle[(13.8069,-1.79382),(-1.46687,13.3134),(-26.4268,-11.9216)]
triangle[(2.00532,-17.0712),(11.659,-14.18),(6.32111,3.64294)]
triangle[(-1.56776,20.2233),(0.434648,-20.5967),(56.03,-17.8695)]
triangle[(0.962821,4.33662),(-1.23425,-13.6945),(24.2013,-16.7938)]
triangle[(7.7234,-4.49472),(-20.2924,10.6748),(-36.8766,-19.9537)]
triangle[(-7.75514,-7.14231),(11.5033,-17.7292),(22.1299,1.60155)]
triangle[(13.9823,-13.2464),(-7.96185,7.62881),(-44.6052,-30.8908)]
triangle[(-0.826129,-14.7533),(-19.9994,-16.1228),(-17.8414,-46.3349)]
triangle[(-1.18484,-18.9554),(2.02943,-15.7798),(-3.95679,-9.7207)]
triangle[(14.5697,-19.7929),(6.07266,16.3018),(-55.7753,1.74222)]
triangle[(5.93063,-18.4125),(1.24425,-17.0516),(-0.4693,-22.9528)]
triangle[(12.137,9.67975),(-0.10473,-7.87413),(21.9137,-23.2294)]
triangle[(6.32996,-6.81547),(10.1709,-20.8035),(36.5967,-13.5472)]
triangle[(16.7015,-9.29645),(9.70169,-16.6696),(20.4504,-26.874)]
triangle[(5.26223,-20.1628),(-4.02117,0.79969),(-35.8367,-13.2901)]
triangle[(-6.53986,18.6438),(11.3676,-2.73969),(51.4684,30.8424)]
triangle[(18.4473,14.803),(-0.0429775,-20.5092),(37.9469,-40.4016)]
triangle[(-13.4377,2.65625),(20.0534,20.2053),(1.64445,55.3373)]
triangle[(6.68653,-20.295),(5.15737,1.33526),(-22.1783,-0.597238)]
triangle[(10.2545,18.8324),(11.0109,5.37682),(37.432,6.86211)]
triangle[(11.2824,-18.2236),(-16.5504,4.58346),(-40.5004,-24.6441)]
triangle[(17.8607,15.8242),(-5.66588,-4.88831),(20.2772,-34.3561)]
triangle[(0.193191,-17.8604),(4.23411,-6.13681),(-16.3583,0.96106)]
triangle[(11.1258,11.5606),(4.1606,-14.6617),(31.0537,-21.8051)]
triangle[(-10.4184,-9.49803),(-15.9191,-14.1558),(-10.7757,-20.23)]
triangle[(13.3357,4.66004),(20.722,-1.80973),(32.1982,11.2922)]
triangle[(-4.20063,3.56757),(-0.244585,-14.2083),(24.2786,-8.75069)]
triangle[(-3.41932,-17.589),(-15.4171,8.91687),(-52.4357,-7.83943)]
triangle[(7.80975,13.0856),(14.8102,-18.155),(67.157,-6.42497)]
triangle[(-6.17013,11.0563),(-1.73704,-6.81543),(26.2213,0.119683)]
triangle[(-11.6069,4.62764),(14.7773,-0.995436),(25.1783,47.8073)]
triangle[(-16.3489,-9.74488),(-16.4373,0.342117),(-30.0097,0.223159)]
triangle[(-0.123309,7.29675),(-4.04386,0.105761),(8.95853,-6.98318)]
triangle[(-4.32319,19.5591),(-17.6064,-19.7148),(45.3186,-40.9974)]
triangle[(13.3999,3.97459),(-5.80146,-4.74478),(3.01756,-24.1656)]
triangle[(-19.6391,13.977),(18.1418,-2.86712),(51.5313,72.0246)]
triangle[(1.25511,-8.32489),(3.94109,-20.1634),(16.815,-17.2425)]
triangle[(8.55531,-16.8837),(-20.1485,-7.25671),(-30.8172,-39.0665)]
triangle[(3.79294,3.522),(5.85746,-6.77667),(24.8463,-2.97008)]
triangle[(10.6584,-1.92113),(19.8091,-2.63653),(20.5749,7.15854)]
triangle[(0.785513,-8.41263),(-15.6675,5.29273),(-32.7954,-15.2689)]
triangle[(13.0873,11.033),(-18.1302,-2.95209),(1.54849,-46.8787)]
triangle[(16.0054,-4.99414),(14.4211,-20.018),(38.2533,-22.5312)]
triangle[(-5.49485,8.4986),(5.32249,13.1082),(-1.27282,28.5853)]
triangle[(15.6915,13.7929),(10.0934,-20.8048),(69.6831,-30.4466)]
triangle[(-7.16763,-9.58169),(-6.46045,20.5727),(-59.6945,21.8211)]
triangle[(-17.9847,3.93424),(-6.48521,17.8434),(-32.9179,39.6968)]
triangle[(11.611,10.2229),(5.09206,12.7248),(0.527242,0.83076)]
triangle[(-3.08556,6.76503),(-2.84811,-12.9173),(34.7194,-12.4641)]
triangle[(-1.12282,-12.7791),(8.51267,11.4306),(-25.4265,24.9385)]
triangle[(-18.7866,-1.83315),(2.29741,-18.9806),(31.7069,17.1804)]
triangle[(-14.4992,15.0973),(-12.1498,-2.70923),(20.9103,1.65262)]
triangle[(17.5358,19.4861),(5.5582,7.17231),(28.5455,-15.1873)]
triangle[(5.83496,-2.45168),(-2.8505,20.9641),(-35.0452,9.02239)]
triangle[(12.0276,18.6681),(0.338239,19.1199),(-0.172629,5.90214)]
triangle[(6.65836,-18.3603),(5.02451,13.7755),(-38.9133,11.5416)]
triangle[(3.80736,-2.27668),(-0.855265,-20.2082),(17.5665,-24.9983)]
triangle[(13.5165,-19.3814),(3.32027,10.7512),(-35.7685,-2.47559)]
triangle[(-5.24294,-3.69316),(10.6934,-1.99687),(7.67249,26.3841)]
triangle[(16.4495,-2.58466),(14.1815,5.18331),(1.33875,1.43358)]
triangle[(16.3206,16.9861),(10.7042,7.07402),(29.0287,-3.30921)]
triangle[(3.08622,-8.04944),(-17.3966,-11.3275),(-11.8139,-46.2103)]
triangle[(10.0072,11.2035),(-4.05913,9.97136),(-2.50723,-7.74474)]
triangle[(17.4281,18.8219),(20.2337,-10.0351),(77.6716,-4.45053)]
triangle[(-7.83201,-10.4198),(-16.4597,-10.6742),(-16.0689,-23.9245)]
triangle[(18.6438,17.6515),(-7.20285,20.3595),(-11.701,-22.5735)]
triangle[(6.35758,3.38504),(19.4153,12.3951),(3.2988,35.7516)]
triangle[(-3.29209,-7.88395),(15.9745,-17.9536),(35.3964,19.207)]
triangle[(-19.5207,7.79526),(20.4687,6.7995),(22.1847,75.7142)]
triangle[(-16.1259,-14.1993),(9.51252,10.4043),(-35.7704,57.5918)]
triangle[(3.95157,-14.3956),(6.27526,16.2882),(-27.4551,18.8426)]
triangle[(4.37017,-17.0283),(9.08121,-2.20116),(-6.1721,2.64529)]
triangle[(-7.16782,-8.27328),(11.3694,-6.97012),(9.61437,17.9941)]
triangle[(-17.9273,-16.8196),(9.22073,4.00535),(-15.0693,35.6706)]
triangle[(15.6244,2.26425),(18.6374,-5.10727),(30.279,-0.348888)]
triangle[(-9.73378,-10.8149),(6.16093,8.17227),(-25.6557,34.8069)]
triangle[(11.1489,4.09739),(-15.7821,-15.2205),(16.3838,-60.0627)]
triangle[(-5.42752,5.72791),(10.882,4.03949),(13.0227,24.7176)]
triangle[(-12.7558,18.9503),(-19.3651,17.2131),(-17.5903,10.4605)]
triangle[(19.3828,8.90321),(-8.71032,13.8894),(-16.945,-32.5059)]
triangle[(-0.286111,-4.42847),(17.1388,-4.5509),(17.2705,14.1849)]
triangle[(1.14748,-13.77),(6.17198,-14.0175),(6.60394,-5.24741)]
triangle[(-20.6806,0.88357),(-3.60018,-12.4704),(16.1825,12.8327)]
triangle[(-6.48246,-20.129),(-12.593,-0.0716218),(-45.3994,-10.0662)]
triangle[(5.62644,-6.85444),(5.04227,13.7497),(-20.5713,13.0235)]
triangle[(8.45659,-11.4935),(-10.6864,-3.57493),(-22.8058,-32.8732)]
triangle[(-19.1876,-7.15792),(3.45612,-7.71328),(4.35407,28.8993)]
triangle[(-4.64766,3.89777),(0.502721,9.38526),(-7.60443,16.9944)]
triangle[(-6.68482,-16.4471),(18.125,11.9267),(-37.5687,60.6248)]
triangle[(-3.38866,16.4793),(11.7521,-19.9029),(70.6083,4.59057)]
triangle[(12.2573,-20.2399),(-8.95955,5.44979),(-39.1906,-19.5177)]
triangle[(-17.3781,-2.84453),(-11.7085,11.4069),(-38.9071,22.2272)]
triangle[(11.8301,16.7214),(-1.15007,-10.8909),(31.8954,-26.4251)]
triangle[(4.0419,19.3648),(-10.0426,-15.758),(57.2485,-42.7423)]
triangle[(-2.26523,-12.1388),(0.818933,6.38803),(-27.8511,11.1607)]
triangle[(-4.59161,5.35159),(9.66722,19.0871),(-17.6929,47.4896)]
triangle[(-6.38911,15.4376),(-14.3365,9.90708),(-5.85163,-2.28579)]
triangle[(-11.8284,-8.09886),(5.29208,16.6074),(-38.0345,46.631)]
triangle[(17.7921,-20.8954),(-16.9958,-12.1305),(-31.0538,-67.9265)]
triangle[(10.5671,-10.0261),(12.2901,16.4169),(-14.3462,18.1525)]
triangle[(-14.0822,-0.471143),(13.4414,-12.6581),(32.2166,29.7445)]
triangle[(-2.48861,17.3081),(-9.29467,15.0463),(-6.79127,7.51307)]
triangle[(10.6284,-19.5833),(18.0898,10.7267),(-41.0457,25.2842)]
triangle[(4.90604,-18.0212),(2.90136,20.0066),(-52.6175,17.0798)]
triangle[(-18.2047,16.9386),(3.00446,-0.428655),(25.5586,27.1149)]
triangle[(17.8841,-16.3307),(-20.0878,16.2005),(-61.0672,-31.6327)]
triangle[(13.9578,-16.2265),(5.52306,-18.8339),(8.62333,-28.8631)]
triangle[(18.3015,-12.0825),(18.6036,-5.43134),(11.1063,-5.09078)]
triangle[(19.9233,18.2746),(-0.491571,8.67243),(9.54764,-12.6717)]
triangle[(14.8415,-8.02391),(4.99981,-2.06165),(-4.1118,-17.1019)]
triangle[(4.26309,13.7843),(14.5368,9.39329),(20.5396,23.4379)]
triangle[(-10.483,15.7278),(-18.109,18.8274),(-21.9759,9.31358)]
triangle[(3.7637,7.26376),(5.21963,-13.3779),(41.2667,-10.8354)]
triangle[(-8.61719,15.3912),(12.4707,7.68908),(25.126,42.3381)]
triangle[(13.6797,-17.1114),(-6.67312,-5.52562),(-19.7165,-28.4389)]
triangle[(7.31176,-2.90121),(7.59285,-20.2353),(41.3692,-19.6876)]
triangle[(-10.7,-14.6358),(-6.65601,4.00865),(-43.9146,12.0902)]
triangle[(-16.9858,-18.399),(-17.5054,9.55004),(-67.168,8.62682)]
triangle[(-13.5625,-11.5349),(-20.431,15.1424),(-60.8119,4.74568)]
triangle[(-6.68949,15.8245),(-3.21011,18.1659),(-5.675,21.8288)]
triangle[(-6.40847,18.9766),(1.19777,-9.95442),(51.9287,3.38319)]
triangle[(2.7529,-13.3896),(14.0562,-14.5262),(15.8443,3.25583)]
triangle[(20.9368,-5.963),(8.97165,12.7216),(-24.7061,-8.84485)]
triangle[(-7.49924,3.12206),(-11.0531,6.8108),(-15.5858,2.44382)]
triangle[(-1.2292,-4.84603),(10.0685,14.3522),(-11.997,27.3372)]
triangle[(-12.9415,-20.8712),(-18.0849,15.7623),(-82.979,6.65102)]
triangle[(-15.7987,-1.28187),(10.5143,1.51885),(6.44607,39.7404)]
triangle[(14.321,-2.71786),(14.248,-5.00053),(18.7614,-5.145)]
triangle[(-20.8962,14.9122),(-4.70779,-11.1151),(44.7438,19.6428)]
triangle[(4.80477,-10.9539),(-7.4801,6.58412),(-36.375,-13.6559)]
triangle[(-3.7635,-14.6223),(17.7321,13.3953),(-20.6059,42.809)]
triangle[(17.4616,-20.5446),(-8.21196,-14.8864),(-16.2662,-51.4318)]
triangle[(-7.05881,-13.0604),(-10.1374,9.0533),(-37.9327,5.1837)]
triangle[(18.688,18.2134),(-0.568483,18.2545),(-0.629209,-10.1839)]
triangle[(-14.2718,-14.3057),(0.157096,-18.3569),(7.46825,7.68271)]
triangle[(13.3983,0.452355),(-20.6147,-13.5995),(2.71403,-70.0674)]
triangle[(-15.4392,2.24023),(13.6595,-6.7175),(29.9028,46.048)]
triangle[(19.3732,11.3513),(12.7194,5.6546),(20.3416,-3.24812)]
triangle[(-13.8474,-17.6001),(4.09508,-16.961),(3.23486,7.1897)]
triangle[(18.0972,-3.92066),(2.03124,19.625),(-40.1114,-9.13035)]
triangle[(0.714022,19.4356),(1.0514,-19.5965),(43.936,-19.2259)]
triangle[(19.4471,3.50253),(18.3159,20.8488),(-9.89943,19.0089)]
triangle[(-11.0634,0.727816),(10.5056,-14.1865),(34.3345,20.2747)]
triangle[(8.25008,10.7704),(16.2766,6.00843),(21.9027,15.4914)]
triangle[(18.2317,-15.6121),(-4.41218,5.34269),(-41.0438,-34.2415)]
triangle[(7.4834,-17.2971),(18.0636,-11.2314),(7.60667,7.00834)]
triangle[(2.57419,8.5566),(-6.24999,-3.44219),(16.2185,-19.966)]
triangle[(-19.7652,20.4393),(-2.19233,10.5946),(16.8309,44.5512)]
triangle[(7.1748,13.656),(-18.0504,-19.6292),(43.482,-66.2616)]
triangle[(-14.6133,-16.2362),(-8.2518,-4.66511),(-30.5107,7.5722)]
triangle[(8.97148,4.27234),(-4.66375,5.41609),(-6.66361,-18.4253)]
triangle[(16.5561,-5.63805),(-20.2623,-5.84714),(-19.9174,-66.5905)]
triangle[(19.9021,-0.439814),(-14.6109,10.3756),(-27.4709,-30.662)]
triangle[(4.32271,-1.41829),(-1.17764,-7.06513),(7.1816,-15.2075)]
triangle[(-15.8159,1.6493),(1.97801,-13.5986),(31.2711,20.5855)]
triangle[(-7.46572,-19.7653),(2.00518,-12.7055),(-10.4766,4.03922)]
triangle[(-11.3771,-16.197),(7.46373,1.99442),(-19.2959,29.7093)]
triangle[(3.29906,-1.38757),(-0.642035,-14.8861),(17.2299,-20.1041)]
triangle[(6.23863,-10.7307),(9.14709,12.0265),(-24.1568,16.2828)]
triangle[(3.33144,-0.193566),(1.24689,-12.4316),(15.5549,-14.8687)]
triangle[(0.699784,3.54991),(7.88101,19.5186),(-12.2984,28.5934)]
triangle[(-1.28213,20.3257),(-1.08351,11.9848),(10.2162,12.2538)]
triangle[(-14.5104,7.11914),(17.3212,1.64099),(24.1528,41.3376)]
triangle[(6.08435,-6.4787),(11.299,-1.90389),(6.24799,3.85355)]
triangle[(10.3798,0.103684),(-16.7817,-5.16154),(-7.0767,-55.2263)]
triangle[(4.67349,14.3209),(-19.9394,-14.398),(33.0469,-59.8089)]
triangle[(12.2388,1.71687),(7.94042,16.1848),(-12.5436,10.0991)]
triangle[(11.6085,16.2554),(-9.91804,6.55764),(7.94787,-33.1002)]
triangle[(1.30183,19.1971),(-8.42456,-18.7339),(53.7511,-34.6772)]
triangle[(-1.29792,-15.6783),(2.58594,6.68419),(-20.216,10.6444)]
triangle[(14.6522,-11.5344),(20.9506,-0.07054),(2.05382,10.3116)]
triangle[(15.3724,-18.304),(-20.0816,-5.6737),(-42.3077,-68.0639)]
triangle[(-18.5791,3.88662),(-18.0293,12.3165),(-29.5199,13.066)]
triangle[(-15.2099,-4.41397),(-16.3931,7.31145),(-35.1709,5.41666)]
triangle[(16.3345,15.4989),(-5.964,-2.85475),(16.9134,-30.6492)]
triangle[(-11.8083,9.57675),(0.267298,15.9967),(-10.6173,36.4701)]
triangle[(16.4299,-10.9975),(5.76668,-15.0402),(11.0289,-28.92)]
triangle[(-16.8428,-6.78609),(-13.5762,-18.4862),(9.82047,-11.9539)]
triangle[(16.7177,-10.3706),(4.905,5.71603),(-19.1323,-11.9349)]
triangle[(7.83946,-17.1239),(5.76708,4.733),(-24.5889,1.85477)]
triangle[(-7.09484,-2.89533),(-3.27973,7.47477),(-21.5842,14.2089)]
triangle[(6.00637,-8.53258),(16.2927,-17.645),(28.6444,-3.70211)]
triangle[(1.44722,-18.9594),(-17.631,1.6147),(-55.391,-33.3998)]
triangle[(20.149,1.61029),(13.6425,-2.71544),(18.6621,-10.2657)]
triangle[(16.1358,-6.9639),(-3.60865,17.3467),(-32.6089,-6.20661)]
triangle[(17.9459,18.1502),(-1.43388,-4.47408),(34.3487,-35.1251)]
triangle[(-7.51462,-9.04377),(16.5201,15.6931),(-28.8102,59.7367)]
triangle[(19.1928,2.4519),(8.96384,6.89545),(3.71938,-5.17721)]
triangle[(-1.94663,5.89999),(14.8431,-13.412),(35.9068,4.90065)]
triangle[(-7.4546,-0.0797967),(18.6813,-11.8767),(41.0985,37.7883)]
triangle[(-19.73,-14.6178),(0.431285,-16.2834),(2.13134,4.2959)]
triangle[(1.12965,-2.97882),(1.31891,17.5875),(-37.0769,17.9409)]
triangle[(-19.6779,20.2458),(18.3972,-19.6808),(58.5041,18.5662)]
triangle[(-13.5006,6.53132),(3.03677,0.298898),(14.2488,30.0494)]
triangle[(9.60919,10.8604),(1.96164,13.2104),(-0.63801,4.75037)]
triangle[(-15.9565,-15.6676),(7.03083,-4.68956),(-11.5913,34.3039)]
triangle[(17.0175,-20.3042),(0.360227,17.5299),(-59.9595,-9.02709)]
triangle[(-13.132,-0.795687),(13.53,15.2821),(-6.92956,49.2106)]
triangle[(3.04564,-4.15473),(-12.4049,-9.33369),(-2.96981,-37.4817)]
triangle[(18.5862,-7.59924),(6.15423,3.31919),(-15.0059,-20.7743)]
triangle[(-12.9321,-5.23885),(1.76491,-20.9583),(24.4926,0.291001)]
triangle[(1.66176,-4.51454),(5.66397,-9.20512),(11.7159,-4.04131)]
triangle[(-2.67097,-4.09255),(-7.56597,-12.9718),(8.40759,-21.7778)]
triangle[(-14.6682,18.5248),(-18.2775,-0.622158),(18.9785,-7.64513)]
triangle[(-12.072,-2.58805),(13.5325,-14.7538),(28.4692,16.6825)]
triangle[(-15.2654,11.6261),(-4.4947,-8.36031),(33.7746,12.263)]
triangle[(8.05694,-19.2702),(-19.1741,9.42879),(-67.9165,-36.8204)]
triangle[(15.6619,10.9417),(6.43152,-15.7323),(36.2461,-26.0494)]
triangle[(-0.398763,20.9131),(-18.2495,17.4852),(-12.5461,-12.2148)]
triangle[(-7.72432,17.1303),(-5.90277,-16.2943),(34.4837,-14.0934)]
triangle[(14.8336,-18.0018),(-18.2481,-0.0820553),(-46.3176,-51.9014)]
triangle[(17.8095,14.1349),(8.2379,-20.4853),(68.8017,-37.2297)]
triangle[(5.09294,6.43886),(0.724847,-8.94766),(30.7586,-17.474)]
triangle[(15.86,-11.954),(-4.40043,-9.51283),(-7.12298,-32.1085)]
triangle[(5.77951,-1.47448),(-0.871059,4.14971),(-8.31667,-4.65468)]
triangle[(15.2719,3.71631),(15.6991,8.42653),(7.07291,9.20887)]
triangle[(8.06155,12.4186),(11.4909,19.1519),(2.71983,23.6191)]
triangle[(-10.6757,10.8313),(-9.17934,18.1377),(-16.6136,19.6603)]
triangle[(5.75041,17.2777),(-18.1151,-18.3687),(39.5488,-56.9752)]
triangle[(4.09532,-10.0961),(-16.3782,-8.92118),(-18.2681,-41.8527)]
triangle[(-20.4069,9.07783),(-16.6071,12.8278),(-22.011,18.3035)]
triangle[(0.0349704,-11.1716),(-2.84292,19.2541),(-36.6729,16.0542)]
triangle[(-6.77439,-9.17911),(13.3477,-7.79756),(11.5842,17.8883)]
triangle[(2.67058,1.63016),(6.77722,15.6216),(-17.6123,22.7802)]
triangle[(-0.0943172,5.65953),(5.76766,-13.2264),(37.3686,-3.41782)]
triangle[(19.077,-1.64886),(-8.78454,13.4439),(-24.8196,-16.1571)]
triangle[(15.8645,18.1528),(-3.65882,18.8574),(-4.6189,-7.74555)]
triangle[(13.3733,-2.84339),(-8.98409,9.84811),(-26.2571,-20.58)]
triangle[(15.3638,4.04921),(16.3512,-2.21298),(28.2021,-0.344306)]
triangle[(-12.3587,-15.7926),(-16.8275,-2.46508),(-32.663,-7.77478)]
triangle[(1.89834,5.39874),(-6.17292,-15.3102),(22.5228,-26.4943)]
triangle[(-12.1105,-10.2323),(6.44656,19.1924),(-35.1676,45.4369)]
triangle[(5.04066,1.75463),(6.79864,9.17002),(-6.575,12.3405)]
triangle[(-18.7942,-17.9227),(18.2181,-16.0771),(15.2761,42.9236)]
triangle[(20.8842,19.6438),(-14.1298,1.41991),(5.01372,-35.3611)]
triangle[(15.2458,2.16186),(2.83033,-15.7085),(22.9891,-29.7138)]
triangle[(5.80602,-0.362474),(-10.1125,-19.0315),(11.9766,-37.8662)]
triangle[(-9.06729,-19.7644),(7.3741,-5.98971),(-11.1607,16.1334)]
triangle[(-18.0756,2.32771),(14.7339,-17.0308),(42.1068,29.3618)]
triangle[(10.0064,14.8251),(-16.6314,-6.64051),(12.714,-43.0568)]
triangle[(-8.25349,7.53368),(20.52,-11.9541),(55.2044,39.2569)]
triangle[(15.6958,-10.1546),(15.1888,5.83386),(-12.3075,4.96204)]
triangle[(20.6833,11.6904),(5.19643,20.8765),(-7.97795,-1.33421)]
triangle[(10.8603,-17.1071),(-12.6897,0.684857),(-39.3367,-34.5859)]
triangle[(15.1959,17.0172),(-10.7411,2.92611),(13.1461,-41.0424)]
triangle[(6.68448,11.386),(-20.3977,-3.20984),(-3.16103,-35.192)]
triangle[(1.88289,8.39163),(-16.7182,-9.65627),(8.8679,-36.0267)]
triangle[(-7.1378,-0.726164),(-8.37072,-10.2936),(4.21979,-11.9161)]
triangle[(5.89099,8.89119),(5.4986,5.29012),(11.6308,4.62193)]
triangle[(-16.7682,-19.7293),(8.10111,-2.92287),(-10.6861,24.8775)]
triangle[(-10.962,-2.28355),(-17.9598,7.17999),(-30.9636,-2.4357)]
triangle[(10.086,-0.267647),(-12.811,18.8438),(-45.7476,-20.6167)]
triangle[(5.90257,3.88257),(-11.6577,-4.98362),(5.50433,-38.9746)]
triangle[(-3.10766,-11.4797),(14.4062,-16.4256),(22.0359,10.592)]
triangle[(-6.98969,-10.1435),(6.69692,-6.05325),(-1.00017,19.7022)]
triangle[(-5.12493,-1.25137),(-1.539,1.54048),(-6.83706,8.34546)]
triangle[(16.5881,7.22233),(12.5099,-1.23333),(21.2457,-5.44668)]
triangle[(-13.2495,-2.86394),(12.1999,-10.7402),(22.7791,23.443)]
triangle[(-1.84388,-12.8091),(-5.90176,1.72804),(-25.4476,-3.72794)]
triangle[(4.80825,10.0264),(7.3963,10.3711),(6.96707,13.594)]
triangle[(10.3367,-20.6192),(-8.91657,7.42572),(-58.26,-26.4493)]
triangle[(-1.77733,-8.63822),(-19.1689,-5.44228),(-24.8852,-36.549)]
triangle[(-1.42596,8.46646),(-7.8428,20.5977),(-20.0086,14.1625)]
triangle[(9.25539,-14.2893),(-10.3777,-12.0223),(-13.9878,-43.2873)]
triangle[(-1.2765,-5.49042),(2.90382,2.11428),(-10.0083,9.21207)]
triangle[(-2.8959,20.0729),(8.80446,-20.9227),(86.1186,1.14319)]
triangle[(-4.23094,10.1161),(-2.32575,17.1223),(-12.7779,19.9646)]
triangle[(7.1599,-17.1104),(-13.6539,-15.755),(-16.2939,-56.2958)]
triangle[(-7.38619,-7.64245),(2.70665,2.03213),(-7.64248,12.8287)]
triangle[(-4.16736,-18.5435),(-13.0462,-1.33722),(-34.7251,-12.5241)]
triangle[(14.7236,9.36242),(2.7734,11.959),(-1.75563,-8.88473)]
triangle[(-18.4397,20.9832),(5.6747,20.0814),(7.45281,67.6278)]
triangle[(-0.97006,-12.2198),(-2.25284,-9.25993),(-6.17971,-10.9618)]
triangle[(20.9067,-1.99988),(2.87568,19.6007),(-34.8484,-11.8894)]
triangle[(14.1877,3.9912),(-11.0913,-5.62344),(1.95525,-39.9258)]
triangle[(17.5795,-11.6206),(8.1198,-12.3733),(9.37877,-28.1948)]
triangle[(10.7068,-15.5425),(19.1017,-10.2013),(12.4876,0.194219)]
triangle[(-13.6211,4.33592),(-11.3052,-11.3914),(9.80154,-8.28326)]
triangle[(13.0604,-20.5072),(8.88825,-4.66467),(-11.9645,-10.1563)]
triangle[(-11.0852,14.9634),(-7.36857,12.2056),(-3.9,16.8802)]
triangle[(-6.44143,1.72608),(7.89096,5.55114),(0.387183,33.6676)]
triangle[(6.9063,0.0843987),(2.28673,-2.013),(4.99464,-7.97724)]
triangle[(-11.2575,10.9168),(10.8848,15.883),(5.50503,39.8688)]
triangle[(16.582,16.1122),(1.17555,16.1302),(1.14959,-6.12613)]
triangle[(-0.727745,12.008),(20.0865,6.52487),(26.7569,31.8464)]
triangle[(-15.2045,-20.5212),(13.2947,10.0482),(-41.0999,60.7593)]
triangle[(0.158458,20.4463),(18.6553,-12.79),(66.1861,13.6622)]
triangle[(-12.6851,20.28),(5.86589,17.6089),(9.91655,45.7406)]
triangle[(0.650412,13.8533),(6.84444,12.458),(9.51816,24.3274)]
triangle[(-17.0348,-4.7648),(17.3196,-0.269141),(8.81472,64.7227)]
triangle[(-12.3297,-12.0879),(-0.590056,-1.36801),(-16.5236,16.0813)]
triangle[(-4.90362,4.54459),(-6.13766,-17.5851),(29.0205,-19.5456)]
triangle[(-15.3449,17.9085),(13.0254,4.52705),(34.2886,49.6075)]
triangle[(-0.243247,10.1232),(-3.16908,16.12),(-11.9511,11.8353)]
triangle[(18.1057,-6.28299),(-11.2268,11.2674),(-35.6322,-29.5221)]
triangle[(-18.3877,-4.97354),(-7.42769,15.2151),(-43.4044,34.7461)]
triangle[(20.9527,19.7499),(-9.25994,-2.96452),(21.5557,-43.9526)]
triangle[(-16.2568,15.2681),(6.25306,-19.1859),(71.3607,23.3509)]
triangle[(19.2367,12.3508),(12.5218,-17.258),(43.8095,-24.3537)]
triangle[(-13.2126,-4.95233),(4.97382,16.1385),(-23.8763,41.0157)]
triangle[(10.0292,0.249993),(-1.81869,-8.11404),(10.6385,-25.76)]
triangle[(6.86623,10.7023),(-3.38537,8.01427),(-0.187403,-4.18222)]
triangle[(18.3573,11.0858),(-2.38059,-12.3253),(24.6372,-36.258)]
triangle[(13.9324,19.8105),(-11.0294,4.52439),(5.38731,-22.2839)]
triangle[(2.34596,12.1557),(-11.5858,5.28876),(-1.79546,-14.5742)]
triangle[(-10.2708,20.6524),(10.328,1.82202),(30.5336,23.9253)]
triangle[(5.39965,-12.2841),(-12.7901,-17.0126),(-3.33436,-53.3871)]
triangle[(-19.3705,-1.84913),(-10.037,7.5494),(-24.39,21.8029)]
triangle[(18.02,-11.7337),(-4.24939,11.7259),(-29.8386,-12.5649)]
triangle[(-2.28916,-4.70376),(0.795089,1.74389),(-8.0189,5.96009)]
triangle[(-9.68953,13.3405),(-8.47049,-14.3138),(38.9435,-12.2237)]
triangle[(-15.772,8.11126),(-19.0527,19.5116),(-33.3668,15.3925)]
triangle[(10.1445,16.3613),(-3.213,-20.3653),(63.5913,-44.6621)]
triangle[(-15.9204,19.5819),(10.2048,15.6531),(16.5611,57.9202)]
triangle[(-3.7139,1.16951),(10.7153,0.384676),(12.1336,26.4599)]
triangle[(-3.78476,17.0494),(-5.66233,6.39217),(9.27554,3.76043)]
triangle[(-12.1363,9.23579),(10.8106,-3.53789),(33.7625,37.6933)]
triangle[(12.8343,4.02122),(20.5538,7.81297),(13.4758,22.2226)]
triangle[(-3.15933,2.59256),(10.5821,-1.13983),(15.9766,18.7211)]
triangle[(-10.0221,11.7939),(19.5093,-10.8677),(57.6571,38.8442)]
triangle[(-16.4609,17.8083),(-1.22182,5.67012),(19.121,31.2097)]
triangle[(13.3177,-20.1979),(-3.82067,-4.93449),(-23.4453,-26.9698)]
triangle[(11.2343,-16.2173),(-1.05742,16.4729),(-34.4935,3.90082)]
triangle[(-15.9962,-4.11933),(1.39614,5.64479),(-12.292,30.0269)]
triangle[(4.94491,-14.008),(0.120232,19.3161),(-44.415,12.8683)]
triangle[(11.4601,8.00043),(5.49542,-13.4893),(38.821,-22.7392)]
triangle[(-15.9944,-12.123),(5.22303,8.7125),(-22.7522,37.2005)]
triangle[(12.6285,-8.2926),(14.5577,0.0351956),(3.84604,2.51665)]
triangle[(-14.0897,18.0742),(-9.42075,-15.4778),(54.9731,-6.51704)]
triangle[(-20.1864,-4.15083),(18.6566,-1.99597),(14.8061,67.4131)]
triangle[(-2.98584,-19.4207),(3.43483,13.0629),(-49.571,23.5399)]
triangle[(-6.98904,12.0499),(-20.6123,17.851),(-29.1686,-2.2425)]
triangle[(-2.37923,-20.3241),(-15.9962,-1.49957),(-43.2293,-21.1989)]
triangle[(12.1746,11.7146),(2.84481,-4.2699),(27.2532,-18.5165)]
triangle[(17.1154,-5.96667),(-3.25619,-8.07859),(-0.836633,-31.4177)]
triangle[(-10.9783,18.2415),(10.9108,-3.28801),(34.2139,20.4043)]
triangle[(9.55517,0.940583),(-0.689928,-15.9619),(30.4679,-34.8476)]
triangle[(-10.9398,-14.6546),(17.0191,9.52718),(-24.7821,57.8576)]
triangle[(5.5433,-9.3629),(-15.6491,-16.2109),(-6.2227,-45.3829)]
triangle[(-13.6003,-7.11519),(-9.43131,-7.82372),(-8.17043,-0.40472)]
triangle[(11.07,13.4099),(16.2427,-3.4598),(39.5171,3.67683)]
triangle[(17.1892,-6.1219),(-6.90487,-12.4555),(5.44776,-59.447)]
triangle[(20.0374,-8.36786),(5.50458,-6.34966),(2.70896,-26.4806)]
triangle[(-18.3688,19.6986),(-7.40067,-17.6871),(51.3295,-0.457027)]
triangle[(8.94301,13.9755),(-14.9596,-18.6828),(32.5046,-53.4219)]
triangle[(-18.7433,-18.0835),(4.35545,19.6369),(-50.2007,53.0453)]
triangle[(-15.5502,3.05682),(-7.16666,7.85729),(-13.3072,18.5811)]
triangle[(6.79276,-6.17193),(6.89404,10.0048),(-13.7217,10.1339)]
triangle[(13.1245,20.283),(20.0863,11.4462),(29.4735,18.8417)]
triangle[(15.0153,11.1498),(-7.99034,6.9252),(0.0263765,-36.7308)]
triangle[(-16.7625,-14.1282),(-6.74285,6.34271),(-30.0862,17.7684)]
triangle[(-0.32521,-19.0285),(20.7073,0.285059),(-8.8449,32.4674)]
triangle[(-20.6604,8.35491),(-4.31232,7.07036),(-1.96915,36.8912)]
triangle[(1.94721,4.69767),(-15.5144,-12.0024),(10.2187,-38.9091)]
triangle[(10.6884,6.85964),(18.8166,-16.5347),(54.7437,-4.05202)]
triangle[(-2.25466,-15.0566),(-9.98441,19.8343),(-57.8042,9.24026)]
triangle[(4.31773,-19.5067),(18.3493,1.9776),(-7.28923,18.7222)]
triangle[(-15.0795,-7.12862),(-18.9181,16.7516),(-63.3664,9.60677)]
triangle[(-19.2931,-12.269),(-3.90509,-9.27538),(-8.33668,13.5041)]
triangle[(7.50704,-3.63769),(-10.3024,0.233933),(-17.5083,-32.9132)]
triangle[(4.85206,17.9703),(-0.0550371,14.2148),(5.67103,6.73284)]
triangle[(6.77782,-4.3742),(-7.66793,-18.6977),(11.9133,-38.446)]
triangle[(3.12857,-12.6128),(8.2533,-13.6181),(9.42399,-7.64998)]
triangle[(2.35047,8.713),(-15.8016,16.1187),(-27.8912,-13.5139)]
triangle[(5.0939,-20.399),(12.6627,-5.69537),(-10.0092,5.97511)]
triangle[(9.22071,-12.9915),(1.9405,13.076),(-39.0167,1.63735)]
triangle[(7.02306,10.2321),(9.57522,19.704),(-2.35454,22.9184)]
triangle[(-7.08589,0.473555),(13.1481,-6.70705),(23.8012,23.3119)]
triangle[(20.5628,10.006),(-2.33619,20.659),(-15.5321,-7.70608)]
triangle[(16.9215,8.04433),(-19.4099,13.4832),(-27.6221,-41.3737)]
triangle[(-0.827497,0.0838513),(18.6183,-8.67179),(34.7498,27.1554)]
triangle[(-0.529041,5.89927),(13.2016,-10.9466),(35.1779,6.96559)]
triangle[(-2.92841,-19.478),(-2.24519,16.674),(-46.8948,17.5178)]
triangle[(18.6832,-14.1811),(13.3273,-13.8146),(12.8624,-20.6101)]
triangle[(19.5256,1.98854),(-11.9037,-18.3633),(16.064,-61.5536)]
triangle[(-2.69005,-9.74469),(8.81174,13.7728),(-16.1181,25.9654)]
triangle[(8.23916,14.6115),(2.03125,0.263303),(25.0318,-9.68813)]
triangle[(20.6846,7.01289),(17.152,19.3299),(-1.8416,13.8824)]
triangle[(-8.66086,-15.4773),(-18.4433,-7.63699),(-30.9962,-23.2994)]
triangle[(6.30045,19.5092),(14.4573,-2.1094),(42.7446,8.56355)]
triangle[(-6.6377,-15.611),(13.2148,15.4225),(-34.6462,46.0397)]
triangle[(20.7108,19.5864),(14.5792,10.7697),(29.9403,0.0866374)]
triangle[(12.2665,-12.0794),(20.0289,-11.3541),(19.0687,-1.07786)]
triangle[(-18.1619,9.92531),(11.0097,2.90195),(20.464,42.1708)]
triangle[(10.9606,2.70689),(-4.80872,-10.5759),(19.2469,-39.1348)]
triangle[(-18.9126,18.3336),(-13.1195,-3.14314),(24.2981,6.94976)]
triangle[(-13.7776,6.44471),(12.5641,-9.67785),(44.0053,41.6921)]
triangle[(18.1167,1.78564),(-4.79313,-7.81948),(10.4081,-44.0771)]
triangle[(4.59082,12.0335),(-13.0625,-10.5227),(27.1073,-41.9612)]
triangle[(17.8141,16.8002),(-10.1763,3.29545),(12.9796,-44.698)]
triangle[(18.4804,-8.41447),(-5.98483,3.02838),(-23.3609,-34.1222)]
triangle[(-3.14131,0.870758),(-10.6927,-8.454),(-0.987975,-16.3131)]
triangle[(4.63409,3.96424),(-5.67403,16.6494),(-18.9158,5.88893)]
triangle[(7.68789,-15.8206),(-0.364445,8.27808),(-28.2882,-1.05236)]
triangle[(0.242243,-13.0971),(-9.78052,-11.8083),(-12.1892,-30.5403)]
triangle[(-4.50306,-13.5602),(3.91207,9.06787),(-26.1977,20.2654)]
triangle[(12.1562,16.7982),(2.27451,17.8833),(0.71084,3.64357)]
triangle[(19.6423,-2.22517),(2.52376,9.56654),(-12.0287,-11.5599)]
triangle[(14.3783,-15.6691),(12.1405,10.7006),(-15.6366,8.34328)]
triangle[(5.27255,-16.2542),(2.53401,-9.84118),(-10.202,-15.2798)]
triangle[(-20.2415,15.9951),(20.8801,16.5861),(19.8341,89.3774)]
triangle[(-1.36734,18.7813),(10.8826,12.3235),(22.8185,34.9653)]
triangle[(6.03356,-16.4118),(-1.41734,-14.9812),(-2.963,-23.0311)]
triangle[(1.90965,1.21762),(-0.340553,-13.5117),(26.1595,-17.5601)]
triangle[(16.8399,15.7585),(-13.8603,5.57359),(3.60581,-47.0744)]
triangle[(20.3898,5.36895),(-17.7073,-14.0241),(9.87427,-68.2073)]
triangle[(8.22894,9.68745),(1.59202,-6.30069),(21.2074,-14.4433)]
triangle[(7.09187,1.47545),(9.2605,-5.36858),(20.3694,-1.84855)]
triangle[(-13.1117,-13.9854),(4.23005,-5.17294),(-10.0487,22.9259)]
triangle[(-7.79568,-3.05838),(7.06693,-15.2277),(31.2031,14.2502)]
triangle[(-14.0539,-9.73551),(-9.27963,-4.7348),(-18.2582,3.83711)]
triangle[(-8.70961,11.6631),(13.6392,-12.0789),(38.5702,11.3892)]
triangle[(-9.73548,7.41956),(-7.04023,7.91568),(-7.93034,12.7513)]
triangle[(-10.6245,-17.1388),(18.7743,-15.022),(14.9027,38.7475)]
triangle[(17.4309,4.54548),(8.62372,-1.34816),(17.1824,-14.1378)]
triangle[(16.4107,-4.03712),(9.06717,-10.3969),(19.0251,-21.8951)]
triangle[(-15.749,3.50291),(-3.26841,-4.69039),(8.94746,13.9176)]
triangle[(20.8737,12.0945),(-10.9914,19.9605),(-25.2744,-37.8999)]
triangle[(19.2077,-2.09696),(-20.8273,13.9859),(-41.8037,-38.2303)]
triangle[(11.6891,7.0348),(10.0164,-17.3439),(47.8517,-19.94)]
triangle[(-18.713,-15.3855),(-7.17688,20.3754),(-60.0924,37.4455)]
triangle[(-14.2912,-20.2459),(-12.7045,-7.36432),(-37.5221,-4.30734)]
triangle[(-4.93681,-15.0461),(-11.3323,19.1617),(-75.0697,7.24544)]
triangle[(7.82055,-6.99959),(-15.0858,14.0821),(-43.898,-17.2239)]
triangle[(10.1364,9.91082),(-7.96762,-6.3861),(24.3269,-42.2617)]
triangle[(-19.723,5.99595),(-0.639256,-11.8294),(25.4319,16.0823)]
triangle[(-6.70467,-1.96299),(-8.53948,-15.1521),(14.9379,-18.4182)]
triangle[(-14.6962,-7.43518),(-17.7923,-18.8187),(4.52213,-24.8877)]
triangle[(-8.41092,-9.40986),(-14.3633,17.7235),(-53.6788,9.09874)]
triangle[(18.582,3.92628),(-17.6154,-5.3353),(0.277762,-75.2677)]
triangle[(-20.2047,13.4692),(-13.7497,19.6488),(-22.9271,29.2352)]
triangle[(-0.568456,-2.9465),(-8.66206,4.54695),(-17.4719,-4.96844)]
triangle[(-4.18613,6.24831),(-19.6231,10.5326),(-24.9774,-8.75958)]
triangle[(-10.328,-11.5863),(5.00199,-12.6822),(6.94196,14.4564)]
triangle[(20.4164,4.46565),(-19.8944,14.6165),(-39.8194,-64.5095)]
triangle[(-2.08788,-8.72413),(-9.68568,2.81849),(-24.0839,-6.65895)]
triangle[(-4.56066,1.34311),(14.3241,-12.2459),(36.5717,18.6716)]
triangle[(-19.5048,11.6214),(14.3129,4.808),(24.7724,56.7229)]
triangle[(-3.99028,17.2919),(15.7093,15.3279),(18.5582,43.9032)]
triangle[(-5.39966,16.0061),(-20.0867,-2.11456),(6.49754,-23.6614)]
triangle[(-8.04839,-0.790462),(4.81031,14.3097),(-20.313,35.7037)]
triangle[(-5.75287,-4.71295),(18.8412,-4.51297),(18.5936,25.9411)]
triangle[(11.538,-0.190894),(-7.26984,-7.41571),(6.28772,-42.7091)]
triangle[(15.7969,-9.11184),(6.8484,10.9041),(-20.7597,-1.43848)]
triangle[(-7.60854,-19.3238),(-6.27782,17.0623),(-71.5977,19.4512)]
triangle[(-19.9144,1.99776),(4.35787,16.8154),(-23.1852,61.9328)]
triangle[(2.01701,10.9351),(0.417092,20.2666),(-14.629,17.6869)]
triangle[(3.79502,-20.5258),(-1.76909,2.02179),(-40.5748,-7.55439)]
triangle[(11.577,-16.4458),(-20.3491,1.76983),(-53.9266,-57.0805)]
triangle[(-13.8086,-7.58022),(-6.90502,-10.6951),(-2.43344,-0.784655)]
triangle[(-18.8331,2.33032),(7.8673,-2.74395),(13.6353,27.6069)]
triangle[(17.8423,17.2224),(16.3434,9.22045),(25.7508,7.45838)]
triangle[(-16.0932,20.3868),(17.6036,6.01867),(41.2591,61.4964)]
triangle[(-13.3709,2.30655),(8.9659,-8.19738),(25.4873,26.9357)]
triangle[(-4.95632,-15.8111),(6.21711,10.0479),(-36.9583,28.7036)]
triangle[(0.435238,17.8354),(10.9766,-11.9904),(58.7648,4.89946)]
triangle[(-1.79345,-1.2301),(-6.29585,0.458996),(-9.4163,-7.8588)]
triangle[(-4.8278,1.80534),(2.25344,-1.81769),(6.11896,5.7375)]
triangle[(17.8533,-3.78492),(-10.8273,-12.8686),(5.12045,-63.2214)]
triangle[(-17.7688,11.3434),(-17.2981,-8.26342),(17.3115,-7.43259)]
triangle[(16.9104,8.58895),(6.8327,-7.42504),(33.7027,-24.3345)]
triangle[(-6.35232,8.3001),(-4.04278,19.6088),(-24.3898,23.7642)]
triangle[(3.00982,-2.33353),(-6.51127,-19.0119),(16.7981,-32.3184)]
triangle[(5.29699,5.32938),(14.9305,-0.754998),(22.6648,11.4909)]
triangle[(13.6109,-20.7256),(-18.184,17.2159),(-78.6247,-33.4333)]
triangle[(20.915,-11.0234),(7.24599,3.62554),(-12.8204,-15.0986)]
triangle[(14.14,2.01561),(-13.9943,14.8441),(-30.2182,-20.7367)]
triangle[(12.006,20.2755),(0.718867,-18.618),(50.9133,-33.1847)]
triangle[(-12.8309,20.9517),(12.8346,8.12709),(35.3934,53.2733)]
triangle[(0.0667758,1.53754),(6.73675,-8.43633),(19.1423,-0.140173)]
triangle[(-14.1627,-12.1822),(17.5304,-18.0327),(24.9884,22.3686)]
triangle[(-11.9709,15.3937),(4.65671,7.43946),(15.9158,30.9755)]
triangle[(3.13262,6.98184),(8.86446,1.92959),(18.103,12.4108)]
triangle[(2.71711,-9.8683),(16.3927,2.74944),(-4.83048,25.752)]
triangle[(16.3255,-11.4569),(-6.759,-1.93219),(-18.689,-30.8465)]
triangle[(-14.1496,-13.1943),(-9.70618,19.1927),(-62.9642,26.4995)]
triangle[(4.33187,18.0331),(-0.565449,12.0911),(10.2434,3.18267)]
triangle[(5.67837,7.6713),(8.33433,18.6966),(-11.1382,23.3874)]
triangle[(7.16066,-1.63965),(17.0521,-13.0189),(36.4917,3.87888)]
triangle[(-14.6513,-16.1785),(20.1798,-2.30896),(1.84308,43.7406)]
triangle[(-2.16018,-10.3073),(-20.8329,-9.60651),(-21.5766,-29.4225)]
triangle[(-4.73272,9.78838),(13.6274,16.9789),(6.27573,35.7504)]
triangle[(-5.66437,-3.84662),(11.4552,18.7161),(-15.7066,39.3254)]
triangle[(13.9002,-13.3945),(5.78984,2.51426),(-19.9006,-10.5829)]
triangle[(-13.0937,-5.92841),(13.0315,1.65176),(0.891531,43.4922)]
triangle[(-9.5347,-8.76843),(15.0196,-14.842),(25.8462,28.9277)]
triangle[(-12.3272,14.6607),(0.648519,-8.93234),(45.8691,15.9381)]
triangle[(9.95291,4.21334),(-13.9015,-17.8122),(23.0528,-57.835)]
triangle[(13.0989,11.9431),(1.94316,-0.78271),(21.5107,-17.9361)]
triangle[(-19.6961,7.13982),(-14.8843,-1.68238),(-3.73676,4.39764)]
triangle[(-8.79645,4.94757),(-20.8023,16.136),(-37.5723,-1.85914)]
triangle[(-6.67059,12.0131),(-11.1613,-17.4933),(23.9947,-22.8438)]
triangle[(6.37904,-7.87636),(17.2126,3.33576),(5.61569,14.5412)]
triangle[(11.1271,-6.14466),(16.3467,-9.95083),(23.7038,0.138319)]
triangle[(-14.6635,-14.564),(16.8333,14.9324),(-33.0427,68.1911)]
triangle[(17.7239,9.63156),(-12.2483,19.8868),(-31.6024,-36.6781)]
triangle[(-0.504439,-17.8541),(17.3534,-17.9773),(17.5331,8.08933)]
triangle[(5.03804,11.9202),(-8.62291,-15.271),(22.3099,-30.8117)]
triangle[(15.5465,-14.7513),(7.73279,-15.9966),(8.99268,-23.902)]
triangle[(15.4734,0.948209),(-20.5069,20.7733),(-58.5584,-48.2862)]
triangle[(10.7283,-1.24633),(7.09792,10.2327),(-14.1798,3.50336)]
triangle[(7.48708,4.65169),(0.356802,3.06613),(3.11262,-9.32677)]
triangle[(6.13504,-11.5783),(-15.9354,19.1185),(-65.7948,-16.7295)]
triangle[(6.21416,-12.1788),(-18.6167,-17.393),(-10.5448,-55.8325)]
triangle[(-5.09115,14.1657),(-2.66559,-17.8861),(43.1771,-14.4169)]
triangle[(-12.4389,-2.08109),(-3.55829,20.4463),(-37.0135,33.6348)]
triangle[(20.5044,10.4318),(-1.30312,5.84193),(5.95068,-28.6224)]
triangle[(15.2834,19.2964),(5.40162,3.86682),(24.5489,-8.39591)]
triangle[(0.83747,12.5351),(-7.74772,-8.96022),(17.6889,-19.1196)]
triangle[(-6.26629,-13.4304),(-15.5516,11.9753),(-50.1647,-0.675167)]
triangle[(2.86523,6.22072),(14.8106,14.7984),(-0.440653,36.0375)]
triangle[(-17.0004,-2.46171),(2.90029,16.289),(-34.4001,55.8771)]
triangle[(-4.44256,-20.0148),(-7.08106,16.1773),(-56.7326,12.5576)]
triangle[(-10.4527,4.72018),(-12.2351,-20.1849),(14.421,-22.0926)]
triangle[(16.8407,-17.2741),(-6.59888,-3.26307),(-25.7172,-35.2469)]
triangle[(-15.659,-1.30268),(2.29759,12.3842),(-20.0828,41.7464)]
triangle[(-12.423,2.7593),(6.4933,-1.7154),(11.287,18.5495)]
triangle[(-17.4457,18.2405),(1.6975,-8.028),(41.5622,21.0235)]
triangle[(16.6349,18.0602),(15.2459,12.122),(21.9006,10.5654)]
triangle[(-2.17765,5.2967),(-18.51,13.3502),(-28.6127,-7.13798)]
triangle[(-12.6482,-13.0286),(5.45423,-15.0251),(8.39172,11.6091)]
triangle[(-9.80834,5.64549),(8.21246,12.7426),(-3.61355,42.7708)]
triangle[(-20.5863,-8.38438),(-18.5154,-16.7613),(-5.30929,-13.4964)]
triangle[(-0.874208,6.18371),(-4.32967,-0.279217),(3.09949,-4.25128)]
triangle[(-0.291112,-7.76017),(-16.8303,-3.09913),(-22.6525,-23.7587)]
triangle[(19.7481,-13.1292),(-9.27688,-11.4279),(-11.0368,-41.4518)]
triangle[(19.9209,-7.22835),(-5.18997,-20.2318),(10.5149,-50.5594)]
triangle[(19.5974,11.7879),(11.2487,15.2043),(6.1678,2.7882)]
triangle[(-20.2302,15.7186),(6.67307,-5.97554),(47.8094,45.0383)]
triangle[(-14.3766,1.5942),(-4.41239,-5.75526),(7.38159,10.2347)]
triangle[(0.156188,-14.3623),(-18.6894,-12.5638),(-22.0321,-47.5894)]
triangle[(-20.0721,-11.2436),(3.39399,10.144),(-21.1942,37.1217)]
triangle[(1.7079,1.8204),(-2.59618,-10.9658),(13.7013,-16.4519)]
triangle[(5.33881,-18.2177),(8.52688,-10.9249),(-0.307067,-7.06312)]
triangle[(-20.2005,-11.1708),(-8.62441,-6.57728),(-13.7177,6.25818)]
triangle[(-9.40663,-7.78649),(7.9781,-17.3373),(22.0592,8.29363)]
triangle[(8.60993,2.05723),(-6.03369,-16.4862),(14.87,-32.9937)]
triangle[(20.4867,-2.9865),(13.6173,-3.76865),(14.6092,-12.4806)]
triangle[(-1.52706,13.6051),(7.70482,16.1351),(5.03935,25.8616)]
triangle[(-14.8943,-19.345),(-3.22229,2.02423),(-31.2977,17.3591)]
triangle[(15.5035,5.35666),(1.16809,-1.66852),(11.7165,-23.1933)]
triangle[(20.7311,-10.5134),(-1.89389,-13.0956),(1.43499,-42.2626)]
triangle[(-20.8024,-16.2075),(-0.872562,-11.1232),(-9.25008,21.7156)]
triangle[(-19.331,5.19286),(-17.9901,10.3573),(-24.7576,12.1143)]
triangle[(1.2216,-9.78383),(4.87459,-6.68724),(0.0365457,-0.979905)]
triangle[(-19.381,5.24268),(12.439,5.64821),(11.6911,64.3328)]
triangle[(-16.0029,-7.15539),(-2.3004,16.7436),(-44.2503,40.7956)]
triangle[(-3.60101,-5.71805),(-10.1794,-5.09174),(-11.2861,-16.7151)]
triangle[(4.23536,12.8974),(-6.65009,-9.81998),(37.6457,-31.0451)]
triangle[(-7.04094,-7.62859),(2.24162,-1.0174),(-6.87949,11.7893)]
triangle[(-7.49634,13.7819),(-8.38192,-10.9669),(25.5526,-12.1812)]
triangle[(-2.21112,15.9958),(11.4435,-16.6975),(70.0264,7.77021)]
triangle[(-9.46363,19.203),(9.03271,-3.5914),(53.9944,32.8923)]
triangle[(20.9391,4.63071),(-17.7031,-20.4625),(27.3233,-89.8007)]
triangle[(2.26381,-16.556),(-4.95252,4.01984),(-26.9332,-3.68917)]
triangle[(-9.20241,7.81456),(2.02042,1.89206),(12.1948,21.172)]
triangle[(-18.8622,-14.2617),(14.9369,13.9896),(-39.4869,79.101)]
triangle[(3.06627,-8.00686),(5.93774,16.409),(-39.109,21.7068)]
triangle[(0.135167,-8.77626),(-11.5911,-16.1396),(0.410812,-35.2528)]
triangle[(5.03973,-5.86883),(-12.6068,9.91724),(-29.6167,-9.09731)]
triangle[(19.6997,9.99248),(14.7068,19.8798),(-4.50015,10.1805)]
triangle[(-5.59941,0.655475),(-1.51318,-1.35386),(0.837203,3.42594)]
triangle[(-17.0927,-7.30786),(-3.51248,19.9465),(-52.825,44.5178)]
triangle[(12.8498,-4.5475),(4.98716,13.278),(-18.4765,2.92842)]
triangle[(7.61189,-8.16785),(-12.6455,-20.3852),(7.95295,-54.5392)]
triangle[(16.4534,-5.2474),(1.13564,-7.47406),(4.70242,-32.0109)]
triangle[(-1.88355,-16.1568),(-3.44044,3.45535),(-31.5713,1.22221)]
triangle[(5.10561,16.1602),(10.1606,12.5806),(17.1283,22.4199)]
triangle[(-3.64755,-8.54543),(-0.629815,-8.55338),(-0.621371,-5.34892)]
triangle[(3.10001,-7.47003),(7.72956,-9.39317),(10.1508,-3.56464)]
triangle[(10.0893,3.1994),(11.1503,-1.75592),(19.0563,-0.0631898)]
triangle[(-20.767,9.72266),(8.83435,-1.99672),(28.2672,47.0876)]
triangle[(-19.0811,-11.8813),(-15.4624,5.39017),(-48.9893,12.4147)]
triangle[(8.09821,15.9084),(-14.2701,-16.3382),(21.6149,-41.2304)]
triangle[(14.2138,4.88213),(-5.90108,-20.6404),(30.1831,-49.0791)]
triangle[(7.60812,-3.80624),(19.1666,-18.149),(35.4736,-5.00754)]
triangle[(7.95544,19.6043),(-10.8018,3.39873),(12.4727,-23.5407)]
triangle[(-8.65907,16.6363),(18.1033,15.7098),(19.7368,62.8922)]
triangle[(19.8468,0.185398),(1.16298,15.5083),(-27.5905,-19.5518)]
triangle[(-7.50056,-19.5895),(-15.6392,20.8279),(-88.8705,6.08161)]
triangle[(4.46473,-8.65281),(13.3933,-4.39807),(8.61852,5.62197)]
triangle[(2.29033,-3.64332),(-13.4375,-9.10351),(-6.6277,-28.7187)]
triangle[(-2.0336,2.2364),(4.11169,-7.21691),(20.6057,3.50531)]
triangle[(20.039,18.0555),(-17.5505,10.6403),(-8.25754,-36.468)]
triangle[(-9.54745,-11.5923),(4.99476,20.4493),(-30.8227,36.7052)]
triangle[(-10.6551,-8.54352),(-0.716379,10.9498),(-25.1672,23.4161)]
triangle[(-16.7898,0.837751),(0.950063,19.0061),(-28.2284,47.4964)]
triangle[(-13.2384,5.31253),(-9.61127,-18.0919),(30.0757,-11.9414)]
triangle[(-20.3219,-5.94124),(-7.59864,18.766),(-55.1994,43.2786)]
triangle[(-12.2144,-20.629),(-9.40757,13.6069),(-75.3665,19.0146)]
triangle[(5.6116,11.4357),(-12.5466,-18.1366),(36.8999,-48.4981)]
triangle[(-14.6094,-11.3958),(1.20857,9.22367),(-27.533,31.2725)]
triangle[(20.2342,-1.99023),(-16.7663,-15.86),(8.79817,-84.0586)]
triangle[(2.48443,-12.7523),(-15.6148,11.1979),(-57.2677,-20.2794)]
triangle[(1.77893,-15.7765),(2.83948,0.466269),(-21.7885,2.07431)]
triangle[(-14.979,-3.29177),(-20.8195,-6.86226),(-15.6502,-15.3182)]
triangle[(-4.55626,11.6875),(11.5189,-14.8926),(58.1635,13.3173)]
triangle[(-11.1168,4.25806),(3.5564,0.833408),(7.99218,19.8388)]
triangle[(-6.52143,19.3332),(-15.9671,7.61163),(-3.20125,-2.67549)]
triangle[(18.867,3.35019),(-7.30932,-5.62752),(10.3533,-57.1266)]
triangle[(-8.16081,-7.79612),(-6.43259,3.76793),(-26.2462,6.72903)]
triangle[(-2.93474,-4.73266),(-2.99105,8.68964),(-24.5769,8.59908)]
triangle[(-9.62708,15.3011),(1.93079,5.02279),(13.0425,17.5178)]
triangle[(6.69683,13.0101),(-0.122406,9.28656),(5.87666,-1.69996)]
triangle[(-16.9479,2.57082),(8.00223,-9.90111),(32.9282,39.9634)]
triangle[(-18.8611,19.5672),(-4.60266,-4.3436),(23.405,12.3579)]
triangle[(-1.12308,-11.8202),(-4.50985,-3.41485),(-21.2267,-10.1506)]
triangle[(-5.03656,-4.06907),(-8.66873,12.1002),(-24.9333,8.44666)]
triangle[(-6.48276,18.3931),(-7.26577,-14.6268),(34.664,-15.621)]
triangle[(5.56949,9.14376),(-5.84655,-5.47158),(21.0178,-26.4553)]
triangle[(-8.80392,-10.2603),(-14.3396,-11.588),(-12.1988,-20.5137)]
triangle[(-13.2133,-19.0147),(8.44158,-3.52095),(-16.3573,31.1394)]
triangle[(4.58952,9.17234),(-17.5505,-12.9756),(22.5144,-53.0263)]
triangle[(5.48058,-11.7073),(-7.25232,-4.92843),(-19.5006,-27.9346)]
triangle[(10.6158,-3.62475),(-12.2461,-4.71665),(-10.2258,-47.0191)]
triangle[(-19.1229,-1.41972),(6.58853,-5.60782),(12.2255,28.9982)]
triangle[(8.26114,-0.632942),(3.75598,4.40689),(-4.56025,-3.02708)]
triangle[(-13.9928,-13.2769),(1.48615,-13.6114),(1.92697,6.7899)]
triangle[(-3.65595,10.6377),(3.57325,13.3262),(-1.30114,26.4333)]
triangle[(-15.7176,20.99),(16.0511,8.65055),(39.1771,68.1896)]
triangle[(-10.7308,16.1102),(-6.56824,-0.174561),(11.5444,4.45519)]
triangle[(2.20107,-7.53727),(18.7971,1.54419),(5.09887,26.577)]
triangle[(-6.55246,-5.57937),(-14.0058,12.3719),(-40.6436,1.31185)]
triangle[(3.70566,-6.69907),(4.12818,-11.4545),(10.4675,-10.8913)]
triangle[(-17.4158,-12.6061),(-20.0858,-1.32949),(-31.8647,-4.11836)]
triangle[(-0.814662,-1.45009),(-15.5435,-3.65033),(-11.1703,-32.9256)]
triangle[(2.07301,16.0531),(-7.8784,-16.5842),(29.301,-27.9205)]
triangle[(11.7473,8.42852),(-8.37758,-18.5969),(20.0832,-39.7907)]
triangle[(-14.4075,9.12764),(12.0708,4.82718),(19.8841,52.9346)]
triangle[(9.16259,-4.22014),(-13.0342,-11.401),(0.797226,-54.1552)]
triangle[(10.3976,1.18671),(10.4985,-20.4287),(39.2161,-20.2946)]
triangle[(-10.5509,-2.57157),(11.28,-9.06813),(23.531,32.0999)]
triangle[(15.3032,19.2261),(9.45235,-0.207334),(38.7053,-9.01452)]
triangle[(-20.3726,1.23818),(16.8992,-20.912),(56.6523,45.9799)]
triangle[(4.77885,7.72712),(-19.3721,14.7352),(-31.4679,-26.9487)]
triangle[(6.64863,13.3754),(-18.8125,17.0227),(-24.7899,-24.7042)]
triangle[(-17.1782,-8.79072),(10.0666,-8.16403),(9.34083,23.3891)]
triangle[(20.4586,-16.1815),(1.89446,-16.3873),(2.23815,-47.4016)]
triangle[(-10.0626,11.4332),(-5.98855,-9.19162),(34.4697,-1.19989)]
triangle[(12.3903,-13.1673),(17.7324,-17.7695),(23.3772,-11.2171)]
triangle[(-5.37574,-15.607),(-10.3795,-15.5999),(-10.3905,-23.3249)]
triangle[(-4.80653,13.885),(-13.0606,11.8241),(-10.1626,0.217436)]
triangle[(1.12816,11.451),(-17.7639,-8.31276),(8.90046,-33.801)]
triangle[(-16.9885,16.4926),(-4.09815,-12.4603),(52.4205,12.7029)]
triangle[(-20.9878,15.3573),(-6.19169,14.1522),(-4.67227,32.8086)]
triangle[(15.9208,-9.0632),(9.66029,2.91007),(-9.26364,-6.98482)]
triangle[(-11.1335,-5.10513),(7.30484,-9.34287),(14.7665,23.1229)]
triangle[(10.5901,10.6827),(20.8527,-0.484204),(42.2044,19.1384)]
triangle[(10.9521,-7.9139),(-4.20622,19.9834),(-38.6366,1.27512)]
triangle[(-17.4613,-5.36622),(12.1309,11.9651),(-19.27,65.5805)]
triangle[(-8.07785,-20.6042),(9.45012,-1.08798),(-15.6323,21.4391)]
triangle[(-1.59075,9.24986),(12.5109,-10.1258),(46.4598,14.5823)]
triangle[(-14.1601,3.18094),(-11.1408,-19.811),(25.2571,-15.0312)]
triangle[(19.9151,-10.3465),(-0.0283941,-6.41534),(-6.61138,-39.8117)]
triangle[(-18.1452,-14.7353),(-14.8027,-1.10636),(-29.1725,2.41781)]
triangle[(-5.22206,-10.9781),(-15.1712,12.0001),(-52.166,-4.01789)]
triangle[(18.0399,0.331766),(14.2644,-1.84407),(17.1047,-6.77267)]
triangle[(3.08492,-6.18876),(-13.6997,-17.9341),(5.19463,-44.935)]
triangle[(12.938,8.80119),(-1.78817,-5.30152),(12.4861,-20.2069)]
triangle[(-16.9195,2.6766),(18.3425,-4.57558),(29.5136,49.7411)]
triangle[(17.8856,3.14643),(-10.0491,-12.5638),(9.20458,-46.7992)]
triangle[(-1.62415,14.5768),(-17.9297,20.3095),(-29.3704,-12.2312)]
triangle[(1.38427,4.0447),(15.189,-17.3391),(56.4458,9.29512)]
triangle[(-14.1072,2.80751),(-11.4311,19.2689),(-28.5009,22.0439)]
triangle[(19.8736,17.2474),(-7.55948,15.2078),(-3.85525,-34.6171)]
triangle[(-16.7423,16.5215),(-16.2,-12.9604),(18.4714,-12.3226)]
triangle[(9.27733,-3.61098),(7.22065,11.1488),(-14.9309,8.06214)]
triangle[(-16.3464,17.7197),(19.005,6.98967),(33.9775,56.3185)]
triangle[(7.33924,-18.7603),(-5.08316,10.4879),(-37.2287,-3.16504)]
triangle[(8.69317,16.2705),(-20.5484,-14.0968),(17.3946,-50.6331)]
triangle[(-6.0209,-11.4879),(7.9202,8.79361),(-20.7234,28.4827)]
triangle[(-14.5347,-16.3339),(-6.88645,-17.6849),(-4.97746,-6.87712)]
triangle[(17.9456,4.9068),(13.2863,20.3132),(-3.04546,15.374)]
triangle[(6.6746,4.53877),(5.15013,9.55157),(-0.611559,7.79935)]
triangle[(18.2446,18.3428),(-17.4298,-2.3243),(3.93572,-39.2043)]
triangle[(9.99615,-15.9995),(-18.3872,17.74),(-60.2887,-17.5096)]
triangle[(5.08295,0.789721),(-9.00589,15.7857),(-25.1136,0.652292)]
triangle[(2.97551,7.64497),(3.50567,18.8728),(-7.95019,19.4137)]
triangle[(13.6854,-7.33621),(-9.84436,15.285),(-38.9908,-15.032)]
triangle[(-7.16501,2.07383),(14.891,2.7779),(13.5036,46.24)]
