triangle[(1.8965,8.76858),(20.3667,-19.7109),(73.9857,15.0633)]
triangle[(-10.2915,11.252),(-10.3823,4.3758),(0.937188,4.22625)]
triangle[(-10.6458,1.88606),(16.1075,17.998),(-10.4852,62.1542)]
triangle[(0.638827,9.99495),(-3.5652,-12.9469),(28.3931,-18.8032)]
triangle[(3.6161,2.30577),(-14.5033,10.6035),(-28.2415,-19.396)]
triangle[(-6.91075,-14.0116),(-5.20476,-2.01519),(-20.5519,0.167296)]
triangle[(0.0542286,-10.1702),(-3.35311,-6.43014),(-9.55376,-12.0791)]
triangle[(1.82947,10.6238),(-4.73283,-17.2277),(38.4254,-27.3965)]
triangle[(20.0992,19.0486),(6.73262,7.62058),(25.3458,-14.1499)]
triangle[(19.1463,-17.3434),(-15.2428,14.5981),(-54.2047,-27.3493)]
triangle[(9.76589,-19.9827),(19.9292,-5.31836),(3.33033,6.18563)]
triangle[(11.3348,-9.24967),(0.214862,10.8617),(-24.8809,-3.01418)]
triangle[(-0.749554,2.09435),(4.18721,-13.4997),(27.5802,-6.09401)]
triangle[(-7.28987,14.2443),(-4.63941,-6.06646),(30.6971,-1.45522)]
triangle[(1.23716,-9.31869),(-7.11108,-15.0079),(-1.13144,-23.7823)]
triangle[(-0.0732589,1.18236),(-10.8372,12.4331),(-28.9133,-4.86096)]
triangle[(-11.428,1.45068),(17.3032,9.70458),(1.75048,63.8422)]
triangle[(0.801179,3.95443),(9.12385,13.0243),(-5.41869,26.3688)]
triangle[(2.521,-6.11594),(-1.37968,-4.05828),(-4.84697,-10.6312)]
triangle[(11.7895,-18.0271),(-12.71,-17.5584),(-13.3149,-49.1815)]
triangle[(14.2835,-5.00103),(16.4667,10.087),(-2.47878,12.8284)]
triangle[(4.62894,1.59019),(11.6577,7.8806),(1.14536,19.627)]
triangle[(4.6584,-7.28447),(13.6454,17.7823),(-12.4626,27.1426)]
triangle[(-6.70256,-2.08093),(-20.6811,-11.5323),(-8.2798,-29.8738)]
triangle[(-17.6109,-15.0975),(-19.0034,11.1947),(-53.0738,9.39018)]
triangle[(-6.32929,13.7923),(16.0551,20.5107),(3.82026,61.2748)]
triangle[(-5.43095,-12.2753),(20.6335,-4.79923),(7.25044,41.8594)]
triangle[(12.6569,-15.112),(10.8721,14.2035),(-44.9611,10.8044)]
triangle[(9.41034,-9.82761),(-0.15788,1.39762),(-18.9155,-14.5911)]
triangle[(7.39154,-13.9158),(-12.8766,-20.8348),(-3.32095,-48.8264)]
triangle[(-17.73,-18.5925),(-1.06094,1.89349),(-39.9985,33.5764)]
triangle[(-9.58002,-11.0838),(0.0816354,8.89967),(-24.5696,20.8181)]
triangle[(11.1972,-16.1707),(18.2846,18.4534),(-23.9306,27.0947)]
triangle[(-9.54898,-11.5173),(13.0505,-16.8742),(20.776,15.7176)]
triangle[(-12.4089,17.9092),(-9.74378,11.7357),(-0.843611,15.5779)]
triangle[(-7.09907,6.58718),(7.39003,-9.69565),(37.4591,17.061)]
triangle[(-18.326,-16.0321),(14.9404,8.43479),(-31.1287,71.0726)]
triangle[(12.3584,-10.966),(17.2025,-16.6157),(23.2704,-11.413)]
triangle[(-19.1262,19.1311),(16.6636,4.32646),(38.0423,56.009)]
triangle[(13.8643,11.6942),(19.1665,-14.1196),(53.5646,-7.05412)]
triangle[(-7.06303,-1.23536),(9.77334,3.3918),(2.6507,29.3082)]
triangle[(4.10383,-13.1666),(17.5713,11.6251),(-15.6086,29.6492)]
triangle[(-18.809,-20.8848),(-13.9081,-8.82944),(-28.3719,-2.94943)]
triangle[(6.47591,-19.092),(12.7523,-15.1311),(5.61102,-3.81528)]
triangle[(11.0874,-13.7176),(0.286717,0.54661),(-14.5919,-10.7193)]
triangle[(-18.2516,-9.58891),(14.3738,2.74974),(-6.30828,57.4364)]
triangle[(1.87515,-19.7746),(-11.0008,-16.4564),(-17.4197,-41.3645)]
triangle[(1.96599,-15.8321),(-0.71349,-17.8139),(1.28153,-20.5113)]
triangle[(-6.60672,18.8332),(-17.8253,-3.132),(8.92568,-16.7949)]
triangle[(7.16766,9.15079),(-1.20869,3.35206),(7.72079,-9.5467)]
triangle[(-15.164,-17.8691),(-0.815021,-1.80377),(-30.7359,24.9204)]
triangle[(-5.94352,6.10269),(-17.3996,-6.54356),(-0.154788,-22.1654)]
triangle[(20.6931,20.0564),(-17.0693,-6.323),(32.6962,-77.5629)]
triangle[(11.0974,-15.0737),(-3.14861,-8.74142),(-12.2077,-29.1218)]
triangle[(11.925,0.746903),(0.123973,-5.25327),(11.5466,-27.719)]
triangle[(-4.72454,-18.836),(-9.59213,-5.84304),(-32.7616,-14.5231)]
triangle[(11.3849,-20.7796),(7.58995,-20.8971),(7.78513,-27.2025)]
triangle[(-11.188,-16.1),(1.15791,18.6143),(-35.4525,31.6345)]
triangle[(18.9828,-16.1583),(11.5149,8.5927),(-30.5,-4.08413)]
triangle[(-18.2935,17.4253),(15.3342,6.74362),(27.4994,45.0416)]
triangle[(-17.3472,18.7058),(2.82387,4.94235),(17.3716,26.2627)]
triangle[(-1.21653,1.35039),(-1.63581,14.631),(-18.7211,14.0916)]
triangle[(13.6602,18.2114),(-6.61879,20.6581),(-10.6547,-12.7929)]
triangle[(-14.786,-3.09849),(1.59319,19.828),(-33.0693,44.5916)]
triangle[(2.58909,6.25567),(-1.08613,14.9034),(-12.0428,10.2468)]
triangle[(0.926359,7.53683),(-0.809965,1.12595),(7.5569,-1.14013)]
triangle[(-11.7578,0.166322),(-2.6866,0.0261517),(-2.52013,10.7996)]
triangle[(12.3722,-14.0062),(4.90258,5.81535),(-31.6127,-7.94521)]
triangle[(-17.6272,14.6441),(-15.7146,-18.292),(26.7382,-15.8268)]
triangle[(-12.8643,-18.8376),(-3.63391,-14.5838),(-10.9831,1.36323)]
triangle[(6.33242,9.71681),(-4.07044,17.6774),(-16.998,0.783854)]
triangle[(-5.12103,-4.53424),(-12.8259,12.3001),(-34.5542,2.35537)]
triangle[(1.85045,-20.1692),(6.49894,-18.4675),(3.8844,-11.3253)]
triangle[(9.98586,-13.5519),(-2.30906,-19.3601),(9.19792,-43.7182)]
triangle[(-19.5032,0.109641),(11.4987,-15.7672),(31.3337,22.9636)]
triangle[(-14.206,-14.0086),(-8.77733,16.4304),(-56.9711,25.0257)]
triangle[(7.32128,13.4446),(-19.7069,8.50581),(-9.95108,-44.8838)]
triangle[(12.6062,18.6683),(-7.9321,-2.43858),(26.7679,-36.204)]
triangle[(7.46918,14.5678),(-17.5687,10.4161),(-9.66179,-37.2686)]
triangle[(-19.7452,17.375),(4.73146,13.9657),(9.661,49.3569)]
triangle[(10.4605,-10.8918),(7.62757,2.9511),(-19.1526,-2.52941)]
triangle[(-8.93523,-13.4401),(-0.485552,20.3857),(-64.3122,36.3296)]
triangle[(10.0484,-2.60866),(4.82456,6.506),(-9.27816,-1.57666)]
triangle[(-17.4968,-9.73019),(-6.21248,15.554),(-38.4911,29.96)]
triangle[(8.93405,16.7881),(17.8197,-3.89329),(47.7077,8.94798)]
triangle[(-1.74128,11.308),(18.6655,-8.43477),(51.152,25.1443)]
triangle[(-3.01924,6.00502),(9.92416,8.33649),(5.79918,31.2368)]
triangle[(-3.78265,0.686117),(2.37807,-0.871221),(5.357,10.9132)]
triangle[(10.3284,-8.81561),(-18.6421,16.7257),(-60.6997,-30.9786)]
triangle[(19.0928,4.2438),(-15.1461,-18.6845),(8.52599,-54.0341)]
triangle[(0.976716,-17.9863),(0.0835595,-15.2704),(-3.49126,-16.446)]
triangle[(1.40421,-1.33986),(-14.5712,-17.5048),(7.32147,-39.1409)]
triangle[(-16.0329,2.43354),(4.88751,-3.18657),(15.6985,37.0566)]
triangle[(-4.03905,-14.0246),(20.8448,-8.47691),(10.2732,38.942)]
triangle[(-5.97775,12.9202),(19.4755,4.25075),(32.3671,42.0999)]
triangle[(10.7293,14.1195),(-15.2465,20.8491),(-26.4717,-22.48)]
triangle[(-2.53633,15.5006),(-16.5061,-18.5754),(48.1267,-45.0721)]
triangle[(-0.716942,-17.7982),(-13.3025,10.0485),(-68.3377,-14.8253)]
triangle[(-17.5783,18.5045),(-15.1516,-5.93292),(13.884,-3.04966)]
triangle[(2.27631,-18.8089),(7.9772,17.214),(-41.7196,25.0789)]
triangle[(3.00849,-7.5517),(4.61393,2.16995),(-13.4801,5.158)]
triangle[(-8.01583,11.1297),(6.13223,13.6158),(3.21911,30.1935)]
triangle[(13.7419,-16.2139),(20.0254,3.04654),(-2.03917,10.2448)]
triangle[(-4.37247,-16.0212),(-3.72319,10.1818),(-43.575,11.1692)]
triangle[(8.76341,-9.51333),(16.1473,11.5499),(-16.0918,22.8516)]
triangle[(-12.8339,5.52663),(-7.45876,9.48948),(-13.9905,18.3489)]
triangle[(12.091,-14.1275),(-12.6756,-0.681205),(-31.0712,-34.5639)]
triangle[(-13.5164,8.12733),(14.7587,10.1171),(10.805,66.3007)]
triangle[(20.7327,0.307078),(8.03118,19.5662),(-26.7134,-3.34809)]
triangle[(14.4685,20.6544),(-14.7196,-4.86616),(34.4334,-61.0829)]
triangle[(-17.0073,-12.0486),(-14.0596,-19.7446),(-0.261359,-14.4594)]
triangle[(-6.63079,-19.693),(-4.71633,-15.4664),(-8.95915,-13.5446)]
triangle[(-11.5151,7.89552),(8.29655,0.119302),(16.6439,21.3859)]
triangle[(-19.5696,-14.8646),(-16.2822,5.56859),(-49.5744,10.9248)]
triangle[(16.4431,18.6562),(-2.53104,7.65594),(12.7459,-18.6951)]
triangle[(3.48843,-8.11692),(20.8733,-0.97829),(10.7137,23.7635)]
triangle[(-18.5913,-2.37256),(14.3854,3.11202),(7.59996,43.9102)]
triangle[(19.7434,-3.26215),(-3.08013,-8.70755),(5.11734,-43.0659)]
triangle[(15.2588,-20.7569),(12.4657,17.9895),(-61.5477,12.6543)]
triangle[(-16.7746,1.06612),(8.57367,16.6181),(-19.3423,62.1183)]
triangle[(-6.17401,11.1058),(-7.321,5.05276),(3.90045,2.92643)]
triangle[(-13.3771,6.8844),(2.23547,18.7981),(-19.4815,47.2575)]
triangle[(14.2932,18.4658),(13.4994,-5.7663),(54.2531,-7.10132)]
triangle[(-17.5079,5.54103),(-3.43407,19.967),(-18.5048,34.6698)]
triangle[(3.43104,-18.5911),(14.5706,-5.7686),(-2.59491,9.14392)]
triangle[(-16.2423,15.5985),(-19.7777,-7.0696),(21.2614,-13.4702)]
triangle[(-10.7258,-10.4868),(-4.45391,-2.28826),(-19.3674,9.12064)]
triangle[(-16.6653,-19.5089),(9.85641,20.7962),(-64.2729,69.5751)]
triangle[(0.671396,7.09263),(-14.7417,7.40904),(-15.1331,-11.6559)]
triangle[(-14.9835,12.3747),(-5.58934,9.32513),(-0.994489,23.4796)]
triangle[(-10.5699,-10.1444),(8.99805,-14.2479),(16.2144,20.1638)]
triangle[(12.9253,10.5388),(-1.90858,-2.95892),(12.8232,-19.149)]
triangle[(19.0944,4.40922),(16.2187,-1.16848),(24.0747,-5.21876)]
triangle[(-4.88571,-0.686487),(-11.7301,-1.91722),(-9.48525,-14.4012)]
triangle[(-11.9682,-16.8058),(-10.6572,-13.7386),(-15.0601,-11.8567)]
triangle[(6.61353,-20.3087),(-1.2106,9.29166),(-42.3749,-1.5891)]
triangle[(2.65536,-10.8075),(5.28499,-2.15144),(-9.01608,2.19308)]
triangle[(16.7214,10.3222),(-4.10639,-19.3838),(52.3374,-58.9583)]
triangle[(-8.27793,-5.19744),(18.5437,7.78196),(0.0949559,45.9059)]
triangle[(-1.69932,-20.3268),(3.54079,-2.28042),(-29.858,7.41756)]
triangle[(-18.4433,-5.57168),(-15.637,-19.2115),(11.4946,-13.6295)]
triangle[(-5.9462,-17.6084),(-12.0738,14.1446),(-68.4341,3.26832)]
triangle[(-2.96578,2.35663),(8.35379,-10.2845),(32.3154,11.1722)]
triangle[(10.3796,11.8044),(9.63083,-5.72315),(40.3194,-7.03417)]
triangle[(6.94369,11.0833),(4.44143,-13.7261),(30.5339,-16.3578)]
triangle[(-3.3309,8.33962),(-2.59107,10.398),(-6.64118,11.8537)]
triangle[(-1.13777,5.38084),(4.61166,1.83714),(10.133,10.7952)]
triangle[(-4.93279,8.11035),(0.121725,-13.2128),(39.7934,-3.80883)]
triangle[(-0.154218,12.6112),(11.7758,13.1458),(10.9861,30.768)]
triangle[(-19.9104,-19.1161),(8.29982,7.21377),(-30.4947,48.7788)]
triangle[(-17.5503,2.28977),(10.937,18.6122),(-16.428,66.3717)]
triangle[(-15.5384,-2.72808),(1.53691,7.1961),(-10.0822,27.1876)]
triangle[(-7.83745,5.77536),(-7.59608,-18.8978),(33.688,-18.4939)]
triangle[(17.5868,-17.991),(-9.49901,-13.4709),(-18.481,-67.2946)]
triangle[(-4.4831,-14.6683),(-0.478253,-20.1832),(8.20672,-13.8763)]
triangle[(1.11488,-2.97826),(18.4098,-5.69617),(23.5561,27.0514)]
triangle[(9.46101,-10.9569),(18.5627,-15.399),(23.4796,-5.32429)]
triangle[(-18.5035,-16.3647),(19.1233,-0.927726),(-0.159642,46.0736)]
triangle[(12.5986,17.5983),(8.47015,-18.9614),(74.1481,-26.378)]
triangle[(15.6373,-11.4211),(17.1902,7.17861),(-6.56128,9.16165)]
triangle[(-18.3272,10.0856),(-11.5825,17.9801),(-22.0467,26.9202)]
triangle[(-6.77351,16.6827),(-9.04016,-15.4554),(30.4837,-18.2429)]
triangle[(4.23813,20.7416),(-10.6499,1.62412),(13.0424,-16.8266)]
triangle[(10.7669,2.30944),(1.70929,10.5045),(-11.1996,-3.76327)]
triangle[(8.30122,-17.6294),(14.2377,-7.85147),(0.23801,0.648194)]
triangle[(-9.85646,-10.4106),(16.6016,20.5691),(-15.6919,48.1493)]
triangle[(-2.97099,-10.7448),(3.39631,15.5192),(-37.7269,25.4889)]
triangle[(10.0611,10.9149),(-19.4763,2.30455),(-5.91215,-44.2266)]
triangle[(-10.962,-8.37704),(13.3844,1.08553),(-5.34392,49.2719)]
triangle[(3.29444,5.10703),(-11.5365,9.46493),(-18.0005,-12.5335)]
triangle[(-5.82205,5.20084),(13.7932,2.71261),(16.7903,26.3396)]
triangle[(1.38444,-7.06478),(-5.27404,-11.9072),(3.68432,-24.2252)]
triangle[(-2.30613,-20.8516),(13.5943,11.9835),(-25.7246,31.0236)]
triangle[(-0.678595,15.8214),(-5.81779,12.1896),(0.0808333,3.84258)]
triangle[(4.10233,-0.816584),(1.49008,-18.9964),(33.6288,-23.6144)]
triangle[(17.7873,6.12342),(13.4712,11.5677),(4.16344,4.18861)]
triangle[(13.8965,15.2911),(9.05323,2.81859),(33.2432,-6.57472)]
triangle[(11.9558,7.85452),(2.97847,5.72249),(5.6294,-5.43983)]
triangle[(-9.71578,-20.141),(10.3594,10.3175),(-26.3119,34.4874)]
triangle[(15.7203,0.378553),(11.3821,1.1524),(10.2107,-5.41438)]
triangle[(-17.3585,-16.53),(3.65307,-5.15475),(-13.9181,27.3013)]
triangle[(13.9651,-4.76838),(17.3222,9.67967),(2.65751,13.087)]
triangle[(-20.819,-9.69185),(-20.6575,4.67448),(-42.3363,4.91824)]
triangle[(8.10249,14.1394),(-16.9813,-1.51696),(4.81958,-36.4453)]
triangle[(0.554394,-11.9997),(-9.3831,-10.634),(-11.6753,-27.3132)]
triangle[(-9.54461,17.2914),(-9.27324,-11.0954),(22.6302,-10.7904)]
triangle[(-4.80663,-14.2478),(-12.5098,-8.25497),(-23.7998,-22.7672)]
triangle[(5.6128,3.72318),(-9.80207,-0.0569371),(-5.2455,-18.6381)]
triangle[(3.43207,-11.9976),(-19.0538,11.423),(-61.0492,-28.8965)]
triangle[(10.7382,-10.0755),(-6.87539,-16.5137),(3.29892,-44.3485)]
triangle[(-15.9608,-0.878701),(12.1003,15.1159),(-17.7875,67.5514)]
triangle[(2.09516,-7.44731),(-10.5663,15.973),(-47.3172,-3.89534)]
triangle[(1.22914,-2.88187),(6.8272,-18.8594),(24.8151,-12.557)]
triangle[(17.7021,13.6798),(-11.3108,-19.9631),(41.8101,-65.7734)]
triangle[(14.5873,-0.659581),(20.6641,-11.0086),(38.2462,-0.684495)]
triangle[(18.7631,-20.7233),(-13.4656,4.74887),(-64.3176,-59.5916)]
triangle[(-13.3096,-20.2049),(-5.59832,-19.9732),(-5.89203,-10.197)]
triangle[(20.8438,-18.3248),(-3.09141,-13.1385),(-8.57341,-38.4383)]
triangle[(6.83048,-5.63469),(1.4418,-1.35584),(-3.28597,-7.30987)]
triangle[(18.4678,19.572),(6.38709,8.35407),(19.9341,-6.2348)]
triangle[(-1.12945,-4.57677),(-8.08529,-0.570315),(-15.9935,-14.3001)]
triangle[(14.5665,-11.5985),(-20.5321,-11.2386),(-20.8942,-46.5515)]
triangle[(10.3423,2.90635),(-0.380032,-0.068651),(3.6576,-14.6209)]
triangle[(-18.9986,-1.84122),(14.6753,4.74429),(7.36888,42.1043)]
triangle[(-10.9406,-11.9527),(4.52531,13.3394),(-45.8635,44.1518)]
triangle[(-9.36018,-6.81167),(1.11639,15.4912),(-27.0147,28.7055)]
triangle[(-8.5496,8.39948),(-20.1098,-19.619),(31.6801,-40.987)]
triangle[(14.5122,-13.9982),(13.8216,-16.2582),(18.1057,-17.5673)]
triangle[(-19.1828,0.109804),(7.03059,12.9377),(-7.72091,43.0819)]
triangle[(-11.9853,2.96193),(8.57399,-13.1027),(36.7386,22.9419)]
triangle[(15.5186,-11.8638),(-19.8057,4.72285),(-36.963,-31.8168)]
triangle[(13.8757,-13.7403),(-9.21508,-10.5622),(-14.9014,-51.877)]
triangle[(-4.83504,-3.94681),(2.8784,20.2571),(-22.1018,28.2179)]
triangle[(4.31007,-14.7671),(-3.45062,-9.21233),(-14.2794,-24.3415)]
triangle[(-8.19702,-8.96283),(16.7172,20.4103),(-18.7115,50.4608)]
triangle[(17.1724,-13.7115),(14.6921,-8.02103),(3.87653,-12.7353)]
triangle[(-4.63729,-13.7086),(-19.457,7.71378),(-47.5165,-11.6974)]
triangle[(-8.6493,-17.9752),(11.333,-18.4911),(12.3219,19.8123)]
triangle[(-18.0626,15.7674),(16.2631,-0.75492),(40.6274,49.8627)]
triangle[(-17.0605,3.98796),(19.187,-14.3208),(45.0721,36.9264)]
triangle[(2.64582,-9.41163),(1.12786,-0.419563),(-16.4503,-3.38695)]
triangle[(-19.9022,-0.901683),(-17.8919,-11.536),(-5.61541,-9.21524)]
triangle[(-20.0076,1.9122),(-12.1656,-6.96748),(-0.159267,3.63581)]
triangle[(6.07692,-7.39747),(8.8938,13.8775),(-23.1874,18.1251)]
triangle[(-7.21535,16.6936),(-1.3946,-19.2797),(47.9453,-11.2961)]
triangle[(14.5665,-18.1229),(3.14297,6.59165),(-44.2223,-15.3014)]
triangle[(12.402,-5.65389),(-6.40581,6.59205),(-29.427,-28.7648)]
triangle[(16.9442,15.8026),(-14.1814,18.6217),(-18.5975,-30.1361)]
triangle[(11.1591,19.2836),(6.92771,-1.38256),(29.5536,-6.01513)]
triangle[(5.29792,-3.37261),(13.3778,-5.78288),(16.775,5.60557)]
triangle[(-10.9649,-17.614),(20.0328,8.79623),(-11.4938,45.799)]
triangle[(-17.1974,16.2241),(-18.9402,-0.573494),(2.39698,-2.78736)]
triangle[(-1.22539,7.80365),(-20.55,-20.4792),(8.99846,-40.6686)]
triangle[(-1.59797,12.5105),(-20.1636,-14.4338),(27.7341,-47.4372)]
triangle[(11.6766,-11.5258),(-12.3704,-14.2131),(-7.36999,-58.9584)]
triangle[(-17.8118,-14.1971),(-11.5804,12.8486),(-58.6373,23.6907)]
triangle[(-0.87727,-20.5009),(-6.602,11.5859),(-65.6892,1.04391)]
triangle[(0.677482,-15.7946),(9.72972,-9.58255),(3.05183,0.14848)]
triangle[(4.93002,15.0764),(6.49164,18.7736),(2.57587,20.4275)]
triangle[(-0.70661,18.404),(6.90542,19.5505),(4.75343,33.8378)]
triangle[(-16.7292,3.59964),(6.37523,7.09689),(-0.381774,51.7366)]
triangle[(0.14862,1.39636),(-13.9309,-14.4489),(3.68212,-30.0991)]
triangle[(5.48225,19.5391),(13.898,13.9022),(20.0864,23.1415)]
triangle[(15.3194,2.19832),(-12.8932,13.1724),(-24.533,-16.7514)]
triangle[(-13.0332,17.0793),(14.1978,13.8945),(19.6916,60.8694)]
triangle[(16.5858,18.5522),(16.8117,-8.9154),(51.4063,-8.63086)]
triangle[(-6.13778,-12.6649),(19.5715,19.4999),(-30.1846,59.2698)]
triangle[(-1.6397,11.5353),(7.12895,0.669483),(20.3949,11.375)]
triangle[(-0.130019,9.08499),(14.1416,8.42037),(15.2835,32.9407)]
triangle[(18.3932,12.8317),(2.62658,1.79629),(17.9991,-20.1669)]
triangle[(3.42565,-7.9428),(-10.3861,10.8395),(-42.0354,-12.4342)]
triangle[(-19.0932,-0.15287),(-17.0261,17.2167),(-40.0683,19.9588)]
triangle[(6.66334,-12.1237),(19.8925,14.9902),(-20.6478,34.7703)]
triangle[(-15.436,9.15993),(15.0318,1.65038),(27.9826,54.1943)]
triangle[(-9.56138,-8.34603),(-19.6344,-3.86751),(-27.8804,-22.4143)]
triangle[(13.2221,-12.4327),(11.6083,-4.32962),(-0.595121,-6.75995)]
triangle[(-13.0312,-18.2214),(2.32684,-3.06366),(-13.1357,12.6032)]
triangle[(-15.6257,-9.48989),(-3.04673,-4.77346),(-9.2454,11.7587)]
triangle[(-18.2511,-9.59505),(-0.00930227,-16.1256),(6.57632,2.26989)]
triangle[(-7.02546,-11.1181),(-18.8766,-11.2877),(-18.6307,-28.4693)]
triangle[(18.1521,-20.6706),(12.3122,-2.03979),(-16.0959,-10.9445)]
triangle[(-16.7138,-12.7259),(15.4127,-5.65801),(1.77441,56.3337)]
triangle[(-8.78184,4.29919),(-9.01432,-16.1241),(31.5776,-16.5862)]
triangle[(15.8403,12.8554),(17.8468,8.47329),(26.2697,12.33)]
triangle[(-16.9255,-8.75286),(-10.1385,0.97908),(-21.8429,9.14158)]
triangle[(-15.862,7.04935),(-12.9997,11.6787),(-17.8752,14.6932)]
triangle[(-4.19767,1.25096),(9.50565,-4.04372),(15.6521,11.864)]
triangle[(-2.1262,17.9959),(19.0568,-0.238795),(44.0815,28.8321)]
triangle[(-5.56189,-5.30031),(6.35446,9.5786),(-21.9901,32.2794)]
triangle[(1.53277,-15.6963),(6.37305,8.07665),(-31.3397,15.7551)]
triangle[(-9.32063,-4.59398),(13.2813,-20.9168),(37.5701,12.7155)]
triangle[(-14.6103,-16.6333),(0.481519,0.0488807),(-32.2102,29.624)]
triangle[(0.169736,12.7625),(17.9047,17.7312),(12.447,37.2115)]
triangle[(-17.0887,-1.76179),(3.38716,14.1814),(-26.64,52.7453)]
triangle[(16.6526,15.006),(20.5562,0.138209),(49.4247,7.71766)]
triangle[(3.47936,-1.44967),(4.44123,5.14138),(-4.92868,6.5088)]
triangle[(4.83224,-5.72895),(-1.31031,10.2627),(-29.122,-0.420088)]
triangle[(12.7438,1.22858),(12.8441,19.0731),(-10.766,19.2058)]
triangle[(-13.0468,7.38217),(11.3207,4.22322),(14.9934,32.5533)]
triangle[(16.3655,7.66598),(17.8725,-16.4302),(59.9424,-13.7991)]
triangle[(-13.5031,7.52261),(2.95771,20.0706),(-19.6992,49.7927)]
triangle[(-11.7327,-15.2807),(-1.5986,19.757),(-58.1161,36.1038)]
triangle[(0.823196,-14.5089),(11.1235,4.65212),(-21.3844,22.1273)]
triangle[(-15.4332,-19.9678),(-1.36823,17.6744),(-68.9367,42.9213)]
triangle[(-5.87523,-1.53889),(-12.8378,9.34287),(-24.8063,1.68495)]
triangle[(18.1746,5.41527),(-8.0246,-13.9236),(16.2969,-46.8731)]
triangle[(11.4813,12.674),(-18.6856,6.61033),(-9.19068,-40.6266)]
triangle[(11.2662,-11.8731),(12.6778,10.0859),(-14.631,11.8413)]
triangle[(6.85116,-19.8725),(-11.0637,3.14634),(-43.6767,-22.2353)]
triangle[(17.7294,-20.2693),(-3.70569,-11.6405),(-16.9868,-44.6324)]
triangle[(12.3706,16.5532),(-3.26358,-3.42939),(32.1407,-31.1294)]
triangle[(-7.43161,-16.4665),(6.26611,3.8355),(-32.8827,30.2491)]
triangle[(6.02801,5.50627),(-7.63065,-17.0099),(29.2891,-39.406)]
triangle[(10.1802,10.2937),(19.4917,-14.5139),(51.3654,-2.55027)]
triangle[(-17.6732,-4.93014),(-12.3529,-18.7535),(3.28091,-12.7363)]
triangle[(-15.5196,7.98465),(-17.9196,-15.1307),(24.119,-19.4955)]
triangle[(1.73608,-2.69075),(10.6097,-9.36687),(23.1942,7.35983)]
triangle[(-12.4206,3.87133),(-3.93056,5.20442),(-6.19512,19.6265)]
triangle[(14.6407,8.61729),(5.16608,4.74336),(10.3832,-8.01624)]
triangle[(1.65125,-3.78683),(8.09546,-6.48104),(12.5444,4.16028)]
triangle[(-11.7116,-6.90614),(-11.5368,8.13251),(-28.3238,8.32767)]
triangle[(-10.4917,14.6767),(4.79401,3.79594),(19.4894,24.4406)]
triangle[(7.6585,-15.1861),(-11.9424,-12.9786),(-15.6256,-45.6826)]
triangle[(20.3737,12.1202),(7.22188,0.465813),(24.1165,-18.5996)]
triangle[(12.5257,18.9116),(17.4591,-16.701),(60.7731,-10.7007)]
triangle[(-9.50811,10.8724),(-9.42261,3.56843),(-0.106188,3.67749)]
triangle[(-10.6021,-12.4708),(-14.4382,15.0676),(-45.3793,10.7575)]
triangle[(4.81579,0.960269),(16.6543,-17.6634),(53.2323,5.58824)]
triangle[(18.9508,11.0474),(4.61376,2.57317),(18.9846,-21.74)]
triangle[(-8.27822,15.3714),(8.1988,-3.72594),(41.6772,25.1589)]
triangle[(1.63952,-7.01594),(13.0147,-16.8122),(28.3531,0.99844)]
triangle[(12.1585,-4.99753),(9.98437,10.9273),(-20.856,6.71673)]
triangle[(18.782,10.3274),(-18.2483,16.0777),(-24.6022,-24.8397)]
triangle[(-17.0704,12.9853),(-13.1481,0.336334),(6.70162,6.49146)]
triangle[(20.3218,8.00778),(7.39292,-6.9029),(25.7569,-22.8261)]
triangle[(-14.8089,-5.00131),(6.95314,-10.6584),(14.9691,20.1782)]
triangle[(-8.22942,1.66616),(-8.6786,9.18653),(-23.3697,8.30904)]
triangle[(-4.36874,-6.45768),(-8.40137,15.2919),(-30.1994,11.2503)]
triangle[(-13.3295,0.19796),(4.96686,7.39106),(-9.29488,43.6671)]
triangle[(2.17415,3.64507),(15.7537,19.7841),(-10.9088,42.2183)]
triangle[(20.8884,9.50436),(-12.7435,-14.8211),(34.3872,-79.983)]
triangle[(5.27676,-16.4533),(9.95355,12.2268),(-33.8102,19.3632)]
triangle[(11.6969,-9.46339),(20.8205,8.98222),(-5.62468,22.0626)]
triangle[(7.20976,-10.6044),(5.88666,17.5866),(-36.3411,15.6048)]
triangle[(19.0011,-0.827861),(3.51788,-1.49779),(4.49803,-24.1508)]
triangle[(-13.8587,14.8096),(-8.32546,-3.05147),(18.8014,5.35223)]
triangle[(-19.2653,-0.158095),(-12.7655,-20.0182),(22.0384,-8.62759)]
triangle[(12.7328,12.0907),(6.58716,0.114113),(27.3322,-10.531)]
triangle[(-1.27464,-20.4862),(-8.96617,-9.89141),(-23.571,-20.4942)]
triangle[(19.9308,13.4271),(7.55315,8.12723),(13.5363,-5.84619)]
triangle[(7.41564,3.94946),(7.42655,-6.49623),(24.1413,-6.47877)]
triangle[(-18.3183,0.932463),(11.8271,11.163),(-4.7815,60.1022)]
triangle[(-0.876463,12.0613),(-17.5622,17.1242),(-25.2333,-8.15729)]
triangle[(7.71912,-7.51319),(-7.76039,13.4661),(-44.1163,-13.359)]
triangle[(12.4098,14.6229),(-13.1846,-15.2851),(27.8245,-50.3794)]
triangle[(-3.70167,-9.31984),(-10.9154,-11.651),(-7.65361,-21.7448)]
triangle[(-2.66301,1.71007),(-15.6674,20.1284),(-43.0562,0.790304)]
triangle[(3.51882,6.58551),(17.8152,17.1821),(7.21259,31.4866)]
triangle[(10.7916,4.11369),(-3.94004,-9.03273),(10.5213,-25.2378)]
triangle[(-19.0434,12.3453),(19.1497,8.65831),(25.5142,74.5858)]
triangle[(17.2243,20.3073),(-10.1812,-7.96246),(21.6438,-38.8145)]
triangle[(18.4264,-20.7582),(5.30579,15.5747),(-43.9069,-2.19718)]
triangle[(-12.7143,-6.68859),(-0.824778,9.59268),(-24.8727,27.1538)]
triangle[(10.2729,-7.45089),(-18.4309,-2.58254),(-24.27,-37.0098)]
triangle[(-2.20759,-7.49117),(-11.1753,8.23893),(-33.1591,-4.29398)]
triangle[(16.3535,-6.08433),(5.5735,5.92535),(-8.77644,-6.95533)]
triangle[(-3.54584,-8.37059),(3.30843,-16.509),(16.8525,-5.10198)]
triangle[(-16.3899,-15.6976),(15.779,-17.9595),(19.5361,35.4724)]
triangle[(6.83562,8.11698),(16.6086,0.511214),(30.6873,18.6015)]
triangle[(-8.83785,-16.2758),(13.3959,16.3372),(-47.8366,58.082)]
triangle[(-17.971,-20.3503),(6.08873,-3.47592),(-20.8077,34.8733)]
triangle[(-6.92663,19.6231),(5.60363,-1.10289),(43.651,21.8994)]
triangle[(0.113623,17.6951),(1.34173,11.3762),(11.7817,13.4052)]
triangle[(4.17016,16.0389),(9.90112,6.3692),(27.2493,16.651)]
triangle[(16.5649,-6.22258),(6.70954,15.3965),(-16.7105,4.72019)]
triangle[(-7.82067,19.5753),(12.3058,-9.01187),(45.4801,14.3441)]
triangle[(14.2822,14.4254),(-4.39612,2.92702),(16.9913,-31.8154)]
triangle[(-13.2913,-1.34165),(4.95592,-7.69856),(15.3769,22.2144)]
triangle[(-7.52511,-3.89374),(-16.5439,11.2705),(-43.5767,-4.80709)]
triangle[(-9.27194,-8.1685),(12.6856,-15.8126),(22.8967,13.5186)]
triangle[(20.0538,-10.736),(0.0238696,8.43516),(-23.0569,-15.6795)]
triangle[(17.3822,-8.93591),(20.9117,10.1988),(1.13433,13.8468)]
triangle[(11.8276,15.2454),(3.27566,-11.9698),(36.2419,-22.3289)]
triangle[(-5.58296,15.9332),(9.58665,6.27504),(21.6979,25.2976)]
triangle[(9.26842,6.11232),(-5.11989,10.2391),(-9.46323,-4.90406)]
triangle[(-19.3288,-14.9804),(-15.6243,-14.2922),(-16.3397,-10.4417)]
triangle[(-15.6617,5.49949),(-16.307,-9.13616),(3.87584,-10.026)]
triangle[(0.32967,-9.3583),(5.38459,-6.1062),(1.32787,0.199407)]
triangle[(5.9441,9.41389),(12.8962,20.5988),(-6.73273,32.7994)]
triangle[(16.4953,3.86304),(14.3829,-3.34198),(23.9827,-6.15649)]
triangle[(-1.6057,-5.80341),(-4.96436,-19.4381),(17.2877,-24.9195)]
triangle[(-4.07904,-2.77995),(-8.85158,-16.126),(17.5046,-25.551)]
triangle[(-1.90398,-13.8101),(14.4039,3.632),(-6.88328,23.535)]
triangle[(4.80889,5.05673),(9.73123,20.0819),(-18.3073,29.2675)]
triangle[(0.407803,12.3109),(3.12647,-18.6619),(40.9823,-15.3391)]
triangle[(-10.9892,-8.99293),(6.93783,0.0178043),(-2.70763,19.2076)]
triangle[(-14.0124,-17.9744),(-17.54,-16.7027),(-19.852,-23.1163)]
triangle[(-0.163802,5.37396),(-0.261277,-4.34908),(15.0493,-4.50257)]
triangle[(-7.76419,7.88082),(15.8279,12.5964),(10.9655,36.9232)]
triangle[(0.484446,-4.44213),(15.5071,-13.2639),(26.6797,5.76206)]
triangle[(3.67772,5.08553),(16.1239,12.0313),(5.65646,30.7879)]
triangle[(6.51738,10.3993),(2.75931,14.3604),(-1.74782,10.0844)]
triangle[(2.69946,19.5017),(-16.7542,-0.367474),(19.1598,-35.5305)]
triangle[(-9.72321,-11.0105),(5.41914,-12.4821),(7.70719,11.0613)]
triangle[(-8.04382,-10.1453),(-16.9005,18.4372),(-62.2851,4.37411)]
triangle[(-5.10061,13.2034),(-10.8861,12.1054),(-9.7498,6.11766)]
triangle[(-1.42195,-10.8659),(11.3589,-15.2775),(19.5241,8.37794)]
triangle[(3.20739,-8.90423),(-1.73659,4.62298),(-15.744,-0.496523)]
triangle[(-13.4677,6.40661),(-10.8482,-18.7705),(36.6456,-13.829)]
triangle[(-16.9282,10.0983),(8.84513,12.8247),(4.16925,57.026)]
triangle[(-7.91194,-16.6925),(-6.63065,-19.1253),(-2.46013,-16.9288)]
triangle[(-13.9433,3.62497),(4.6393,-9.16335),(25.0382,20.478)]
triangle[(5.08454,4.57471),(17.7849,12.805),(7.59629,28.5274)]
triangle[(-4.30382,-20.5724),(-2.72037,1.11712),(-24.8247,2.73085)]
triangle[(-11.1535,-1.36944),(5.47074,-14.4462),(26.9459,12.8546)]
triangle[(-9.16307,8.91797),(-18.3661,17.0349),(-32.6384,0.852803)]
triangle[(-4.07503,5.24789),(10.6891,5.81569),(9.89154,26.5531)]
triangle[(-18.587,14.6065),(-0.986473,-14.8796),(54.2145,18.0703)]
triangle[(13.3754,9.53302),(-0.722532,-12.2345),(36.7147,-36.481)]
triangle[(-9.97369,-11.7298),(-19.8519,-4.538),(-32.8528,-22.3953)]
triangle[(0.373011,17.135),(14.2613,-18.9391),(57.2574,-2.3859)]
triangle[(-13.4188,2.92425),(7.48893,-4.16259),(17.3926,25.0555)]
triangle[(-8.3319,-15.5849),(18.5202,-12.294),(11.9779,41.087)]
triangle[(16.4007,18.8853),(3.86601,11.6065),(15.9016,-9.11985)]
triangle[(13.3362,13.4853),(-20.1213,-4.45981),(-1.20396,-39.7298)]
triangle[(-7.80048,-3.09357),(16.6099,1.38722),(10.2883,35.826)]
triangle[(12.5245,5.31405),(15.5941,18.9279),(-3.53516,23.241)]
triangle[(16.1836,14.3498),(-6.92272,9.5018),(0.253016,-24.6987)]
triangle[(17.6377,-0.542719),(3.51609,0.258727),(2.21048,-22.7463)]
triangle[(-4.07522,20.9334),(16.2023,16.2915),(23.5903,48.565)]
triangle[(-4.81515,10.7752),(7.45933,-13.9547),(34.6527,-0.457508)]
triangle[(3.35193,-16.6479),(-14.5688,-14.7216),(-16.89,-36.3159)]
triangle[(4.12807,20.6287),(-20.8104,-10.3776),(34.775,-55.085)]
triangle[(19.9236,-4.32407),(-0.238155,-18.8543),(14.7504,-39.6521)]
triangle[(-7.70609,-5.83835),(0.343051,-16.109),(15.3583,-4.3414)]
triangle[(-19.3071,8.31827),(-13.692,-12.1067),(21.0173,-2.56473)]
triangle[(2.76051,11.6325),(7.69582,4.78998),(15.8233,10.652)]
triangle[(13.4722,-14.8182),(-18.7076,5.82103),(-41.977,-30.4595)]
triangle[(4.71925,-15.8593),(-1.34384,0.593697),(-31.2551,-10.4289)]
triangle[(-18.0473,10.2952),(11.5206,-1.3656),(27.3096,38.6699)]
triangle[(-14.787,7.35606),(-15.886,-15.1304),(26.382,-17.1961)]
triangle[(16.222,-3.97092),(16.3581,-20.6064),(38.4844,-20.4253)]
triangle[(-10.725,-13.3122),(-0.537738,-20.067),(12.281,-0.734464)]
triangle[(13.0835,8.6376),(-4.65232,-3.96239),(18.2383,-36.1833)]
triangle[(-11.511,20.2655),(-6.79852,-20.4832),(55.3649,-13.2941)]
triangle[(16.862,5.16109),(-3.03297,-19.4685),(35.247,-50.3899)]
triangle[(16.0608,-0.416602),(1.67315,15.0805),(-16.5675,-1.85428)]
triangle[(6.36034,14.28),(19.449,6.44433),(28.4592,21.4949)]
triangle[(3.5644,-16.2729),(-18.2438,17.3279),(-64.714,-12.8329)]
triangle[(17.8931,-14.0207),(-6.98139,6.24475),(-47.0931,-42.9899)]
triangle[(-14.4736,-16.5921),(11.8249,-16.2461),(11.3145,22.558)]
triangle[(-12.8487,17.8402),(-4.86044,-20.2654),(60.8679,-6.48631)]
triangle[(-10.5375,-18.2049),(-18.0904,-18.1791),(-18.1304,-29.8767)]
triangle[(3.36731,-8.41563),(-14.3941,-12.9565),(-9.12008,-33.5856)]
triangle[(1.20338,-6.6367),(-9.17782,-18.6899),(9.99806,-35.2057)]
triangle[(15.2493,-17.2313),(-7.25594,-14.6245),(-10.6633,-44.0419)]
triangle[(-4.95163,-4.51401),(18.0063,15.6804),(-16.4558,54.8586)]
triangle[(13.6727,16.8927),(-18.6218,20.2845),(-22.5851,-17.4504)]
triangle[(19.878,-0.731484),(-20.0625,-3.40068),(-16.2794,-60.0081)]
triangle[(-2.63451,-10.752),(-5.1359,-20.5005),(7.05252,-23.628)]
triangle[(-12.8475,18.5492),(0.635104,8.56136),(15.5206,28.6552)]
triangle[(-9.18729,4.36552),(-12.3652,-7.42461),(7.26059,-12.7145)]
triangle[(-17.3055,-5.24202),(0.71933,-14.215),(11.157,6.75206)]
triangle[(-8.33428,7.98441),(-13.3411,9.27275),(-15.8884,-0.626603)]
triangle[(17.4748,9.64241),(4.85663,-14.7454),(50.8113,-38.5221)]
triangle[(20.4192,0.421237),(20.7979,-20.5105),(54.653,-19.8979)]
triangle[(1.44514,14.0065),(-17.5898,8.17966),(-11.2501,-12.5308)]
triangle[(13.9179,-19.7465),(-10.0886,-20.0077),(-9.81452,-45.1852)]
triangle[(-8.79458,-16.9523),(-11.1455,14.0661),(-60.8568,10.2985)]
triangle[(10.8542,18.7409),(2.93736,-12.4973),(50.5286,-24.5586)]
triangle[(8.39616,20.1311),(-7.72616,-20.6971),(43.5185,-40.9327)]
triangle[(-7.34507,0.279699),(-1.35458,-0.807141),(0.5093,9.46627)]
triangle[(14.3977,-14.8883),(-10.5865,-19.9542),(-1.75075,-63.5308)]
triangle[(-2.73088,-19.6478),(12.2769,8.51206),(-24.469,28.0956)]
triangle[(12.7041,-15.8458),(-4.1688,10.4526),(-36.3477,-10.1931)]
triangle[(-12.088,1.85617),(-0.753193,7.68054),(-8.88777,23.5113)]
triangle[(-18.3291,2.72814),(-7.3321,6.15183),(-13.719,26.6665)]
triangle[(-2.24353,-13.2586),(15.014,10.2515),(-17.9798,34.4705)]
triangle[(19.5908,-9.60345),(18.5025,-17.0123),(30.1389,-18.7215)]
triangle[(7.93318,-13.4683),(-6.10392,10.5747),(-52.3781,-16.4418)]
triangle[(4.83435,9.85844),(9.26512,-0.419854),(22.6611,5.35487)]
triangle[(-0.622537,10.2909),(-14.939,7.93378),(-11.1036,-15.3609)]
triangle[(-9.15323,-12.5725),(13.2425,-18.5448),(24.6472,24.2221)]
triangle[(-5.94817,-14.1861),(-1.00895,-15.1963),(0.248808,-9.04669)]
triangle[(-20.7677,-6.85158),(-12.3071,-16.4509),(3.76513,-2.28521)]
triangle[(20.1227,19.1638),(13.7299,3.50516),(42.2673,-8.14558)]
triangle[(7.54483,-18.1278),(-13.6474,7.18394),(-55.91,-28.2004)]
triangle[(-17.895,-4.92599),(15.6043,-19.6511),(33.483,21.0228)]
triangle[(-2.58284,-8.64466),(-3.4882,-11.4443),(-0.225684,-12.4993)]
triangle[(-13.4247,-4.01059),(-12.7587,-13.4729),(1.12316,-12.4958)]
triangle[(20.6521,12.3747),(-15.5875,18.7088),(-27.8859,-51.655)]
triangle[(-15.0839,-16.9764),(15.5506,-17.9854),(17.2068,32.2999)]
triangle[(-16.3023,20.0407),(0.974527,15.2581),(8.93695,44.0217)]
triangle[(-18.3095,15.9062),(18.7049,0.790682),(36.6256,44.6744)]
triangle[(19.8776,5.33677),(15.3316,17.1063),(-2.15304,10.3527)]
triangle[(1.83519,16.334),(13.855,-0.851879),(45.9257,21.5783)]
triangle[(-17.3405,-17.9668),(8.91283,-16.3323),(7.17228,11.6246)]
triangle[(-11.9214,-10.2588),(-8.43685,-20.1543),(4.82501,-15.4843)]
triangle[(-6.43025,17.6817),(18.0327,-17.6086),(84.3289,28.3474)]
triangle[(12.6667,-6.41755),(-17.4216,3.70971),(-31.3226,-37.5905)]
triangle[(-15.2019,5.26314),(-15.066,16.7195),(-29.8959,16.8955)]
triangle[(7.1053,8.09419),(-6.51092,3.35999),(0.685638,-17.3383)]
triangle[(8.97783,-16.0488),(11.9702,-17.4806),(14.629,-11.9238)]
triangle[(18.6103,5.62554),(-4.91068,10.5841),(-14.7281,-35.9851)]
triangle[(18.0567,20.6338),(-4.06587,-17.7605),(63.8926,-56.9177)]
triangle[(-6.81607,-7.50559),(-12.7037,-14.4518),(-0.0336727,-25.1911)]
triangle[(13.2261,11.1245),(18.7632,14.2834),(14.5392,21.6874)]
triangle[(-5.69961,4.31023),(8.45338,19.5652),(-21.3801,47.2437)]
triangle[(4.19139,15.2891),(2.4774,-18.7329),(59.4904,-21.6052)]
triangle[(-14.8137,-16.7793),(0.322798,-18.6759),(4.07683,11.286)]
triangle[(-6.23452,-0.896041),(20.6019,-9.36649),(37.5186,44.2297)]
triangle[(-18.6768,12.4767),(-15.3428,-14.9773),(33.7635,-9.01381)]
triangle[(-8.64042,16.9291),(17.4491,-9.93589),(57.5003,28.9592)]
triangle[(-3.87465,-15.0737),(-14.1912,14.4666),(-47.5532,2.81535)]
triangle[(-19.2679,-15.8418),(19.345,8.17013),(-8.91783,53.6188)]
triangle[(19.0018,-6.50566),(11.0603,-4.88314),(9.09227,-14.5158)]
triangle[(-3.08794,0.186268),(14.8956,-1.608),(16.7921,17.3997)]
triangle[(18.4582,17.3194),(14.5124,16.87),(15.409,8.99699)]
triangle[(-18.7984,8.57113),(-11.9185,18.1573),(-21.7153,25.1884)]
triangle[(-0.602672,-13.6224),(12.5016,8.17646),(-18.4197,26.7647)]
triangle[(4.8568,-9.2956),(-5.67717,4.58356),(-20.9943,-7.04177)]
triangle[(-8.86086,-10.2958),(0.082562,8.78739),(-22.0451,19.1576)]
triangle[(4.82709,-5.56339),(13.2457,14.6262),(-10.5114,24.5323)]
triangle[(-3.84706,18.9187),(6.81475,-20.3364),(72.0723,-2.6123)]
triangle[(-19.4806,-8.44182),(-9.40847,-12.6779),(-4.25989,-0.436132)]
triangle[(-3.69012,15.6593),(8.04278,1.53768),(26.9576,17.253)]
triangle[(11.568,11.4501),(-14.4774,7.40841),(-8.74145,-29.5552)]
triangle[(3.04038,-4.26517),(-7.29568,-4.61598),(-6.86884,-17.1921)]
triangle[(7.22382,8.34099),(20.1784,-0.4326),(31.4684,16.2376)]
triangle[(-6.53536,6.61142),(8.7092,9.43254),(3.1578,39.4308)]
triangle[(14.2752,-19.3095),(0.295553,-0.148223),(-26.9284,-20.0102)]
triangle[(0.506734,-9.34141),(-0.652633,11.1666),(-24.2021,9.83532)]
triangle[(17.3794,-20.0122),(-14.2828,16.7576),(-71.6501,-32.6408)]
triangle[(12.8919,12.0413),(-13.1696,3.23401),(-2.69628,-27.7573)]
triangle[(4.05961,7.03501),(16.5895,10.4764),(10.1748,33.8321)]
triangle[(9.0913,-17.2064),(1.08471,17.8437),(-62.0374,3.42453)]
triangle[(-17.0916,12.5526),(-17.6234,15.698),(-20.8665,15.1496)]
triangle[(-18.4421,-11.6419),(-1.03274,-1.60338),(-17.1045,26.2692)]
triangle[(13.8487,5.07654),(16.2366,7.30615),(12.0876,11.7496)]
triangle[(8.53297,18.0402),(-20.1714,6.60365),(-4.05001,-33.8592)]
triangle[(-13.5703,19.9762),(-8.48816,5.64926),(9.99914,12.2072)]
triangle[(4.24695,1.65603),(4.1378,-0.386173),(7.47248,-0.56441)]
triangle[(-11.9379,15.2521),(18.2727,-9.23641),(64.1184,47.3217)]
triangle[(-1.39612,-5.09035),(20.3676,-14.9031),(32.0047,10.9069)]
triangle[(18.1831,5.92101),(11.9135,7.55685),(9.15816,-3.0035)]
triangle[(-4.03115,10.4762),(12.9107,7.5007),(16.6093,28.5596)]
triangle[(-16.1183,-0.912175),(-15.6099,6.20384),(-25.136,6.88438)]
triangle[(-14.7909,11.8581),(-2.99726,-1.32111),(18.3411,17.7739)]
triangle[(12.8701,1.49312),(-2.45575,-0.229916),(0.22107,-24.0394)]
triangle[(-17.7903,15.9792),(14.559,12.6317),(20.8673,73.5945)]
triangle[(-18.067,-12.7194),(12.8242,4.43126),(-7.64608,41.3016)]
triangle[(14.5625,-13.6498),(-18.2599,6.6882),(-57.4837,-56.6131)]
triangle[(-15.4122,20.6648),(-9.67983,6.73943),(9.65233,14.6976)]
triangle[(-5.02705,15.3931),(-7.94058,9.98757),(-0.872469,6.17796)]
triangle[(-15.8977,2.38169),(-13.4049,-2.71583),(-3.81323,1.97482)]
triangle[(-13.0395,5.61672),(13.0437,-9.25403),(32.5565,24.9712)]
triangle[(9.21072,2.19516),(16.2238,-12.5435),(33.697,-4.22926)]
triangle[(-14.4368,2.30236),(-12.576,19.5934),(-45.3574,23.1213)]
triangle[(15.5205,4.83495),(20.6164,6.87411),(17.4139,14.8771)]
triangle[(-18.1236,-16.4663),(18.2391,-19.3351),(21.7875,25.6408)]
triangle[(-12.8874,-19.5923),(-20.7245,-17.408),(-23.0848,-25.8762)]
triangle[(14.6488,-16.7949),(3.93706,-11.3034),(-4.00578,-26.7969)]
triangle[(-17.9482,-6.00975),(14.2254,11.2577),(-6.40342,49.6943)]
triangle[(9.92473,5.67382),(10.8591,-2.01627),(26.2059,-0.151613)]
triangle[(-0.190318,8.18105),(6.08653,1.32833),(18.3635,12.5736)]
triangle[(7.84651,19.7563),(-20.6051,-9.33282),(32.6361,-61.4071)]
triangle[(12.8481,18.9343),(-18.074,-14.8032),(47.2888,-74.7115)]
triangle[(-5.0561,0.792898),(-0.158868,13.5523),(-15.0894,19.2828)]
triangle[(-0.612951,-18.0788),(9.43432,-7.48385),(-3.41639,4.70258)]
triangle[(20.1806,-11.032),(-3.90571,-19.7851),(8.47296,-53.8484)]
triangle[(-14.5653,-16.9196),(11.2308,4.75896),(-29.8701,53.6664)]
triangle[(-7.88308,-6.96536),(-3.78975,-8.84052),(-0.559362,-1.78882)]
triangle[(-18.7292,-2.59861),(1.82491,13.5343),(-21.5268,43.2855)]
triangle[(-10.1274,-16.6871),(-9.03213,-6.84378),(-26.0206,-4.95352)]
triangle[(2.37591,17.6309),(10.8218,-20.2634),(77.3381,-5.43815)]
triangle[(14.0255,-0.989766),(-5.69201,10.3504),(-21.3705,-16.9104)]
triangle[(13.2425,-15.5532),(16.9771,-4.14358),(-1.80179,2.00305)]
triangle[(-12.265,18.3172),(-14.8886,-19.6324),(40.836,-23.4849)]
triangle[(7.93447,-8.42485),(9.34472,-4.25851),(1.16271,-1.48903)]
triangle[(3.99351,13.3172),(-16.2727,7.66876),(-8.27923,-21.0113)]
triangle[(-19.752,11.4064),(5.52101,4.06041),(19.5062,52.1748)]
triangle[(13.4752,-3.95588),(14.0047,0.0322967),(8.57809,0.752775)]
triangle[(6.97312,-14.9997),(17.2523,-14.8527),(17.0366,0.219715)]
triangle[(5.77221,6.27538),(16.6299,16.6112),(3.44998,30.4567)]
triangle[(-6.70528,-17.9171),(10.5602,-11.0233),(1.24157,12.315)]
triangle[(-20.9589,17.8585),(3.26637,-7.0882),(51.2605,39.5179)]
triangle[(11.8198,-8.5485),(-13.6744,-10.2263),(-10.971,-51.3044)]
triangle[(-9.52217,3.45041),(-10.0812,-5.37543),(4.3047,-6.28661)]
triangle[(16.2906,6.37384),(9.26494,20.9361),(-11.7638,10.7905)]
triangle[(-1.01184,-5.00597),(-14.2186,-4.48642),(-14.7643,-18.3576)]
triangle[(13.3306,8.75131),(10.119,-9.2093),(44.2912,-15.3199)]
triangle[(-9.59445,-11.4955),(7.29557,8.01079),(-24.1586,35.2462)]
triangle[(-5.68161,16.214),(12.6322,16.6044),(12.1657,38.4881)]
triangle[(-4.43174,8.11042),(4.52174,20.7347),(-14.4214,34.1697)]
triangle[(19.8746,-11.3497),(3.67564,10.7058),(-24.6666,-10.1106)]
triangle[(9.63578,1.74703),(2.15244,-2.41635),(7.93061,-12.8021)]
triangle[(0.33956,7.35571),(6.46434,-10.2155),(41.2581,1.91246)]
triangle[(-2.04592,12.8873),(1.69939,-13.0112),(38.4695,-7.69365)]
triangle[(-6.78007,-17.5682),(-5.86426,-11.5037),(-17.9621,-9.67676)]
triangle[(-0.0942539,-3.25202),(-8.9123,19.1508),(-34.8624,8.93652)]
triangle[(2.315,13.0846),(-12.5678,-1.69602),(16.7194,-31.1858)]
triangle[(-10.666,-20.3499),(-11.0956,4.93241),(-38.8633,4.46052)]
triangle[(3.03934,7.02889),(18.0064,-11.3959),(52.3085,16.4688)]
triangle[(-1.38258,-16.3092),(0.0904043,9.72355),(-43.8901,12.2121)]
triangle[(15.5175,1.75175),(19.8571,-3.14516),(29.1689,5.1068)]
triangle[(3.86093,11.3044),(-18.3684,-15.204),(10.474,-39.3906)]
triangle[(18.3713,9.42929),(7.58306,-5.53988),(30.5774,-22.1118)]
triangle[(11.4296,-6.32109),(-12.9493,2.11586),(-29.5038,-45.719)]
triangle[(-5.84748,5.75557),(-4.16899,2.49994),(0.922882,5.12513)]
triangle[(5.44373,4.88168),(-3.76516,20.1781),(-19.7571,10.5505)]
triangle[(-2.38811,11.5409),(16.1539,12.945),(13.62,46.4079)]
triangle[(13.914,-7.00543),(-7.28618,9.78147),(-37.0741,-27.8376)]
triangle[(-14.2971,10.2222),(-12.8827,-3.17922),(12.7127,-0.477872)]
triangle[(-12.6824,-12.0207),(-3.46859,-9.56369),(-8.36054,8.78125)]
triangle[(-18.4866,17.5539),(9.15886,-8.98161),(48.3107,31.8079)]
triangle[(14.7326,16.343),(17.216,18.1647),(14.48,21.8946)]
triangle[(-18.6058,-16.716),(16.7308,-10.8638),(10.4761,26.9034)]
triangle[(13.5298,15.7076),(-1.94215,10.7553),(6.05232,-14.2212)]
triangle[(-5.80158,15.6179),(6.06411,12.7388),(10.8806,32.5885)]
triangle[(-3.89554,18.8199),(7.78256,-17.3788),(77.292,5.04566)]
triangle[(15.5129,-11.9982),(-12.2816,19.2281),(-50.8855,-15.133)]
triangle[(-6.42844,-17.4707),(-15.3504,20.122),(-60.8631,9.32036)]
triangle[(-1.09317,-1.1266),(15.7462,13.4957),(-0.247823,31.9147)]
triangle[(3.90289,-16.6597),(10.7814,-7.86155),(-6.11597,5.3492)]
triangle[(-11.4706,15.7742),(-17.7977,4.28721),(-5.19642,-2.65353)]
triangle[(9.66636,19.8774),(6.59518,3.98942),(32.4145,-1.00153)]
triangle[(-5.83948,8.27368),(6.01008,-5.45674),(21.0457,7.5192)]
triangle[(20.1238,-11.6311),(19.1819,14.0577),(-25.1776,12.4313)]
triangle[(20.486,12.7051),(-8.48637,-16.4175),(24.2182,-48.9533)]
triangle[(-20.8546,1.11737),(-17.9736,11.8913),(-36.9982,16.9786)]
triangle[(0.896169,1.31259),(11.9057,-16.237),(34.3833,-2.13594)]
triangle[(-2.28766,-14.7257),(8.97154,-4.98212),(-8.32066,14.9999)]
triangle[(14.2313,14.8792),(-8.58772,6.46536),(5.55744,-31.8975)]
triangle[(-4.09403,-13.6947),(15.3197,8.65334),(-21.6118,40.7357)]
triangle[(-19.3242,1.95159),(-15.4634,3.02191),(-16.7293,7.58824)]
triangle[(-17.8635,-4.02954),(4.63489,10.4945),(-23.3967,53.9166)]
triangle[(-3.95004,2.61448),(1.19847,11.2314),(-9.03207,17.344)]
triangle[(10.568,4.82993),(2.81302,10.9356),(-7.52879,-2.19994)]
triangle[(8.66449,-14.2726),(11.8005,1.19316),(-12.8517,6.19186)]
triangle[(-16.8832,0.820341),(5.77424,14.5145),(-15.7197,50.0767)]
triangle[(-2.18805,19.7289),(-11.1613,18.45),(-8.99672,3.26193)]
triangle[(15.113,-4.4757),(6.18892,-1.42348),(2.76763,-11.4267)]
triangle[(18.1177,-16.5505),(9.03592,-0.42266),(-22.7597,-18.327)]
triangle[(-7.27856,-7.24762),(-1.68103,-16.6657),(12.6201,-8.16598)]
triangle[(-7.34644,8.52678),(-5.05616,-4.06694),(16.2131,-0.198939)]
triangle[(-3.11691,-9.60536),(7.73695,-3.05889),(-5.2179,18.4199)]
triangle[(-3.60595,2.40017),(-9.92099,-18.2599),(13.4746,-25.4111)]
triangle[(-9.34354,18.0899),(2.07004,18.8295),(1.27178,31.1486)]
triangle[(5.0392,11.7543),(-15.9348,7.92397),(-11.0184,-18.9971)]
triangle[(-5.25176,-19.7547),(8.20263,-1.11116),(-19.6251,18.9711)]
triangle[(12.2453,6.09027),(-20.2416,-8.74406),(0.0962885,-53.2838)]
triangle[(2.6741,8.35695),(0.547721,-4.64346),(18.6564,-7.60536)]
triangle[(-14.554,-5.95768),(-15.8777,1.09762),(-24.63,-0.544465)]
triangle[(-20.9933,-0.20775),(10.3855,5.23058),(3.09968,47.2691)]
triangle[(7.4597,-17.637),(8.46817,14.923),(-34.7414,16.2613)]
triangle[(6.40309,-12.9701),(6.80088,-17.8863),(13.1039,-17.3763)]
triangle[(-9.40685,14.1172),(10.4014,8.57456),(20.6414,45.1699)]
triangle[(7.70816,-5.97782),(0.456023,11.0405),(-23.8724,0.67323)]
triangle[(0.882389,8.99445),(-8.74973,5.78071),(-2.8898,-11.7825)]
triangle[(0.0163644,15.2823),(19.6437,5.87429),(29.29,25.9988)]
triangle[(-12.296,13.7149),(-12.8685,0.445935),(10.0896,-0.544651)]
triangle[(-9.6433,-8.09455),(12.1417,4.63034),(-5.68712,35.1531)]
triangle[(-19.1193,9.44432),(-19.671,12.8438),(-25.3142,11.9279)]
triangle[(14.92,19.6038),(-9.62112,-9.7304),(22.3817,-36.5042)]
triangle[(15.5208,-1.62621),(-13.0674,20.4954),(-44.4117,-20.0115)]
triangle[(17.406,6.24757),(-4.11408,17.5916),(-16.2881,-5.5031)]
triangle[(15.2496,-16.3731),(-8.94751,-6.59921),(-21.6135,-37.9561)]
triangle[(-2.79457,11.7497),(-14.1187,-4.8976),(4.02761,-17.2414)]
triangle[(3.64957,-10.2616),(5.40863,-16.2134),(15.5446,-13.2177)]
triangle[(-13.0015,2.29024),(-2.28491,-8.43568),(11.1642,5.00169)]
triangle[(1.44673,-8.35733),(13.0526,12.8353),(-9.2818,25.0664)]
triangle[(-14.1217,-19.6435),(6.98945,4.39541),(-23.9854,31.5977)]
triangle[(14.271,-5.47041),(-6.5246,-11.0065),(3.92918,-50.2747)]
triangle[(20.5201,6.3408),(18.8647,-1.16449),(32.4235,-4.15508)]
triangle[(-15.2053,-20.7175),(-2.3634,16.9346),(-53.4289,34.3513)]
triangle[(5.82327,-10.2279),(9.31011,8.43806),(-26.3232,15.0944)]
triangle[(-7.21291,-14.7874),(14.8484,6.50425),(-12.3667,34.7032)]
triangle[(-2.58638,-7.40187),(2.94281,-11.1045),(6.92049,-5.16447)]
triangle[(-17.9616,6.4192),(19.0165,14.7092),(2.92219,86.4988)]
triangle[(-12.185,-12.6738),(0.612951,-8.47863),(-5.81014,11.1161)]
triangle[(5.017,-20.7204),(14.4472,-16.2892),(9.06192,-4.82874)]
triangle[(0.238399,9.42265),(-18.9019,-9.88023),(19.3266,-47.7868)]
triangle[(15.5992,15.7339),(-8.01683,-4.81293),(21.665,-38.9285)]
triangle[(4.98559,16.4917),(0.925201,-10.5934),(28.4695,-14.7226)]
triangle[(-0.583796,-0.954638),(4.05439,-0.14765),(2.71207,7.56738)]
triangle[(6.72322,-2.859),(1.41072,-14.2116),(23.9448,-24.7565)]
triangle[(15.7097,15.8709),(-0.271201,-2.59877),(19.7543,-19.9259)]
triangle[(4.77066,0.795761),(-18.9679,-15.6706),(5.53376,-50.9931)]
triangle[(18.0784,-3.7156),(12.0256,3.2621),(4.39603,-3.35617)]
triangle[(-12.8056,7.50974),(12.1039,-15.8296),(46.8189,21.2208)]
triangle[(16.4295,5.50765),(-5.14254,6.39209),(-6.8413,-35.0418)]
triangle[(-1.08681,-3.59697),(-7.64497,-13.8178),(11.0165,-25.7918)]
triangle[(-13.4368,-3.58629),(16.5847,-7.08775),(21.5945,35.8665)]
triangle[(-0.911942,-8.61367),(2.28208,-18.7112),(20.0129,-13.1026)]
triangle[(-12.1197,8.47854),(-14.4552,6.31254),(-10.7737,2.34298)]
triangle[(-2.88373,-2.20932),(-16.1715,0.0995367),(-20.5747,-25.2413)]
triangle[(20.6885,-12.405),(-4.84446,-20.3083),(5.76029,-54.5685)]
triangle[(-10.7155,0.340371),(-3.60745,14.4874),(-26.1822,25.8299)]
triangle[(4.9541,10.4714),(-11.6678,1.05224),(2.0478,-23.1515)]
triangle[(18.8326,10.8915),(19.1806,20.4944),(5.17127,21.002)]
triangle[(-12.213,13.2619),(20.0174,-4.31034),(54.7049,59.3123)]
triangle[(-0.487976,7.02765),(1.10324,10.1392),(-3.3542,12.4187)]
triangle[(0.850326,-5.28096),(-11.4303,12.3496),(-43.7262,-10.1461)]
triangle[(-16.0527,-3.53184),(16.7642,-19.7815),(44.6962,36.6286)]
triangle[(17.304,2.93775),(8.39262,-7.44589),(23.8058,-20.6736)]
triangle[(1.0644,10.4826),(-17.5412,7.85289),(-12.5873,-27.1956)]
triangle[(3.25055,2.46956),(-9.68541,0.597034),(-7.26122,-16.1501)]
triangle[(7.14684,9.31226),(2.97029,1.19936),(11.4428,-3.16234)]
triangle[(-0.0715334,-13.1697),(9.76748,-19.6425),(16.8136,-8.93201)]
triangle[(5.84903,-20.7844),(19.626,-1.20884),(-0.75924,13.138)]
triangle[(1.75544,10.2125),(4.87658,-18.9988),(42.7344,-14.9538)]
triangle[(8.30917,10.5856),(18.0156,-12.1167),(51.7823,2.32031)]
triangle[(-18.7215,4.39673),(0.386889,6.24093),(-2.94699,40.7845)]
triangle[(-5.73201,-7.96186),(20.9259,0.206218),(11.2367,31.8285)]
triangle[(11.629,-18.4294),(13.4708,12.2939),(-29.5223,14.8712)]
triangle[(19.9742,-0.0300242),(1.72512,9.55088),(-13.6123,-19.6629)]
triangle[(-16.962,2.51939),(4.18445,-2.75616),(11.2265,25.4711)]
triangle[(3.65811,11.4005),(16.3372,8.75585),(21.3684,32.8764)]
triangle[(-0.533919,-17.1895),(17.7437,11.8538),(-35.4135,45.3068)]
triangle[(1.01186,6.15163),(-5.5852,-0.601513),(2.04823,-8.05851)]
triangle[(19.044,-10.4109),(2.33069,-20.3873),(20.6818,-51.1308)]
triangle[(16.9368,13.6791),(-1.04258,16.6905),(-4.66098,-4.91292)]
triangle[(2.88467,5.3737),(-2.63028,-8.52847),(21.7531,-18.2013)]
triangle[(6.47383,2.43059),(-1.69957,11.7944),(-15.5493,-0.294537)]
triangle[(14.9613,-18.7741),(10.7141,13.1685),(-42.6693,6.07055)]
triangle[(3.2845,-10.7307),(19.8678,14.5811),(-18.1913,39.516)]
triangle[(17.6965,19.1699),(-10.1795,14.3579),(-1.17339,-37.8143)]
triangle[(20.778,-3.43428),(2.01617,4.55848),(-9.44553,-22.3461)]
triangle[(-20.0796,4.72662),(13.2815,16.7386),(-3.24348,62.6337)]
triangle[(-4.81625,13.2102),(2.60666,-13.2976),(34.4894,-4.36949)]
triangle[(0.362636,-15.2571),(-0.272056,-11.0551),(-4.78279,-11.7365)]
triangle[(-16.9199,-15.5056),(19.6909,5.5201),(-15.7741,67.2734)]
triangle[(-19.6564,-20.9666),(11.7828,4.62584),(-14.2856,36.6498)]
triangle[(-3.88396,-3.35367),(10.8868,-18.1117),(29.8974,0.915409)]
triangle[(-18.6691,-0.298265),(-17.7388,-12.4032),(-2.35665,-11.2211)]
triangle[(-16.7564,8.93924),(-15.1389,-8.69928),(9.50044,-6.43982)]
triangle[(13.2476,14.0654),(-11.1821,7.59124),(-0.232705,-33.7256)]
triangle[(8.28044,-9.76893),(9.22943,-19.2097),(27.4854,-17.3746)]
triangle[(18.0132,-19.6652),(-11.8803,-13.2978),(-19.5403,-49.2602)]
triangle[(-4.87293,18.6087),(0.387522,-10.9893),(55.0339,-1.27696)]
triangle[(4.13303,-13.0326),(5.87811,-19.8465),(15.5616,-17.3665)]
triangle[(18.0447,-18.5204),(13.9821,-1.84405),(-8.8276,-7.40086)]
triangle[(-0.550711,0.341069),(2.13576,-20.0342),(39.637,-15.0897)]
triangle[(13.9519,6.60045),(-0.884753,-20.0178),(42.4853,-44.1917)]
triangle[(4.70324,5.18762),(-7.548,-19.6704),(35.9717,-41.119)]
triangle[(-4.87746,3.9891),(-2.50059,16.1178),(-15.1502,18.5968)]
triangle[(-1.75939,3.60183),(18.393,9.41829),(7.96888,45.5351)]
triangle[(20.4072,-16.9342),(-11.7813,-12.8018),(-18.5675,-65.6621)]
triangle[(4.05047,-8.79685),(11.4034,12.8235),(-16.9858,22.4784)]
triangle[(-13.8199,15.2544),(0.315987,-3.56037),(27.5402,16.8936)]
triangle[(-1.18449,15.8596),(20.7307,-17.4861),(66.1933,12.3925)]
triangle[(2.18764,17.926),(1.09228,4.47877),(15.4902,3.30597)]
triangle[(17.9872,3.6208),(-4.4305,-17.5264),(19.1767,-42.5519)]
triangle[(13.5744,-1.73871),(-18.2259,6.50659),(-28.2844,-32.2868)]
triangle[(-4.17645,0.815192),(20.9081,-19.2965),(54.9897,23.2122)]
triangle[(-7.5852,-11.0762),(-3.44544,12.5668),(-49.5091,20.6323)]
triangle[(1.17022,-19.0684),(19.3394,-16.3341),(14.2149,17.7191)]
triangle[(-17.8803,-7.75784),(-3.24496,11.9998),(-32.921,33.9821)]
triangle[(-2.27775,-14.6222),(4.55858,-9.50874),(-5.6428,4.12971)]
triangle[(18.7021,5.04001),(15.4966,15.7437),(1.25462,11.4786)]
triangle[(1.79461,-3.86924),(-14.3299,18.4099),(-46.5885,-4.93722)]
triangle[(0.843692,-13.521),(4.17058,-12.1579),(1.75314,-6.25776)]
triangle[(-18.0107,-14.7207),(5.2244,-5.58469),(-7.5824,26.9861)]
triangle[(-11.6371,-19.9651),(-1.02587,10.845),(-41.8594,24.9084)]
triangle[(-10.0204,-19.8177),(2.08864,8.3437),(-36.4926,24.933)]
triangle[(-7.71876,8.86669),(18.0557,3.80051),(23.2238,30.0935)]
triangle[(7.74602,-5.28151),(15.6075,-8.90027),(20.1674,1.0057)]
triangle[(-6.23193,19.583),(18.0819,-12.0517),(62.4286,22.0323)]
triangle[(-18.1456,-5.08964),(-15.7434,15.7099),(-56.3665,20.4016)]
triangle[(17.5175,-8.25855),(-7.70779,-5.63733),(-12.5339,-52.0816)]
triangle[(-6.71582,8.86484),(-7.14595,-16.1894),(42.4699,-17.0412)]
triangle[(-11.9317,-3.43221),(4.70844,-0.970197),(0.824268,25.2819)]
triangle[(17.8661,-1.52329),(-14.4603,2.68253),(-20.0093,-39.968)]
triangle[(-9.04987,-1.41024),(3.12072,-1.30295),(2.93023,20.3054)]
triangle[(10.6809,-5.53137),(9.62688,5.89452),(-9.06261,4.17043)]
triangle[(7.79291,-3.31179),(13.101,15.4014),(-22.8951,25.6119)]
triangle[(3.77126,11.1952),(2.27892,-14.7577),(49.1189,-17.4511)]
triangle[(8.87855,0.739522),(1.45974,5.03117),(-5.76791,-7.46301)]
triangle[(7.42636,-9.44983),(13.8125,-9.91941),(14.5864,0.60477)]
triangle[(12.2312,-0.615707),(13.3035,-3.47604),(17.1505,-2.03385)]
triangle[(-19.8271,1.47581),(-11.0245,11.8343),(-30.8639,28.6938)]
triangle[(6.19093,-9.24702),(3.38975,-16.7977),(11.1322,-19.6701)]
triangle[(15.4185,-14.9829),(-0.67242,-17.2111),(1.88602,-35.6874)]
triangle[(-3.85001,-2.04548),(-7.88772,6.9733),(-21.498,0.879972)]
triangle[(4.05535,6.50492),(19.4971,4.71528),(22.1358,27.483)]
triangle[(-13.3042,-7.72607),(3.76483,-13.11),(13.3208,17.1859)]
triangle[(-4.13149,8.57868),(-11.001,0.885833),(2.51037,-11.1794)]
triangle[(18.8266,10.5926),(6.04296,-8.78581),(28.8948,-23.8608)]
triangle[(-4.60498,9.24866),(0.598932,9.30628),(0.536767,14.9211)]
triangle[(0.888794,4.31954),(-15.6585,-12.2188),(7.09659,-34.9862)]
triangle[(-8.68577,11.1111),(-4.0719,0.528431),(8.59245,6.0499)]
triangle[(-13.7042,-9.93769),(-20.7269,10.0436),(-50.663,-0.477791)]
triangle[(3.8833,7.96596),(0.514718,19.9824),(-15.6843,15.4414)]
triangle[(-13.015,17.1654),(3.12105,3.26937),(17.2121,19.6319)]
triangle[(-1.53668,-17.8391),(13.0594,8.79792),(-22.105,28.0667)]
triangle[(12.9336,9.17091),(-16.1629,-6.70864),(9.58501,-53.8872)]
triangle[(16.1304,19.7616),(-2.43895,14.9272),(5.67305,-16.2323)]
triangle[(-4.51259,0.898941),(11.5506,-18.0045),(33.785,0.889252)]
triangle[(4.6443,12.2675),(-7.22935,-19.4758),(40.6233,-37.3752)]
triangle[(-14.52,-15.5528),(-8.04427,-12.2714),(-14.1926,-0.137932)]
triangle[(-3.09169,16.5601),(10.5932,19.1658),(5.90167,43.8055)]
triangle[(9.38971,-1.31933),(7.68992,-15.04),(25.8322,-17.2875)]
triangle[(20.8768,2.35492),(17.3928,-3.02353),(26.2252,-8.74482)]
triangle[(2.49526,7.19175),(-9.34246,-14.7993),(20.038,-30.6147)]
triangle[(-0.818665,-11.266),(13.9215,-5.05915),(3.31141,20.1381)]
triangle[(-14.6888,-5.24599),(-6.93667,11.6537),(-32.7646,23.5013)]
triangle[(20.0936,15.5115),(-17.9824,19.4679),(-23.9065,-37.5448)]
triangle[(-5.27408,-5.96617),(-17.5146,18.1091),(-41.9142,5.70359)]
triangle[(10.7689,16.1612),(3.81561,-4.58532),(30.0395,-13.3744)]
triangle[(-16.1308,9.85808),(10.174,-0.614359),(24.0336,34.1984)]
triangle[(-5.62064,-11.5779),(-6.74495,3.94996),(-27.117,2.4749)]
triangle[(-3.3646,-2.86009),(19.6456,19.9388),(-18.3394,58.2759)]
triangle[(18.4691,5.12234),(8.00108,-1.5908),(18.3712,-17.7612)]
triangle[(15.6701,15.7854),(11.3526,-9.7866),(42.5214,-15.049)]
triangle[(4.03818,11.2097),(-13.1907,4.20853),(-3.19453,-20.3904)]
triangle[(7.12279,20.5362),(13.7406,1.34427),(45.74,12.3785)]
triangle[(-18.9781,-6.94023),(16.8011,-12.4195),(24.5078,37.9042)]
triangle[(-0.384217,19.5211),(-13.2801,-5.32447),(34.9013,-30.3328)]
triangle[(-8.90157,12.4218),(-8.50422,3.00017),(7.69041,3.68317)]
triangle[(5.61338,16.9117),(-6.40067,9.34578),(4.84814,-8.51644)]
triangle[(-19.8965,-16.625),(-7.00218,2.58173),(-36.4937,22.3807)]
triangle[(1.13129,-1.52975),(-3.66173,-9.78467),(5.4964,-15.1021)]
triangle[(20.4855,-10.0741),(12.9314,7.17354),(-7.47389,-1.76355)]
triangle[(-11.1261,-5.92984),(3.82973,11.3528),(-26.1204,37.2707)]
triangle[(3.8139,1.7972),(11.2823,-6.13001),(24.7117,6.52216)]
triangle[(11.8936,-19.1918),(-19.8684,4.78667),(-44.4619,-27.79)]
triangle[(-18.7918,-20.7008),(2.97946,-19.9408),(1.55626,20.8273)]
triangle[(2.1613,0.771153),(18.5569,-13.2342),(36.5031,7.77465)]
triangle[(-13.0584,-3.26992),(-7.12604,2.7434),(-13.8739,9.40044)]
triangle[(-19.7699,-16.7215),(16.4046,8.73508),(-24.8935,67.4209)]
triangle[(16.6344,3.25838),(-7.72361,16.9035),(-28.028,-19.342)]
triangle[(1.85976,7.78277),(-10.6743,9.45818),(-13.2552,-9.85004)]
triangle[(-9.13006,-15.6422),(7.51268,2.03703),(-17.4316,25.5189)]
triangle[(-2.84364,14.0876),(7.0246,-19.0425),(57.7748,-3.92584)]
triangle[(-1.94119,6.94994),(-15.1409,20.6682),(-34.1392,2.38794)]
triangle[(10.9063,-9.30346),(-4.8397,0.176327),(-16.1865,-18.6707)]
triangle[(4.18562,-16.6935),(-20.8364,0.561072),(-46.7805,-37.0622)]
triangle[(16.7112,-4.74589),(-18.2966,12.3792),(-46.4937,-45.2621)]
triangle[(-18.3941,-15.778),(-0.961206,20.8531),(-57.1563,47.5966)]
triangle[(-0.740883,19.3763),(-14.0436,5.55855),(0.52512,-8.46711)]
triangle[(14.2048,15.5106),(6.53403,-6.83052),(38.8352,-17.9211)]
triangle[(2.61649,2.08156),(17.828,0.83353),(20.1094,28.6397)]
triangle[(-4.02147,13.7642),(15.8733,-8.5884),(42.8845,15.4528)]
triangle[(4.62165,14.682),(-6.41533,-7.22866),(16.713,-18.879)]
triangle[(-5.52094,-8.56411),(-0.280139,4.89891),(-17.846,11.7368)]
triangle[(0.577996,17.3216),(17.5306,7.96002),(33.978,37.744)]
triangle[(8.58826,-9.28833),(-6.34035,19.0654),(-39.5663,1.57155)]
triangle[(1.18936,-0.769399),(-17.766,0.898117),(-20.809,-33.6939)]
triangle[(-11.5935,20.4864),(7.65775,-7.9384),(43.9643,16.6509)]
triangle[(-2.34659,-13.4844),(13.2007,18.1668),(-24.7983,36.8322)]
triangle[(-18.588,-7.96291),(0.532093,-7.04916),(-1.13496,27.8337)]
triangle[(-13.3797,5.71575),(5.75276,-20.1721),(54.2778,15.6904)]
triangle[(10.6624,17.6669),(0.685663,7.17052),(12.4353,-3.99732)]
triangle[(-18.7733,-5.84592),(0.199328,19.9493),(-44.1416,52.5626)]
triangle[(6.37389,-16.3662),(9.3316,-19.4996),(12.949,-16.0849)]
triangle[(-3.23071,7.47277),(-20.5017,-16.0805),(13.4347,-40.9651)]
triangle[(11.7062,4.41101),(17.6442,1.88229),(20.4775,8.53561)]
triangle[(9.06778,4.2946),(14.6229,18.9842),(-11.6482,28.9191)]
triangle[(5.39054,-18.7747),(-15.3038,17.6574),(-70.8584,-13.899)]
triangle[(14.249,-2.05553),(-1.29741,3.07939),(-10.5115,-24.817)]
triangle[(-0.772673,-12.4173),(-2.34577,6.24047),(-35.9829,3.40441)]
triangle[(-16.1545,7.05866),(2.49459,5.80516),(4.60431,37.1931)]
triangle[(-18.7691,0.325677),(5.39804,1.13266),(3.92123,45.3593)]
triangle[(-8.74438,-13.5808),(-10.4807,12.784),(-56.5024,9.75305)]
triangle[(17.8031,17.2622),(19.5729,-1.76046),(39.5232,0.0956151)]
triangle[(14.734,19.4802),(-10.8492,20.2634),(-12.037,-18.5317)]
triangle[(-11.5008,13.5414),(-6.24662,3.70227),(13.1078,14.0377)]
triangle[(8.56371,-16.7564),(18.6457,13.2083),(-35.6888,31.4898)]
triangle[(19.5109,-1.30325),(-15.6784,18.8036),(-52.4869,-45.6158)]
triangle[(14.3709,-9.40655),(16.0041,0.0630421),(1.05884,2.64066)]
triangle[(19.9191,-6.98933),(18.176,-0.635107),(11.4007,-2.49372)]
triangle[(20.9065,9.01498),(7.05272,13.915),(-2.23479,-12.3436)]
triangle[(-0.305717,-4.50649),(-7.39971,-13.1655),(7.96025,-25.7493)]
triangle[(3.90593,6.19381),(12.4988,-7.70971),(32.9057,4.90249)]
triangle[(-20.9439,4.71871),(-2.64404,5.96948),(-4.89553,38.9107)]
triangle[(12.5386,9.65641),(19.9276,-10.4461),(45.0894,-1.19743)]
triangle[(17.78,-7.31325),(-1.57083,7.70425),(-17.2022,-12.4376)]
triangle[(20.8072,7.83562),(5.72437,-9.38237),(23.9126,-25.3152)]
triangle[(0.675062,-11.8419),(-2.54384,2.90593),(-27.6806,-2.58049)]
triangle[(-3.51025,11.4347),(12.7147,-17.9398),(50.4727,2.91572)]
triangle[(7.8459,13.7202),(-10.0293,-16.8671),(49.3913,-51.5923)]
triangle[(1.95611,-4.90871),(-14.3309,-2.86682),(-16.4379,-19.6731)]
triangle[(20.8999,-11.99),(-7.13832,-16.1704),(-1.08054,-56.8003)]
triangle[(9.93291,-20.3453),(8.85815,16.8353),(-56.9472,14.933)]
triangle[(-18.4723,11.4135),(11.005,-8.60009),(39.288,33.0569)]
triangle[(2.58901,-13.8786),(-8.04226,-11.3883),(-10.6091,-22.3462)]
triangle[(10.8766,19.767),(1.74181,-11.8831),(62.4488,-29.4042)]
triangle[(-7.33877,19.7697),(-15.4159,-12.1584),(21.0175,-21.3752)]
triangle[(9.70067,0.572078),(11.0516,-17.3619),(34.185,-15.6193)]
triangle[(4.47261,1.17922),(13.5066,13.6837),(-2.92587,25.5556)]
triangle[(-0.947488,-15.5896),(-15.0145,-20.5364),(-7.13738,-42.936)]
triangle[(20.2979,4.85344),(10.8032,1.84836),(14.155,-8.74176)]
triangle[(1.18993,-5.56307),(19.6718,-0.364651),(14.0758,19.5305)]
triangle[(-13.9886,-7.97378),(13.612,9.68078),(-11.5388,49.0008)]
triangle[(-20.9971,6.70131),(-5.16701,-20.2852),(31.2516,1.07779)]
triangle[(-1.29402,-14.9107),(-5.60584,15.0224),(-62.334,6.85077)]
triangle[(-10.3536,13.4919),(-14.1725,19.5469),(-25.5557,12.3675)]
triangle[(-20.5262,18.1152),(-10.882,-11.9723),(33.7128,2.32204)]
triangle[(5.50948,19.5704),(-7.87032,15.8404),(-1.18098,-8.15475)]
triangle[(-3.51949,-10.9715),(2.03161,17.9278),(-54.0019,28.691)]
triangle[(-6.62444,6.05075),(-9.84143,8.07181),(-13.7995,1.77155)]
triangle[(13.502,19.1496),(-13.2339,-20.4834),(65.6106,-73.6709)]
triangle[(10.9041,-15.8335),(-19.6006,0.420274),(-50.7686,-58.0753)]
triangle[(-17.9946,13.1063),(18.6058,-15.8482),(63.5733,40.9938)]
triangle[(1.44064,18.3833),(3.69316,-16.218),(41.3703,-13.7652)]
triangle[(-20.9938,-2.96182),(5.32756,6.00305),(-6.70344,41.3267)]
triangle[(13.3144,-16.6439),(-19.7935,2.45139),(-46.5486,-43.9372)]
triangle[(5.22303,11.4492),(20.5994,-14.6158),(65.4894,11.866)]
triangle[(19.6867,0.223551),(15.4522,4.79201),(8.55737,-1.59884)]
triangle[(7.04954,-12.5858),(4.84886,1.70153),(-16.0681,-1.52031)]
triangle[(14.4083,12.1304),(7.87611,-4.73028),(32.0732,-14.1047)]
triangle[(19.7499,19.5454),(-20.749,7.70133),(-6.96495,-39.4309)]
triangle[(-12.3039,19.537),(2.88664,-11.6229),(56.8228,14.6711)]
triangle[(-3.8561,-0.862437),(-7.446,-9.57342),(2.78452,-13.7895)]
triangle[(-9.50571,-17.3899),(6.54549,-0.131844),(-13.0609,18.1034)]
triangle[(-2.47822,-8.18775),(11.6843,-15.3024),(25.539,12.2767)]
triangle[(-2.87819,-19.3398),(-19.779,-15.4843),(-25.2865,-39.6264)]
triangle[(5.91231,15.6355),(3.49325,10.2434),(10.0937,7.28222)]
triangle[(16.6343,-3.99522),(-15.7214,9.04065),(-35.9118,-41.073)]
triangle[(13.4624,-16.7556),(-14.0795,19.5613),(-75.8442,-27.2795)]
triangle[(6.34997,10.642),(-19.7174,6.36547),(-14.4024,-26.0321)]
triangle[(-14.5077,-0.857612),(-20.5621,14.5365),(-45.1203,4.87807)]
triangle[(20.4948,-13.8469),(15.4979,11.8545),(-22.3028,4.50514)]
triangle[(6.74163,19.0458),(-1.08935,-15.8226),(52.8193,-27.9298)]
triangle[(11.7037,11.3855),(17.1126,-16.7369),(47.8893,-10.8175)]
triangle[(7.21385,3.1806),(2.69995,-14.1986),(29.7814,-21.2325)]
triangle[(20.6533,-1.56392),(-7.16416,20.2366),(-40.7424,-22.6092)]
triangle[(4.32557,17.9048),(-20.6583,3.47173),(3.71434,-38.7176)]
triangle[(-5.72521,-4.71549),(10.0748,2.21214),(-1.51038,28.6347)]
triangle[(-5.28362,6.01904),(16.8941,6.44554),(16.3602,34.2104)]
triangle[(-4.95143,13.488),(1.1738,1.56783),(20.0252,11.2547)]
triangle[(10.5157,19.2814),(-5.54208,-6.25348),(32.8736,-30.4115)]
triangle[(-1.24307,12.6526),(-13.1314,18.7123),(-23.3553,-1.34555)]
triangle[(4.11539,-9.00876),(-12.3387,-1.97705),(-20.4254,-20.8997)]
triangle[(-4.77149,5.95661),(9.56927,17.0613),(-4.40232,35.1044)]
triangle[(-1.25008,16.6846),(17.6278,-18.7085),(71.4128,9.97916)]
triangle[(0.722372,13.112),(0.92626,6.35564),(12.1817,6.69529)]
triangle[(-13.2395,11.8492),(-4.5202,1.82857),(6.71154,11.6017)]
triangle[(-4.58043,-14.6939),(14.1788,1.76797),(-8.42776,27.5293)]
triangle[(3.47045,13.4041),(-6.60234,10.1812),(-1.98297,-4.25611)]
triangle[(3.72608,1.31763),(-14.8664,2.63146),(-16.6766,-22.9855)]
triangle[(4.55842,-14.55),(-6.2791,2.64088),(-33.9376,-14.7957)]
triangle[(-10.2326,19.1706),(-5.09979,14.1578),(0.836324,20.2361)]
triangle[(2.62491,-19.5321),(7.83251,14.9318),(-45.9507,23.0586)]
triangle[(-19.7189,-2.12029),(-8.89601,5.22369),(-19.3018,20.5588)]
triangle[(-17.3904,-14.9266),(19.4391,-14.6118),(18.8257,57.1633)]
triangle[(8.21795,-5.98554),(20.6316,-19.7545),(47.7248,4.67194)]
triangle[(16.0286,-11.4207),(-16.7572,9.22506),(-39.7235,-27.2457)]
triangle[(-4.05287,0.335374),(-2.9399,18.7649),(-22.4075,19.9405)]
triangle[(-2.73639,-10.1952),(19.952,3.89837),(-4.91813,43.9351)]
triangle[(-16.1403,-19.5077),(-6.88455,20.0178),(-79.7972,37.092)]
triangle[(-0.345258,1.14295),(8.93974,1.94763),(7.79157,15.196)]
triangle[(16.972,-12.8383),(12.8517,4.16057),(-16.0171,-2.83681)]
triangle[(-19.2425,-7.77004),(-16.5474,-20.131),(0.852511,-16.3373)]
triangle[(-11.7528,6.47516),(13.9104,-6.47739),(28.5954,22.6184)]
triangle[(-8.71552,-12.7061),(-18.06,-5.75348),(-30.764,-22.8279)]
triangle[(-3.44013,15.9316),(-16.5293,-13.5783),(40.9352,-39.0668)]
triangle[(16.3664,3.28507),(-13.1963,7.40074),(-21.1308,-49.5925)]
triangle[(3.879,-8.18146),(19.2566,-18.9632),(32.6448,0.131926)]
triangle[(-0.191966,-20.774),(-12.6714,14.3218),(-78.0147,-8.91309)]
triangle[(-16.1078,10.614),(4.94123,-2.4151),(19.327,20.8256)]
triangle[(-20.5569,4.80253),(-13.1773,15.0971),(-25.3912,23.8525)]
triangle[(-18.9746,-17.2169),(6.78919,1.02636),(-19.8188,38.6032)]
triangle[(-4.3838,2.39119),(-3.00667,-17.5368),(35.7171,-14.8608)]
triangle[(3.83615,11.8228),(-20.6819,-1.37977),(4.65323,-48.4286)]
triangle[(-4.31241,19.0181),(15.1808,-12.6813),(73.3451,23.0863)]
triangle[(-0.934943,7.36446),(-20.4149,-2.5266),(-9.08542,-24.8393)]
triangle[(17.5103,16.7129),(-3.56081,-12.6664),(54.5616,-54.3524)]
triangle[(-9.30604,-5.79681),(8.82258,-1.21874),(1.38642,28.2275)]
triangle[(-10.4028,0.97186),(-17.5538,6.99845),(-25.4814,-2.40827)]
triangle[(17.401,14.8992),(17.5107,-18.1318),(77.3763,-17.9329)]
triangle[(8.81746,3.6319),(-3.74148,16.9786),(-21.9246,-0.131234)]
triangle[(-14.6482,18.9276),(-16.7969,-3.42705),(24.832,-7.42821)]
triangle[(-19.8201,20.8993),(20.5947,5.43208),(50.787,84.3223)]
triangle[(-1.0915,-7.15836),(3.08135,-13.8274),(11.5001,-8.55969)]
triangle[(-18.1293,15.2686),(9.48142,2.97852),(31.4979,52.4405)]
triangle[(10.136,13.3382),(-5.81832,-5.00596),(25.2607,-32.036)]
triangle[(17.6902,12.9192),(8.78026,-14.0686),(52.4745,-28.494)]
triangle[(20.1205,10.4082),(20.571,0.466106),(34.34,1.0899)]
triangle[(-17.1545,-15.9973),(-12.2815,2.56638),(-48.3399,12.0317)]
triangle[(13.4695,9.74675),(10.1114,-14.6293),(38.8617,-18.59)]
triangle[(15.3112,4.52804),(-8.9566,-20.3079),(24.1238,-52.6316)]
triangle[(1.46592,8.73689),(-8.50879,12.355),(-12.98,0.0281681)]
triangle[(1.4859,20.1009),(-7.05293,-8.57055),(27.1971,-18.7708)]
triangle[(5.48509,-8.08563),(5.95777,13.2567),(-17.3467,13.7729)]
triangle[(8.99307,-0.451422),(8.92773,-9.99228),(21.4627,-10.0781)]
triangle[(-15.2333,4.36546),(18.7906,-18.5568),(48.4037,25.3984)]
triangle[(-17.2934,-9.76018),(0.843465,3.25228),(-20.3163,32.7449)]
triangle[(7.80453,7.8369),(-20.7887,-20.5024),(31.9761,-73.74)]
triangle[(9.28555,18.5291),(-2.13008,-19.3641),(68.8465,-40.7463)]
triangle[(-7.60662,-15.4111),(9.47193,1.03865),(-22.8455,34.5914)]
triangle[(-8.87386,-15.8028),(9.05215,-0.242106),(-9.33649,20.9418)]
triangle[(17.1294,14.2202),(-14.8057,6.44316),(-5.63481,-31.2152)]
triangle[(-8.06766,4.04674),(1.40995,17.0395),(-17.4129,30.7699)]
triangle[(8.81994,20.7843),(-19.7417,-9.95753),(31.0642,-57.1604)]
triangle[(2.06274,17.9384),(-5.45812,-2.8418),(31.4772,-16.2096)]
triangle[(-2.44782,13.7906),(-10.819,18.6929),(-18.5458,5.4985)]
triangle[(19.4388,11.9782),(17.4335,10.5227),(19.2759,7.98437)]
triangle[(-9.39358,-1.68175),(-17.3074,2.30307),(-24.8604,-12.6971)]
triangle[(-11.6956,18.2288),(3.7513,-0.942585),(24.3086,15.621)]
triangle[(6.53052,11.4236),(12.8042,16.1365),(7.36219,23.3806)]
triangle[(-10.4661,4.83738),(-15.0097,3.736),(-13.6484,-1.87997)]
triangle[(2.61299,15.9567),(-13.6145,-3.70611),(17.5526,-29.4278)]
triangle[(-12.5954,16.9522),(2.62989,-9.57356),(35.9916,9.57543)]
triangle[(-2.98066,-14.4781),(17.6188,6.67672),(-15.0021,38.4413)]
triangle[(6.94133,-8.18691),(13.7988,-20.3379),(35.2297,-8.24317)]
triangle[(19.9824,13.5203),(-6.06823,-19.6197),(55.5343,-68.0441)]
triangle[(14.241,18.3274),(-7.34479,19.1712),(-8.84687,-19.2546)]
triangle[(-2.43158,3.06781),(-17.3797,4.64688),(-19.7475,-17.7678)]
triangle[(1.49134,3.05172),(8.1564,6.6182),(3.10523,16.0578)]
triangle[(-4.44966,10.4077),(-5.07637,-11.3123),(21.7736,-12.087)]
triangle[(-7.32157,-9.85815),(0.459952,-15.7058),(10.6187,-2.18733)]
triangle[(12.3494,-0.445374),(15.8824,-14.5409),(43.3058,-7.6672)]
triangle[(17.3388,-6.84198),(11.387,-19.4668),(30.9792,-28.7033)]
triangle[(15.7714,-8.44019),(19.7292,18.9174),(-29.0068,25.968)]
triangle[(3.67989,-16.9271),(18.6468,-13.77),(13.7594,9.39989)]
triangle[(11.1902,11.3614),(14.5362,-4.84626),(33.0996,-1.0139)]
triangle[(-14.5439,-6.60033),(17.5374,15.2713),(-25.7785,78.8072)]
triangle[(15.0291,4.66483),(-0.290079,1.50431),(4.05625,-19.5625)]
triangle[(0.307044,17.643),(-10.3726,-7.62633),(27.0694,-23.4505)]
