triangle[(-11.8271,-15.1123),(-14.2587,9.29243),(-45.3939,6.19012)]
triangle[(8.44825,-16.5331),(16.086,-15.769),(14.5933,-0.8487)]
triangle[(-6.93482,1.37976),(-2.49627,3.93416),(-6.14256,10.27)]
triangle[(20.1086,-3.07272),(-2.01589,16.7268),(-26.9925,-11.1827)]
triangle[(9.64888,-8.99259),(-6.31173,0.354911),(-17.6334,-18.9766)]
triangle[(20.0365,-12.6857),(4.69898,6.05149),(-28.9333,-21.4785)]
triangle[(-7.21127,20.6119),(10.7911,-17.717),(77.1281,13.4403)]
triangle[(7.84697,9.71652),(4.36927,12.6041),(-0.57634,6.6478)]
triangle[(-5.27228,-7.85407),(11.5251,-6.75669),(9.92138,17.7908)]
triangle[(-12.2191,16.7953),(-14.8887,-8.23243),(24.8744,-12.4737)]
