triangle[(-19.5673,-14.8235),(-7.82004,0.608277),(-25.7421,14.2513)]
triangle[(1.07085,-19.7065),(-5.21142,-19.0709),(-5.94707,-26.3426)]
triangle[(3.55284,10.4399),(15.9994,19.14),(1.67199,39.6373)]
triangle[(-2.11987,-1.07718),(-12.4158,15.1462),(-34.1635,1.34426)]
triangle[(2.86486,5.18121),(-18.6586,7.38113),(-22.3479,-28.7141)]
triangle[(-11.2366,11.6816),(-15.6382,3.3523),(-6.99368,-1.21582)]
triangle[(10.637,18.4254),(-9.55873,14.3219),(-2.5691,-20.0786)]
triangle[(-18.0981,17.9869),(20.5044,7.8042),(36.9717,70.2312)]
triangle[(-1.80362,-1.90002),(4.07783,-1.16242),(3.20877,5.76722)]
triangle[(9.92716,18.5721),(-15.9541,8.10502),(0.573415,-32.7615)]
