triangle[(9.00481,11.9731),(-16.4536,10.7232),(-14.322,-32.697)]
triangle[(-14.2643,0.193977),(-1.09812,-3.7291),(6.04281,20.2365)]
triangle[(-1.35937,-16.0734),(12.9605,-0.0407262),(-8.30646,18.9543)]
triangle[(-8.71442,3.02369),(7.59372,-0.978076),(15.5959,31.6328)]
triangle[(6.07491,-2.16477),(-14.49,13.9757),(-45.7818,-25.8937)]
triangle[(12.9644,0.661194),(2.52591,13.0826),(-12.9309,0.0933247)]
triangle[(4.35771,13.0367),(-0.960021,-10.9062),(46.2692,-21.3958)]
triangle[(14.2916,12.4841),(0.602115,7.64411),(5.86362,-7.23746)]
triangle[(11.7147,-14.7655),(-8.82425,-14.2566),(-9.83405,-55.012)]
triangle[(5.81094,-3.31348),(-19.3712,14.9146),(-51.3354,-29.244)]
