triangle[(9.51841,-19.4358),(10.1316,19.4651),(-47.3673,20.3715)]
triangle[(-18.14,18.2322),(-14.9246,0.85145),(8.12852,5.11624)]
triangle[(3.68028,-13.348),(7.34019,6.77964),(-22.0325,12.1206)]
triangle[(-8.13497,6.37206),(13.0355,1.17665),(21.1054,34.0602)]
triangle[(12.8874,12.1194),(10.1865,-0.0503725),(25.5035,-3.44975)]
triangle[(15.7268,0.928696),(-19.9437,-10.6438),(-3.08686,-62.6027)]
triangle[(20.508,9.20225),(-10.2649,16.9834),(-25.061,-41.5321)]
triangle[(17.6713,8.57059),(6.28133,3.63297),(15.7973,-18.3182)]
triangle[(-14.4352,-15.7338),(8.28498,16.8485),(-41.2534,51.3925)]
triangle[(7.36449,6.97424),(-9.89604,14.6373),(-19.2905,-6.52316)]
