triangle[(-11.4599,-1.38387),(-10.2377,5.16277),(-18.1078,6.63199)]
triangle[(-12.1331,-10.8973),(10.9355,-6.8782),(6.25995,19.958)]
triangle[(0.528907,5.92495),(-20.2115,-17.6484),(9.50954,-43.7976)]
triangle[(-9.64674,-14.4573),(-17.6307,19.0544),(-54.8072,10.1974)]
triangle[(14.8789,-7.88375),(20.8765,5.71542),(-5.30875,17.2639)]
triangle[(16.4404,-20.2414),(-15.7018,13.2348),(-75.2249,-43.9163)]
triangle[(6.19673,-17.3015),(-6.87602,-20.9733),(-1.20986,-41.1469)]
triangle[(-10.5078,-1.39299),(-17.2683,3.54816),(-24.3242,-6.10575)]
triangle[(10.3954,-4.35009),(17.0646,-10.9519),(29.2446,1.35241)]
triangle[(-9.97347,-6.879),(-3.03147,15.6404),(-44.1175,28.3059)]
