triangle[(-14.6626,1.52567),(-15.8962,-1.12369),(-10.9327,-3.43469)]
triangle[(13.6122,5.47538),(-4.48399,4.99491),(-3.75127,-22.6016)]
triangle[(8.72403,-0.887979),(-4.56197,-15.7637),(12.8432,-31.3088)]
triangle[(4.3649,-1.43338),(-5.09251,-11.7858),(9.97826,-25.5537)]
triangle[(13.0181,-17.6084),(-1.17834,-9.87459),(-14.0471,-33.497)]
triangle[(-9.7187,-6.12619),(-12.3316,8.84108),(-28.2451,6.06301)]
triangle[(-12.0628,-18.1813),(-1.86125,4.6474),(-32.6981,18.4276)]
triangle[(-4.68211,-1.85674),(15.1876,1.23459),(10.6301,30.5281)]
triangle[(-18.9269,6.88598),(-4.96302,-10.9433),(30.58,16.894)]
triangle[(14.6803,-5.09757),(-5.33748,13.9265),(-25.7131,-7.51344)]
