triangle[(0.228512,-3.09503),(6.24804,13.7463),(-19.0162,22.7764)]
triangle[(3.01243,-7.72606),(-18.0563,-19.0399),(2.08814,-56.5531)]
triangle[(15.2196,7.70195),(19.3557,18.5994),(4.49209,24.2408)]
triangle[(4.4054,0.0952696),(15.1586,-10.5777),(30.8523,5.23384)]
triangle[(-20.9217,12.001),(2.44982,-9.77667),(45.7923,36.7378)]
triangle[(13.278,-15.174),(14.2197,-18.7699),(21.058,-16.979)]
triangle[(1.22145,-18.4814),(-7.32319,-17.0801),(-9.12753,-28.0824)]
triangle[(2.53873,-19.6794),(6.50487,-9.24917),(-5.35562,-4.73915)]
triangle[(8.00455,9.26001),(20.1506,-19.3596),(76.2402,4.44456)]
triangle[(20.1605,10.7461),(-15.8397,3.95263),(-8.72586,-33.7452)]
