triangle[(4.21287,12.3034),(-20.1088,3.0161),(-7.25925,-30.6343)]
triangle[(-6.77718,-3.46352),(18.8067,-1.42947),(15.9026,35.0986)]
triangle[(-16.6467,-18.6683),(5.71433,-20.5483),(8.16645,8.61906)]
triangle[(17.3278,-3.78128),(0.620154,11.4101),(-18.8911,-10.0485)]
triangle[(-1.23166,18.7679),(7.32112,9.86306),(19.4585,21.5206)]
triangle[(-2.79396,12.4728),(3.17113,1.9202),(16.5925,9.50697)]
triangle[(-14.794,14.373),(-5.08771,-14.4872),(40.5338,0.856232)]
triangle[(-18.3525,-11.1886),(9.11426,16.8875),(-30.1123,55.2627)]
triangle[(-16.8966,6.26506),(-7.7203,4.00835),(-3.6476,20.5688)]
triangle[(4.15091,-0.259234),(-19.1936,14.4589),(-45.6633,-27.5247)]
