triangle[(5.02461,12.8914),(6.52948,1.68477),(28.3167,4.61046)]
triangle[(12.3106,-6.37138),(-2.58495,-2.65922),(-7.89108,-23.9507)]
triangle[(17.6943,8.04287),(-4.87103,-13.9028),(28.1776,-47.8846)]
triangle[(3.86818,1.43134),(-0.57028,12.4211),(-18.7864,5.06412)]
triangle[(11.8274,4.27096),(5.83126,-5.33045),(24.4473,-16.9563)]
triangle[(-15.1813,-16.0969),(12.9833,18.6854),(-53.8073,72.7683)]
triangle[(-15.9559,-8.98908),(9.25308,-12.6002),(13.7731,18.9538)]
triangle[(-13.0203,-1.91917),(-1.38385,-16.5361),(23.713,3.44332)]
triangle[(20.6569,-1.75567),(-7.68494,14.555),(-38.3743,-38.7714)]
triangle[(-3.45525,15.6586),(-11.2669,14.8655),(-10.0505,2.8837)]
