triangle[(5.94556,1.67664),(3.73048,-2.04368),(10.8324,-6.27216)]
triangle[(1.23983,-18.7695),(-19.1625,-13.7302),(-25.2243,-38.2718)]
triangle[(6.81193,-17.5835),(4.79747,-1.20443),(-22.9472,-4.61673)]
triangle[(6.9925,-3.34456),(17.6257,-20.7662),(35.3546,-9.94542)]
triangle[(20.1293,13.7717),(-5.05921,17.9187),(-11.7853,-22.9347)]
triangle[(12.8566,13.5581),(-3.66275,9.06253),(5.06885,-23.0226)]
triangle[(-17.4386,-15.4232),(-14.5893,-1.02626),(-37.4395,3.49602)]
triangle[(-16.3097,-3.21689),(8.09555,14.0618),(-20.4649,54.4019)]
triangle[(-17.3168,-14.5183),(7.12494,9.54386),(-40.7121,58.1355)]
triangle[(-19.7772,-6.76836),(-2.25334,16.5075),(-39.9502,44.8886)]
triangle[(-7.36046,9.00087),(15.0812,-20.5929),(63.9195,16.4423)]
triangle[(13.2434,-13.6803),(-5.15556,12.5768),(-40.768,-12.3777)]
triangle[(-7.16871,-1.59322),(0.241783,2.13882),(-4.51536,11.5848)]
triangle[(0.745345,6.28589),(-6.27628,-20.0137),(32.9542,-30.4877)]
triangle[(8.2763,-9.36612),(9.52764,8.08643),(-18.7147,10.1114)]
triangle[(-17.3094,17.6797),(6.97547,-7.92438),(38.7807,22.2421)]
triangle[(20.4544,-11.9319),(-2.42994,1.1233),(-23.4903,-35.7932)]
triangle[(-10.2692,5.30952),(6.95887,-6.73622),(19.3221,10.946)]
triangle[(-13.3207,-20.6745),(4.43684,-20.7113),(4.49788,8.79122)]
triangle[(-18.5954,13.574),(19.4437,-8.06425),(55.9408,56.0959)]
triangle[(-0.333454,17.7704),(-12.4773,5.92092),(7.50118,-14.5539)]
triangle[(17.2897,-16.1444),(-11.9459,-14.8745),(-14.2415,-67.7233)]
triangle[(1.5952,-7.96286),(-11.1306,17.9177),(-39.1004,4.16465)]
triangle[(16.0948,-7.40645),(-11.2748,1.38497),(-27.3066,-48.5255)]
triangle[(-11.0692,9.21324),(-13.5595,8.06426),(-11.5205,3.64495)]
triangle[(-16.6749,11.1154),(-1.82725,11.2096),(-1.93455,28.1193)]
triangle[(-1.68114,12.3669),(-17.057,17.0867),(-22.8346,-1.7353)]
triangle[(3.90463,11.2655),(18.5095,-2.91623),(40.898,20.1403)]
triangle[(-6.04188,-14.8423),(8.04696,-18.1177),(14.4062,9.23594)]
triangle[(11.3528,-17.3711),(-11.1307,-11.2805),(-20.5399,-46.0149)]
triangle[(-5.49893,-13.1246),(14.2965,-4.09904),(3.30345,20.0114)]
triangle[(-10.5038,-4.26065),(-15.7085,-11.8483),(-7.98031,-17.1494)]
triangle[(2.19514,2.75193),(-17.4513,5.49352),(-20.2777,-14.7605)]
triangle[(-13.4213,9.08937),(18.1442,0.127612),(35.6648,61.8394)]
triangle[(-12.1041,8.73877),(-11.8352,-4.7473),(12.8487,-4.25519)]
triangle[(-15.572,-8.02475),(-17.8192,-15.0515),(-8.89655,-17.9049)]
triangle[(19.7961,-12.0402),(8.37761,17.2318),(-31.3717,1.72642)]
triangle[(9.89998,-5.02506),(16.3275,5.50464),(-0.379815,15.703)]
triangle[(-11.6164,4.24988),(-7.22838,-13.8743),(22.9957,-6.55681)]
triangle[(-11.1862,17.7216),(-10.4414,-13.9694),(37.0385,-12.8535)]
triangle[(12.5127,-1.18388),(-8.3837,11.7712),(-29.8856,-22.9112)]
triangle[(-20.8419,-8.87368),(17.0874,-13.2876),(22.987,37.4081)]
triangle[(17.8018,-11.7032),(6.05057,19.3671),(-28.2315,6.40123)]
triangle[(-9.28617,19.8798),(-6.35587,-17.2918),(35.2447,-14.0123)]
triangle[(-19.5391,10.5652),(2.94899,-10.8435),(27.864,15.3276)]
triangle[(1.11506,-7.43196),(-19.7395,-3.01232),(-25.5292,-30.3316)]
triangle[(17.6626,-4.0329),(-18.7404,1.85188),(-25.5646,-40.3624)]
triangle[(5.64102,-1.61302),(19.7683,-19.7801),(54.3263,7.09341)]
triangle[(-0.856841,14.0877),(-1.74895,-7.99907),(37.9745,-9.60355)]
triangle[(19.3281,8.57369),(0.467449,6.85815),(2.35441,-13.887)]
triangle[(7.30581,20.7508),(-15.1795,-0.0971979),(11.9729,-29.382)]
triangle[(4.23125,-1.36196),(-20.5699,-16.6791),(-3.66159,-44.0567)]
triangle[(-15.5353,10.4545),(-13.0668,4.94422),(-4.84197,8.62876)]
triangle[(-0.372106,-17.539),(20.3595,10.6917),(-22.5748,42.221)]
triangle[(-13.003,12.0573),(16.9723,11.2415),(18.4262,64.6635)]
triangle[(-6.08899,-1.22116),(-0.21921,9.80258),(-17.1361,18.8103)]
triangle[(12.4291,-2.97145),(-0.164962,19.5228),(-43.958,-4.99583)]
triangle[(7.22773,13.2537),(-10.6323,5.73797),(1.20686,-22.396)]
triangle[(2.88298,-9.78769),(-0.243033,-3.27097),(-9.04217,-7.49184)]
triangle[(-4.53161,5.8283),(-14.917,-5.77091),(3.92532,-22.6414)]
triangle[(-6.85074,6.18417),(6.32045,-16.4254),(50.4223,9.26613)]
triangle[(-16.8951,17.8527),(1.25706,-11.4332),(53.3458,20.8527)]
triangle[(19.0269,-9.68431),(10.2767,15.8092),(-18.4926,5.9347)]
triangle[(3.78762,-20.6129),(-0.80422,2.86588),(-39.6264,-4.72675)]
triangle[(0.436911,16.9998),(-18.3968,-4.82285),(12.8961,-31.8298)]
triangle[(-1.71919,-2.54374),(17.7416,18.554),(-7.3352,41.6851)]
triangle[(6.98723,6.66005),(2.19433,15.9118),(-12.2631,8.42207)]
triangle[(-19.172,13.6096),(-5.88185,-1.83166),(13.0181,14.4353)]
triangle[(-1.06196,-0.503682),(-7.31673,-7.25442),(-0.335702,-13.7226)]
triangle[(-5.47562,14.587),(-3.32811,14.8044),(-3.62066,17.6947)]
triangle[(10.4782,20.6244),(11.8372,-5.92199),(43.3125,-4.31069)]
triangle[(0.790669,16.6654),(-16.8508,20.5733),(-22.8289,-6.41435)]
triangle[(10.4476,10.4347),(15.3044,-3.9657),(40.9353,4.67875)]
triangle[(5.51079,-6.58534),(9.27316,-3.90846),(4.61172,2.64322)]
triangle[(-15.5355,-18.355),(-17.6637,18.2318),(-57.684,15.9039)]
triangle[(-5.96536,12.0626),(-14.8902,-10.9598),(21.0585,-24.8957)]
triangle[(12.3844,-0.564495),(-1.5666,-16.0239),(17.3353,-33.0814)]
triangle[(15.0414,-3.96412),(14.8025,3.21752),(3.0682,2.82724)]
triangle[(-8.97071,-14.9504),(-2.77861,4.9563),(-38.891,16.1893)]
triangle[(-2.58149,-16.5778),(19.0395,1.66486),(-14.5905,41.5229)]
triangle[(-11.9905,14.1911),(-5.19764,16.5098),(-9.63117,29.4985)]
triangle[(-15.3269,-2.97002),(11.2992,19.9226),(-17.2402,53.1162)]
triangle[(20.5096,0.975017),(10.6404,-4.53488),(20.4079,-22.0302)]
triangle[(10.9625,-18.1564),(-5.05975,-13.34),(-11.9637,-36.3066)]
triangle[(-1.72484,-12.7577),(15.8325,20.5524),(-36.8855,48.3394)]
triangle[(17.0097,19.0294),(11.6934,12.7978),(18.0886,7.34188)]
triangle[(-4.26375,-17.6159),(-20.4433,15.7584),(-84.6835,-15.3846)]
triangle[(-9.04653,19.6738),(9.37092,-0.771351),(33.614,21.0674)]
triangle[(-7.8408,-20.782),(15.739,-6.94089),(-3.96477,26.6266)]
triangle[(-16.1496,-3.11704),(19.5297,3.60105),(12.5327,40.7617)]
triangle[(-13.4811,-20.6471),(18.6101,-10.1587),(4.64835,32.5599)]
triangle[(-15.1361,0.611249),(10.4272,-6.80629),(22.0883,33.3816)]
triangle[(0.845434,18.2063),(20.162,9.05776),(33.5661,37.3595)]
triangle[(13.4604,-5.39267),(4.89527,-1.41751),(0.911152,-10.002)]
triangle[(-12.9108,-20.899),(-14.7086,-19.5239),(-16.5625,-21.9475)]
triangle[(-8.57802,-4.80634),(10.0515,-10.9688),(17.9879,13.0238)]
triangle[(-5.11414,5.86328),(12.6236,20.7994),(-2.86499,39.1932)]
triangle[(-0.662914,-14.0599),(-17.8582,-3.38697),(-34.1764,-29.6774)]
triangle[(-12.1535,11.5613),(-20.821,11.618),(-20.8819,2.31378)]
triangle[(-14.2548,-17.7021),(8.67469,-3.39298),(-11.8256,29.4574)]
triangle[(-6.9713,-6.56381),(-14.8846,0.108167),(-21.7818,-8.07229)]
triangle[(3.42079,9.80049),(-0.597235,-11.2442),(39.764,-18.9503)]
triangle[(-10.0643,-15.157),(-0.948453,-18.7172),(3.83999,-6.45638)]
triangle[(2.72096,-3.8967),(-11.0965,4.69393),(-28.0139,-22.5166)]
triangle[(-15.2683,-8.95174),(1.35796,-20.9194),(16.0989,-0.440478)]
triangle[(13.6681,9.02466),(-3.23362,-1.72746),(17.4641,-34.2631)]
triangle[(6.45865,-15.4883),(-13.0177,5.3942),(-50.6078,-29.6648)]
triangle[(8.2133,16.7911),(18.0783,15.1073),(20.5417,29.54)]
triangle[(-4.5189,1.42754),(-20.5983,6.78759),(-26.3724,-10.5339)]
triangle[(-14.4579,-16.0046),(-11.2598,-5.97533),(-26.1866,-1.2155)]
triangle[(-1.76644,-6.78662),(10.0313,-2.59017),(1.94036,20.1565)]
triangle[(-12.3937,19.5459),(-9.9464,-7.57568),(34.0965,-3.60156)]
triangle[(-12.7396,12.7668),(11.4216,4.24636),(24.8563,42.3429)]
triangle[(-10.7596,-17.3798),(13.1209,-12.7451),(7.57041,15.8537)]
triangle[(11.6683,13.8442),(-0.902147,18.6397),(-9.55178,-4.03382)]
triangle[(-20.5256,9.1764),(7.1746,-11.0675),(33.9129,25.5193)]
triangle[(10.6902,-9.46439),(13.913,-18.2195),(29.5835,-12.4512)]
triangle[(2.73814,20.4955),(8.07597,20.7999),(7.58701,29.3758)]
triangle[(0.115557,-0.738856),(-12.7935,19.2592),(-45.9345,-2.13389)]
triangle[(20.4929,-17.4968),(11.7257,16.0426),(-25.6341,6.27681)]
triangle[(-7.3784,-3.10779),(-16.492,-20.3712),(1.68635,-29.9678)]
triangle[(-10.1295,-8.2567),(14.4288,-6.82672),(12.8102,20.9703)]
triangle[(-5.32422,-15.2642),(-9.49254,17.3364),(-70.0066,9.59902)]
triangle[(1.08833,-11.3951),(12.8048,-12.0627),(13.6429,2.64652)]
triangle[(16.4038,8.5466),(-13.1105,-17.3635),(36.1975,-73.5304)]
triangle[(11.2468,-3.04992),(8.05481,19.2282),(-24.0583,14.627)]
triangle[(-15.6942,-5.10021),(19.9935,-19.8789),(42.8846,35.3989)]
triangle[(-14.6368,-8.77596),(8.98611,18.2782),(-19.9562,43.5498)]
triangle[(6.19545,-20.1995),(-1.0668,3.74544),(-27.2964,-4.20972)]
triangle[(-18.6091,-19.7666),(-16.7072,20.9548),(-78.9214,23.8607)]
triangle[(-1.88298,-7.77027),(-7.36406,-18.3857),(6.13255,-25.3544)]
triangle[(-2.94857,-15.1565),(1.81224,6.07533),(-29.2562,13.0418)]
triangle[(-13.5442,10.1741),(8.76241,7.28302),(13.3851,42.95)]
triangle[(5.99422,10.1734),(13.2801,2.39857),(26.011,14.3288)]
triangle[(-6.36188,17.7969),(-2.00961,16.4978),(-0.62349,21.1413)]
triangle[(-12.1502,7.27813),(5.4789,20.539),(-9.22019,40.0801)]
triangle[(1.29944,-19.3468),(-10.3616,-10.8618),(-21.9927,-26.8466)]
triangle[(20.883,-2.26631),(14.6859,-8.58809),(22.9124,-16.6523)]
triangle[(9.55238,4.19671),(6.68507,12.6714),(-8.15568,7.65016)]
triangle[(-5.2345,-1.52287),(15.0483,-15.0159),(33.9165,13.3469)]
triangle[(7.2273,18.7977),(20.4833,3.2909),(38.3466,18.5614)]
triangle[(6.8917,3.07532),(-0.260274,-0.243959),(3.06978,-7.41915)]
triangle[(17.9798,-13.806),(1.36878,-0.792759),(-20.581,-28.8109)]
triangle[(-17.5619,2.41624),(-20.3719,4.24471),(-22.9914,0.21904)]
triangle[(16.6142,3.74879),(-4.22115,18.3218),(-32.7177,-22.4203)]
triangle[(3.1278,13.048),(-15.5256,-16.2453),(25.472,-42.3517)]
triangle[(7.39269,10.5273),(19.7973,-3.4351),(38.3038,13.0067)]
triangle[(-3.52351,9.67461),(0.717729,-5.37427),(18.0802,-0.480983)]
triangle[(-15.9737,10.895),(11.9757,9.39635),(14.4707,55.9259)]
triangle[(-7.91098,9.46756),(-5.0148,-19.1653),(47.1677,-13.8871)]
triangle[(-13.0674,-17.2203),(19.2915,-10.5637),(11.1934,28.8021)]
triangle[(0.0760207,8.90984),(19.0344,-5.70825),(39.0298,20.2241)]
triangle[(-11.6264,-3.7195),(-11.6431,7.32218),(-30.4272,7.29376)]
triangle[(12.7178,19.4944),(-11.8947,11.3804),(-2.12549,-18.2528)]
triangle[(-9.17208,0.886318),(3.28105,16.1709),(-23.4737,37.9693)]
triangle[(8.40887,-7.23642),(0.466408,-2.81494),(-8.32348,-18.6045)]
triangle[(-6.20355,10.1071),(-13.6708,-19.2416),(20.5863,-27.9578)]
triangle[(11.6867,9.40435),(-9.85714,18.4166),(-25.097,-18.0143)]
triangle[(13.3979,-10.1544),(4.96886,15.3241),(-24.2403,5.66085)]
triangle[(16.6413,-5.12901),(-1.31624,1.38728),(-10.4597,-23.81)]
triangle[(-3.71285,-5.65101),(-1.23375,-20.2973),(22.0645,-16.3538)]
triangle[(14.3965,13.3315),(16.7111,20.9076),(3.92828,24.8128)]
triangle[(-4.49841,-17.6321),(-15.6326,4.82408),(-40.3273,-7.42002)]
triangle[(-17.6984,-19.0912),(-6.73491,18.4437),(-76.3018,38.7633)]
triangle[(-0.391368,-0.50692),(-6.31808,-15.2738),(20.9145,-26.2036)]
triangle[(-13.5414,-4.47411),(-6.25694,20.6951),(-55.4396,34.9295)]
triangle[(-2.60713,-7.21932),(2.00217,-0.660162),(-8.21307,6.51837)]
triangle[(8.28745,-20.4567),(-3.84345,20.9592),(-70.3323,1.48427)]
triangle[(-16.9944,11.6309),(-4.81688,-4.16681),(23.5388,17.6909)]
triangle[(0.898286,-3.46151),(15.5737,20.0776),(-11.2246,36.7849)]
triangle[(-0.236556,4.51832),(-4.76375,-15.3213),(18.196,-20.5605)]
triangle[(20.1158,12.9271),(2.48389,-4.93029),(37.9537,-39.9522)]
triangle[(-12.9064,-2.22108),(-11.3141,-5.93669),(-6.17716,-3.7354)]
triangle[(0.351826,-0.30235),(-13.673,-7.24161),(-0.33327,-34.2024)]
triangle[(6.89726,-12.1068),(-12.5931,-7.56568),(-19.4348,-36.9303)]
triangle[(17.5711,8.28517),(-17.7389,-12.5412),(16.7969,-71.0946)]
triangle[(4.4207,8.0437),(8.47532,-9.57422),(37.2918,-2.94234)]
triangle[(10.0764,14.265),(16.2332,-20.5716),(69.2094,-11.2091)]
triangle[(-10.0735,-20.916),(-16.436,-9.60383),(-38.9116,-22.2452)]
triangle[(13.5577,-8.38752),(-1.82706,3.114),(-24.7482,-27.5459)]
triangle[(13.5274,-7.9403),(-11.9752,-14.7655),(1.4136,-64.7931)]
triangle[(4.00939,-12.8077),(15.1597,-2.95673),(-4.49759,19.2934)]
triangle[(-12.419,-10.7266),(19.1956,-17.4292),(32.5929,45.7627)]
triangle[(12.9886,-4.35357),(13.5777,-10.117),(24.6743,-8.98261)]
triangle[(1.90488,2.01409),(12.5725,-11.834),(36.8787,6.88975)]
triangle[(7.87328,5.66377),(1.48129,1.39521),(9.60554,-10.7705)]
triangle[(1.50464,2.7899),(7.47311,-1.86629),(14.9892,7.76814)]
triangle[(13.4668,-2.54999),(-4.36152,13.9855),(-28.1739,-11.6886)]
triangle[(-0.914955,-8.61728),(-2.15218,9.58735),(-36.4872,7.25388)]
triangle[(-18.6243,-2.93244),(-16.2885,12.4324),(-39.7146,15.9936)]
triangle[(-19.1028,-17.8914),(12.9223,7.63037),(-33.1132,65.3962)]
triangle[(-19.3268,17.6273),(13.2326,-19.0791),(80.4816,40.5721)]
triangle[(-19.4968,-10.6154),(3.37154,-19.2921),(16.3676,14.9604)]
triangle[(-14.0064,-2.08704),(-12.5283,-9.95076),(-3.97869,-8.34376)]
triangle[(16.5474,-6.3384),(11.1696,3.79915),(-7.89678,-6.31529)]
triangle[(3.48432,-9.53897),(-3.52563,-9.97772),(-2.74318,-22.479)]
triangle[(0.873385,10.2239),(16.4297,1.84224),(27.5336,22.451)]
triangle[(15.5696,11.5466),(-2.12354,9.46468),(1.34265,-19.9931)]
triangle[(-19.3851,-5.5363),(-9.45477,4.09438),(-25.1642,20.2926)]
triangle[(4.31997,16.6669),(-3.56966,6.25895),(13.7825,-6.89467)]
triangle[(5.90927,14.0632),(8.60486,-15.3297),(44.6819,-12.0211)]
triangle[(-0.0879466,-16.9608),(-19.402,14.9371),(-72.7289,-17.3522)]
triangle[(-14.9237,2.21327),(5.76521,8.92789),(-5.18711,42.6739)]
triangle[(9.82648,14.3502),(-14.9312,-17.0372),(37.0403,-58.0312)]
triangle[(-15.2589,-20.5482),(-15.1424,-16.3747),(-22.3653,-16.1731)]
triangle[(-1.77605,4.78337),(-10.4066,11.9025),(-24.424,-5.09098)]
triangle[(7.3485,-17.6207),(15.9168,6.89786),(-14.9442,17.6826)]
triangle[(-1.40985,-4.46625),(2.02083,5.5001),(-10.5884,9.84054)]
triangle[(15.4001,12.5563),(20.074,-11.8544),(57.1952,-4.74677)]
triangle[(-12.6818,-2.83929),(6.27505,-19.1704),(36.9909,16.4838)]
triangle[(-15.8536,13.2267),(-14.9871,17.6692),(-19.706,18.5896)]
triangle[(2.61855,-19.6671),(10.0051,0.57184),(-26.7315,13.9795)]
triangle[(-9.048,6.64092),(18.517,16.7652),(0.87306,64.8039)]
triangle[(-5.77981,-1.60927),(-17.8354,-15.458),(3.34198,-33.8933)]
triangle[(-19.948,-5.64929),(20.3496,-18.0568),(32.8614,22.5794)]
triangle[(6.59668,6.27922),(20.996,8.96507),(16.4684,33.2388)]
triangle[(-19.9512,-13.4965),(-20.3554,-7.11634),(-29.9549,-7.72451)]
triangle[(-8.99635,-12.9047),(9.92641,13.9679),(-16.9648,32.9038)]
triangle[(-13.0055,18.0765),(4.49301,-6.40694),(42.9283,21.0631)]
triangle[(0.447389,11.5069),(3.54944,18.0377),(-3.66362,21.4638)]
triangle[(18.3638,5.44662),(3.67518,16.1551),(-13.8667,-7.90667)]
triangle[(6.93486,-13.1081),(3.46877,20.2898),(-32.3064,16.577)]
triangle[(-11.461,17.0336),(-5.24997,-13.4615),(40.9086,-4.06027)]
triangle[(4.57763,-1.16331),(-19.8179,-13.8559),(1.60322,-55.0278)]
triangle[(-17.9751,9.12723),(20.3146,-10.5527),(54.8897,56.7173)]
triangle[(-10.9751,9.14975),(10.1511,10.6485),(8.5653,33.0006)]
triangle[(20.4583,-6.24541),(-14.4537,6.93117),(-40.4861,-62.0429)]
triangle[(-1.32036,5.47535),(15.6515,-10.3724),(32.1468,7.29308)]
triangle[(-17.7431,-17.4581),(15.0766,-16.7404),(14.3193,17.8896)]
triangle[(7.89173,7.71032),(1.47184,15.1384),(-7.96754,6.98014)]
triangle[(2.22043,12.2846),(7.35521,19.3288),(-1.29395,25.6335)]
triangle[(7.4984,-8.23607),(18.9036,-2.01903),(6.50283,20.7302)]
triangle[(8.31941,-11.099),(-19.6542,12.2956),(-48.7473,-22.4919)]
triangle[(0.50009,3.17417),(-2.17789,-15.0912),(16.3677,-17.8103)]
triangle[(-4.61521,-17.3139),(7.06721,-2.25489),(-14.1561,14.2096)]
triangle[(13.8786,-11.3996),(4.40222,4.28259),(-17.2153,-8.78038)]
triangle[(-15.1276,-5.39957),(9.45157,-8.37985),(14.3923,32.3677)]
triangle[(0.698343,18.1689),(-20.3648,12.7492),(-9.83829,-28.1609)]
triangle[(11.5266,1.72122),(-0.937637,8.93373),(-9.69335,-6.1974)]
triangle[(10.634,10.51),(12.3887,5.97109),(20.2378,9.00538)]
triangle[(1.31845,8.05415),(19.4615,11.876),(12.4646,45.0918)]
triangle[(0.696696,-18.5731),(15.5132,-1.56502),(-13.3947,23.6178)]
triangle[(-7.97175,-4.77195),(-17.2825,-10.9737),(-6.67091,-26.9049)]
triangle[(16.643,-7.1326),(16.5571,5.67068),(-8.30673,5.50393)]
triangle[(1.45005,-5.59842),(0.221361,-20.8606),(16.3233,-22.1569)]
triangle[(-20.0916,-19.3569),(-3.34043,-7.08657),(-16.6713,11.1125)]
triangle[(3.23286,11.9602),(6.77789,0.237338),(21.4059,4.6609)]
triangle[(16.6632,13.314),(-10.9108,1.89405),(6.35838,-39.8031)]
triangle[(14.2246,14.6165),(4.6259,5.14831),(22.901,-13.3786)]
triangle[(-11.743,-15.3503),(-10.1876,19.4966),(-67.8339,22.0697)]
triangle[(-5.66485,17.9505),(19.8,-13.7321),(68.9094,25.7395)]
triangle[(5.83519,20.5783),(9.91675,11.4314),(19.346,15.639)]
triangle[(-5.25119,17.9259),(20.7469,-5.7296),(56.9348,34.0419)]
triangle[(16.6923,2.2831),(11.7031,-18.8209),(39.7327,-25.4475)]
triangle[(0.715038,14.7684),(7.77144,12.7227),(10.2719,21.3478)]
triangle[(-0.00822188,-4.40952),(-8.38464,14.9998),(-35.5793,3.26358)]
triangle[(-3.32548,-7.93571),(-10.5949,-16.7759),(0.573368,-25.9596)]
triangle[(-11.542,-1.56084),(11.2224,-13.6645),(27.3735,16.7123)]
triangle[(-6.86294,18.7822),(17.5062,-9.33264),(58.948,26.5879)]
triangle[(19.2731,-13.5889),(-16.0772,-16.0436),(-11.3826,-83.6536)]
triangle[(9.55013,-17.5486),(-18.864,-15.9066),(-21.6923,-64.8506)]
triangle[(16.4902,15.6467),(14.4349,-14.1479),(49.4275,-16.5618)]
triangle[(-10.8161,14.7786),(-11.7966,4.01907),(6.62842,2.34005)]
triangle[(-15.9533,-18.5924),(-3.66747,2.9983),(-25.6594,15.5125)]
triangle[(-15.752,-11.1327),(-9.95249,-1.45927),(-28.8293,9.85808)]
triangle[(17.0397,-7.5642),(-18.9536,-12.9362),(-12.9014,-53.4874)]
triangle[(13.2543,-4.69077),(20.8761,10.4409),(-2.21262,22.0708)]
triangle[(-1.58811,-8.55688),(-20.2971,8.94612),(-53.1159,-26.134)]
triangle[(-12.3535,14.2544),(7.32922,-5.40516),(39.9867,27.2908)]
triangle[(-15.1678,11.5101),(-19.9049,4.74037),(-8.43484,-3.28592)]
triangle[(7.17523,-6.1336),(11.1393,1.88153),(2.54289,6.13311)]
triangle[(8.12379,18.0012),(14.6714,8.7419),(30.6351,20.0305)]
triangle[(-2.8635,-8.04954),(18.4889,-16.8637),(29.577,9.99759)]
triangle[(-5.68303,-6.74468),(-9.10914,2.68829),(-22.906,-2.32281)]
triangle[(-11.0471,-18.3008),(12.3602,15.8713),(-28.5792,43.9141)]
triangle[(20.843,-20.7467),(2.85247,-9.53508),(-13.6924,-36.0835)]
triangle[(9.97622,20.0219),(-3.97978,-10.3361),(50.8812,-35.5565)]
triangle[(-13.425,18.0481),(-12.113,-11.1316),(31.4313,-9.17364)]
triangle[(16.1274,16.5247),(18.2559,-18.1464),(69.9356,-14.9737)]
triangle[(14.4749,6.35323),(-8.83544,-9.32524),(14.3319,-43.7699)]
triangle[(0.302607,14.1081),(-4.70789,15.3267),(-6.38758,8.42008)]
triangle[(-5.57922,-16.3575),(-13.957,-8.6762),(-25.5191,-21.2867)]
triangle[(18.867,-14.5808),(-8.42442,5.39178),(-43.9171,-43.107)]
triangle[(-0.228262,-10.1901),(-17.9371,14.7123),(-66.9509,-20.1429)]
triangle[(-0.111573,-12.0323),(-1.97708,-16.1362),(5.23042,-19.4125)]
triangle[(9.16728,-20.6918),(5.30391,10.3114),(-50.4638,3.36208)]
triangle[(5.65817,5.57087),(7.764,-14.7023),(39.8728,-11.3671)]
triangle[(-7.00894,15.0328),(-4.35294,-16.2927),(35.1493,-12.9434)]
triangle[(-10.5063,13.7708),(19.6976,-10.9592),(46.8703,22.228)]
triangle[(8.16104,13.9896),(-8.56764,12.946),(-7.42648,-5.34558)]
triangle[(-3.0359,20.4981),(-12.2481,5.32467),(17.156,-12.5272)]
triangle[(17.9598,19.1659),(-10.5807,-16.0989),(35.7485,-53.5939)]
triangle[(10.2616,-14.1297),(11.782,19.7341),(-31.8694,21.694)]
triangle[(-20.2874,-12.7992),(-9.20632,7.01803),(-47.3879,28.3676)]
triangle[(-20.1588,-16.1644),(-18.3186,-18.4334),(-15.9091,-16.4792)]
triangle[(16.1431,20.1483),(-17.9411,9.87314),(-5.4929,-31.4193)]
triangle[(-18.6253,15.8268),(-19.8597,-20.0049),(18.9076,-21.3404)]
triangle[(12.6097,4.60389),(-9.06162,1.59336),(-5.97255,-20.6433)]
triangle[(10.6583,-10.9339),(11.1086,-18.2538),(18.502,-17.7991)]
triangle[(3.40559,-4.68803),(-7.06134,3.35115),(-16.4339,-8.85179)]
triangle[(18.3861,-5.42262),(-14.5628,6.45769),(-35.7424,-52.2816)]
triangle[(-1.00044,20.471),(14.0798,8.69373),(26.1151,24.1044)]
triangle[(-9.67937,-8.69359),(7.00731,-19.2041),(22.5246,5.43136)]
triangle[(17.1422,-16.5933),(-6.28957,1.09836),(-32.6138,-33.7668)]
triangle[(15.2643,18.2636),(16.267,-16.9118),(76.0852,-15.2067)]
triangle[(-18.9889,-8.15061),(-19.2776,15.9083),(-62.6145,15.3882)]
triangle[(18.2736,13.1149),(-10.7527,18.553),(-20.75,-34.8086)]
triangle[(17.2755,-12.5449),(11.3072,18.2366),(-47.9822,6.74075)]
triangle[(-8.07997,-18.7639),(-9.40833,-11.7818),(-19.1725,-13.6394)]
triangle[(14.5387,-1.21693),(-0.652167,-2.46384),(1.42805,-27.8068)]
triangle[(-10.4743,14.5087),(-6.52397,14.6318),(-6.74076,21.5917)]
triangle[(-11.7237,1.4576),(6.03985,-14.4954),(34.4019,17.0855)]
triangle[(15.1053,-18.5131),(4.75808,6.4868),(-40.1035,-12.0809)]
triangle[(-6.75348,14.7929),(12.3714,-3.45949),(42.5123,28.1222)]
triangle[(-19.6393,15.6796),(11.9379,14.8369),(13.4399,71.1214)]
triangle[(-3.30668,-5.00995),(-17.4155,17.5896),(-53.5359,-4.96034)]
triangle[(2.48749,-7.37781),(-12.463,11.0413),(-45.0537,-15.4121)]
triangle[(2.54359,-4.86634),(-19.6537,-20.858),(-1.2756,-46.3677)]
triangle[(10.447,14.0538),(5.37889,-11.3277),(46.5067,-19.54)]
triangle[(-6.931,2.38906),(6.40912,-12.1601),(22.9494,3.00568)]
triangle[(-19.1333,13.5748),(-14.4049,-9.35045),(28.8108,-0.437056)]
triangle[(-16.3687,1.87778),(-14.5633,-8.83412),(6.34448,-5.31034)]
triangle[(4.90534,-17.977),(-15.3362,7.08542),(-58.8734,-28.0772)]
triangle[(-20.1561,-11.983),(14.8182,-7.0616),(7.57065,44.4432)]
triangle[(19.6746,-19.1146),(-0.751231,-19.8397),(0.222864,-47.2773)]
triangle[(-13.7202,2.4315),(20.075,-3.3914),(25.9056,30.4487)]
triangle[(14.7494,-2.70623),(-12.4582,-19.5092),(5.53416,-48.6429)]
triangle[(-6.14463,12.8507),(3.20073,10.6468),(5.45037,20.1863)]
triangle[(14.0076,-10.3473),(7.08797,-9.81581),(6.2543,-20.6698)]
triangle[(-13.7702,-20.3685),(11.221,5.44915),(-36.746,51.8808)]
triangle[(13.5028,-19.6113),(9.04649,-3.88044),(-18.2569,-11.615)]
triangle[(-19.0177,-14.207),(-19.8439,6.81152),(-49.6926,5.63824)]
triangle[(8.64162,-4.73991),(-7.75784,-8.76955),(-2.41027,-30.5326)]
triangle[(-9.11226,11.2099),(-11.8793,-17.2569),(23.3919,-20.6854)]
triangle[(-1.45755,18.3787),(2.23264,-13.3478),(63.9222,-6.17259)]
triangle[(12.753,16.33),(8.68075,-4.34218),(47.7691,-12.0422)]
triangle[(-15.9727,11.0745),(13.1348,4.90347),(22.1269,47.3181)]
triangle[(8.43283,-13.1684),(-17.1308,-11.1181),(-19.848,-44.9967)]
triangle[(19.4912,19.7842),(-2.55438,13.9168),(4.31442,-11.8917)]
triangle[(19.0848,-14.0453),(11.9634,17.0333),(-27.3864,8.01663)]
triangle[(18.5181,12.7904),(16.8854,-4.59585),(50.9453,-7.79436)]
triangle[(-0.601544,2.74203),(11.5422,-3.60883),(21.1327,14.7296)]
triangle[(2.13647,-1.57062),(-19.5415,13.8676),(-35.5186,-8.56704)]
triangle[(15.9742,-5.17169),(20.2989,-16.3363),(39.3271,-8.96556)]
triangle[(-13.7365,-19.2405),(18.9624,-15.4828),(14.8282,20.4921)]
triangle[(-4.47182,7.46759),(-2.80594,3.88966),(1.01665,5.66945)]
triangle[(3.05361,6.58127),(-7.19256,-13.9074),(20.6819,-27.8472)]
triangle[(19.9591,-12.8263),(-5.70727,7.98438),(-39.6968,-33.9358)]
triangle[(6.86069,-16.8894),(-9.83946,15.6987),(-62.3808,-11.2267)]
triangle[(19.2355,14.4296),(-0.91782,-9.64424),(36.4072,-40.8906)]
triangle[(19.5653,-5.89559),(18.271,8.74973),(-6.34585,6.57422)]
triangle[(17.0391,-18.9712),(-7.09529,-6.61245),(-20.4262,-32.6451)]
triangle[(8.10223,13.9671),(6.94574,-4.41816),(28.3164,-5.76244)]
triangle[(15.161,18.9967),(1.43119,18.158),(2.34092,3.26555)]
triangle[(-1.41759,-8.74599),(-6.21418,14.9523),(-38.1091,8.49663)]
triangle[(4.97718,-6.4053),(5.98808,17.8887),(-23.1982,19.1032)]
triangle[(11.1373,-15.0787),(-8.67701,13.1831),(-57.1037,-20.7688)]
triangle[(1.13034,-0.709338),(-5.75916,9.68165),(-23.7124,-2.22183)]
triangle[(4.82489,-0.69345),(3.54032,15.9405),(-19.4646,14.1639)]
triangle[(-9.82565,-20.2998),(-6.59174,-13.0035),(-16.8019,-8.47806)]
triangle[(-19.5766,3.28955),(-12.4059,19.1175),(-28.2891,26.3132)]
triangle[(1.1497,-17.6257),(-9.91525,6.49802),(-41.6026,-8.03618)]
triangle[(19.2123,16.4195),(6.61013,3.40304),(20.5583,-10.1012)]
triangle[(4.31631,20.5018),(-15.3893,-5.20904),(19.5639,-31.9983)]
triangle[(10.1901,2.95439),(16.5089,14.5889),(-3.32878,25.363)]
triangle[(-6.98455,-19.6214),(-18.2399,12.9729),(-53.9453,0.643268)]
triangle[(-20.6024,-7.12883),(-20.5579,2.24505),(-36.0463,2.31862)]
triangle[(-11.3723,14.7378),(-5.45443,-12.6978),(45.2,-1.77172)]
triangle[(-4.79251,2.49312),(18.2643,-16.9602),(47.3144,17.4711)]
triangle[(-11.2861,-6.08214),(7.8704,4.75373),(-6.98887,31.0231)]
triangle[(19.5991,-3.38144),(3.62913,4.92232),(-11.352,-23.8897)]
triangle[(-18.1771,8.20052),(14.6609,-14.2999),(56.2537,46.4022)]
triangle[(-8.16575,-14.7775),(-5.79589,16.6287),(-44.6978,19.5641)]
triangle[(-0.75964,-11.5888),(-10.0628,-2.00724),(-29.1686,-20.5579)]
triangle[(13.9723,13.888),(7.88912,9.38081),(15.0677,-0.307831)]
triangle[(-7.7065,-3.31614),(19.7167,12.5516),(-7.16656,59.0122)]
triangle[(20.1153,18.6537),(4.43682,-12.6103),(60.9868,-40.9694)]
triangle[(18.5616,12.1037),(-1.09272,12.7713),(-1.96089,-12.7872)]
triangle[(-10.6304,-5.05486),(-4.7452,16.1351),(-43.205,26.8167)]
triangle[(-20.0676,-9.0514),(-12.4501,-9.34451),(-12.0213,1.79885)]
triangle[(1.63333,-5.81721),(8.27886,10.8725),(-20.5654,22.3577)]
triangle[(-16.7913,-7.45094),(-9.16202,-1.63904),(-15.8617,7.15564)]
triangle[(8.6237,8.88381),(8.29402,14.5969),(-0.827791,14.0705)]
triangle[(-11.6425,5.95101),(11.3308,-10.6651),(34.4947,21.3611)]
triangle[(7.60291,-11.6313),(-3.35932,-6.45722),(-8.7255,-17.8264)]
triangle[(-0.795389,-13.9429),(6.4815,-18.6056),(12.5246,-9.17446)]
triangle[(-9.58358,15.2279),(4.45919,-6.76778),(34.4385,12.372)]
triangle[(15.276,20.6099),(1.12906,-13.3282),(49.254,-33.3889)]
triangle[(5.6869,-6.35372),(20.0432,-20.8959),(35.5846,-5.55322)]
triangle[(16.9367,-1.07638),(-11.87,19.6566),(-50.7284,-34.334)]
triangle[(20.4006,-14.1763),(-6.50237,1.39842),(-23.6672,-28.2513)]
triangle[(9.60771,2.20647),(-14.2205,-7.013),(-3.68827,-34.234)]
triangle[(4.4588,-3.36267),(-18.1632,8.68408),(-37.3303,-27.3088)]
triangle[(-7.99452,-6.69831),(-4.15614,-2.80726),(-9.4883,2.45273)]
triangle[(7.90757,-1.8842),(-2.74324,11.5327),(-26.85,-7.6042)]
triangle[(-14.3687,2.87989),(6.69569,-7.76215),(25.5671,29.5911)]
triangle[(-6.92509,-8.65166),(-3.57237,-7.77466),(-5.02161,-2.23438)]
triangle[(-7.25822,-17.3655),(-12.0671,0.0813631),(-45.5069,-9.13569)]
triangle[(-17.9825,1.72083),(-10.7127,-4.11264),(-1.6885,7.13353)]
triangle[(11.2573,7.04554),(-20.1248,19.5605),(-33.9094,-15.005)]
triangle[(-13.2921,-12.8354),(-2.06054,-0.512951),(-19.4293,15.3181)]
triangle[(-2.06392,-6.67206),(16.1452,19.7242),(-17.4801,42.9202)]
triangle[(4.75928,14.2826),(7.84606,-4.59949),(41.9899,0.98223)]
triangle[(1.2709,-20.371),(-0.946785,-0.388192),(-23.2987,-2.8688)]
triangle[(-11.7055,17.8626),(-3.8133,15.4195),(-1.27379,23.6231)]
triangle[(5.13918,19.2168),(-8.02715,-17.3112),(40.3944,-34.7645)]
triangle[(16.9687,-7.97181),(-4.90995,-1.00585),(-17.0512,-39.139)]
triangle[(7.96886,-1.74283),(-8.00753,-15.4162),(13.3163,-40.3316)]
triangle[(18.7632,-13.1346),(8.23872,-6.94191),(-1.46106,-23.4266)]
triangle[(12.1639,-3.75713),(-9.75105,-1.10978),(-12.9946,-27.9598)]
triangle[(-6.09223,13.2861),(-13.628,-2.04789),(16.1776,-16.6955)]
triangle[(4.85948,4.30048),(9.53772,-6.06485),(25.5227,1.1497)]
triangle[(0.736922,-18.4938),(-10.4937,-13.2526),(-20.4377,-34.5599)]
triangle[(-16.1399,-6.52945),(11.0645,16.3158),(-18.3275,51.3161)]
triangle[(1.78472,5.77711),(-14.1323,-18.6373),(31.9185,-48.6602)]
triangle[(-2.48453,19.2924),(-13.2379,15.2033),(-5.68258,-4.66514)]
triangle[(-19.2274,3.77811),(-3.00846,-14.8462),(25.2173,9.73418)]
triangle[(0.0519236,-15.334),(-15.701,-6.30357),(-28.4737,-28.5847)]
triangle[(-13.3689,19.9605),(19.3356,-7.01683),(54.278,35.3437)]
triangle[(-3.346,9.62089),(17.9797,1.85713),(28.2066,29.9486)]
triangle[(1.71094,10.9826),(-8.32682,-1.70847),(16.7354,-21.5309)]
triangle[(-1.08528,1.0643),(9.6299,-15.7916),(39.0046,2.88167)]
triangle[(-5.18758,-14.3611),(17.1892,-4.8081),(0.361523,34.6085)]
triangle[(12.3673,-20.4477),(4.64019,1.86154),(-25.6168,-8.61838)]
triangle[(11.6202,1.45234),(-9.97298,-20.0864),(15.7024,-45.8267)]
triangle[(4.74632,3.88567),(12.9392,2.61404),(14.3009,11.3869)]
triangle[(4.08072,3.41843),(-4.35372,-7.08867),(6.71306,-15.9724)]
triangle[(9.50353,-18.1058),(-1.80229,-0.141123),(-26.9558,-15.9712)]
triangle[(-15.0525,-18.4646),(5.57942,17.4573),(-37.4949,42.1972)]
triangle[(-7.73094,-7.66907),(11.054,-19.5344),(28.5789,8.21081)]
triangle[(12.3355,20.9356),(0.086156,-0.512983),(23.3305,-13.7879)]
triangle[(-12.1007,3.54918),(12.0124,-5.921),(23.8638,24.2552)]
triangle[(8.61131,3.87397),(12.2787,-2.9509),(22.2701,2.41801)]
triangle[(-18.9365,-3.81053),(-14.1458,20.8535),(-49.584,27.737)]
triangle[(9.16593,-15.4152),(-3.29098,17.844),(-45.4546,2.05202)]
triangle[(10.5562,-12.235),(-3.17365,-16.8536),(2.02176,-32.2982)]
triangle[(-2.72748,-3.75336),(12.9703,-19.7063),(39.5652,6.46329)]
triangle[(-7.99855,-19.0026),(-7.06669,4.33637),(-33.2394,5.38138)]
triangle[(-8.29387,-10.8984),(12.8305,-10.8318),(12.7252,22.5302)]
triangle[(5.33348,17.8634),(-12.4851,-16.165),(26.1753,-36.4091)]
triangle[(5.10282,12.4834),(6.09853,6.9409),(12.6506,8.118)]
triangle[(17.5055,-17.6155),(-5.7939,-4.14123),(-21.3157,-30.9813)]
triangle[(1.35511,6.01944),(16.4372,9.18957),(10.2171,38.7823)]
triangle[(-13.6709,-4.33781),(17.3394,-20.5906),(35.0268,13.157)]
triangle[(-8.92142,-12.7004),(-19.0791,9.11502),(-53.4694,-6.89777)]
triangle[(-8.94693,-9.44448),(20.14,4.20475),(6.30928,33.6783)]
triangle[(-2.14636,2.69295),(3.29082,20.9686),(-23.9812,29.0823)]
triangle[(-18.6091,13.9354),(-10.8806,-17.8256),(51.161,-2.72884)]
triangle[(-0.0370101,-19.6402),(6.39155,8.11573),(-40.5844,18.9958)]
triangle[(15.3599,-13.1029),(-0.674965,4.36768),(-32.8414,-25.1553)]
triangle[(-15.7394,0.0483408),(-1.49436,-17.1696),(29.1304,8.16732)]
triangle[(13.8263,17.6694),(-18.8489,5.3046),(-0.362043,-43.5486)]
triangle[(-18.9369,-1.79937),(-1.58146,-3.95871),(1.45801,20.4707)]
triangle[(3.97832,-19.5989),(-13.5154,-13.333),(-23.384,-40.885)]
triangle[(5.25199,-6.19952),(-13.7211,19.6208),(-56.3694,-11.7178)]
triangle[(-1.07535,-8.47299),(0.864101,-13.6342),(9.11408,-10.534)]
triangle[(-7.93583,16.555),(-1.88928,-7.22722),(44.901,4.66905)]
triangle[(13.2627,1.51555),(11.1804,-11.8559),(28.0577,-14.4842)]
triangle[(-12.3096,-8.3295),(6.66242,-8.20927),(6.5128,15.4001)]
triangle[(-4.36932,-9.39975),(15.6454,10.9317),(-10.3233,36.4957)]
triangle[(-19.4794,10.746),(-6.28572,-10.5693),(34.3953,14.6113)]
triangle[(-11.8946,3.00881),(13.9885,6.3906),(7.24199,58.0263)]
triangle[(13.5913,-17.4312),(19.5483,2.17141),(-15.0314,12.6799)]
triangle[(9.94726,-17.1812),(-18.326,-7.28869),(-31.2637,-44.2653)]
triangle[(-11.8531,0.65854),(-7.10769,4.4115),(-13.0032,11.866)]
triangle[(-7.0422,10.4039),(6.35085,15.6023),(-0.690117,33.7423)]
triangle[(20.5193,0.0365227),(17.405,-7.22893),(29.2106,-12.2893)]
triangle[(-7.56318,6.41035),(-2.66422,18.6692),(-23.9638,27.1811)]
triangle[(-7.88218,-16.8275),(-2.68446,-15.6368),(-4.25223,-8.7928)]
triangle[(17.0893,12.5999),(-6.63798,-17.4033),(36.8231,-51.7734)]
triangle[(20.9649,-6.47366),(-3.8993,-14.4106),(5.54063,-43.9833)]
triangle[(12.8543,4.05879),(-3.64035,15.474),(-18.3832,-5.82907)]
triangle[(18.174,-18.8435),(-2.833,-12.3159),(-13.5375,-46.7646)]
triangle[(-12.861,5.24581),(-0.19879,-11.1319),(22.2423,6.21805)]
triangle[(-10.1397,-3.29958),(15.7629,2.11771),(5.90043,49.275)]
triangle[(-19.3141,-17.8044),(4.93764,18.4744),(-34.092,44.5651)]
triangle[(-2.05102,10.2426),(9.6424,-11.0602),(41.2967,6.31524)]
triangle[(-20.0357,20.2014),(0.951313,-18.5338),(69.5334,18.6245)]
triangle[(10.1739,3.61211),(-11.2177,-19.0157),(19.0487,-47.6287)]
triangle[(-9.47936,-5.02255),(-1.09836,-6.80623),(2.19202,8.65435)]
triangle[(-6.92703,3.58635),(-13.7901,18.8783),(-37.8524,8.079)]
triangle[(-4.37059,20.6672),(-1.80295,12.0611),(12.4565,16.3154)]
triangle[(12.5025,-4.19634),(-7.25104,-1.35913),(-12.3288,-36.712)]
triangle[(-15.8351,-10.2265),(-20.6123,-12.6557),(-16.9331,-19.891)]
triangle[(3.56988,-8.4581),(9.51773,13.7703),(-23.0944,22.4966)]
triangle[(-15.4219,-12.9316),(-3.31767,-16.2239),(1.45072,1.30752)]
triangle[(11.8175,-4.02809),(-12.2321,3.78527),(-26.4774,-40.062)]
triangle[(-1.80808,-17.2501),(-8.15977,4.87641),(-38.9541,-3.96347)]
triangle[(20.1976,-12.6403),(-2.39381,16.646),(-57.7636,-26.0661)]
triangle[(-1.49007,10.9466),(-10.5904,8.74045),(-7.87965,-2.4413)]
triangle[(-5.93576,-10.9644),(2.01209,-19.1156),(14.4777,-6.96097)]
triangle[(-4.91854,10.0276),(-1.27923,3.75675),(9.20759,9.84284)]
triangle[(-6.52757,-7.493),(-6.39701,-15.0476),(7.8801,-14.8009)]
triangle[(-5.05479,-16.9702),(-14.5559,-9.16224),(-27.2281,-24.5824)]
triangle[(-11.7826,18.5645),(-10.7335,-18.8538),(40.5055,-17.4172)]
triangle[(-5.24306,18.5378),(-12.588,3.24562),(3.25757,-4.36509)]
triangle[(-2.68169,12.5689),(-4.78943,-18.4638),(50.9441,-22.2492)]
triangle[(-4.24753,-17.6469),(-16.7409,-10.3134),(-27.4692,-28.5903)]
triangle[(9.90728,20.1755),(0.423146,4.59743),(17.5455,-5.82689)]
triangle[(17.213,-2.2582),(4.15395,-12.7355),(15.3755,-26.7221)]
triangle[(18.7191,-12.3839),(-16.8169,-20.0082),(-6.545,-67.8844)]
triangle[(-3.98215,-4.32593),(-16.6675,14.4357),(-51.0991,-8.84453)]
triangle[(-12.2624,1.00707),(-16.0331,4.05594),(-20.5733,-1.55923)]
triangle[(-20.88,-14.4051),(-20.0621,-11.2938),(-26.2428,-9.66895)]
triangle[(-17.437,14.759),(3.18166,11.6649),(7.50667,40.4867)]
triangle[(2.86059,-5.28132),(17.627,6.42678),(1.43326,26.8506)]
triangle[(-20.234,-3.27405),(12.1274,4.07816),(4.60304,37.1971)]
triangle[(10.4188,13.2453),(0.304074,-19.3838),(55.4196,-36.4691)]
triangle[(3.56731,2.23963),(-4.21411,13.3991),(-15.8356,5.29543)]
triangle[(-9.3146,15.1835),(-18.8922,-3.38128),(1.64204,-13.975)]
triangle[(10.9102,-19.0963),(-17.3058,-6.37737),(-41.0137,-58.9716)]
triangle[(-17.2612,20.9275),(1.35699,0.102147),(30.2457,25.9292)]
triangle[(-0.657714,17.0605),(-15.2342,-3.69675),(13.0869,-23.5849)]
triangle[(4.9994,-15.8504),(16.7462,-6.50065),(-0.423799,15.0714)]
triangle[(17.1084,-1.67191),(-2.51948,-15.3349),(21.9466,-50.4823)]
triangle[(-17.4508,0.408165),(13.4674,-16.5614),(37.702,27.5937)]
triangle[(-5.63366,-9.52381),(9.31402,6.89205),(-12.1974,26.4795)]
triangle[(3.32907,2.09461),(4.55659,-7.44363),(19.8926,-5.46996)]
triangle[(-14.0307,18.3281),(-2.60139,-14.412),(52.0237,4.65715)]
triangle[(-10.6852,-1.48635),(6.65855,-20.9969),(33.2121,2.60752)]
triangle[(9.63919,-5.90201),(-14.0839,18.6751),(-52.5591,-18.4631)]
triangle[(7.5455,10.6846),(-6.34571,13.5118),(-9.97252,-4.3086)]
triangle[(-14.5166,16.7184),(20.4559,-14.5243),(72.4132,43.636)]
triangle[(-8.71341,3.81538),(9.58267,11.9963),(-3.49863,41.2518)]
triangle[(5.6466,0.727197),(15.4385,-6.22427),(22.4835,3.69934)]
triangle[(4.1899,-17.0686),(-6.51959,-8.39738),(-18.7707,-23.5282)]
triangle[(-0.884169,-10.8141),(-12.2674,3.06857),(-34.8341,-15.4352)]
triangle[(-0.378276,18.2959),(-3.48263,-13.9717),(38.9994,-18.0588)]
triangle[(-17.6538,15.4672),(-12.6677,1.66999),(3.63392,7.56116)]
triangle[(-14.0087,-1.01021),(-13.4092,13.584),(-30.0775,14.2687)]
triangle[(-8.78782,-0.912018),(1.41462,4.86666),(-9.19489,23.5981)]
triangle[(9.4191,12.5546),(12.9401,17.3176),(4.25037,23.7414)]
triangle[(12.9201,16.0831),(8.77611,-11.3377),(48.2053,-17.2965)]
triangle[(10.0692,-9.68083),(3.76551,-17.6421),(15.5719,-26.9903)]
triangle[(-12.6048,5.66205),(-9.85561,-15.3972),(23.9582,-10.9829)]
triangle[(-9.32654,-19.6364),(9.10878,10.8753),(-51.2309,47.3328)]
triangle[(14.9845,11.6387),(8.27073,-14.6256),(57.5556,-27.224)]
triangle[(-14.9922,14.3453),(-12.9445,5.18603),(4.95493,9.18775)]
triangle[(-0.0887361,11.9333),(15.69,-10.318),(42.9327,9.00017)]
triangle[(6.62643,-12.8377),(17.9169,-13.1853),(18.5592,7.6754)]
triangle[(-10.6683,-15.099),(-0.303795,-1.98776),(-17.2617,11.4175)]
triangle[(-5.40943,-7.82473),(18.8825,19.5797),(-27.2365,60.4606)]
triangle[(-5.45003,-17.796),(0.999978,-4.9723),(-17.6905,4.42855)]
triangle[(-7.97552,2.9977),(4.8267,4.28597),(2.28012,29.5925)]
triangle[(-3.19348,-8.40516),(15.5084,-8.47538),(15.5988,15.603)]
triangle[(1.79568,4.04468),(-10.3319,-17.8351),(24.2423,-36.9989)]
triangle[(-9.64758,-8.11358),(-20.1415,10.342),(-43.6358,-3.01697)]
triangle[(3.09522,-8.55627),(11.3623,12.5635),(-18.9699,24.4367)]
triangle[(6.98548,10.0654),(-1.23982,-11.0356),(28.3445,-22.5678)]
triangle[(-14.9652,-6.90869),(20.0769,17.5549),(-22.7671,78.9254)]
triangle[(16.1026,-18.33),(5.96462,-20.7829),(8.63848,-31.8343)]
triangle[(5.72955,-16.6202),(-6.02624,-12.1594),(-14.7405,-35.1246)]
triangle[(17.7289,14.2705),(19.874,-4.48284),(41.6487,-1.99211)]
triangle[(-12.4278,12.8825),(4.93301,-16.5711),(56.1763,13.6329)]
triangle[(-3.11285,-14.0942),(-7.68259,-5.38686),(-20.4789,-12.1026)]
triangle[(-2.40298,-3.35988),(-0.4522,-10.6881),(7.38561,-8.60167)]
triangle[(-8.38803,19.4813),(19.2064,-15.2479),(54.5965,12.8715)]
triangle[(-14.0786,7.77191),(13.1408,3.88858),(18.3603,40.4734)]
triangle[(12.8903,-4.06204),(16.7392,20.9435),(-29.0027,27.9843)]
triangle[(-0.704522,-18.0212),(9.71868,20.2773),(-65.7296,40.811)]
triangle[(13.8414,-12.3581),(-17.3753,-19.0759),(-6.07153,-71.6034)]
triangle[(6.09104,11.4744),(1.77991,8.20137),(6.18252,2.40243)]
triangle[(17.7124,2.40074),(-0.928806,0.911753),(1.88774,-34.3497)]
triangle[(-8.12732,15.3381),(17.4292,10.1174),(22.6907,35.8734)]
triangle[(-5.81308,15.1887),(-19.1681,12.9544),(-14.8267,-12.9947)]
triangle[(16.5736,10.1909),(-4.59411,-7.43636),(24.1924,-42.0046)]
triangle[(11.4511,14.1198),(-7.44873,8.32915),(3.04306,-25.9142)]
triangle[(9.05131,-19.8646),(0.811355,10.8203),(-31.4101,2.16773)]
triangle[(-19.8902,-6.44736),(10.5556,14.6202),(-23.4229,63.7244)]
triangle[(6.36586,-16.2567),(-7.07189,-3.89734),(-28.6895,-27.4011)]
triangle[(-6.70528,2.44439),(17.4677,-16.0205),(37.0083,9.56087)]
triangle[(5.62367,7.67686),(-10.7814,-7.88839),(17.942,-38.1615)]
triangle[(9.82878,15.4489),(19.1758,20.4013),(13.9601,30.2452)]
triangle[(18.9765,12.1246),(-2.32877,10.4484),(0.0164554,-19.3607)]
triangle[(-10.6499,-5.7464),(-7.79023,-5.32186),(-8.4581,-0.823168)]
triangle[(6.08282,-4.48419),(18.3378,-2.67807),(15.2979,17.9486)]
triangle[(-1.46886,-0.538314),(4.2854,17.0951),(-20.4849,25.1783)]
triangle[(-5.90897,0.332517),(18.6058,-8.80486),(28.564,17.9122)]
triangle[(-3.80117,-19.4294),(17.5491,17.582),(-31.8128,46.0567)]
triangle[(-0.840644,20.4209),(-20.002,3.30384),(2.12437,-21.4653)]
triangle[(13.2997,16.4674),(-2.56052,-3.8598),(25.0952,-25.438)]
triangle[(-15.1288,0.108371),(-18.8106,-17.1456),(14.7473,-24.3065)]
triangle[(-8.70559,1.52611),(12.3787,4.43028),(8.88144,29.8208)]
triangle[(9.05573,10.5418),(3.23332,0.183507),(19.6602,-9.05008)]
triangle[(-19.608,-15.9043),(-5.90297,15.082),(-51.5211,35.2587)]
triangle[(4.15076,17.9291),(-6.15894,-18.7614),(42.2663,-32.3685)]
triangle[(9.46723,-13.6521),(-7.42662,-20.6735),(4.05892,-48.3081)]
triangle[(-1.61578,16.3976),(-2.42719,19.9878),(-8.23895,18.6743)]
triangle[(5.85473,1.94498),(-5.18129,-16.3126),(21.3437,-32.346)]
triangle[(-19.5331,0.1512),(10.9432,17.8655),(-21.8279,74.2461)]
triangle[(-12.5509,18.7283),(-9.20794,-7.9909),(17.6239,-4.6339)]
triangle[(12.7779,-16.9509),(-19.7071,17.412),(-65.1855,-25.5811)]
triangle[(11.8634,20.0721),(-17.7155,-6.15531),(18.5532,-47.0585)]
triangle[(-9.19876,-19.1329),(4.57937,-3.25489),(-19.8063,17.9057)]
triangle[(-4.08573,17.2677),(4.42094,-2.12504),(25.5748,7.15415)]
triangle[(-11.9694,-5.08618),(-19.7439,-12.8089),(-9.75284,-22.867)]
triangle[(4.61045,-20.0072),(13.2494,13.6004),(-25.3011,23.5098)]
triangle[(14.6585,-0.166433),(5.81865,-19.1758),(27.3158,-29.1725)]
triangle[(20.0551,7.8962),(9.2233,-16.8731),(44.1754,-32.158)]
triangle[(-2.50578,5.30773),(20.2389,13.8684),(6.39346,50.6537)]
triangle[(-1.17626,5.20958),(8.06372,11.2417),(-0.414009,24.2278)]
triangle[(-15.0023,14.1051),(-14.5783,-15.7352),(40.5128,-14.9524)]
triangle[(12.4348,10.7662),(3.20755,1.39882),(15.1662,-10.3809)]
triangle[(-0.284119,17.3416),(12.5981,-19.2507),(66.8732,-0.143356)]
triangle[(12.7198,-8.90876),(17.6453,9.24176),(-15.5488,18.2497)]
triangle[(-17.2191,-4.9514),(-14.1717,-0.84552),(-18.6449,2.47452)]
triangle[(8.87341,-13.5377),(4.33785,-15.165),(6.47429,-21.1195)]
triangle[(-1.10913,-19.6938),(-13.7796,-16.6904),(-17.7389,-33.3939)]
triangle[(0.514378,5.87182),(-7.05738,7.2562),(-9.15645,-4.22448)]
triangle[(8.46747,-0.00119029),(-19.1333,-7.40686),(-11.4726,-35.9582)]
triangle[(19.0638,5.16628),(2.51529,17.8108),(-18.745,-10.0135)]
triangle[(20.3506,18.8161),(-13.8877,7.12793),(1.90458,-39.1326)]
triangle[(-14.0702,7.97273),(-10.6594,12.0105),(-14.7007,15.4243)]
triangle[(20.144,12.8449),(-0.0711537,-4.73739),(31.5914,-41.1413)]
triangle[(11.8357,-9.08685),(0.248469,-19.6457),(13.8538,-34.5761)]
triangle[(-13.038,1.03922),(-0.656694,-0.181255),(1.57917,22.5008)]
triangle[(18.9273,-17.0349),(-3.49439,-16.23),(-4.77809,-51.9897)]
triangle[(15.2758,-1.42035),(-12.5766,11.178),(-27.352,-21.4877)]
triangle[(-18.3511,-18.8668),(4.20834,17.0455),(-36.7051,42.7466)]
triangle[(10.1526,15.7919),(13.2298,16.2445),(12.414,21.7909)]
triangle[(13.9432,-10.47),(-19.525,11.4036),(-42.4521,-23.6765)]
triangle[(-6.8699,-15.4716),(17.9774,17.0037),(-15.299,42.4639)]
triangle[(17.1556,-4.82848),(16.0584,18.0078),(-14.5906,16.5353)]
triangle[(-18.1586,-6.61176),(14.327,17.7178),(-16.1979,58.4755)]
triangle[(-0.678565,10.9314),(-9.69421,-13.5673),(35.9837,-30.377)]
triangle[(-5.39015,3.18924),(-15.8655,-17.5138),(19.3299,-35.3221)]
triangle[(1.21694,-14.973),(20.887,0.631077),(0.850746,25.8881)]
triangle[(7.40418,-9.61653),(-9.00693,-7.13329),(-12.4232,-29.7103)]
triangle[(-18.4967,5.87815),(-9.55668,-8.42653),(12.4645,5.33609)]
triangle[(8.66673,0.196861),(14.7947,13.9362),(-6.79286,23.5645)]
triangle[(10.458,0.819001),(-9.57344,-12.9654),(6.27429,-35.9953)]
triangle[(-4.29371,1.12379),(-20.8315,-9.73154),(-8.07806,-29.1609)]
triangle[(6.28113,8.51757),(-20.2377,0.956176),(-9.62464,-36.2654)]
triangle[(-8.76793,-18.1406),(3.46051,16.074),(-59.8536,38.7027)]
triangle[(2.29197,-16.4399),(0.152211,1.21123),(-28.5448,-2.26756)]
triangle[(-14.3899,-18.1481),(17.6269,-3.85519),(-3.00143,42.3533)]
triangle[(-2.72986,0.979808),(-2.7818,-1.83986),(2.81703,-1.94299)]
triangle[(3.0172,14.7727),(-8.87129,-9.33552),(28.7395,-27.8825)]
triangle[(-9.41177,-1.16222),(16.8646,-17.3452),(45.9674,29.9093)]
triangle[(11.7292,17.2961),(7.13987,-15.155),(47.2624,-20.8292)]
triangle[(0.790236,9.6349),(-5.2786,8.43108),(-3.21659,-1.96423)]
triangle[(-16.5822,-11.1697),(-12.7739,-15.3133),(-7.4364,-10.4078)]
triangle[(-9.40065,-4.70629),(-6.56289,0.642777),(-14.0415,4.61029)]
triangle[(15.2045,6.8456),(16.0797,1.28874),(26.4756,2.92623)]
triangle[(-12.4981,-10.6674),(3.09933,-1.47825),(-14.8442,28.9787)]
triangle[(3.84152,-14.2313),(-16.7619,-0.692578),(-41.5228,-38.3741)]
triangle[(1.67854,9.95678),(-11.3445,-1.05146),(1.56274,-16.3211)]
triangle[(19.557,2.01117),(-16.0039,1.52553),(-15.2249,-55.5175)]
triangle[(9.17444,5.80937),(9.8182,-19.2543),(38.49,-18.5179)]
triangle[(-20.7607,9.5882),(16.9496,18.4581),(-0.577117,92.9734)]
triangle[(-4.59806,-1.54035),(-6.49452,1.48061),(-10.1353,-0.804931)]
triangle[(-14.7367,-17.3933),(3.79442,10.1106),(-50.2484,46.5227)]
triangle[(-13.0854,11.0879),(-19.8817,12.9301),(-21.9612,5.25828)]
triangle[(17.2543,-18.7939),(-16.7005,-19.4753),(-15.9037,-59.176)]
triangle[(18.5162,0.579664),(6.96218,14.6473),(-10.1325,0.607116)]
triangle[(-9.79616,8.67262),(20.6036,-2.04992),(37.8478,46.8397)]
triangle[(5.3326,-2.80223),(-6.8059,-16.0166),(17.5873,-38.4238)]
triangle[(-16.3583,2.13003),(6.86309,-13.8067),(25.2921,13.0463)]
triangle[(-3.14733,-6.97467),(-13.774,-0.849424),(-20.809,-13.0544)]
triangle[(9.08186,4.35264),(-3.82469,17.5799),(-17.9404,3.8064)]
triangle[(2.79681,10.244),(-7.50054,14.7838),(-13.7998,0.495732)]
triangle[(-19.6849,5.56523),(-10.1568,-4.83534),(8.81388,12.5439)]
triangle[(20.2028,-1.02751),(11.2497,14.3682),(-14.3133,-0.497518)]
triangle[(0.0720097,10.8657),(-4.27756,5.20237),(2.89944,-0.309769)]
triangle[(-15.4243,11.9081),(15.2714,9.59657),(18.5295,52.8613)]
triangle[(-18.1991,-13.7596),(0.526581,7.05962),(-33.424,37.5963)]
triangle[(-8.68823,11.3496),(13.9425,-8.7402),(36.2014,16.334)]
triangle[(18.58,-0.219021),(8.62555,-10.3884),(27.0405,-28.4142)]
triangle[(-10.3234,-1.76207),(20.2997,18.7076),(-15.4067,72.1251)]
triangle[(19.5087,-18.0061),(5.51812,1.6618),(-32.7681,-25.5727)]
triangle[(13.205,-5.79519),(17.3728,1.19429),(3.78404,9.29722)]
triangle[(-4.84807,-17.3498),(-8.94792,18.8096),(-61.2819,12.8759)]
triangle[(-14.8552,-14.0639),(5.09375,14.8374),(-49.6767,52.6425)]
triangle[(-14.6825,16.1924),(12.2767,8.56451),(27.0477,60.7697)]
triangle[(-12.2361,-16.9774),(18.2103,-20.2399),(21.9047,14.2366)]
triangle[(-3.43777,-17.1761),(-17.3236,14.9086),(-58.1546,-2.76262)]
triangle[(-17.9287,12.1608),(15.836,-8.97686),(57.1274,56.9809)]
triangle[(15.5364,-20.859),(17.7179,14.3239),(-47.2121,18.3499)]
triangle[(-19.6419,17.3356),(-2.78604,-14.8643),(47.7379,11.5838)]
triangle[(-19.0415,5.68438),(-8.844,8.26151),(-12.599,23.1197)]
triangle[(-8.02707,15.3975),(19.1746,10.9555),(27.7926,63.7288)]
triangle[(16.1783,-20.7685),(-6.28731,-6.64748),(-34.3921,-51.3603)]
triangle[(-17.0037,-14.5329),(5.35063,-10.6254),(-1.05521,26.021)]
triangle[(11.4591,-8.48875),(20.2006,-11.0457),(24.4653,3.53429)]
triangle[(8.19115,20.9811),(19.769,-17.7944),(80.9076,0.460712)]
triangle[(9.09895,-10.8969),(19.4112,5.42618),(-3.48259,19.8896)]
triangle[(12.5401,16.0178),(-8.35465,14.534),(-5.82983,-21.0207)]
triangle[(-7.29279,5.48945),(16.5267,-0.595718),(25.5847,34.8605)]
triangle[(0.893087,-4.8279),(-12.6217,-14.602),(6.19438,-40.6193)]
triangle[(10.7228,10.5199),(-10.2775,3.41522),(2.41799,-34.1107)]
triangle[(5.92864,-2.03597),(-9.32697,1.69303),(-16.7034,-28.4846)]
triangle[(-12.4766,-14.5649),(20.0029,-0.189456),(-2.49619,50.6446)]
triangle[(-6.03829,-18.3553),(-5.89608,4.31532),(-43.3005,4.54995)]
triangle[(4.29716,-14.057),(-17.2477,1.8192),(-33.5088,-20.2481)]
triangle[(-3.94849,16.7484),(-14.8654,14.6628),(-11.5566,-2.65676)]
triangle[(-10.1919,-16.5892),(-13.4283,19.3462),(-51.5438,15.9135)]
triangle[(-16.1165,3.72433),(-10.2453,5.5078),(-13.5914,16.5235)]
triangle[(2.16128,-20.9475),(-15.6758,-11.6289),(-28.9187,-36.9776)]
triangle[(2.06289,-14.0357),(-0.226758,-2.76981),(-16.8848,-6.15533)]
triangle[(-6.53369,-3.48528),(17.8034,19.6746),(-12.0782,51.0751)]
triangle[(11.2801,12.6282),(-6.12237,5.72577),(5.65174,-23.9591)]
triangle[(-10.2057,10.2651),(-16.8099,20.8857),(-27.8363,14.0291)]
triangle[(6.70213,14.4922),(-2.76066,14.817),(-3.32378,-1.58726)]
triangle[(-14.0583,-2.84923),(-6.64339,10.2786),(-22.7822,19.3941)]
triangle[(12.9498,-14.6664),(0.632066,-13.6352),(-0.56655,-27.9536)]
triangle[(-17.9277,-17.2969),(-10.5905,-12.2544),(-16.472,-3.69636)]
triangle[(10.9972,10.3654),(-18.955,-2.88656),(-1.99342,-41.2232)]
triangle[(-3.68207,3.12117),(-13.9625,-1.82103),(-8.42161,-13.3469)]
triangle[(15.6955,-6.39338),(11.368,-7.71474),(13.9176,-16.0647)]
triangle[(17.7926,20.6543),(5.48279,-18.5624),(45.1435,-31.0116)]
triangle[(12.6668,-15.0085),(6.45917,9.67691),(-21.3078,2.69439)]
triangle[(13.8811,-19.6668),(-18.0735,10.676),(-58.1384,-31.5174)]
triangle[(13.2802,-4.09029),(-0.526148,-11.0782),(7.69474,-27.3205)]
triangle[(2.43784,7.93491),(18.573,-13.2863),(50.2228,10.7781)]
triangle[(-9.72722,20.225),(0.671145,-7.17953),(47.4059,10.5535)]
triangle[(3.51018,3.24971),(16.0603,18.0671),(-4.05138,35.1015)]
triangle[(11.8626,5.83502),(12.3261,-19.4661),(40.6213,-18.9478)]
triangle[(13.2079,-0.951589),(-3.48852,14.343),(-32.0559,-16.8426)]
triangle[(17.5301,0.485326),(17.2233,8.88953),(4.30463,8.41798)]
triangle[(19.6301,-16.1779),(2.18362,19.9331),(-55.311,-7.84463)]
triangle[(-20.9002,-11.58),(-4.72984,0.517677),(-27.7903,31.3415)]
triangle[(-19.7264,-14.577),(-0.080138,-0.888205),(-18.064,24.9224)]
triangle[(14.427,-14.1933),(12.3648,-11.6483),(9.34682,-14.0938)]
triangle[(19.5379,6.48855),(-3.02102,-16.9132),(29.2486,-48.0206)]
triangle[(-4.62594,17.3665),(7.51024,17.7471),(6.78256,40.9517)]
triangle[(-0.866415,8.12754),(14.3989,-15.4996),(49.4384,7.13908)]
triangle[(20.3091,13.9339),(-5.90897,13.8411),(-5.74068,-33.7362)]
triangle[(-12.6775,8.024),(7.69039,-9.22862),(25.0913,11.3143)]
triangle[(8.45005,-10.8968),(20.5123,-1.4916),(2.62564,21.448)]
triangle[(10.7006,-2.68113),(-10.6011,6.71825),(-26.5713,-29.4748)]
triangle[(12.5513,18.9101),(-10.0086,20.1785),(-11.3728,-4.08694)]
triangle[(11.3558,-7.70566),(-7.46321,8.33386),(-35.6601,-24.7493)]
triangle[(19.3813,9.95575),(-16.1499,-16.4328),(17.4771,-61.7105)]
triangle[(-5.89344,8.47556),(2.55247,3.07193),(11.1841,16.5632)]
triangle[(17.1271,-5.86838),(-11.3492,-15.75),(4.38937,-61.1044)]
triangle[(6.64165,-7.92426),(2.02255,7.44454),(-20.0826,0.800847)]
triangle[(15.8925,-15.0666),(-1.02927,-2.26158),(-15.3668,-21.2084)]
triangle[(12.6385,17.856),(14.9193,-8.87239),(65.4872,-4.55737)]
triangle[(1.76316,-10.8315),(0.598694,0.507487),(-21.2958,-1.74099)]
triangle[(-15.4986,11.8712),(-16.3566,-6.14965),(11.2081,-7.46218)]
triangle[(-10.3848,-18.7098),(9.76469,-3.00913),(-21.5309,37.1541)]
triangle[(15.5274,-16.4699),(-3.63734,0.100692),(-32.0174,-32.7224)]
triangle[(20.8834,17.0024),(-10.7261,-4.57219),(26.9753,-59.8094)]
triangle[(-4.83563,-5.50938),(-15.1927,-14.7392),(-0.673566,-31.0315)]
triangle[(2.99299,17.0219),(2.57794,-14.6044),(57.3591,-15.3233)]
triangle[(5.44976,-11.4733),(-5.55761,-13.5281),(-2.01985,-32.4798)]
triangle[(-13.2287,-8.47647),(10.1632,11.8731),(-12.4578,37.8761)]
triangle[(19.3423,-17.5919),(-13.2108,-11.9417),(-19.4001,-47.6014)]
triangle[(-0.96401,-17.5111),(9.62712,-17.7172),(9.98238,0.545635)]
triangle[(-4.18856,11.1864),(-7.98081,-10.8618),(34.4908,-18.1668)]
triangle[(-9.31622,-18.0559),(-18.4313,-4.41818),(-40.369,-19.0807)]
triangle[(-17.2343,-19.5568),(-9.47877,5.52388),(-41.9533,15.5657)]
triangle[(-11.9054,5.74645),(9.30772,-11.0726),(29.3764,14.2392)]
triangle[(5.98288,-14.2971),(3.77796,9.93249),(-37.2097,6.20258)]
triangle[(-4.7432,0.838564),(-19.9968,11.5586),(-36.5388,-11.9791)]
triangle[(-17.6919,2.229),(3.95889,11.7536),(-6.37844,35.2519)]
triangle[(8.66969,-13.3148),(4.88371,-16.2304),(8.45496,-20.8677)]
triangle[(-14.4544,-18.8228),(14.1205,18.0726),(-53.6763,70.5802)]
triangle[(14.6273,2.37701),(2.08142,-2.9698),(8.34469,-17.6661)]
triangle[(-9.66873,0.904056),(11.4875,-18.8632),(33.3289,4.51283)]
triangle[(14.7854,2.85633),(17.9581,17.7391),(-7.44613,23.1548)]
triangle[(0.622093,14.6147),(11.9004,11.6485),(15.5943,25.6942)]
triangle[(-2.93869,-13.4909),(10.1188,7.67968),(-15.1865,23.2874)]
triangle[(-18.7812,-18.9625),(18.3666,2.81062),(-11.4632,53.7042)]
triangle[(6.10481,-8.99349),(-2.23696,10.0088),(-29.5214,-1.96882)]
triangle[(16.4483,-0.681829),(7.63909,-18.2293),(34.246,-31.5866)]
triangle[(-0.435278,-6.56689),(-11.9098,-2.02156),(-18.6239,-18.9711)]
triangle[(19.5348,-5.81112),(-20.1987,-7.91379),(-17.202,-64.5416)]
triangle[(-18.6372,-5.0247),(2.7127,-19.833),(31.9832,22.3679)]
triangle[(1.78656,-3.38008),(12.0872,-11.5974),(27.6815,7.95046)]
triangle[(1.51882,15.9467),(12.8473,-12.6214),(63.6459,7.52238)]
triangle[(0.372542,-8.84078),(8.51096,0.108201),(-4.10975,11.5858)]
triangle[(17.5696,2.6084),(13.1022,14.2277),(-8.20138,6.03692)]
triangle[(10.877,10.6324),(9.49184,-17.2266),(45.1747,-19.0008)]
triangle[(14.5317,-10.4308),(5.47393,-5.84752),(-2.37316,-21.3554)]
triangle[(13.5617,-13.5254),(-7.77929,10.4904),(-36.6166,-15.1352)]
triangle[(-6.2654,12.9057),(-20.8329,0.961759),(-7.67846,-15.0823)]
triangle[(11.2749,7.98518),(-18.626,15.1049),(-26.3437,-17.307)]
triangle[(10.5524,-19.5861),(-17.5666,11.838),(-66.9547,-32.3556)]
triangle[(-17.9666,14.5007),(-12.4278,-13.2874),(38.4535,-3.14564)]
triangle[(20.4682,2.6527),(6.97031,3.80141),(5.05403,-18.7156)]
triangle[(12.6833,-9.5475),(20.1034,-7.03656),(17.0555,1.97022)]
triangle[(-16.5106,11.899),(-14.7549,-12.4357),(20.1789,-9.9154)]
triangle[(-14.4529,19.074),(17.5266,-18.2103),(60.1415,18.3414)]
triangle[(-10.8139,7.79997),(8.3537,7.64771),(8.56542,34.3017)]
triangle[(-5.26463,-16.593),(-4.9216,-13.4605),(-8.24922,-13.0961)]
triangle[(20.1656,-12.3495),(15.181,19.7412),(-28.6402,12.9346)]
triangle[(1.5401,-10.6312),(5.83599,-14.4973),(12.5203,-7.06972)]
triangle[(-5.92117,11.2594),(-16.3598,-14.9533),(31.019,-33.8208)]
triangle[(6.15129,-11.3032),(9.18185,1.7803),(-4.76258,5.01028)]
triangle[(-4.21808,1.08691),(-19.5826,-3.28669),(-11.4303,-31.9256)]
triangle[(-6.39929,18.8838),(-18.8733,-7.59467),(22.1853,-26.9373)]
triangle[(12.8885,-11.9029),(-13.2047,15.9801),(-60.6472,-28.4171)]
triangle[(-9.70238,10.795),(-11.6954,11.3735),(-12.4819,8.66391)]
triangle[(9.43186,8.39433),(4.67929,10.0686),(1.36838,0.669996)]
triangle[(-2.30324,-4.3532),(12.3549,13.2514),(-17.0577,37.7411)]
triangle[(-20.4839,-2.03665),(-19.1062,8.2653),(-39.2385,10.9575)]
triangle[(15.5335,-9.19457),(-11.6252,0.222866),(-28.1558,-47.4493)]
triangle[(13.5211,11.9355),(-11.4241,-16.8005),(40.1523,-61.5731)]
triangle[(19.5754,14.4211),(0.277772,-13.4628),(44.0733,-43.7725)]
triangle[(-12.3592,11.6749),(-8.0849,-3.77835),(22.5614,4.69827)]
triangle[(-19.2182,-11.2173),(7.28191,15.1659),(-21.2612,43.8355)]
triangle[(2.63194,7.1384),(-14.285,10.6519),(-21.036,-21.8532)]
triangle[(-16.5295,3.65478),(19.8734,-15.8833),(57.256,53.7674)]
triangle[(-0.363367,-5.30068),(19.7065,-19.0613),(44.4325,17.0014)]
triangle[(-3.99782,-4.98692),(-14.9884,16.5081),(-55.1986,-4.05168)]
triangle[(-14.8804,3.90168),(6.34955,-4.35814),(17.0978,23.2678)]
triangle[(14.1485,15.4243),(19.4591,20.7253),(13.6242,26.5708)]
triangle[(2.68279,-18.3975),(-5.50915,11.6395),(-55.0641,-1.87551)]
triangle[(9.8064,-10.0469),(-16.2145,-0.219681),(-26.1893,-26.6312)]
triangle[(11.4725,11.9592),(-4.39946,9.40026),(-0.731997,-13.3472)]
triangle[(3.61735,-10.545),(-10.467,-20.382),(9.01398,-48.2744)]
triangle[(-4.05115,18.9193),(2.11569,-8.61275),(47.2234,1.49083)]
triangle[(-11.8383,-8.14449),(-5.71178,6.55939),(-34.9423,18.7385)]
triangle[(20.2458,-10.7655),(11.8401,19.0493),(-29.4451,7.40967)]
triangle[(-7.50962,-2.44986),(17.6516,5.3262),(4.40586,48.186)]
triangle[(-0.437597,6.09125),(-14.5744,-20.0245),(14.9346,-35.9981)]
triangle[(2.4804,-15.81),(9.86117,8.4106),(-29.7603,20.4845)]
triangle[(-2.58429,-5.6148),(14.6385,-19.7917),(35.8674,5.99824)]
triangle[(19.7977,-17.9105),(13.6698,14.0788),(-43.7061,3.08792)]
triangle[(4.17048,17.9402),(16.7086,7.93701),(29.5577,24.0422)]
triangle[(-6.90147,7.50393),(-2.15151,-3.74604),(14.8257,3.42207)]
triangle[(7.7649,-9.51598),(-2.60155,-19.5189),(11.9292,-34.5777)]
triangle[(-13.2875,-10.4842),(2.69915,13.4185),(-38.4785,40.9591)]
triangle[(-14.5961,-3.01006),(-16.4489,-15.1777),(-2.32682,-17.3281)]
triangle[(-19.388,20.404),(-3.13503,-19.9826),(61.533,6.04219)]
triangle[(-13.4204,17.1805),(-7.07839,-9.71592),(42.7228,2.02696)]
triangle[(20.3185,-15.3754),(1.33909,1.62565),(-27.7558,-30.855)]
triangle[(9.65796,2.84786),(0.0391078,-18.7702),(40.4155,-36.7355)]
triangle[(11.5205,18.5951),(5.07534,13.2284),(13.382,3.2526)]
triangle[(-4.60976,13.7672),(-19.3648,-8.14324),(13.5407,-30.3028)]
triangle[(6.50331,-8.41478),(-5.54362,5.46194),(-29.9,-15.6828)]
triangle[(-15.3038,-7.91466),(-6.29971,19.8992),(-54.0765,35.3658)]
triangle[(0.782486,14.9302),(8.84483,-17.342),(71.9354,-1.58046)]
triangle[(1.98379,2.1019),(-12.52,-10.4713),(8.9147,-35.1974)]
triangle[(0.0918475,17.0058),(19.705,19.3863),(16.9455,42.122)]
triangle[(20.0596,-13.8939),(13.3691,-6.24277),(4.98006,-13.5786)]
triangle[(20.8739,-20.4998),(-4.00113,1.44955),(-47.0536,-47.3414)]
triangle[(18.5884,-13.6214),(15.9288,1.35219),(-13.0602,-3.79682)]
triangle[(-17.2536,14.7872),(-13.6057,-12.6688),(24.4611,-7.61111)]
triangle[(18.4703,-12.7709),(7.29184,-2.01251),(-11.2646,-21.2934)]
triangle[(-0.57971,20.2745),(19.1141,13.8128),(29.8231,46.4516)]
triangle[(-4.46231,-8.87425),(-19.7248,9.24103),(-45.8825,-12.7973)]
triangle[(16.4282,-13.9273),(16.5796,18.3504),(-45.1424,18.6397)]
triangle[(-5.1916,-13.5509),(-9.07712,-4.78389),(-25.6899,-12.1466)]
triangle[(12.2766,-1.32993),(19.0884,2.7742),(11.6974,15.0413)]
triangle[(20.7565,19.0589),(13.5828,-15.2225),(75.0123,-28.0772)]
triangle[(-12.5253,6.08002),(-15.948,-15.0884),(19.0174,-20.7419)]
triangle[(4.44773,-17.8598),(-6.9592,-0.769852),(-30.4303,-16.4359)]
triangle[(9.15915,-10.24),(10.3112,-15.4149),(15.5571,-14.2471)]
triangle[(10.7775,-13.5113),(19.3906,-2.45007),(-2.60981,14.6811)]
triangle[(11.0214,-6.01254),(18.7441,-12.3281),(31.0664,2.7399)]
triangle[(15.4313,8.98289),(12.7814,-10.1216),(35.8709,-13.3243)]
triangle[(-1.48351,6.39401),(13.4018,9.33246),(9.56606,28.763)]
triangle[(19.1366,6.29791),(16.4645,-13.5712),(39.1437,-16.6212)]
triangle[(-12.7578,15.5197),(-20.5972,-11.0032),(16.1763,-21.8723)]
triangle[(-13.51,20.0774),(-11.5115,-0.608726),(17.7724,2.22043)]
triangle[(-9.19912,-0.978912),(-16.7355,-18.5535),(15.7501,-32.4841)]
triangle[(-8.65075,-19.4044),(-8.7476,7.47979),(-40.5779,7.36512)]
triangle[(-3.18406,19.8083),(-9.36386,12.2398),(5.55002,0.0623743)]
triangle[(-13.7798,14.1315),(-12.7937,-0.210326),(3.59764,0.916759)]
triangle[(-13.2716,5.3397),(-14.717,-18.8918),(20.7461,-21.0072)]
triangle[(5.73789,-4.58188),(2.63284,20.8487),(-33.1164,16.4838)]
triangle[(10.2585,-3.05401),(15.8426,-8.48702),(24.7402,0.658004)]
triangle[(-14.4354,-11.5651),(19.8997,18.028),(-14.9937,58.5126)]
triangle[(-2.29443,-2.28905),(-14.0173,12.7376),(-32.1775,-1.42993)]
triangle[(16.1556,6.86199),(-6.71556,6.90614),(-6.78895,-31.1116)]
triangle[(-16.3173,20.2709),(15.635,12.059),(30.1234,68.4327)]
triangle[(-3.14295,13.3245),(6.59985,-0.330786),(24.1167,12.1672)]
triangle[(8.60853,-20.2813),(12.4661,-11.8193),(-4.0391,-4.2951)]
triangle[(10.4049,6.85086),(13.3221,4.98338),(15.2793,8.04083)]
triangle[(20.2254,-2.89427),(6.94781,-13.5778),(26.7089,-38.137)]
triangle[(-10.5492,8.26211),(18.6743,-6.92506),(43.4408,40.7313)]
triangle[(6.42513,13.7921),(-13.7398,-8.00203),(28.6324,-47.2067)]
triangle[(17.8412,14.6794),(11.063,-10.3926),(41.2427,-18.5517)]
triangle[(-11.3418,14.4786),(17.5891,10.3143),(24.2718,56.7424)]
triangle[(16.7302,-2.19443),(16.1202,18.7198),(-17.5046,17.7392)]
triangle[(18.0311,16.8922),(19.3983,-6.10976),(53.1008,-4.10649)]
triangle[(-11.4178,3.28734),(-17.9939,18.8351),(-44.6244,7.57129)]
triangle[(-12.4225,-4.04723),(6.33855,-2.40633),(4.25253,21.4439)]
triangle[(-19.0582,16.5868),(7.84935,-2.54087),(37.7864,39.5725)]
triangle[(-2.40548,16.5399),(-14.9115,5.06564),(3.04567,-14.5064)]
triangle[(0.483997,-17.8145),(-20.4082,-12.8087),(-28.4463,-46.3568)]
triangle[(6.16691,18.3825),(-7.74156,-18.9747),(59.6078,-44.0495)]
triangle[(-5.94486,2.804),(-7.29129,9.18767),(-14.1982,7.73088)]
triangle[(-2.71455,-1.23804),(4.22699,-12.4814),(17.2831,-4.42065)]
triangle[(-9.04482,11.7002),(-16.834,11.3841),(-16.2058,-4.09583)]
triangle[(17.6852,-4.05249),(16.2118,18.1735),(-23.4715,15.5428)]
triangle[(-13.2307,20.8253),(-14.3357,-19.0093),(39.524,-20.5033)]
triangle[(5.45461,5.98176),(-20.7948,-10.6351),(-0.470895,-42.7405)]
triangle[(-8.34959,6.34885),(6.5381,-18.0408),(53.5733,10.6699)]
triangle[(16.4954,-6.66846),(2.40023,-4.52116),(-1.57478,-30.6137)]
triangle[(-15.5844,-14.0633),(-5.18775,-19.2854),(5.25188,1.49882)]
triangle[(-12.6434,12.3081),(-6.13283,15.4295),(-9.92847,23.3463)]
triangle[(-6.69278,7.97852),(17.7615,-17.5186),(60.6605,23.6259)]
triangle[(13.3786,-10.3386),(-8.29669,19.2147),(-60.4696,-19.0507)]
triangle[(-18.7387,2.35114),(11.0994,8.22833),(3.25448,48.0565)]
triangle[(15.602,-0.439608),(-4.05293,17.2967),(-35.3371,-17.3717)]
triangle[(1.85994,8.26245),(6.49024,16.4681),(-8.34202,24.8377)]
triangle[(-17.7426,-2.00597),(6.25542,6.14885),(-2.74867,32.6461)]
triangle[(18.2302,10.487),(13.5378,-6.95884),(39.3426,-13.8996)]
triangle[(5.95506,-20.3356),(-13.5863,14.1728),(-76.935,-21.7002)]
triangle[(-14.334,11.3108),(-4.71827,-3.0313),(16.4282,11.1465)]
triangle[(16.7613,-11.8246),(-12.1254,-12.8135),(-10.764,-52.5791)]
triangle[(18.2056,-20.6337),(-11.8378,-12.6163),(-25.0022,-61.9471)]
triangle[(16.2617,5.88667),(15.076,-5.0203),(36.5215,-7.3517)]
triangle[(-4.31324,-0.458492),(10.4937,2.94828),(4.30597,29.8419)]
triangle[(-16.3281,6.06958),(11.4896,19.4728),(-7.73598,59.3744)]
triangle[(-15.4412,-9.91142),(7.99606,-6.67383),(2.62948,32.1755)]
triangle[(10.4832,7.44141),(-7.72381,-12.1621),(22.9219,-40.6246)]
triangle[(-9.27657,-17.2623),(6.73744,15.8658),(-37.8165,37.403)]
triangle[(4.79862,17.5827),(15.566,0.113627),(37.9195,13.8916)]
triangle[(-5.88511,5.66248),(6.42156,1.41716),(13.4616,21.8254)]
triangle[(-10.8998,19.2316),(7.88915,-6.82111),(41.7038,17.5657)]
triangle[(1.97941,-0.375356),(18.7895,12.8806),(-0.654264,37.5375)]
triangle[(-1.29089,-19.6958),(-11.0274,8.96137),(-55.4699,-6.13835)]
triangle[(9.27637,-2.08244),(-0.0842814,1.7113),(-7.63409,-16.917)]
triangle[(-10.7066,-9.34616),(-1.56411,-11.7745),(2.12675,2.12143)]
triangle[(3.70441,-8.96242),(-16.6757,-3.29649),(-26.8998,-40.072)]
triangle[(4.24744,-5.15835),(6.57184,-2.19281),(3.35641,0.327456)]
triangle[(15.144,2.87776),(6.52195,0.110329),(11.0672,-14.0507)]
triangle[(-9.94439,14.8802),(-19.1013,19.6847),(-28.5693,1.63952)]
triangle[(-2.2425,14.3677),(-6.61318,20.7136),(-19.0471,12.1499)]
triangle[(14.6863,12.2283),(3.81623,12.8429),(3.08229,-0.138326)]
triangle[(-8.6419,-5.90482),(-18.038,-14.5103),(-4.70153,-29.072)]
triangle[(10.0448,1.68603),(-7.03432,-15.174),(20.9789,-43.5511)]
triangle[(2.39494,14.2413),(-6.54803,7.66199),(4.68016,-7.59999)]
triangle[(11.276,-14.4973),(-1.8547,-12.7057),(-5.30591,-38.0002)]
triangle[(12.8787,12.6894),(8.06885,13.8496),(6.37325,6.8202)]
triangle[(10.2184,-8.65914),(2.90953,-1.37084),(-8.95337,-13.2672)]
triangle[(3.09554,20.5082),(-11.4745,-13.6752),(53.4383,-41.343)]
triangle[(-3.80634,13.7891),(5.39888,-7.13058),(45.4396,10.4884)]
triangle[(5.41871,10.847),(11.3978,-1.44882),(26.836,6.05826)]
triangle[(-10.5157,-19.9015),(7.30099,-12.3295),(-7.38889,22.2353)]
triangle[(4.70957,-6.9012),(-20.735,9.67223),(-41.1282,-21.6367)]
triangle[(17.1006,16.1112),(12.2725,11.4491),(18.0746,5.44049)]
triangle[(0.766922,-15.2889),(4.40192,-16.0318),(5.77208,-9.32821)]
triangle[(-3.43616,-14.4276),(20.7028,-17.874),(26.0439,19.5364)]
triangle[(20.3409,7.33259),(2.67343,-14.1939),(34.7547,-40.5241)]
triangle[(-16.9661,-18.6139),(-16.9126,20.9123),(-72.442,20.9875)]
triangle[(10.9162,-2.55867),(-2.08473,-13.9547),(15.573,-34.0992)]
triangle[(13.8259,14.4778),(-9.31049,-17.7388),(28.9522,-45.2171)]
triangle[(17.8436,6.40681),(-11.4708,-14.3648),(23.0968,-63.149)]
triangle[(-9.47941,-15.1954),(-7.1409,17.8081),(-48.0669,20.7079)]
triangle[(14.0873,19.3979),(-9.86365,-5.58122),(37.3476,-50.8493)]
triangle[(-13.8672,-12.8224),(-8.9166,18.1031),(-58.2604,26.0021)]
triangle[(-20.6595,1.90868),(-15.4988,14.4133),(-40.276,24.639)]
triangle[(-2.26717,4.49264),(4.81406,12.1815),(-5.41509,21.6023)]
triangle[(-3.59034,14.4322),(1.16387,9.02533),(11.1953,17.846)]
triangle[(-14.9861,9.03164),(-15.6215,-11.2433),(9.51189,-12.0309)]
triangle[(12.2792,-17.1738),(-5.29918,-5.03545),(-20.7074,-27.3491)]
triangle[(-13.8384,13.7557),(-3.16244,8.99765),(5.4821,28.3939)]
triangle[(-3.52243,10.7501),(9.56463,8.36165),(13.2532,28.5722)]
triangle[(-8.32482,-15.7424),(-2.24658,-8.32104),(-9.72182,-2.19869)]
triangle[(1.99178,-15.4275),(9.57767,-3.58148),(-4.41686,5.38028)]
triangle[(14.1089,-7.84068),(20.1513,15.0064),(-12.0356,23.5188)]
triangle[(7.39731,11.5569),(9.25804,-15.4422),(58.592,-12.0422)]
triangle[(-13.9641,-7.61349),(3.76272,-12.3864),(11.4656,16.2225)]
triangle[(3.97535,-5.7076),(-2.78388,13.2241),(-36.4165,1.21608)]
triangle[(-7.68582,5.93838),(17.2924,-11.9408),(41.4497,21.8083)]
triangle[(4.46934,-7.11213),(9.66337,-4.93237),(5.55338,4.86108)]
triangle[(-5.54023,-6.41235),(17.9607,14.5578),(-13.6938,50.0326)]
triangle[(-2.97923,-19.9307),(-8.88905,10.1177),(-52.228,1.59392)]
triangle[(-5.49046,-12.9907),(-11.1747,-19.8934),(-0.557839,-28.6363)]
triangle[(-16.8603,11.7661),(-20.917,-14.294),(20.4055,-20.7265)]
triangle[(-18.1472,-10.3921),(15.8603,-13.4963),(20.5227,37.5828)]
triangle[(1.57812,-2.15702),(-8.73617,-3.6211),(-5.82225,-24.1494)]
triangle[(17.8228,18.6094),(-9.11476,15.7328),(-5.69594,-16.282)]
triangle[(-12.4952,9.15898),(-6.98321,19.4157),(-24.152,28.6422)]
triangle[(3.23655,-16.7977),(1.78552,7.65123),(-25.2315,6.04778)]
triangle[(-6.54189,9.66762),(-4.00814,-10.7493),(28.303,-6.73946)]
triangle[(19.1407,-6.26296),(-12.8537,2.65654),(-25.2912,-41.957)]
triangle[(-8.55618,10.0696),(-10.4439,-14.9054),(29.0711,-17.8921)]
triangle[(-5.3807,-1.04454),(9.06367,2.00411),(4.69748,22.6909)]
triangle[(10.0936,-14.9464),(-19.3677,-12.9001),(-22.3305,-55.5576)]
triangle[(-7.50728,2.4288),(3.46498,9.06301),(-3.31574,20.2776)]
triangle[(13.3034,-5.58474),(3.93281,-14.8842),(17.1343,-28.1867)]
triangle[(-6.31444,16.6152),(2.78131,-2.93492),(23.5146,6.71129)]
triangle[(-2.7886,-6.28311),(2.20295,-15.5856),(14.7192,-8.86957)]
triangle[(-11.3322,-11.5631),(-7.94239,-0.450747),(-19.3633,3.03323)]
triangle[(-19.4189,-14.1072),(-15.7659,16.6557),(-64.6446,22.46)]
triangle[(-13.4875,-15.2641),(20.3114,20.9369),(-39.4047,76.6906)]
triangle[(14.8665,10.336),(-19.0352,13.0085),(-22.5772,-31.9222)]
triangle[(-2.68168,-17.9733),(-15.1507,10.032),(-63.7725,-11.6164)]
triangle[(18.8786,-2.37441),(-16.6693,11.8869),(-39.2119,-44.3033)]
triangle[(12.8937,-15.8206),(-6.85208,-20.3441),(1.90668,-58.5781)]
triangle[(16.465,-15.2695),(13.5253,-15.4713),(13.8113,-19.6376)]
triangle[(17.1299,-15.2035),(-12.2342,-1.62137),(-34.6942,-50.1791)]
triangle[(-14.6241,15.8914),(-2.50215,-9.27678),(32.381,7.52435)]
triangle[(9.93684,14.9415),(-7.28282,6.59935),(3.02769,-14.6833)]
triangle[(15.5917,9.85287),(-16.0274,-7.07032),(5.47463,-47.2446)]
triangle[(-20.2577,5.224),(-4.19367,10.1985),(-10.1118,29.3099)]
triangle[(-2.52606,-2.74697),(12.4127,-9.42688),(20.3947,8.42393)]
triangle[(-10.3715,18.0004),(-20.5184,-16.0735),(27.532,-30.3824)]
triangle[(5.5656,15.7033),(-10.2514,-18.29),(52.7558,-47.607)]
triangle[(-3.86497,10.984),(-13.0857,-8.56966),(10.4821,-19.6833)]
triangle[(16.0329,18.7018),(20.8069,-2.17329),(59.5709,6.69171)]
triangle[(-11.8479,20.4079),(-17.2477,16.7441),(-11.21,7.84541)]
triangle[(18.3713,-10.8442),(-2.77305,-6.0295),(-8.28568,-30.2389)]
triangle[(9.61395,15.1654),(-1.94601,3.76946),(19.5117,-17.997)]
