triangle[(-8.6021,-9.72524),(12.701,-20.3375),(29.3516,13.0872)]
triangle[(17.3567,2.58123),(-19.3986,-12.7595),(4.67094,-70.4285)]
triangle[(-20.9857,7.38665),(12.3082,3.92314),(16.7306,46.4355)]
triangle[(-2.76807,16.9122),(-20.265,11.4998),(-12.515,-13.5538)]
triangle[(11.0422,18.6755),(9.97149,6.22189),(34.1995,4.13886)]
triangle[(-14.2726,-2.69352),(-17.3333,-0.297028),(-20.8075,-4.73419)]
triangle[(-20.1233,-1.59857),(-1.64106,9.07614),(-22.2327,44.7286)]
triangle[(2.57916,-11.9101),(-3.77705,15.367),(-43.3326,6.14965)]
triangle[(5.92784,-7.0409),(-10.0447,13.595),(-40.9085,-10.2941)]
triangle[(-11.4629,-8.78032),(15.9302,9.40043),(-6.58074,43.3179)]
triangle[(-18.8009,4.40967),(14.1485,-17.9926),(46.7742,29.9936)]
triangle[(13.6424,4.19649),(2.29413,-4.18829),(10.9104,-15.8499)]
triangle[(11.787,-12.8763),(-18.2621,6.90198),(-39.5027,-25.3689)]
triangle[(18.5969,1.00521),(-10.6926,-5.57271),(0.956084,-57.4409)]
triangle[(3.9534,6.31807),(-4.2337,-3.43533),(13.084,-17.972)]
triangle[(1.71485,-9.33383),(6.63562,-8.32563),(4.71074,1.06926)]
triangle[(18.7948,-0.85394),(7.50248,-19.9574),(31.776,-34.3058)]
triangle[(0.387111,1.04233),(-9.71832,11.0273),(-23.4991,-2.91988)]
triangle[(12.0593,11.7107),(0.333713,-1.95844),(16.6953,-15.9936)]
triangle[(-3.86316,-5.33216),(-20.5781,-9.13877),(-15.9796,-29.3307)]
triangle[(-7.66867,-19.0254),(14.7699,-5.06733),(-4.3566,25.6797)]
triangle[(15.4578,17.6848),(2.92096,-7.6185),(47.744,-29.8267)]
triangle[(-6.96904,-10.7702),(2.49924,-4.05409),(-7.39967,9.90119)]
triangle[(-20.3737,11.9856),(-18.6342,-16.6181),(33.8797,-13.4244)]
triangle[(-8.82529,10.5605),(15.3991,2.01478),(24.2094,26.9892)]
triangle[(16.7451,-9.96211),(-13.396,13.2945),(-54.7433,-40.2926)]
triangle[(6.39005,-17.535),(-11.7511,2.63226),(-37.1718,-20.2346)]
triangle[(-3.34587,20.3548),(18.0035,15.0253),(28.073,55.3622)]
triangle[(18.9255,-0.739755),(9.11759,13.7421),(-14.2484,-2.08245)]
triangle[(-14.1793,-16.1178),(-15.0971,-10.0167),(-22.5504,-11.1379)]
triangle[(12.9451,16.6645),(-15.5049,0.43096),(7.70381,-40.2432)]
triangle[(20.6739,-11.3848),(-13.2231,7.22654),(-49.6967,-59.2031)]
triangle[(-0.382322,-18.7266),(4.18923,-8.14309),(-16.7143,0.886223)]
triangle[(-20.7835,-6.54707),(-3.91591,18.5167),(-51.832,50.7637)]
triangle[(9.18022,-1.32548),(-0.526115,-1.85394),(0.269581,-16.4689)]
triangle[(-15.4651,9.33874),(-16.1255,5.5962),(-11.7831,4.82996)]
triangle[(-13.8756,-19.0944),(18.7848,11.8588),(-32.4767,65.9475)]
triangle[(11.8319,-9.33017),(12.7187,-5.02984),(4.52839,-3.34071)]
triangle[(12.4289,-9.764),(11.4746,-3.177),(1.17782,-4.66878)]
triangle[(-14.1785,13.6643),(-20.702,2.19684),(-4.82282,-6.83634)]
triangle[(-0.835695,14.0395),(7.88521,16.2543),(3.59712,33.1386)]
triangle[(-10.6756,-17.2816),(8.5752,15.2805),(-35.0698,41.0836)]
triangle[(-13.9884,-11.8941),(-3.17097,-10.1905),(-5.24054,2.95095)]
triangle[(-5.6488,-13.5622),(-3.98418,-8.10602),(-11.2913,-5.87669)]
triangle[(-1.08327,-12.364),(10.5374,-11.3008),(9.03139,5.16014)]
triangle[(-7.52332,-9.32106),(16.2099,0.298948),(6.4978,24.2595)]
triangle[(-19.3818,-3.43305),(9.44672,16.3621),(-24.8877,66.3648)]
triangle[(-0.571272,-19.2925),(-6.55349,-11.0417),(-15.5251,-17.5465)]
triangle[(-16.764,14.5539),(17.8687,-14.2574),(68.9371,47.1293)]
triangle[(0.27847,-2.19504),(-12.2915,7.11906),(-27.856,-13.8862)]
triangle[(-14.6988,-13.1798),(0.674761,10.3035),(-44.0424,39.5779)]
triangle[(4.38536,17.2817),(-18.6481,-4.97912),(14.7106,-39.4956)]
triangle[(5.89219,20.1462),(-1.87736,0.152376),(24.3777,-10.0503)]
triangle[(-10.2082,0.673656),(6.27979,17.7934),(-23.237,46.221)]
triangle[(-15.6175,0.652445),(-1.13712,-4.96757),(8.74044,20.4827)]
triangle[(-17.7097,-9.66274),(19.5727,-11.1794),(22.5189,61.2448)]
triangle[(-20.2363,3.6992),(-8.08088,-9.91605),(17.295,12.739)]
triangle[(15.1847,-19.7374),(-13.1941,7.26711),(-60.7779,-42.7383)]
triangle[(5.26734,-6.71727),(-10.2693,-6.06688),(-11.1541,-27.203)]
triangle[(-4.45941,12.0321),(10.3945,-3.49414),(28.1363,13.4794)]
triangle[(-14.0323,12.8352),(18.7537,2.49908),(31.3945,42.5956)]
triangle[(16.6105,-7.56724),(19.4889,11.1979),(-17.4405,16.8625)]
triangle[(-5.83643,10.4517),(-18.0062,-10.1571),(8.44802,-25.7787)]
triangle[(0.148467,6.01036),(-19.5012,11.6622),(-29.8362,-24.2693)]
triangle[(20.2032,13.7834),(9.30707,6.07744),(18.3629,-6.7273)]
triangle[(2.72035,8.96901),(7.36449,-12.599),(49.5397,-3.51755)]
triangle[(-15.8719,19.1986),(-5.28078,14.9354),(2.50297,34.273)]
triangle[(-16.8551,11.3522),(11.6953,0.0342617),(30.9266,48.5466)]
triangle[(-7.24581,1.4446),(-17.172,15.6339),(-34.0626,3.81795)]
triangle[(-19.8142,2.87439),(-7.67244,-4.14018),(6.04833,19.6095)]
triangle[(-2.76768,2.26082),(7.63295,-1.92429),(15.4356,17.4665)]
triangle[(6.96117,19.3802),(5.31187,-13.5742),(64.1692,-16.5199)]
triangle[(18.289,16.8736),(18.069,5.78001),(33.2255,5.47939)]
triangle[(4.77595,-11.4423),(20.6543,-14.7473),(24.0788,1.70525)]
triangle[(-0.445019,0.0564897),(-1.13078,-3.33623),(3.74589,-4.32194)]
triangle[(16.2401,-7.39404),(20.9638,-8.24948),(22.0407,-2.30299)]
triangle[(1.87302,7.41188),(-2.78933,-6.13652),(16.7793,-12.8706)]
triangle[(14.8629,-8.32952),(2.7144,2.39277),(-11.5965,-13.8217)]
triangle[(3.88425,16.8665),(6.10517,-12.7704),(55.3316,-9.08151)]
triangle[(-20.6741,9.6136),(-7.27215,10.9129),(-9.64013,35.3387)]
triangle[(-13.0712,-4.84573),(18.7425,-7.68364),(22.4803,34.2183)]
triangle[(-11.7252,1.29218),(16.6751,9.98856),(4.48421,49.8009)]
triangle[(20.9677,6.18707),(16.5717,-6.86639),(33.3683,-12.5229)]
triangle[(6.61891,-11.7412),(8.45739,-7.22567),(1.36728,-4.33893)]
triangle[(-0.285783,-3.57818),(18.036,2.35868),(10.2267,26.4592)]
triangle[(-10.0011,-8.22703),(-1.85566,11.2641),(-37.9482,26.3474)]
triangle[(-20.2117,-4.77975),(11.1188,-7.32421),(14.57,35.1702)]
triangle[(-20.4492,14.4506),(-11.4439,-7.79095),(19.6029,4.77946)]
triangle[(9.61,7.88126),(-14.668,14.3773),(-25.4928,-26.0792)]
triangle[(10.7953,-9.83745),(8.74358,17.0999),(-21.5361,14.7936)]
triangle[(11.2346,7.68772),(-17.4827,12.572),(-23.8239,-24.711)]
triangle[(-11.1266,-19.2877),(-14.9399,18.6643),(-69.4345,13.1889)]
triangle[(-2.46577,4.6669),(-20.3531,14.9785),(-39.4036,-18.0679)]
triangle[(6.88434,-11.9367),(16.509,20.2804),(-34.8016,35.6091)]
triangle[(-5.25263,-1.66809),(-20.1348,14.8088),(-45.2009,-7.83136)]
triangle[(-16.9549,-18.9705),(11.7401,4.95322),(-35.2495,61.3143)]
triangle[(-13.5544,-20.3299),(3.56732,5.25354),(-40.9702,35.0602)]
triangle[(-18.8243,5.76612),(-16.0339,6.99044),(-17.4931,10.3163)]
triangle[(4.00893,-5.35877),(-13.8874,-17.7108),(4.18685,-43.8979)]
triangle[(-9.73632,-14.531),(15.0428,-3.04596),(1.62347,25.9066)]
triangle[(7.77387,-16.5761),(15.5408,8.48964),(-18.7726,19.122)]
triangle[(3.28821,0.672094),(15.0325,20.8431),(-18.7114,40.4901)]
triangle[(16.0475,1.2024),(-12.3184,-15.0432),(6.08505,-47.1768)]
triangle[(-11.26,6.18518),(-16.1174,-12.5401),(15.1173,-20.6425)]
triangle[(-14.0875,-12.7475),(-7.88061,-7.53235),(-13.7444,-0.553474)]
triangle[(-16.2776,12.4223),(15.8359,16.6254),(9.89582,62.0109)]
triangle[(18.974,4.0953),(-8.51958,13.4871),(-23.5166,-30.4149)]
triangle[(-0.677339,3.11643),(-20.6469,3.1428),(-20.6922,-31.1818)]
triangle[(-3.34667,1.7099),(16.6864,15.7176),(-2.91571,43.7516)]
triangle[(9.98735,14.8211),(-14.4128,1.267),(12.2173,-46.6727)]
triangle[(-2.93439,-5.26187),(-1.976,4.23531),(-17.0045,5.75189)]
triangle[(16.3914,-0.396799),(18.622,17.7361),(-5.5041,20.7039)]
triangle[(-20.5498,9.22103),(-6.89382,-7.02232),(14.4395,10.9128)]
triangle[(-7.81069,4.9799),(3.97196,-20.5221),(39.0218,-4.32812)]
triangle[(7.81334,-4.5417),(-16.8387,-3.57594),(-18.3751,-42.7945)]
triangle[(11.9803,-0.506288),(-11.3022,11.9153),(-35.0539,-32.6038)]
triangle[(-2.74039,-5.63408),(-4.89952,-1.49188),(-9.4233,-3.8499)]
triangle[(-19.1877,18.1159),(-13.203,-20.9814),(33.5318,-13.8276)]
triangle[(-6.03587,-9.99631),(13.9433,13.3574),(-23.4575,45.3539)]
triangle[(4.85539,-19.9937),(15.2987,-9.48674),(3.60625,2.13488)]
triangle[(-10.3573,16.2757),(10.0977,13.4207),(13.872,40.4618)]
triangle[(-3.9276,-1.17714),(-2.14451,20.3704),(-37.4898,23.2953)]
triangle[(-16.5037,-1.66225),(-19.0819,-12.4705),(0.370289,-17.1106)]
triangle[(4.40478,-2.8245),(11.7623,-6.96583),(19.4556,6.70208)]
triangle[(19.4651,-19.1575),(1.32993,20.5179),(-40.3634,1.46033)]
triangle[(-3.82994,19.5492),(-15.8061,-11.1411),(31.0606,-29.4298)]
triangle[(-6.03529,4.79767),(-2.49838,7.46015),(-6.45353,12.7143)]
triangle[(-12.4876,8.79949),(-10.4396,-1.73513),(5.88448,1.43842)]
triangle[(-3.38331,-1.61967),(-1.27221,-3.99728),(2.8238,-0.360412)]
triangle[(8.02042,-20.0614),(-17.5851,7.47119),(-64.3481,-36.0188)]
triangle[(6.75344,-4.65557),(-18.3551,1.39184),(-28.0976,-39.0584)]
triangle[(-3.76279,10.5115),(-16.652,17.4194),(-27.7436,-3.27604)]
triangle[(-20.0477,14.4574),(20.5566,-1.27512),(40.2862,49.6452)]
triangle[(-3.09756,18.3976),(1.62559,3.28029),(20.2219,9.0904)]
triangle[(1.36979,-20.8368),(-14.1829,3.76528),(-55.1385,-22.1256)]
triangle[(-12.2249,-7.33464),(15.1561,-17.0896),(34.0091,35.8287)]
triangle[(14.3038,-9.63114),(-6.35892,-20.798),(14.3762,-59.1654)]
triangle[(-4.51792,-15.2664),(5.09046,13.7129),(-39.6711,28.5541)]
triangle[(17.4262,-11.999),(6.69454,20.844),(-56.1223,0.318167)]
triangle[(-5.93221,8.70874),(18.7353,7.58922),(20.6153,49.0126)]
triangle[(2.50436,14.6533),(-0.05872,-6.20857),(31.116,-10.0387)]
triangle[(-16.2172,-3.46026),(-16.7045,-7.7263),(-11.5995,-8.30943)]
triangle[(-7.5523,3.24842),(14.082,-18.2022),(45.3905,13.3743)]
triangle[(-13.497,-13.0444),(-19.8869,6.61584),(-53.9439,-4.45318)]
triangle[(13.3923,5.24712),(19.8418,-9.75871),(40.3203,-0.95698)]
triangle[(-1.72283,6.10758),(-11.6072,3.18614),(-6.67339,-13.5068)]
triangle[(-12.7753,11.8133),(-19.2715,11.6089),(-19.0419,4.31078)]
triangle[(-18.3259,15.6256),(-6.47036,7.76332),(3.45618,22.7315)]
triangle[(3.76451,3.08777),(1.54521,13.1921),(-11.452,10.3374)]
triangle[(-1.239,1.44229),(7.14097,-9.40881),(23.1882,2.98397)]
triangle[(-11.3124,-14.3634),(-0.526356,16.1675),(-42.8768,31.1291)]
triangle[(0.778943,-0.203676),(-12.5309,-0.96758),(-11.4334,-20.0903)]
triangle[(-17.6341,-19.8804),(17.3678,18.7641),(-32.0368,63.5119)]
triangle[(16.792,19.1563),(-20.6926,2.9332),(-3.65686,-36.429)]
triangle[(-4.16335,16.5016),(-4.28438,12.8593),(2.60726,12.6303)]
triangle[(-20.9763,16.1806),(-4.99315,17.1835),(-6.20621,36.5165)]
triangle[(-9.16743,-18.3654),(-15.0256,2.55856),(-38.303,-3.95849)]
triangle[(-17.153,-13.7587),(-3.38788,-4.31385),(-13.6986,10.7131)]
triangle[(0.509228,-19.7318),(12.1708,15.6466),(-44.8258,34.434)]
triangle[(17.2661,-3.49468),(10.8488,-5.18119),(12.5386,-11.6109)]
triangle[(1.00008,-2.52853),(1.47636,9.5279),(-14.41,10.1555)]
triangle[(-4.80719,-8.58565),(-14.8747,-7.10104),(-17.3047,-23.5799)]
triangle[(10.2308,-3.09486),(15.1716,6.2188),(4.80798,11.7166)]
triangle[(-13.3071,13.5068),(19.0455,15.8232),(16.1941,55.6506)]
triangle[(-3.90508,14.5598),(20.3733,2.0745),(34.5789,29.698)]
triangle[(-16.8281,16.9395),(-1.16492,15.6315),(0.231942,32.3592)]
triangle[(-17.6051,10.973),(-13.1847,-14.8018),(17.3668,-9.56225)]
triangle[(-10.5666,18.7266),(2.61239,13.5914),(10.2217,33.1201)]
triangle[(-10.0524,-7.36095),(4.09471,11.0308),(-26.3627,34.4589)]
triangle[(-2.26204,8.11481),(-18.6243,17.232),(-32.8722,-8.3383)]
triangle[(5.81177,5.11395),(-11.2106,-19.1075),(23.0488,-43.1844)]
triangle[(-18.9653,4.31972),(4.72282,11.8925),(-7.90078,51.3798)]
triangle[(14.4835,13.4701),(6.30242,-6.53694),(29.8269,-16.1563)]
triangle[(14.1173,-0.0933478),(-13.7053,-13.7565),(9.22414,-60.4483)]
triangle[(17.8113,-17.9378),(13.1799,13.5631),(-46.0568,4.85373)]
triangle[(4.84397,14.5482),(-15.3332,2.82702),(3.9707,-30.403)]
triangle[(-12.513,5.41943),(-20.3306,13.3245),(-30.8891,2.88286)]
triangle[(-17.2068,0.490569),(9.18942,-11.8474),(22.1493,15.8796)]
triangle[(0.69621,0.0274787),(-3.3102,3.44307),(-7.42322,-1.38141)]
triangle[(5.22319,-6.06778),(12.6544,16.8723),(-23.9553,28.7317)]
triangle[(-1.22337,0.454405),(15.8675,-16.7503),(45.9728,13.1559)]
triangle[(11.6267,-19.3968),(-14.6474,-10.0623),(-27.7931,-47.0641)]
triangle[(-15.8009,-10.6799),(4.55728,13.9248),(-28.5916,41.3525)]
triangle[(-11.4485,4.87067),(13.6148,12.5115),(5.72289,38.3982)]
triangle[(-7.27658,1.32784),(17.9938,-17.6436),(55.5067,32.3245)]
triangle[(18.6538,-15.3281),(-13.5103,-8.7978),(-23.6007,-58.4969)]
triangle[(-15.8623,13.1755),(6.97749,17.6111),(-0.0131382,53.6066)]
triangle[(7.19655,-13.3722),(-2.58317,14.063),(-35.695,2.25982)]
triangle[(-18.8073,-1.11846),(3.04648,15.5334),(-20.9049,46.9671)]
triangle[(-16.4835,13.1652),(1.90094,16.3027),(-3.62336,48.6718)]
triangle[(17.2298,5.41812),(1.43177,-18.0318),(31.976,-38.6092)]
triangle[(-9.2194,14.393),(3.52512,-15.3845),(50.2154,4.59851)]
triangle[(-10.9837,-3.54959),(-8.83328,13.2385),(-29.4233,15.876)]
triangle[(2.46205,-14.1502),(-17.8286,15.3088),(-54.2977,-9.81015)]
triangle[(-15.3302,2.80955),(15.7244,-11.4085),(37.3395,35.8024)]
triangle[(17.0174,14.3108),(-13.6264,-5.41528),(11.0083,-43.6844)]
triangle[(0.0103956,-5.35703),(-5.52103,-5.81174),(-5.0582,-11.4419)]
triangle[(-20.1139,-11.692),(-9.68171,-3.0486),(-21.3638,11.0511)]
triangle[(19.1225,16.3917),(4.07429,-7.37815),(39.4596,-29.7799)]
triangle[(-0.335042,2.26486),(1.11558,-7.75871),(18.8517,-5.19192)]
triangle[(4.52234,-5.24548),(4.91695,2.28691),(-9.10258,3.02137)]
triangle[(-11.8315,-3.57647),(-1.2639,-7.49619),(3.77469,6.08791)]
triangle[(1.24156,-7.36695),(-20.3757,-14.6889),(-8.1926,-50.6582)]
triangle[(7.46838,-8.20774),(20.8788,20.1324),(-17.8123,38.4409)]
triangle[(12.1236,-20.0661),(-10.7398,1.92602),(-43.8134,-32.4579)]
triangle[(12.0665,-15.9041),(7.58874,-4.80638),(-8.3585,-11.2409)]
triangle[(2.91029,9.42928),(-7.26829,-10.3299),(26.5358,-27.7435)]
triangle[(-5.0049,15.1223),(-12.5249,-16.6145),(27.7829,-26.1653)]
triangle[(3.75594,3.10094),(-14.1724,4.30014),(-16.4145,-29.2198)]
triangle[(-11.811,-13.1201),(-20.1995,16.5146),(-75.9468,0.734544)]
triangle[(-15.3147,-10.3798),(-14.0065,4.20475),(-37.8929,6.34731)]
triangle[(-6.85781,-11.5459),(-6.59046,11.19),(-48.24,11.6798)]
triangle[(-20.8602,18.4896),(2.73108,3.04271),(19.3874,28.4811)]
triangle[(1.43623,6.89329),(-15.6979,-8.48342),(11.8346,-39.1625)]
triangle[(-19.7564,6.06112),(3.63439,-2.42577),(19.2487,40.6091)]
triangle[(8.50317,-20.8688),(5.62994,-14.5336),(-6.71431,-20.1322)]
triangle[(-16.2467,2.51743),(-2.17985,-19.1787),(25.4405,-1.2709)]
triangle[(17.7571,-3.3118),(-18.127,-17.1954),(2.42128,-70.3054)]
triangle[(11.3955,17.5577),(12.2913,6.62463),(24.7311,7.64389)]
triangle[(-19.3469,5.62214),(18.6552,12.6664),(9.22224,63.5549)]
triangle[(10.8139,12.8978),(-10.063,5.17652),(-1.72212,-17.3758)]
triangle[(20.3035,-11.8106),(-15.109,-18.2068),(-4.4031,-77.4796)]
triangle[(-20.0497,-5.59029),(-5.9027,6.35063),(-23.7108,27.4488)]
triangle[(-1.45511,-4.59276),(17.7781,17.6963),(-13.3937,44.5944)]
triangle[(3.67573,19.5281),(-10.5762,-12.6297),(41.12,-35.5409)]
triangle[(0.767456,-18.3234),(0.54235,-9.54021),(-10.1459,-9.81414)]
triangle[(3.15137,12.8492),(14.6455,11.7899),(16.7018,34.1027)]
triangle[(11.8717,-13.7418),(-4.49173,-15.7272),(-2.31658,-33.6543)]
triangle[(5.6696,18.028),(-8.29594,5.85113),(5.14068,-9.55924)]
triangle[(-1.43726,1.61287),(6.94401,7.26295),(-2.06954,20.6336)]
triangle[(19.022,-10.3384),(-0.744782,9.21623),(-22.9193,-13.1988)]
triangle[(-14.7874,-9.94323),(-4.31894,1.71283),(-20.5697,16.3078)]
triangle[(14.1341,10.2106),(19.3481,-11.4073),(41.7295,-6.00914)]
triangle[(1.07836,-12.7021),(10.4384,12.1264),(-24.3203,25.23)]
triangle[(14.6339,19.7546),(-18.5647,4.49665),(-2.06559,-31.4027)]
triangle[(10.2039,9.53928),(13.7395,-13.8956),(45.1551,-9.15598)]
triangle[(17.1223,-2.30508),(-1.26058,9.77117),(-23.3514,-23.8562)]
triangle[(20.6465,-6.81654),(-14.1709,-17.4568),(3.04102,-73.7782)]
triangle[(-0.0536658,-0.885082),(-7.55657,11.1622),(-23.4182,1.28381)]
triangle[(-5.24428,-3.59828),(-6.04705,19.9015),(-51.8792,18.3358)]
triangle[(-9.52776,2.42399),(12.1364,5.89156),(6.65221,40.1551)]
triangle[(-4.15338,5.75961),(2.49381,-2.69581),(19.2281,10.4598)]
triangle[(-14.4038,16.5969),(-7.01668,-20.2634),(49.9801,-8.84072)]
triangle[(-16.9891,-0.155198),(-4.64519,-14.5712),(10.0087,-2.02374)]
triangle[(-15.3198,-17.3298),(18.2751,-20.4717),(21.9116,18.4133)]
triangle[(6.53979,-17.5193),(15.9482,-14.9452),(12.5334,-2.4633)]
triangle[(2.77063,15.1127),(3.93509,8.824),(11.6601,10.2544)]
triangle[(-4.618,-9.66442),(-13.3449,5.51894),(-31.2456,-4.76984)]
triangle[(17.6975,14.78),(-16.3361,-0.301948),(1.33076,-40.1687)]
triangle[(-10.5256,-19.7278),(-1.1627,-12.7819),(-14.3316,4.96971)]
triangle[(-11.6095,-5.44348),(20.7024,-11.0976),(27.8748,29.8908)]
triangle[(11.9441,4.77909),(-13.5565,18.4457),(-36.4663,-24.3019)]
triangle[(17.1514,4.0839),(15.659,8.56414),(8.60676,6.215)]
triangle[(-3.40557,-18.7898),(14.1259,-9.50021),(-3.08519,22.9809)]
triangle[(-12.2474,-19.0802),(-8.52642,17.9844),(-57.8082,22.9318)]
triangle[(4.05538,-7.9746),(18.1165,7.32714),(-0.0886832,24.0562)]
triangle[(-1.01669,16.4738),(-20.1607,3.15911),(-5.33386,-18.1591)]
triangle[(-13.8282,-19.3197),(13.2,-13.1695),(1.08707,40.063)]
triangle[(6.18326,-4.86474),(-4.67368,-16.4061),(7.31225,-27.6812)]
triangle[(-19.3119,-9.01989),(-9.61184,-6.77381),(-12.3984,5.26048)]
triangle[(5.11054,-12.7425),(-7.26328,13.7864),(-58.4188,-10.074)]
triangle[(5.50569,-6.77054),(15.3002,17.7773),(-10.4993,28.0712)]
triangle[(-11.8138,-14.0157),(-9.94024,-0.425148),(-33.8731,2.87426)]
triangle[(20.041,-18.6747),(-16.4756,-1.99153),(-42.7745,-59.5554)]
triangle[(1.78928,-8.44538),(16.8375,9.70525),(-4.26846,27.2036)]
triangle[(-6.78799,-0.492043),(-8.18811,-2.44082),(-4.85311,-4.83688)]
triangle[(-9.79682,7.36618),(-5.22455,-12.6223),(21.6946,-6.46461)]
triangle[(-18.9894,10.1806),(14.1869,-14.9888),(61.4605,47.3234)]
triangle[(14.6225,-11.0788),(13.5652,12.0309),(-16.7787,10.6426)]
triangle[(-11.8151,17.0577),(-8.59234,-20.5817),(35.3109,-16.8227)]
triangle[(-11.3684,15.9797),(3.46032,-7.71533),(39.1791,14.638)]
triangle[(19.0437,10.1724),(9.13159,16.9612),(-1.2875,1.7485)]
triangle[(11.5068,16.5627),(0.661446,12.2733),(8.27148,-6.96792)]
triangle[(-1.06054,20.7983),(-14.5809,0.276828),(12.595,-17.6279)]
triangle[(8.15517,-13.8612),(-9.96946,18.591),(-45.7997,-1.42025)]
triangle[(-18.9379,-8.59779),(4.64855,18.1106),(-37.956,55.7351)]
triangle[(-12.9982,4.31995),(-4.78901,16.1752),(-21.451,27.7128)]
triangle[(5.01972,17.9511),(5.34323,4.79579),(24.9356,5.27759)]
triangle[(-3.62256,6.42747),(-20.0815,6.09022),(-19.7365,-10.7462)]
triangle[(18.6503,-2.67872),(2.30283,15.7279),(-32.9498,-15.581)]
triangle[(2.23145,-0.490436),(-7.63639,7.4791),(-17.0334,-4.15623)]
triangle[(-16.2533,-16.421),(-16.5766,4.59896),(-58.2996,3.95729)]
triangle[(0.972368,-2.78091),(-4.3236,15.7539),(-38.0506,6.11712)]
triangle[(-13.6005,-6.12076),(-10.4277,-3.21585),(-15.3916,2.20597)]
triangle[(-14.7922,11.1713),(6.0642,19.8242),(-10.9463,60.8253)]
triangle[(16.0566,-20.7839),(1.95172,-4.72944),(-23.2942,-26.9097)]
triangle[(-0.156708,6.16503),(13.185,-7.0875),(28.627,8.4584)]
triangle[(-8.48896,-19.1259),(-10.4795,-15.9837),(-14.1832,-18.3299)]
triangle[(-7.35979,-11.3167),(-19.0374,-8.16137),(-25.2912,-31.3057)]
triangle[(13.3791,-5.27209),(-5.96597,20.8633),(-34.7957,-0.47608)]
triangle[(9.31246,8.4635),(-11.1822,-14.4047),(15.8658,-38.6453)]
triangle[(14.8649,-11.2998),(-5.80096,20.4059),(-54.5636,-11.3775)]
triangle[(-18.0085,8.43427),(0.623805,1.44501),(11.5078,30.4601)]
triangle[(-10.6866,-4.87966),(0.480857,-5.51957),(1.21606,7.31076)]
triangle[(-16.4609,-17.3533),(-6.07072,-2.31082),(-27.3951,12.4184)]
triangle[(-4.82241,11.847),(-13.9104,-6.71726),(12.8742,-19.8295)]
triangle[(-19.5626,14.8421),(-9.512,19.0374),(-16.6369,36.1065)]
triangle[(17.45,16.5316),(0.322372,0.194129),(21.3376,-21.8376)]
triangle[(-7.32124,-3.74603),(8.64292,12.2356),(-20.8226,41.6689)]
triangle[(1.53734,-17.1328),(20.0152,12.5941),(-16.5383,35.3152)]
triangle[(-14.664,-9.30386),(-0.909071,11.7237),(-31.9542,32.0316)]
triangle[(13.6555,10.024),(-10.1147,20.4312),(-23.358,-9.8166)]
triangle[(3.32975,11.6768),(10.0012,-8.0629),(36.2849,0.820196)]
triangle[(3.9086,16.9218),(-5.48245,-6.19614),(19.4928,-16.3417)]
triangle[(-14.9354,16.3094),(-11.2957,17.8508),(-13.6756,23.4704)]
triangle[(20.4617,13.9768),(18.4582,13.3123),(19.785,9.31219)]
triangle[(-2.13949,4.35492),(7.16316,8.87145),(1.04606,21.4708)]
triangle[(11.6493,15.3878),(-3.1098,-16.1782),(45.8003,-39.0467)]
triangle[(-16.1455,-12.4892),(19.9683,-18.7432),(28.6462,31.3672)]
triangle[(-1.84513,-1.54938),(-14.9492,12.8698),(-40.6268,-10.4659)]
triangle[(-12.8058,17.2476),(-11.9041,10.4903),(-4.81286,11.4366)]
triangle[(13.1012,18.6466),(12.4536,-2.75038),(37.7152,-3.51497)]
triangle[(-18.7423,20.2123),(20.4343,10.1011),(35.6498,69.0549)]
triangle[(11.9098,-7.97657),(10.3437,-1.26917),(0.0754893,-3.66666)]
triangle[(13.3667,14.4663),(-0.595529,13.7183),(0.843538,-13.1414)]
triangle[(6.78918,-19.2839),(-1.80143,-19.7018),(-1.09513,-34.2192)]
triangle[(-0.590219,14.0836),(-14.7457,-10.8797),(27.9396,-35.0844)]
triangle[(-6.82408,-2.31689),(7.34115,-14.5849),(20.0894,0.134891)]
triangle[(-17.3712,-17.596),(16.6543,0.515895),(-17.1708,64.0605)]
triangle[(-10.7603,-4.10429),(2.37064,17.4403),(-38.5594,42.3862)]
triangle[(-8.94315,3.50472),(-8.79818,14.3663),(-21.8008,14.5398)]
triangle[(1.88558,-14.0134),(-7.13351,-14.4641),(-6.53832,-26.3757)]
triangle[(6.55918,-4.45567),(8.4955,4.21783),(-7.73464,7.84114)]
triangle[(4.4229,-19.0047),(-16.0128,0.928863),(-38.8783,-22.5126)]
triangle[(15.5654,7.63736),(2.77858,4.39277),(6.63287,-10.7968)]
triangle[(-5.97983,9.21368),(8.79671,18.3886),(-7.80211,45.1216)]
triangle[(-16.9351,-18.4562),(2.00575,0.0086746),(-24.6152,27.3159)]
triangle[(1.3813,4.62445),(19.293,14.714),(7.79977,35.1177)]
triangle[(-19.8461,-4.22094),(18.2392,-19.3652),(47.7994,54.9739)]
triangle[(20.0248,-13.7471),(3.43311,13.5779),(-35.1778,-9.86657)]
triangle[(12.2534,7.89903),(17.4683,16.828),(0.524949,26.7236)]
triangle[(2.67369,-3.57805),(-8.9023,-7.39897),(-3.35156,-24.2156)]
triangle[(-0.307395,-13.129),(-11.5417,-18.882),(-1.05166,-39.3669)]
triangle[(-17.9281,7.72445),(-2.46276,20.1788),(-26.7235,50.3049)]
triangle[(12.7543,-15.1165),(-15.7531,-16.8354),(-13.6125,-52.3351)]
triangle[(-10.7876,4.77596),(-3.18105,-16.875),(34.0405,-3.79816)]
triangle[(-15.3423,1.94113),(-19.9397,-17.2492),(6.92349,-23.6848)]
triangle[(-19.9927,-6.48222),(-17.6575,5.28361),(-33.5608,8.44)]
triangle[(19.9769,-14.9253),(11.5506,-4.97011),(-4.78181,-18.7942)]
triangle[(4.12739,4.52217),(-2.57988,8.07194),(-9.60638,-5.2046)]
triangle[(4.04404,-11.478),(-3.38287,-20.4095),(6.82013,-28.8937)]
triangle[(-9.51307,-5.99029),(-10.5593,0.920718),(-22.5568,-0.895543)]
triangle[(-8.0299,19.6758),(-1.83173,20.5342),(-3.00853,29.031)]
triangle[(-14.8964,-20.5987),(6.44836,-11.8437),(-4.62149,15.1448)]
triangle[(-15.1091,2.49878),(3.00075,-6.10979),(16.6567,22.6181)]
triangle[(-19.5582,-11.3323),(-2.49126,5.01795),(-25.4466,28.9795)]
triangle[(7.40179,20.2657),(14.3277,-11.8766),(61.9455,-1.61609)]
triangle[(12.5961,-17.4116),(2.76091,6.65087),(-27.7401,-5.81591)]
triangle[(-1.60542,8.90627),(4.25574,17.9514),(-5.93393,24.5542)]
triangle[(15.18,-20.729),(6.72463,-12.5223),(-8.61939,-28.3313)]
triangle[(4.85589,-9.69438),(-9.3764,-0.519051),(-23.9611,-23.1421)]
triangle[(-6.43184,-20.9877),(15.5163,14.4121),(-42.2798,50.2462)]
triangle[(-10.0425,3.46325),(2.23642,8.19109),(-3.52366,23.1508)]
triangle[(-20.4277,-13.1507),(-9.75048,14.0127),(-55.6619,32.0593)]
triangle[(4.71621,9.07459),(-13.8203,-2.19731),(6.0434,-34.863)]
triangle[(-14.3964,3.21211),(-12.8894,-2.40649),(-4.52602,-0.163179)]
triangle[(20.4273,-11.9355),(-8.04662,17.5228),(-52.5688,-25.5116)]
triangle[(-2.34823,7.75605),(16.9191,-15.4288),(43.9588,7.04201)]
triangle[(-18.3863,-6.11285),(-18.8629,4.3992),(-39.6492,3.45684)]
triangle[(-4.82674,-14.5902),(9.94597,12.7255),(-36.1951,37.6792)]
triangle[(7.04568,2.26396),(-2.7937,-15.4522),(20.3305,-28.2951)]
triangle[(4.19565,-7.47603),(19.4718,17.6462),(-13.9333,37.9589)]
triangle[(-0.820223,-7.3008),(-15.2079,10.4008),(-39.6834,-9.49258)]
triangle[(-7.63331,-11.5439),(-3.18222,-2.13493),(-15.5445,3.7133)]
triangle[(1.1048,4.84569),(-8.73651,-4.28878),(2.90594,-16.8322)]
triangle[(5.68029,18.8454),(-12.5069,11.6515),(-0.828349,-17.8735)]
triangle[(19.9042,15.8189),(1.05423,-2.0392),(21.5602,-23.6841)]
triangle[(16.4889,-18.6685),(-0.501474,-20.105),(1.96444,-49.271)]
triangle[(20.7285,-2.3474),(-15.4387,16.5165),(-49.427,-48.6481)]
triangle[(12.1719,13.4743),(-20.5054,4.77351),(-10.7065,-32.0276)]
triangle[(10.7587,-4.52608),(-3.92385,17.7276),(-35.1053,-2.84538)]
triangle[(15.8035,-12.6948),(17.934,17.3818),(-12.3187,19.5248)]
triangle[(0.304678,15.6692),(-15.287,-8.69668),(20.4057,-31.5363)]
triangle[(-10.9726,-10.8669),(-6.23258,-13.3311),(-2.48719,-6.12668)]
triangle[(4.35715,-1.39989),(1.74518,-16.5905),(29.5673,-21.3744)]
triangle[(-10.7524,17.8936),(-13.0848,-6.886),(34.0657,-11.3241)]
triangle[(-9.75442,12.3845),(20.5184,-2.39742),(43.9428,45.5751)]
triangle[(-19.7318,18.7753),(-8.88832,-19.7684),(51.5284,-2.77141)]
triangle[(5.90689,19.9932),(-20.1024,19.1336),(-18.7561,-21.6002)]
triangle[(-11.6986,-5.40632),(-14.1641,-1.84745),(-20.223,-6.04497)]
triangle[(3.1676,-4.80659),(-3.35227,5.47103),(-15.6079,-2.30365)]
triangle[(9.37197,-2.87002),(-16.9622,9.32347),(-37.2806,-34.558)]
triangle[(7.18462,15.4464),(18.5103,-8.68325),(51.6135,6.85438)]
triangle[(0.684481,-2.20182),(0.67071,8.08534),(-15.0622,8.06428)]
triangle[(-12.2234,-17.4144),(-3.25065,-9.24103),(-18.6644,7.68024)]
triangle[(-10.6999,-8.38326),(-17.3964,1.52303),(-31.1986,-7.80712)]
triangle[(19.3482,-12.474),(-20.2491,4.18871),(-44.4121,-53.2323)]
triangle[(-3.85508,-17.4985),(2.82597,-17.2227),(2.52364,-9.89794)]
triangle[(-12.6971,-13.0935),(-6.57992,-16.8545),(0.906732,-4.67745)]
triangle[(-18.8321,-17.2907),(-3.89984,-6.45719),(-16.792,11.3125)]
triangle[(3.83237,8.85727),(-18.2732,5.33668),(-13.0663,-27.3566)]
triangle[(7.25652,-2.40077),(-4.88746,17.5558),(-41.7025,-4.84696)]
triangle[(-1.0581,8.02198),(-20.436,14.6788),(-30.3897,-14.2966)]
triangle[(-17.3997,15.8188),(18.9798,-0.982081),(46.5182,58.6478)]
triangle[(4.25983,-11.1465),(12.9092,18.6472),(-37.7016,33.34)]
triangle[(14.9228,-9.5529),(-18.3127,-7.41912),(-21.3729,-55.0838)]
triangle[(-5.25534,-15.9645),(9.26903,13.4767),(-48.4482,41.9506)]
triangle[(7.45259,-5.6053),(9.39704,8.66468),(-13.1362,11.7351)]
triangle[(1.85579,18.9774),(16.231,-6.65214),(48.3091,11.34)]
triangle[(-20.3136,10.2711),(12.7332,-20.6808),(59.7491,29.5172)]
triangle[(-2.79834,-16.2335),(-2.80792,-2.48911),(-20.2514,-2.50125)]
triangle[(-6.39824,5.4075),(-13.136,16.4713),(-33.4752,4.08495)]
triangle[(-7.33077,-4.20395),(-12.5029,5.9592),(-23.63,0.296508)]
triangle[(-4.76127,9.74951),(4.95808,-6.43039),(34.3617,11.2325)]
triangle[(13.1992,13.4543),(5.29975,3.70104),(20.4567,-8.57499)]
triangle[(5.28386,-17.7131),(18.4279,-0.143287),(-7.1443,18.9874)]
triangle[(-19.3933,10.6016),(-9.22723,11.7344),(-11.2574,29.9533)]
triangle[(-19.0009,10.4372),(11.1901,-9.64912),(49.4958,47.9267)]
triangle[(9.85524,-14.4477),(-20.1222,-11.8127),(-24.9067,-66.2423)]
triangle[(-17.773,-10.0159),(-18.67,0.0689321),(-33.7822,-1.2752)]
triangle[(-18.9842,-17.55),(13.8975,4.09164),(-18.5841,53.4434)]
triangle[(9.85237,-11.5556),(-18.7454,-19.3385),(-8.11813,-58.3877)]
triangle[(10.3939,-9.93886),(2.4571,10.3302),(-24.6122,-0.269303)]
triangle[(-20.7503,7.01455),(-5.05934,8.84147),(-7.45617,29.4271)]
triangle[(6.07322,8.10008),(14.1073,-8.35563),(38.7651,3.68291)]
triangle[(10.1876,-19.3876),(-15.0476,12.7751),(-59.0028,-21.7128)]
triangle[(16.1236,-6.53837),(3.4113,19.1069),(-29.6756,2.70583)]
triangle[(-10.238,-12.9694),(18.0108,-17.7277),(23.2111,13.1445)]
triangle[(9.01235,0.578872),(0.709139,20.0362),(-30.1715,6.85825)]
triangle[(17.8328,3.31372),(-14.8298,-7.7579),(-0.657107,-49.5691)]
triangle[(15.0412,-4.64087),(9.65483,-5.41579),(11.0167,-14.8818)]
triangle[(-19.0486,-19.6211),(-3.99009,17.049),(-77.2741,47.1429)]
triangle[(2.38531,-0.709353),(15.4563,-7.48379),(25.2315,11.377)]
triangle[(19.4139,-5.11909),(10.5078,-1.40937),(4.2307,-16.479)]
triangle[(-4.84505,18.8665),(6.24546,-6.84974),(53.1977,13.3991)]
triangle[(-2.52828,15.4858),(16.1834,8.07618),(25.316,31.1391)]
triangle[(5.45003,19.3871),(4.01117,-17.184),(69.1633,-19.7474)]
triangle[(-19.27,-1.14972),(7.15326,2.19235),(0.936747,51.3418)]
triangle[(12.3214,9.11361),(7.4801,5.66194),(14.2498,-3.83322)]
triangle[(-3.24707,-11.5059),(-3.84433,8.0148),(-40.3182,6.89885)]
triangle[(-18.0794,4.0551),(-8.96411,13.8192),(-19.9417,24.0674)]
triangle[(12.3774,-1.63402),(20.1872,-3.6815),(22.8947,6.64607)]
triangle[(-7.76567,-0.444637),(16.0131,19.1228),(-5.55076,45.3276)]
triangle[(-15.4214,9.26306),(-10.9503,3.05549),(-3.65604,8.30925)]
triangle[(7.9433,8.76788),(16.8859,-17.0885),(44.5299,-7.52763)]
triangle[(7.34119,13.4099),(-3.62999,-18.115),(46.2419,-35.4712)]
triangle[(-6.21611,7.36876),(17.5025,19.8128),(-1.79546,56.5951)]
triangle[(9.36539,17.7676),(-17.4168,-9.18036),(22.3863,-48.7385)]
triangle[(17.8103,7.40487),(-9.80651,-13.904),(13.9626,-44.7093)]
triangle[(-7.19863,-6.23673),(-18.7958,12.7537),(-46.7818,-4.33696)]
triangle[(-17.0959,2.78373),(-3.69114,20.9834),(-26.3396,37.6649)]
triangle[(2.62985,-10.6168),(-18.6753,3.47684),(-41.9809,-31.7539)]
triangle[(1.24224,9.2139),(20.5003,5.50587),(25.1829,29.8253)]
triangle[(-11.8099,-18.4008),(8.01401,-6.00848),(-5.17468,15.0894)]
triangle[(-11.3779,8.31155),(-16.2459,-1.28551),(2.08711,-10.5848)]
triangle[(-1.95882,-18.7657),(9.35947,-3.61662),(-18.7467,17.3824)]
triangle[(-6.79098,-15.8436),(-7.07588,-13.4216),(-10.8355,-13.8638)]
triangle[(-6.23684,13.4333),(-19.9113,-14.1282),(20.2107,-34.0346)]
triangle[(-9.51547,4.90991),(5.75,12.5385),(-4.93897,33.9281)]
triangle[(1.31321,-14.1914),(-0.185265,6.98014),(-22.0841,5.43019)]
triangle[(4.53799,4.23906),(-20.6336,15.3241),(-31.9992,-10.4845)]
triangle[(-17.2183,9.4906),(-16.8189,15.2044),(-26.601,15.8882)]
triangle[(18.4628,12.0361),(-9.22291,-10.827),(22.34,-49.0476)]
triangle[(-17.2577,5.32991),(-20.2005,11.7158),(-32.8753,5.87502)]
triangle[(-5.29848,-9.9985),(12.3834,1.6131),(0.0361137,20.4154)]
triangle[(6.83422,20.7798),(-0.32311,-15.6359),(65.1904,-28.5123)]
triangle[(18.2979,2.3483),(-18.9155,17.4459),(-39.6032,-33.5462)]
triangle[(-18.9672,-5.43155),(-7.11638,8.87052),(-23.8013,22.6958)]
triangle[(-19.7337,-14.0295),(16.2716,-16.6048),(19.2728,25.3554)]
triangle[(-8.94846,3.07368),(-0.249699,3.49403),(-0.806626,15.0192)]
triangle[(-13.3219,-0.409831),(6.67869,4.93209),(-0.850338,33.1214)]
triangle[(-10.1351,6.34991),(15.6344,-2.14382),(26.6544,31.2904)]
triangle[(7.62454,10.9828),(-3.98588,-14.0208),(22.8167,-26.4666)]
triangle[(-5.75666,18.7988),(11.3702,11.2728),(18.986,28.6042)]
triangle[(19.0178,5.12728),(9.47239,-4.345),(20.6765,-15.6356)]
triangle[(-19.6318,7.58433),(-14.034,-11.9368),(9.09213,-5.30527)]
triangle[(-18.4716,-7.74401),(16.2284,5.59985),(-0.973717,50.3332)]
triangle[(-15.6695,-17.5573),(-4.17296,19.4162),(-55.0914,35.2488)]
triangle[(0.153107,4.85774),(0.998854,16.9413),(-14.264,18.0095)]
triangle[(-19.0631,-20.4559),(-7.03409,-0.799416),(-35.168,16.4174)]
triangle[(7.66337,-13.5388),(20.4062,2.84714),(-3.49634,21.4354)]
triangle[(19.7064,9.34328),(-1.01711,0.736629),(12.7383,-32.3844)]
triangle[(-15.8667,-15.1288),(16.376,17.5644),(-33.9946,67.2409)]
triangle[(-17.7212,12.4518),(12.2086,8.75296),(19.5565,68.21)]
triangle[(13.641,1.83976),(-15.1191,-0.909047),(-10.4402,-49.8633)]
triangle[(-17.862,-5.71668),(-3.3124,15.3774),(-32.5912,35.5724)]
triangle[(13.8927,5.88915),(-10.3116,-20.1215),(34.5628,-61.8795)]
triangle[(8.35134,-10.8197),(15.84,1.47366),(-4.05389,13.5923)]
triangle[(0.384526,-12.5694),(-19.7556,19.4442),(-65.9969,-9.64663)]
triangle[(17.8502,-1.53276),(17.1047,-14.1993),(41.2314,-15.6192)]
triangle[(-3.91193,-3.38421),(4.98024,-11.54),(19.4886,4.27839)]
triangle[(-17.475,15.2318),(2.45997,-12.1351),(57.0239,27.611)]
triangle[(-1.73362,14.6326),(14.9529,-16.9162),(58.4432,6.08629)]
triangle[(15.794,-3.19133),(-2.29823,20.0114),(-46.1188,-14.1576)]
triangle[(5.07019,4.13283),(13.0306,2.82832),(15.3214,16.8073)]
triangle[(2.97495,0.79826),(5.59185,-3.12728),(11.8051,1.01467)]
triangle[(7.49503,4.38974),(15.8911,1.78462),(20.4723,16.5493)]
triangle[(-0.00729287,3.00241),(5.89186,5.77285),(2.6947,12.5806)]
triangle[(-9.74098,-16.4579),(-1.78233,-4.64278),(-24.6434,10.7563)]
triangle[(-8.47077,14.8448),(-2.8923,13.3778),(-1.22138,19.7318)]
triangle[(3.82298,-16.1163),(1.20457,9.73433),(-43.4785,5.20838)]
triangle[(17.2654,-8.50084),(-9.54548,11.3457),(-37.0506,-25.8111)]
triangle[(8.63368,13.3873),(-4.17146,-5.04849),(19.6806,-21.6157)]
triangle[(10.8674,-11.9883),(-9.02498,-9.45413),(-13.4521,-44.2047)]
triangle[(-7.64536,-7.95323),(-0.639011,-0.293886),(-10.2778,8.52318)]
triangle[(-17.5616,8.11191),(-2.7123,20.9671),(-18.2416,38.9053)]
triangle[(5.88458,4.69917),(-15.1586,-12.389),(16.6241,-51.5276)]
triangle[(-15.7546,-0.237877),(6.29885,-0.207084),(6.26389,24.826)]
triangle[(-0.162534,11.5853),(9.94057,-16.2981),(63.1076,2.96603)]
triangle[(-13.6937,9.9733),(12.8725,-2.65669),(25.7535,24.4374)]
triangle[(-14.3418,-7.78354),(13.9595,-13.4136),(23.1911,32.992)]
triangle[(-18.4503,1.50437),(-0.578916,4.23208),(-4.06576,27.0772)]
triangle[(1.78389,7.33335),(-6.82224,-9.73721),(26.7931,-26.6844)]
triangle[(-7.76262,-18.4967),(-8.92198,-7.49808),(-30.8133,-9.80563)]
triangle[(20.481,17.1092),(-19.9399,-9.34281),(26.8884,-80.9005)]
triangle[(6.29104,19.6702),(13.8759,14.8221),(23.4828,29.8522)]
triangle[(-9.78293,15.6512),(-11.5511,-14.1528),(33.6102,-16.8321)]
triangle[(13.7954,9.07446),(6.6593,13.2298),(-0.52524,0.891609)]
triangle[(-19.322,-11.5961),(-0.752065,8.53669),(-31.8935,37.2607)]
triangle[(-14.1886,-11.1771),(19.0896,-11.8134),(19.8702,29.0133)]
triangle[(-10.0113,-9.67739),(11.9966,4.26473),(-8.82539,37.1325)]
triangle[(17.0873,16.57),(0.939005,-20.443),(62.2332,-47.1848)]
triangle[(1.5409,-11.2967),(6.1558,-15.5342),(13.6251,-7.39945)]
triangle[(6.11659,14.0637),(20.3849,-4.10208),(54.0684,22.3546)]
triangle[(12.014,14.4154),(17.5843,-16.7526),(69.9593,-7.39227)]
triangle[(-7.76611,-8.01517),(-13.5157,-18.2049),(-0.305973,-25.6585)]
triangle[(14.4766,-6.00586),(-9.84203,-17.1946),(3.20432,-45.5507)]
triangle[(-0.979436,-13.4895),(-9.56495,16.6229),(-66.6092,0.358707)]
triangle[(-16.0704,-13.4173),(8.23581,-7.0269),(1.76407,17.5886)]
triangle[(9.68988,14.2932),(20.903,-2.97363),(49.2685,15.4469)]
triangle[(13.1483,-5.06725),(13.8174,-12.6589),(25.5818,-11.622)]
triangle[(12.657,-19.7917),(-7.55193,1.55126),(-49.9043,-38.5509)]
triangle[(16.4593,-15.0834),(17.6102,14.6239),(-38.4249,16.7948)]
triangle[(0.670776,-16.5972),(-18.1576,5.91493),(-48.2156,-19.2245)]
triangle[(12.2088,19.7563),(10.171,20.7144),(8.69211,17.569)]
triangle[(18.9414,10.2664),(-10.446,-10.0433),(18.2464,-51.5602)]
triangle[(-5.18213,18.1796),(-10.2205,-5.93505),(30.4541,-14.4334)]
triangle[(-20.7138,4.36216),(-8.97151,20.3222),(-27.403,33.8829)]
triangle[(-18.0677,7.82419),(-14.7825,7.33587),(-14.1972,11.2735)]
triangle[(15.5794,-9.87817),(11.4794,2.42617),(-1.06274,-1.75312)]
triangle[(-1.02806,-13.9589),(7.67013,19.6808),(-31.9958,29.9372)]
triangle[(-20.5409,-8.88046),(12.1331,3.70939),(-8.2688,56.6576)]
triangle[(-14.4436,-16.7741),(-10.6961,-19.4519),(-6.44805,-13.5069)]
triangle[(-19.6499,4.49091),(2.44656,-5.34767),(21.286,36.964)]
triangle[(-15.7043,15.6924),(-11.6431,-5.52955),(21.0909,0.734706)]
triangle[(8.00178,-4.4373),(10.9151,-14.7057),(31.2037,-8.94944)]
triangle[(-12.0552,7.93525),(7.12604,-2.80909),(21.164,22.2522)]
triangle[(-8.77119,8.18964),(5.36523,-19.7465),(52.6177,4.16442)]
triangle[(-11.2329,9.02792),(-11.5962,-12.8143),(29.2172,-13.4932)]
triangle[(-0.881431,-14.1281),(-4.22555,-10.9901),(-8.18943,-15.2144)]
triangle[(-13.0081,4.87338),(-12.4322,12.1132),(-21.2401,12.8139)]
triangle[(-7.14969,11.905),(17.488,-16.4976),(71.868,30.674)]
triangle[(15.6867,-2.29051),(-14.1984,-13.4496),(5.20014,-65.4006)]
triangle[(-20.5195,-13.8868),(-3.45678,-17.0855),(1.43109,8.98835)]
triangle[(-18.9301,12.6276),(-9.91718,-10.4779),(28.3846,4.46268)]
triangle[(-19.9599,-13.4966),(8.45782,14.5104),(-43.5754,67.3067)]
triangle[(-17.4193,14.8289),(-8.06899,11.9431),(-4.48367,23.5596)]
triangle[(-10.898,-8.62251),(11.6179,12.7165),(-26.6575,53.1028)]
triangle[(-14.3096,-11.9592),(-8.37212,-16.9268),(-1.92754,-9.22393)]
triangle[(-3.74442,2.81608),(-15.0349,-10.1479),(-1.25185,-22.1517)]
triangle[(-7.16889,11.6985),(-10.3345,-20.5791),(35.543,-25.0786)]
triangle[(17.77,4.89625),(-11.9154,-12.8635),(15.3494,-58.4366)]
triangle[(1.83451,-2.03492),(-20.0154,-0.513755),(-22.1735,-31.5136)]
triangle[(10.4929,-0.656079),(7.32897,19.5348),(-21.0726,15.0842)]
triangle[(-13.5072,14.9229),(19.0108,-11.1944),(51.1818,28.861)]
triangle[(6.34706,-18.5913),(5.69825,8.60746),(-28.0938,7.80137)]
triangle[(-6.66352,-18.6354),(6.55927,-5.33979),(-19.9054,20.9799)]
triangle[(2.09525,-5.47783),(17.5887,-5.16795),(17.1146,18.5349)]
triangle[(-15.2468,1.59352),(-12.0606,4.92906),(-17.5741,10.1957)]
triangle[(-4.26705,-9.16536),(-12.8051,12.6419),(-43.6618,0.560808)]
triangle[(14.3602,-19.8135),(-19.2892,-19.3685),(-19.9715,-70.9632)]
triangle[(20.3576,-1.00133),(17.4959,-18.5464),(51.1784,-24.0403)]
triangle[(-11.6868,10.5431),(-18.4055,-1.88255),(5.84381,-14.9942)]
triangle[(0.0273587,-2.65207),(11.0636,16.3624),(-22.9595,36.1098)]
triangle[(-20.3863,-13.3621),(12.6766,16.1784),(-24.0276,57.259)]
triangle[(-2.78494,1.14273),(15.6781,-19.2452),(56.1277,17.3854)]
triangle[(-11.1773,-18.2163),(-18.2436,8.03548),(-58.8145,-2.88518)]
triangle[(16.5048,6.82503),(20.7268,-3.38664),(36.5465,3.15396)]
triangle[(-11.2562,18.4709),(-10.734,0.469443),(10.9654,1.09893)]
triangle[(19.7176,7.57946),(13.1385,-2.92403),(26.7702,-11.4625)]
triangle[(7.74773,-1.4176),(-20.1381,-13.8585),(2.96582,-65.6449)]
triangle[(4.56989,2.08116),(-10.6663,-7.26061),(1.18592,-26.5913)]
triangle[(12.2255,-14.5294),(16.8282,-16.3784),(19.3881,-10.0063)]
triangle[(-19.8491,16.7781),(13.8339,-6.8839),(45.133,37.6704)]
triangle[(5.79288,11.3336),(-12.0241,14.6017),(-17.5134,-15.3253)]
triangle[(-1.77445,18.3037),(-4.977,2.49159),(17.598,-2.08071)]
triangle[(9.98062,-12.4365),(-17.8634,15.6672),(-49.4381,-15.6158)]
triangle[(12.9702,14.9744),(17.0255,-2.40258),(50.1324,5.3236)]
triangle[(-15.6941,10.7865),(-6.12871,7.2108),(-0.0740066,23.4079)]
triangle[(8.99071,19.5417),(-8.92223,10.6402),(5.3748,-18.1305)]
triangle[(2.95095,9.35784),(-9.11617,16.5437),(-20.6442,-2.8153)]
triangle[(-18.3849,0.294358),(1.64553,-1.30152),(4.4947,34.4595)]
triangle[(14.5541,-11.3321),(7.8841,-0.898358),(-3.62818,-8.25784)]
triangle[(-5.38399,2.48711),(20.5339,1.41792),(22.0685,38.619)]
triangle[(-0.4544,12.4268),(-7.8435,-8.24371),(13.0862,-15.7255)]
triangle[(-10.7852,13.4122),(3.78167,-12.812),(52.2165,14.0921)]
triangle[(15.3677,-12.3771),(-5.87157,1.9534),(-22.7219,-23.0205)]
triangle[(16.3306,-8.46144),(-6.17307,20.7946),(-44.6254,-8.78277)]
triangle[(20.7935,4.38693),(11.7255,5.47022),(10.0563,-8.50261)]
triangle[(3.6235,-15.9177),(-17.4039,-17.6118),(-14.5618,-52.889)]
triangle[(8.0122,-0.347328),(10.631,16.0454),(-14.8806,20.1211)]
triangle[(8.32227,16.8795),(-16.6979,8.03135),(-1.04285,-36.2367)]
triangle[(8.35775,0.882038),(-5.26201,9.43962),(-18.9365,-12.3239)]
triangle[(6.76329,15.6714),(0.416098,13.0451),(4.3988,3.41967)]
triangle[(8.90479,-10.3842),(3.41132,-19.2736),(13.912,-25.7628)]
triangle[(11.2652,20.1175),(16.5939,20.7551),(15.8122,27.2876)]
triangle[(19.9035,-20.795),(-10.7574,-0.531108),(-48.4186,-57.5157)]
triangle[(-15.6647,14.7636),(2.52564,-20.1715),(59.5905,9.54155)]
triangle[(16.8199,8.8313),(8.33409,-15.7912),(50.4112,-30.2926)]
triangle[(-11.8024,15.3213),(11.2047,14.4508),(12.2674,42.5357)]
triangle[(-12.0021,4.11578),(7.15934,13.0438),(-4.77111,38.649)]
triangle[(13.3778,-1.82701),(-16.9926,-13.6402),(2.29487,-63.2259)]
triangle[(7.07224,-12.9429),(-13.2587,4.82665),(-34.4396,-19.4074)]
triangle[(13.7001,20.922),(20.1798,2.74133),(45.1497,11.6407)]
triangle[(10.3918,-14.7911),(11.5821,-12.444),(8.11557,-10.6859)]
triangle[(3.21072,18.0985),(-0.256749,17.5977),(0.416101,12.9391)]
triangle[(2.64848,-4.95971),(1.65343,0.232476),(-8.35065,-1.68474)]
triangle[(-6.14462,14.602),(6.49224,17.2855),(2.75324,34.8929)]
triangle[(9.68455,-7.33099),(19.1739,6.08854),(-1.4311,20.6589)]
triangle[(6.90322,1.86226),(13.1122,0.0119872),(16.1736,10.2852)]
triangle[(-4.24273,13.5362),(7.17266,-1.6975),(26.7806,12.9958)]
triangle[(7.50513,-5.4706),(13.2114,-2.39807),(9.89282,3.76502)]
triangle[(6.63914,9.84448),(-16.5488,20.1691),(-34.1627,-19.3895)]
triangle[(-17.0622,-5.87484),(18.5628,-15.2031),(31.1774,32.9725)]
triangle[(-12.2552,3.62178),(2.4336,0.237977),(6.73245,18.8989)]
triangle[(14.2278,-6.53206),(10.8667,-15.3969),(23.1775,-20.0645)]
triangle[(-9.3429,20.3673),(-7.33181,-11.3374),(25.1433,-9.27747)]
triangle[(5.58217,6.37079),(-16.814,-0.240972),(-10.164,-22.7664)]
triangle[(-5.88875,1.26499),(-17.5771,-20.2902),(25.087,-43.425)]
triangle[(15.4571,7.26436),(16.3717,2.19739),(26.0199,3.93903)]
triangle[(-9.28889,-5.07164),(2.48768,8.23045),(-16.3933,24.9461)]
triangle[(5.73496,4.36821),(2.63933,-0.0359482),(7.07926,-3.15672)]
triangle[(0.829191,-8.34907),(-7.09239,18.95),(-45.8397,7.70642)]
triangle[(4.67219,-12.361),(13.5194,-4.56199),(1.7246,8.81804)]
triangle[(-2.33781,-11.9235),(19.4305,7.29599),(-4.12231,33.9722)]
triangle[(-13.2529,-2.86264),(2.47213,-0.941329),(0.536412,14.9017)]
triangle[(7.17202,19.2547),(-1.43442,20.5129),(-3.89709,3.66778)]
triangle[(0.840268,15.015),(9.26955,-19.9174),(76.6014,-3.67008)]
triangle[(-4.79297,17.8605),(-17.43,10.6757),(-5.35727,-10.5586)]
triangle[(-14.599,9.4873),(19.2546,-6.84086),(47.5448,51.814)]
triangle[(13.6101,-20.2717),(18.3672,9.77302),(-29.2904,17.3188)]
triangle[(-1.04429,5.56517),(17.8024,-1.13566),(26.8025,24.1777)]
triangle[(-15.135,15.7143),(18.1052,15.6455),(18.2135,67.9647)]
triangle[(-6.09853,-14.9906),(14.0075,9.02222),(-29.0699,45.0911)]
triangle[(13.3293,4.74449),(-16.5652,-6.57424),(3.24311,-58.8912)]
triangle[(-12.3025,3.65659),(-2.23014,-12.6165),(29.7076,7.15174)]
triangle[(-20.8885,18.8201),(0.117891,-15.842),(59.4832,20.1354)]
triangle[(-17.6164,-15.7677),(11.8011,15.505),(-46.268,70.1291)]
triangle[(-20.5404,15.5121),(10.2835,7.9341),(24.7702,66.8593)]
triangle[(-4.8808,-7.58552),(-10.3867,-6.18012),(-12.6225,-14.9393)]
triangle[(-16.4789,-1.92577),(-2.20214,2.75417),(-7.0357,17.4996)]
triangle[(10.7034,20.9119),(17.5536,-17.5709),(60.3289,-9.95658)]
triangle[(-6.39907,14.2909),(-18.4226,20.8912),(-30.3841,-0.898669)]
triangle[(9.32423,4.27747),(-0.0562309,5.89355),(-1.77256,-4.06877)]
triangle[(-13.7053,13.2161),(9.5915,-5.87798),(29.6569,18.6038)]
triangle[(-14.9105,-8.62219),(3.33844,16.0702),(-30.9963,41.4453)]
triangle[(-8.54906,14.2831),(10.4452,2.23602),(26.7219,27.8988)]
triangle[(15.7872,19.3971),(-14.1249,0.519758),(22.6558,-57.761)]
triangle[(16.8235,11.8794),(2.41879,3.63996),(18.7557,-24.9211)]
triangle[(16.8502,17.0618),(13.4763,-4.74076),(38.9792,-8.68731)]
triangle[(0.0193356,-17.4452),(-16.9785,17.6169),(-57.4092,-1.98356)]
triangle[(10.5836,2.59516),(-4.67721,2.68754),(-4.79163,-16.2154)]
triangle[(18.6111,13.3448),(8.45737,5.46576),(22.4021,-12.5048)]
triangle[(17.6353,14.7443),(14.3037,-14.7236),(59.7147,-19.8576)]
triangle[(-16.544,-20.738),(-17.2462,8.72177),(-70.2134,7.45925)]
triangle[(-0.407879,-1.21716),(-19.4859,10.9986),(-36.0989,-14.9468)]
triangle[(14.5769,11.2107),(16.2316,14.9869),(11.6452,16.9966)]
triangle[(13.5489,20.3822),(-2.8245,19.0093),(-1.37648,1.7403)]
triangle[(17.1446,-8.92015),(-8.68568,5.01634),(-32.1108,-38.4005)]
triangle[(-0.941105,7.06678),(-13.8759,5.56828),(-10.8799,-20.2928)]
triangle[(18.4985,2.56839),(20.5959,-16.8835),(55.2252,-13.1495)]
triangle[(5.6335,17.6628),(6.25568,-1.5315),(30.5174,-0.745059)]
triangle[(7.28255,-1.5243),(-16.843,-4.31756),(-12.547,-41.4225)]
triangle[(-2.26058,-15.7364),(-1.61922,-1.21143),(-17.628,-0.504557)]
triangle[(14.3959,-5.88481),(-15.3517,-8.04847),(-12.7248,-44.166)]
triangle[(-9.73126,3.38149),(2.41314,-1.11511),(10.6179,21.0443)]
triangle[(-0.496294,11.5921),(0.525665,18.4326),(-11.4056,20.2151)]
triangle[(-17.4457,14.6354),(-18.5827,19.3251),(-23.7107,18.0819)]
triangle[(9.28295,11.1501),(1.88842,11.3454),(1.59797,0.348921)]
triangle[(16.7418,-1.28555),(16.5169,-16.4859),(40.909,-16.8468)]
triangle[(-11.0506,-2.84251),(-11.4823,-11.9404),(1.66921,-12.5645)]
triangle[(13.7179,15.5686),(-16.3136,-0.182313),(0.76891,-32.7527)]
triangle[(-20.006,13.0611),(-8.26856,0.399996),(15.5688,22.4984)]
triangle[(16.4986,0.521848),(13.1613,-6.87302),(22.949,-11.2901)]
triangle[(7.70722,-20.9941),(11.6528,-12.2732),(-2.38354,-5.92285)]
triangle[(-2.78688,-20.3725),(-7.21477,-17.4966),(-11.931,-24.7581)]
triangle[(2.86537,10.2477),(-16.3278,9.0298),(-15.092,-10.446)]
triangle[(16.8145,17.7939),(4.08026,-19.2807),(73.9961,-43.2951)]
triangle[(9.89987,7.56513),(-11.3068,17.4312),(-25.8836,-13.9011)]
triangle[(4.03337,18.1588),(14.638,-7.21887),(49.3252,7.27592)]
triangle[(5.25242,-4.77371),(-1.69673,-12.8308),(8.157,-21.3295)]
triangle[(17.2361,-9.26816),(6.43743,12.753),(-26.9791,-3.63359)]
triangle[(19.3955,17.0703),(-14.5829,-11.5976),(39.3943,-75.5735)]
triangle[(3.21974,-13.0018),(11.2922,6.29967),(-11.4331,15.8042)]
triangle[(-6.2461,-12.2641),(9.9515,16.9418),(-29.1018,38.6008)]
triangle[(-5.41823,13.815),(18.4648,-0.42128),(39.2953,34.5245)]
triangle[(-5.07546,9.98796),(-1.37252,17.9693),(-13.142,23.4297)]
triangle[(9.68572,20.4689),(-6.70375,14.8269),(1.5056,-9.02063)]
triangle[(-19.2277,-17.4337),(-10.8132,-16.7586),(-11.8723,-3.55753)]
triangle[(-15.3821,-10.6953),(6.37437,11.215),(-24.0074,41.3834)]
triangle[(-11.8469,1.62636),(13.7664,-0.79071),(18.5485,49.884)]
triangle[(-17.878,8.36707),(9.07815,-6.24741),(35.2064,41.9457)]
triangle[(-17.3321,8.36718),(-13.5614,-18.0782),(24.0561,-12.7145)]
triangle[(-10.5187,-1.11358),(-0.356516,3.7252),(-7.69361,19.1342)]
triangle[(-20.8103,-19.9171),(1.96154,-9.39781),(-14.638,26.5361)]
triangle[(15.1607,-9.0902),(8.77257,9.39813),(-26.7332,-2.86991)]
triangle[(5.52068,15.9817),(-18.4118,17.8842),(-20.6352,-10.0851)]
triangle[(-9.11777,19.9912),(-9.29391,-20.1383),(43.024,-20.368)]
triangle[(-13.8344,-0.970471),(13.0577,-1.88208),(14.5466,42.0399)]
triangle[(-8.15513,-0.341145),(-4.28785,-20.9583),(32.5636,-14.0458)]
triangle[(19.377,-17.5838),(-5.05236,-13.333),(-11.1348,-48.2895)]
triangle[(4.03357,8.27509),(15.5113,-13.4774),(38.0231,-1.5991)]
triangle[(18.8893,12.4917),(14.8312,-2.99987),(41.0211,-9.86048)]
triangle[(-11.201,2.25063),(3.88344,12.1243),(-15.0093,40.9876)]
triangle[(-12.7039,20.6243),(19.2602,17.444),(25.541,80.5707)]
triangle[(-1.10329,-7.32895),(9.44534,1.56228),(-8.31181,22.6295)]
triangle[(8.09513,9.57088),(15.2193,-16.3267),(44.9419,-8.15027)]
triangle[(8.53378,-2.90667),(14.3811,3.96142),(5.42783,11.584)]
triangle[(-16.6539,-8.45362),(-20.6427,-19.9863),(2.1997,-27.8869)]
triangle[(-3.12658,14.1384),(11.1414,12.1414),(14.2958,34.6785)]
triangle[(-10.1316,-3.21984),(-19.2616,-12.9768),(-8.65783,-22.8992)]
triangle[(-10.4548,9.53766),(-6.46561,6.06949),(-1.94465,11.2696)]
triangle[(-11.517,16.2),(-16.1734,-4.58035),(16.1326,-11.8193)]
triangle[(0.815418,3.20066),(4.50993,1.77921),(6.21378,6.20771)]
triangle[(11.2487,-15.397),(-15.1592,-14.535),(-16.2164,-46.9207)]
triangle[(-12.5054,19.1375),(4.21615,-14.8007),(56.0927,10.7593)]
triangle[(-2.80061,-1.32081),(7.21713,-3.49633),(11.1491,14.6096)]
triangle[(3.52867,2.22328),(-2.53965,-0.766918),(2.06772,-10.1171)]
triangle[(18.9931,-8.63673),(-6.23853,13.7145),(-36.1547,-20.0571)]
triangle[(-11.3376,-9.59254),(14.1069,-19.0136),(32.4262,30.4633)]
triangle[(17.4265,7.77542),(-11.9661,-16.033),(15.1477,-49.5062)]
triangle[(-2.25563,-17.4616),(10.4585,-20.9558),(15.4202,-2.90211)]
triangle[(-14.5452,17.4599),(8.30808,9.44436),(17.502,35.6572)]
triangle[(-12.3938,16.5333),(-4.6005,20.0227),(-8.65378,29.0752)]
triangle[(-12.6402,10.8285),(7.04544,-20.9776),(39.0864,-1.14662)]
triangle[(-14.3992,7.40237),(11.5529,12.6591),(3.12161,54.284)]
triangle[(6.58572,18.9295),(7.73345,11.4732),(22.2227,13.7035)]
triangle[(-16.7342,-6.48246),(15.8064,11.0428),(-13.6305,65.7007)]
triangle[(19.6562,-18.7029),(19.6656,-9.22313),(9.37334,-9.21293)]
triangle[(9.1613,11.6379),(19.5256,-18.3796),(67.0205,-1.98075)]
triangle[(-19.1068,-18.7892),(-7.19812,-20.415),(-4.50655,-0.699914)]
triangle[(0.598872,2.44681),(-7.71497,-3.72726),(3.90766,-19.378)]
triangle[(-8.67501,-12.6883),(-3.67989,11.0083),(-31.3957,16.8507)]
triangle[(1.32687,2.27717),(-3.82811,-15.2457),(13.7258,-20.4098)]
triangle[(15.0079,4.29),(-20.1822,2.29137),(-17.6009,-43.1575)]
triangle[(10.4676,-1.71591),(-7.87794,-3.86872),(-5.11943,-27.3758)]
triangle[(19.8808,-7.14074),(-3.16816,-16.0086),(12.4281,-56.5457)]
triangle[(-13.3865,-6.43432),(-0.66489,11.3149),(-29.4548,31.9497)]
triangle[(-17.8814,18.6726),(11.3817,-5.98061),(47.4519,36.8343)]
triangle[(11.1297,4.64243),(2.62526,14.3632),(-8.3945,4.72231)]
triangle[(-8.35044,-12.8138),(20.6771,7.43807),(-10.9557,52.7783)]
triangle[(-14.9782,15.5213),(18.1891,-19.6438),(82.1875,40.7187)]
triangle[(-1.38999,8.01568),(11.0579,3.149),(19.871,25.6909)]
triangle[(20.6918,-6.56649),(20.6494,-15.6865),(31.0642,-15.7349)]
triangle[(-3.17462,3.44538),(20.8369,4.99414),(18.7191,37.8278)]
triangle[(-11.5618,-16.8018),(2.42094,7.95879),(-28.6975,25.532)]
triangle[(20.1796,-4.57674),(-17.6314,11.3628),(-35.7873,-31.7056)]
triangle[(-3.66521,-16.1252),(10.38,0.881665),(-7.99807,16.0594)]
triangle[(9.46626,-9.86113),(-4.63072,-11.9996),(-0.868948,-36.7977)]
triangle[(2.31095,6.86715),(17.4428,5.80143),(19.0546,28.6865)]
triangle[(1.99869,-13.5907),(-13.1238,19.9728),(-64.8343,-3.32612)]
triangle[(16.521,-15.6472),(20.2581,-5.80566),(0.649191,1.64044)]
triangle[(10.2874,13.0806),(6.16546,17.7416),(-1.72606,10.7628)]
triangle[(13.4899,0.321265),(-0.304652,12.9825),(-25.0112,-13.9355)]
triangle[(-0.635745,-18.1658),(-19.5964,1.83449),(-50.8001,-27.7472)]
triangle[(-10.1109,8.53752),(-14.1645,2.83469),(-8.01622,-1.53556)]
triangle[(6.57002,3.05974),(18.359,-9.53578),(41.5904,12.2081)]
triangle[(2.4782,4.63387),(16.8841,-19.6597),(52.5475,1.48844)]
triangle[(-17.4748,-8.13154),(1.01432,-0.808388),(-12.0788,32.2485)]
triangle[(-17.126,0.842577),(12.129,-19.7242),(46.1543,28.6746)]
triangle[(-19.09,17.9408),(9.127,11.3188),(18.3104,50.4502)]
triangle[(-7.22222,12.9808),(-10.2388,-16.8142),(44.836,-22.3903)]
triangle[(-4.05735,-14.5036),(-8.36818,-5.72352),(-21.8135,-12.3249)]
triangle[(10.144,15.1114),(19.8655,1.11276),(46.1616,19.3742)]
triangle[(15.302,0.986846),(-1.45736,-9.02728),(12.3962,-32.2123)]
triangle[(1.51608,-20.8053),(20.9344,2.84296),(-20.6594,36.9969)]
triangle[(-5.86136,9.05973),(-2.21493,5.60853),(3.79697,11.9605)]
triangle[(-5.75462,1.28327),(19.4798,3.35674),(15.8981,46.9466)]
triangle[(-10.8176,9.8835),(-6.75742,-10.459),(28.0338,-3.51491)]
triangle[(3.33919,11.2819),(-9.10346,0.553736),(7.77318,-19.0199)]
triangle[(-7.40446,4.75914),(14.4519,-18.7858),(61.3659,24.7638)]
triangle[(13.6069,-11.1208),(-18.6133,18.637),(-54.2833,-19.9846)]
triangle[(-11.6428,2.91065),(2.06169,-1.40434),(7.83522,16.9325)]
triangle[(18.6202,-2.84624),(9.37955,14.2561),(-15.4113,0.861201)]
triangle[(-5.77822,7.30617),(10.2524,-12.4892),(33.0769,5.99435)]
triangle[(16.6489,5.88005),(10.6381,18.844),(-12.3094,8.20416)]
triangle[(-5.35357,-18.3741),(-2.75066,7.23477),(-48.513,11.8861)]
triangle[(2.1019,16.1684),(-17.0987,14.0974),(-13.9708,-14.9032)]
triangle[(-17.7953,-19.8944),(14.1054,12.6324),(-24.1828,50.1836)]
triangle[(-19.7067,-12.2957),(-11.7006,3.03735),(-37.1701,16.3363)]
triangle[(9.65088,-6.78123),(-6.68152,4.00232),(-25.1646,-23.9915)]
triangle[(-12.981,-1.93249),(-9.67499,17.4074),(-34.894,21.7183)]
triangle[(-14.4683,-1.44107),(2.07768,14.2068),(-18.7768,36.2582)]
triangle[(-17.5449,-18.2108),(-15.5882,0.208423),(-52.2904,4.10754)]
triangle[(12.1719,-10.8285),(2.92377,19.3024),(-34.1742,7.9158)]
triangle[(-11.6322,16.9674),(2.74919,6.61827),(13.4249,21.4535)]
triangle[(-7.39285,-1.33729),(1.68259,3.45387),(-5.50036,17.0599)]
triangle[(1.81734,-0.920773),(-13.8376,-8.81106),(-3.48864,-29.3441)]
triangle[(14.799,10.2687),(-3.82265,1.32694),(9.79655,-27.0357)]
triangle[(-1.9813,7.67214),(2.26778,8.33064),(1.04622,16.213)]
triangle[(7.68705,-1.70433),(9.34317,20.017),(-18.2793,22.123)]
triangle[(-7.22847,-5.99149),(-11.6336,11.7504),(-34.6774,6.02888)]
triangle[(-18.8248,5.40704),(14.6744,-5.66831),(29.8264,40.1614)]
triangle[(-0.00903048,-16.9387),(15.5111,-12.2413),(8.84908,9.77012)]
triangle[(-0.935252,2.54385),(16.733,-13.6172),(48.886,21.5343)]
triangle[(8.38835,1.33633),(12.632,13.9135),(-8.8602,21.1651)]
triangle[(-7.86828,5.5206),(1.84632,11.0019),(-6.04059,24.9801)]
triangle[(-4.33102,4.93165),(-5.31017,20.7004),(-30.2412,19.1523)]
triangle[(9.83761,10.0835),(-8.29698,-19.0018),(21.3994,-37.5174)]
triangle[(17.6848,15.8751),(12.7454,17.4856),(10.1962,9.66717)]
triangle[(-17.582,-12.5371),(-5.28559,12.7548),(-44.4098,31.7762)]
triangle[(-10.1257,4.46652),(5.21586,-12.0013),(37.8059,18.3599)]
triangle[(-2.44495,-2.15035),(-6.84576,19.8792),(-47.5379,11.7502)]
triangle[(-4.60869,-5.21926),(-15.7451,13.5828),(-43.4651,-2.8356)]
triangle[(-19.7419,9.04138),(-14.0638,-16.6918),(37.362,-5.34445)]
triangle[(-5.71708,19.0458),(17.7034,0.63073),(38.778,27.4337)]
triangle[(-5.94703,-14.2496),(5.37633,9.36816),(-19.8951,21.4843)]
triangle[(16.4321,-10.9774),(19.3484,9.40248),(-18.4567,14.8123)]
triangle[(-1.37178,-13.5735),(17.1859,14.6983),(-20.4305,39.3899)]
triangle[(-8.61602,-1.00557),(0.486618,-15.1428),(16.4867,-4.84074)]
triangle[(9.49195,-0.931244),(-0.214732,9.72454),(-21.2971,-9.48)]
triangle[(15.7134,-5.88834),(-11.8321,-16.3708),(7.21136,-66.4126)]
triangle[(-13.6521,-11.6374),(19.951,-20.6707),(36.6217,41.3431)]
triangle[(3.74327,-14.0133),(6.99403,0.711032),(-19.2311,6.50089)]
triangle[(7.53338,10.1893),(-18.9238,-1.67905),(-2.27737,-38.7878)]
triangle[(16.6974,9.56944),(12.8047,-18.3231),(56.6738,-24.4455)]
triangle[(17.7738,2.51981),(-20.7501,7.99083),(-29.187,-51.4173)]
triangle[(20.4678,-0.96981),(8.83954,4.68272),(-0.577742,-14.6902)]
triangle[(16.3151,-15.2762),(2.91382,-1.40304),(-14.1953,-17.9301)]
triangle[(17.6991,-9.37197),(-20.688,-17.1134),(-10.7107,-66.5871)]
triangle[(11.99,-12.5072),(1.46663,-20.6526),(11.0495,-33.0331)]
triangle[(-13.6313,17.5977),(3.93706,0.0741788),(25.3188,21.5106)]
triangle[(17.15,9.67445),(-16.1097,-16.0539),(27.5025,-72.4327)]
triangle[(-14.588,-13.1111),(-12.9272,-6.7736),(-19.7311,-4.9906)]
triangle[(-2.81995,10.8369),(13.4856,-10.9874),(54.2581,19.4749)]
triangle[(20.1091,11.1391),(-7.31924,2.45012),(3.10217,-30.4468)]
triangle[(-15.0796,5.28681),(-19.9785,-6.97324),(-4.59327,-13.1208)]
triangle[(-17.797,10.8989),(-16.3748,19.8395),(-27.0318,21.5347)]
triangle[(4.94714,-20.5057),(15.1116,-16.6703),(9.68353,-2.28518)]
triangle[(6.91639,13.5048),(4.55919,-1.67006),(34.6756,-6.34821)]
triangle[(12.5598,9.22726),(9.06458,-19.9582),(49.9379,-24.8532)]
triangle[(-9.75348,-15.5334),(-7.74564,-7.51606),(-17.3433,-5.11243)]
triangle[(3.48445,-11.5911),(13.8259,-14.9844),(20.5747,5.58272)]
triangle[(19.1279,-16.5731),(11.1142,9.00821),(-35.9234,-5.72688)]
triangle[(-16.3596,13.2952),(-18.4704,-2.91875),(8.48084,-6.42734)]
triangle[(18.5462,10.0896),(-4.35742,-15.5577),(34.8849,-50.6019)]
triangle[(19.6207,18.0069),(-18.3338,9.04919),(-8.55628,-32.3793)]
triangle[(17.0258,0.017658),(-13.953,-1.53788),(-11.9972,-40.4883)]
triangle[(-13.6795,4.17708),(3.51299,16.662),(-14.8461,41.9436)]
triangle[(17.2765,-3.50642),(0.621024,6.30662),(-11.7472,-14.6857)]
triangle[(2.64674,16.5592),(12.1717,-0.967181),(33.2424,10.484)]
triangle[(17.5889,-2.06066),(12.1942,-0.591402),(9.3575,-11.0069)]
triangle[(-9.46762,-2.97587),(-17.9166,-6.21557),(-13.7901,-16.9774)]
triangle[(-16.9397,13.4713),(-8.12369,-12.6893),(18.5267,-3.70831)]
triangle[(-3.40046,14.6231),(-3.18106,17.3892),(-6.45364,17.6488)]
triangle[(-20.9652,-17.9425),(13.5153,6.83876),(-18.0481,50.7559)]
triangle[(-20.3339,-3.40947),(-8.37687,-17.1669),(17.3811,5.22026)]
triangle[(10.1314,5.73298),(-20.4526,3.14658),(-17.1852,-35.4902)]
triangle[(1.19139,0.208312),(5.11665,15.1202),(-22.1974,22.3101)]
triangle[(-17.7525,-20.4056),(-16.1215,-9.83935),(-28.8219,-7.87886)]
triangle[(8.77338,15.0087),(-0.528435,5.34531),(14.4974,-9.11821)]
triangle[(-14.1232,16.7756),(-10.2069,-15.2067),(38.6522,-9.22379)]
triangle[(16.7998,19.1438),(9.35014,20.335),(7.38118,8.02051)]
triangle[(-11.2361,-8.57573),(16.1796,-8.04061),(15.5957,21.8741)]
triangle[(4.45747,6.86173),(3.70147,-14.6009),(31.0502,-15.5642)]
triangle[(13.3205,13.7807),(13.1821,-7.98308),(43.8578,-8.1781)]
triangle[(16.5713,17.8277),(-17.1239,17.7215),(-17.0049,-20.0133)]
triangle[(-13.5561,-13.8962),(-10.3903,-5.06086),(-23.9945,-0.186386)]
triangle[(11.8943,8.62742),(8.10623,1.88172),(20.5393,-5.10018)]
triangle[(3.82893,-6.94922),(19.5848,-13.9318),(29.5848,8.63293)]
triangle[(10.726,12.0609),(-5.03397,-17.4746),(47.8115,-45.6727)]
triangle[(11.4284,10.0468),(6.74314,11.235),(4.66828,3.05372)]
triangle[(15.878,10.43),(4.91247,9.02073),(7.72572,-12.869)]
triangle[(-17.8639,20.168),(6.80382,16.9807),(12.9604,64.6287)]
triangle[(4.65765,12.9976),(-6.26221,-14.1026),(30.7993,-29.0363)]
triangle[(-9.22603,-10.4865),(-20.6583,-12.0221),(-18.7083,-26.5399)]
triangle[(17.0569,-7.1964),(-11.552,8.09459),(-29.5764,-25.6284)]
triangle[(-12.2209,6.50285),(-3.50541,10.185),(-10.7449,27.3205)]
triangle[(-3.66479,0.940286),(-20.873,9.58663),(-33.677,-15.8963)]
triangle[(-2.90407,-4.94312),(-12.4521,20.6364),(-62.0532,2.12187)]
triangle[(12.1343,10.3149),(-8.77072,18.8542),(-22.8738,-15.6714)]
triangle[(20.7553,6.70943),(5.61114,16.6879),(-12.754,-11.1844)]
triangle[(19.539,8.77542),(10.0165,20.2759),(-3.24732,9.29337)]
triangle[(13.6277,0.0808699),(-7.4395,7.03158),(-19.2838,-28.8679)]
triangle[(-6.3015,-18.6731),(20.2677,-18.1929),(19.3998,29.8198)]
triangle[(17.5883,4.43311),(13.1994,-14.3747),(35.9982,-19.695)]
triangle[(1.60541,7.06182),(-6.37781,7.58564),(-7.0291,-2.34041)]
triangle[(10.5175,-7.54401),(-10.4602,-0.0296952),(-19.013,-23.9067)]
triangle[(7.61339,8.95886),(-9.25906,-19.7741),(39.6566,-48.4982)]
triangle[(19.8176,-3.28429),(-17.7119,-15.7618),(4.71229,-83.2086)]
triangle[(7.13982,-5.96618),(-9.26783,5.43393),(-25.4618,-17.8733)]
triangle[(-0.364898,-14.6838),(-5.75324,-12.9338),(-7.50756,-18.3353)]
triangle[(14.4886,-20.3172),(-14.9399,-20.7225),(-14.1782,-76.0319)]
triangle[(-1.67658,-5.32935),(-0.378663,3.86464),(-14.0122,5.78929)]
triangle[(-9.29052,6.59378),(-16.1524,9.86),(-20.1495,1.46273)]
triangle[(18.9477,15.985),(10.9045,-5.68655),(41.7891,-17.1491)]
triangle[(-18.2913,-20.6066),(18.3139,-14.6047),(9.33666,40.1473)]
triangle[(13.8576,-20.5413),(-3.51717,16.5822),(-69.5457,-14.3208)]
triangle[(14.4636,-2.61691),(18.9851,-18.8327),(38.5406,-13.3801)]
triangle[(1.47363,12.1193),(14.3618,-10.701),(46.8437,7.64362)]
triangle[(-14.7763,11.1953),(-8.35504,1.56241),(8.44585,12.7619)]
triangle[(2.14983,12.7628),(-7.67772,15.6221),(-11.7569,1.60195)]
triangle[(-6.54783,0.252243),(-17.2201,-10.3914),(-1.99968,-25.6528)]
triangle[(19.9907,2.70214),(-14.4268,-20.8026),(9.51884,-55.8658)]
triangle[(2.82291,2.61748),(0.976087,-6.60915),(11.5715,-8.72994)]
triangle[(-9.03742,10.1818),(2.04421,-16.16),(40.2999,-0.0663571)]
triangle[(-19.1603,13.0812),(10.0495,8.17332),(17.4135,52.001)]
triangle[(0.0990023,0.229929),(17.6012,17.8885),(-12.9023,48.1219)]
triangle[(4.13252,11.3408),(1.14983,17.6661),(-5.51363,14.5239)]
triangle[(-7.81384,14.4724),(0.43259,16.5288),(-2.10216,26.6936)]
triangle[(12.2165,5.56511),(18.19,-2.90391),(29.062,4.76446)]
triangle[(10.2247,-8.83036),(-20.678,4.25552),(-39.9091,-41.1593)]
triangle[(-20.1893,-1.01701),(-4.86934,8.04579),(-15.4781,25.9791)]
triangle[(10.945,14.2775),(5.29602,19.6295),(-4.6628,9.11817)]
triangle[(1.12602,11.0657),(-15.0204,19.7104),(-26.2949,-1.3478)]
triangle[(-3.37813,20.3565),(-13.3376,6.99338),(1.24901,-3.87789)]
triangle[(-12.6669,18.2285),(12.9425,-1.78604),(52.2235,48.4756)]
triangle[(4.77575,3.0975),(3.97137,0.816397),(6.34943,-0.0221722)]
triangle[(-19.0478,-2.11521),(-5.13463,-14.8147),(19.2843,11.9378)]
triangle[(-1.12568,6.24143),(0.864523,6.56209),(0.245678,10.403)]
triangle[(18.7717,18.1827),(-13.7497,-20.052),(42.8544,-68.198)]
triangle[(-9.6286,1.67042),(-14.6072,11.9484),(-26.887,6.00014)]
triangle[(16.7611,-3.77237),(-15.4305,-6.5911),(-10.4436,-63.5445)]
triangle[(-2.56953,0.500447),(-19.5046,-1.06466),(-16.9339,-28.8803)]
triangle[(-2.74747,3.3759),(-15.7126,-18.6425),(28.3163,-44.568)]
triangle[(11.6787,5.53567),(14.3732,-13.2779),(44.8756,-8.9093)]
triangle[(18.3471,6.26294),(-8.79924,-12.8948),(16.5534,-48.8192)]
triangle[(-19.0424,-16.7181),(10.6895,8.62761),(-18.6594,43.0555)]
triangle[(8.06593,-8.39941),(0.0833504,-15.5819),(13.0478,-29.9905)]
triangle[(-17.695,-17.5081),(-11.7306,-19.252),(-8.56874,-8.43829)]
triangle[(-14.5783,-9.57478),(-15.1329,0.445487),(-30.0424,-0.379689)]
triangle[(-18.3906,-3.09567),(19.7417,-14.1404),(36.9431,45.2476)]
triangle[(15.2052,1.50949),(15.0633,-15.9096),(47.5759,-16.1746)]
triangle[(13.2744,-12.5294),(-6.91011,0.905935),(-22.8825,-23.0902)]
triangle[(6.05413,13.4827),(9.86585,-12.0748),(54.6837,-5.39048)]
triangle[(-5.62194,-11.2425),(15.9351,6.04081),(-4.48909,31.5154)]
triangle[(5.04193,3.90105),(-3.24046,-7.21392),(11.0917,-17.8936)]
triangle[(-5.68663,-15.8206),(10.1447,5.70378),(-32.8392,37.3188)]
triangle[(15.7389,-3.65516),(-1.814,20.2824),(-42.8998,-9.84495)]
triangle[(16.4167,-1.95673),(-4.53545,-7.39028),(1.32618,-29.9932)]
triangle[(-9.83765,-20.4535),(14.2713,-0.00734726),(-21.814,42.5424)]
triangle[(-15.3609,8.90197),(-11.2876,16.2594),(-23.142,22.8222)]
triangle[(-7.87398,-8.68477),(1.10188,-3.77779),(-8.41045,13.6222)]
triangle[(16.2642,-2.95728),(3.79649,3.35917),(-5.3215,-14.6384)]
triangle[(1.25444,17.3202),(-14.6602,16.978),(-14.0355,-12.0702)]
triangle[(-13.0137,5.48922),(-20.3548,-19.0913),(10.2899,-28.2435)]
triangle[(16.1598,-7.42251),(-15.2715,-18.7106),(1.95116,-66.6666)]
triangle[(-3.41263,-11.6848),(-20.5244,-14.3439),(-15.5542,-46.3286)]
triangle[(19.945,-14.993),(-18.8147,14.3316),(-55.1471,-33.6905)]
triangle[(14.1645,0.872878),(9.69665,9.44645),(-3.42353,2.6093)]
triangle[(4.99096,17.3235),(-11.9224,9.26637),(1.96039,-19.8759)]
triangle[(-12.07,-11.6374),(11.5071,4.02127),(-10.4117,37.0242)]
triangle[(-10.7186,-1.85871),(-16.4715,6.59075),(-28.5412,-1.62704)]
triangle[(13.7728,-17.5948),(18.4578,-20.6409),(24.2957,-11.6623)]
triangle[(-6.28265,0.621475),(1.84263,-0.977678),(4.75403,13.8151)]
triangle[(-8.60692,20.3075),(15.4987,13.1374),(24.6094,43.7669)]
triangle[(13.9668,19.7053),(-16.6842,-18.9676),(51.6691,-73.1424)]
triangle[(-19.7452,17.0978),(17.6081,18.9448),(15.2629,66.3728)]
triangle[(-19.6912,-2.51036),(-15.8941,14.4426),(-37.0371,19.1781)]
triangle[(-9.66736,-11.9335),(12.993,3.63258),(-12.8426,41.243)]
triangle[(15.496,-6.50883),(15.9335,-2.91016),(11.5192,-2.3736)]
triangle[(-17.3802,5.32315),(-0.225164,-18.7406),(35.9167,7.02487)]
triangle[(7.2094,-18.2196),(-10.7561,6.31485),(-46.7677,-20.0549)]
triangle[(-2.17442,-16.6836),(-15.6392,7.74228),(-44.5699,-8.2058)]
triangle[(-16.7031,5.83329),(-20.2551,-11.3846),(10.3762,-17.7038)]
triangle[(-0.757717,-1.41451),(12.0343,17.9743),(-15.895,36.401)]
triangle[(-15.9674,2.60179),(-12.6825,7.26867),(-19.9771,12.4032)]
triangle[(20.1839,-1.31782),(9.25714,-11.236),(21.1559,-24.3448)]
triangle[(10.5537,5.86215),(14.2269,12.5767),(4.77095,17.7496)]
triangle[(-18.5314,18.4958),(8.67689,-17.6554),(60.6282,21.4445)]
triangle[(-20.2933,-11.6831),(-10.4356,8.5551),(-35.841,20.9297)]
triangle[(-5.33016,1.06065),(-19.6683,-0.0452494),(-18.2095,-18.9592)]
triangle[(-5.91345,-2.39181),(-9.23987,-13.3861),(7.65254,-18.4971)]
triangle[(-17.4932,5.26448),(11.7633,-17.0184),(48.3067,30.9616)]
triangle[(16.786,6.0267),(-3.61654,-18.466),(25.2685,-42.5274)]
triangle[(-4.58888,-3.17299),(17.2719,5.68147),(3.08012,40.7195)]
triangle[(9.64351,3.68424),(1.14644,18.6226),(-15.3802,9.22206)]
triangle[(1.01428,8.19778),(1.05819,-7.24939),(31.4178,-7.1631)]
triangle[(-10.4165,-2.30084),(-18.4499,10.8775),(-37.3043,-0.61598)]
triangle[(-14.1168,-8.56697),(-3.43811,5.05735),(-23.4685,20.7571)]
triangle[(10.9012,12.3903),(-8.29963,7.05177),(-0.289854,-21.7565)]
triangle[(15.7086,-0.420022),(-19.9062,-3.15663),(-14.5853,-72.4041)]
triangle[(-0.973242,14.803),(-0.378045,7.78422),(10.4406,8.70165)]
triangle[(2.071,7.58006),(-13.856,-14.2367),(15.7999,-35.8866)]
triangle[(1.74509,-8.83909),(-10.7377,-2.89808),(-22.0058,-26.5736)]
triangle[(-19.9285,-9.53252),(16.021,-17.1324),(25.72,28.7464)]
triangle[(-9.74656,19.0712),(0.312161,-9.17459),(50.4316,8.67365)]
triangle[(-14.7106,-7.00079),(9.93752,14.2115),(-16.1836,44.5635)]
triangle[(14.3964,-12.5967),(0.779487,-8.48554),(-4.74806,-26.7937)]
triangle[(-8.65134,-8.11529),(-20.152,19.1996),(-55.5184,4.30892)]
triangle[(14.6891,-6.3167),(6.24752,9.73084),(-19.1937,-3.65208)]
triangle[(-3.97802,-11.399),(-16.4252,-16.9687),(-9.23368,-33.0404)]
triangle[(-6.57154,-14.4937),(-6.7906,6.03168),(-41.6873,5.65923)]
triangle[(-14.3571,-14.8925),(-20.576,13.7613),(-70.7677,2.86802)]
triangle[(12.3122,-15.1832),(-9.89451,18.6929),(-46.7302,-5.45385)]
triangle[(16.8397,-12.9353),(-7.29086,-10.288),(-10.5344,-39.8529)]
triangle[(-13.3544,-6.44798),(10.8836,3.24064),(-1.93753,35.3154)]
triangle[(9.24013,-10.1309),(18.477,5.76559),(-7.75644,21.0089)]
triangle[(11.8473,-19.0879),(7.51855,-15.046),(3.14258,-19.7324)]
triangle[(17.1321,12.4171),(-0.892895,18.8307),(-10.4434,-8.01055)]
triangle[(-17.4043,-8.11193),(-16.6126,2.8898),(-34.4413,4.1728)]
triangle[(1.67918,7.16935),(1.95107,-8.62672),(31.3411,-8.12084)]
triangle[(-3.54616,9.89249),(15.4253,17.3026),(6.00775,41.4135)]
triangle[(14.9686,11.3599),(8.12361,16.5874),(2.71693,9.50773)]
triangle[(15.2997,-10.5265),(-16.704,2.58091),(-36.9879,-46.9451)]
triangle[(2.5311,12.7122),(-10.6869,-2.74497),(4.99942,-16.1589)]
triangle[(-16.3652,11.6486),(5.50615,-10.2347),(28.665,12.9115)]
triangle[(1.56876,15.2268),(-2.9949,-10.805),(48.6209,-19.8539)]
triangle[(-14.5553,4.71209),(-11.1981,2.74423),(-7.29765,9.39855)]
triangle[(-17.2985,-18.2211),(-14.746,-5.87032),(-32.9455,-2.10906)]
