triangle[(17.909,0.599715),(10.823,-6.40302),(18.4203,-14.0906)]
triangle[(8.56124,-16.7951),(7.53678,8.91879),(-32.2769,7.33259)]
triangle[(-20.3565,16.7968),(-9.84774,9.86298),(0.246727,25.1619)]
triangle[(-0.567977,-17.628),(7.26766,-17.9649),(7.85634,-4.27335)]
triangle[(15.8905,-4.06105),(-10.318,-11.6588),(2.43293,-55.643)]
triangle[(-6.2352,-5.88774),(17.3534,14.0168),(-17.3746,55.1726)]
triangle[(-19.812,17.9652),(13.2395,-19.4391),(73.9228,34.1824)]
triangle[(14.4871,-13.6232),(-14.2732,8.37748),(-41.1972,-26.8189)]
triangle[(-2.79766,19.8404),(9.90277,12.8173),(20.9297,32.7582)]
triangle[(-1.3169,20.311),(13.0235,7.63537),(30.8227,27.7723)]
triangle[(2.5665,2.48092),(-4.89052,-16.5729),(20.9506,-26.6862)]
triangle[(7.06136,-2.12534),(-6.6296,11.9235),(-25.9686,-6.92282)]
triangle[(16.3987,-7.53315),(-20.3725,18.1169),(-54.2228,-30.4101)]
triangle[(20.0354,4.25106),(15.784,12.0688),(5.65982,6.56322)]
triangle[(-17.9513,-1.90381),(17.1461,17.9353),(-10.5366,66.9087)]
triangle[(-6.54341,-5.15993),(-7.59096,-20.4205),(17.9869,-22.1763)]
triangle[(9.83137,-0.824609),(6.7957,-10.1085),(24.9969,-16.06)]
triangle[(-13.3869,-17.2447),(17.2009,-9.12551),(1.9058,48.4962)]
triangle[(17.5832,-0.583003),(19.6098,4.35457),(12.9429,7.09089)]
triangle[(-3.86073,5.56647),(-3.51451,13.0356),(-18.2278,13.7176)]
triangle[(-20.6718,-15.8083),(-14.7229,18.713),(-80.8428,30.1071)]
triangle[(9.55996,-9.62803),(18.0554,15.9623),(-10.5172,25.4478)]
triangle[(-7.65255,14.1725),(-15.1312,12.8111),(-12.8415,0.233013)]
triangle[(-19.2043,13.5324),(-16.6865,-7.886),(25.9992,-2.86804)]
triangle[(-8.7355,7.74916),(19.0304,-3.32935),(35.8164,38.7412)]
triangle[(0.269398,7.20888),(-1.51614,-14.0055),(21.5902,-15.9503)]
triangle[(13.8539,-16.3479),(9.40867,-5.66409),(-11.7992,-14.4881)]
triangle[(13.8561,-17.3355),(-15.4824,2.68945),(-43.0986,-37.771)]
triangle[(15.3383,20.4117),(-7.1967,-15.3584),(63.0233,-59.5967)]
triangle[(-2.75304,13.756),(-10.7048,-0.564562),(4.35968,-8.92937)]
triangle[(-14.6381,-1.24486),(13.0808,0.806562),(10.1592,40.2841)]
triangle[(-3.92521,10.8093),(10.5321,10.0315),(11.4097,26.3437)]
triangle[(-4.05678,-0.395469),(-5.04533,-16.7449),(22.0404,-18.3826)]
triangle[(18.0374,-3.35541),(15.4378,0.650407),(9.32734,-3.31491)]
triangle[(-17.8279,-5.71691),(2.08326,-15.9949),(12.6452,4.46651)]
triangle[(-5.44027,-8.55378),(11.2184,10.8351),(-21.0238,38.5371)]
triangle[(7.7901,-19.5264),(-20.8016,14.895),(-63.5374,-20.6029)]
triangle[(-10.3463,-0.476219),(13.4165,-8.35075),(27.138,33.0563)]
triangle[(16.1246,1.9523),(-3.787,-19.1243),(35.9858,-56.6987)]
triangle[(2.11082,17.9686),(8.87493,-11.956),(41.8544,-4.50137)]
triangle[(-13.4566,-2.91035),(-6.37077,8.71301),(-22.1593,18.3381)]
triangle[(-16.3995,7.35914),(19.2714,-3.25841),(33.811,45.589)]
triangle[(-9.83379,7.36818),(-14.9965,15.4141),(-25.6066,8.60605)]
triangle[(20.3843,2.19585),(5.57586,-8.01767),(22.4166,-32.4349)]
triangle[(3.34703,-7.88062),(18.2223,4.40588),(-4.54843,31.9745)]
triangle[(11.5449,-0.784701),(6.23626,10.1164),(-12.5095,0.987475)]
triangle[(-16.3062,-4.34276),(-9.49247,-20.0521),(18.5741,-7.87854)]
triangle[(-5.55068,7.50216),(-1.23451,2.44422),(4.18311,7.06732)]
triangle[(2.24651,-4.74884),(-10.835,-20.9282),(16.8223,-43.2901)]
triangle[(-16.6149,18.0363),(-7.22669,17.1238),(-6.04565,29.2744)]
triangle[(-15.6637,11.0896),(-11.4273,-20.6195),(37.8097,-14.0412)]
triangle[(20.1224,8.812),(11.8798,19.4776),(-2.76062,8.16327)]
triangle[(-18.7597,7.82812),(-15.2341,-2.45771),(3.40545,3.93137)]
triangle[(4.79025,-16.7944),(16.4331,-7.87213),(3.83852,8.56285)]
triangle[(20.1731,17.9725),(-16.5141,-13.7073),(29.6075,-67.119)]
triangle[(-16.44,-19.9821),(-5.7449,20.9913),(-84.4592,41.5378)]
triangle[(-8.19786,-12.1429),(-1.30341,-15.3921),(2.10171,-8.16697)]
triangle[(5.39888,16.8216),(-14.5691,8.21209),(-1.43712,-22.2451)]
triangle[(12.1012,5.70699),(-3.18655,-20.6538),(42.2498,-47.0042)]
triangle[(20.9376,3.39979),(11.8761,2.50685),(13.4873,-13.8442)]
triangle[(-12.7871,10.3879),(15.4645,-17.0237),(53.3885,22.0623)]
triangle[(-18.3996,-10.142),(-18.6953,-6.88732),(-23.8917,-7.35937)]
triangle[(-4.85879,-13.8028),(17.1843,20.4371),(-19.1763,43.8455)]
triangle[(-20.5453,5.63249),(7.75584,-18.131),(49.3461,31.4009)]
triangle[(17.8626,-5.66708),(-1.56922,14.649),(-33.4814,-15.8742)]
triangle[(7.54183,-11.921),(-18.5828,7.80286),(-42.9878,-24.522)]
triangle[(-10.3789,10.7386),(-6.08776,16.9301),(-17.4594,24.8114)]
triangle[(-17.8907,-6.67398),(7.77346,7.76721),(-13.4909,45.5572)]
triangle[(-5.08557,-15.1018),(1.5873,-19.3491),(9.52056,-6.88553)]
triangle[(-5.17931,-15.7212),(0.346017,-7.44211),(-8.2652,-1.69511)]
triangle[(-19.291,5.62538),(3.88518,14.0977),(-12.2379,58.203)]
triangle[(1.50116,-18.4532),(-19.3809,6.18219),(-49.0396,-18.9579)]
triangle[(2.44607,1.40102),(-9.00445,-0.438833),(-6.76146,-14.3983)]
triangle[(-16.9552,-4.16668),(-15.2886,4.05655),(-31.0493,7.25062)]
triangle[(0.143592,11.413),(-9.56971,-3.6647),(16.8633,-20.6933)]
triangle[(12.6519,-12.7877),(2.15513,-2.06614),(-10.3206,-14.2802)]
triangle[(-18.2717,-7.34841),(1.49111,15.4316),(-30.0049,42.756)]
triangle[(5.44005,-1.36174),(-5.34132,-8.42177),(2.16691,-19.8876)]
triangle[(-16.4006,6.40053),(-0.732525,-8.76841),(14.762,7.23592)]
triangle[(-10.2535,-17.5441),(-19.3584,12.2139),(-64.9956,-1.74944)]
triangle[(-0.331861,4.06196),(-1.39788,-4.22457),(14.9205,-6.32385)]
triangle[(-12.9828,-11.9688),(-6.04875,18.2487),(-62.8228,31.2768)]
triangle[(-8.14285,10.72),(12.6225,19.49),(0.716083,47.6819)]
triangle[(11.1493,7.95374),(2.03467,0.350002),(15.3604,-15.6237)]
triangle[(5.39901,-7.64287),(-9.09697,-1.42911),(-17.5677,-21.1903)]
triangle[(15.4077,-5.8366),(1.80535,18.6446),(-35.5779,-2.12641)]
triangle[(14.6329,9.06724),(2.5271,11.1575),(0.32493,-1.59647)]
triangle[(19.7983,14.0774),(11.2591,12.3534),(13.4482,1.51086)]
triangle[(17.1322,-19.5715),(-12.8073,12.0463),(-70.5626,-42.6434)]
triangle[(-12.7213,-14.9605),(19.7798,-6.24299),(6.90366,41.7625)]
triangle[(-13.9325,-7.03103),(15.9672,7.90986),(-9.09843,58.0711)]
triangle[(18.6886,-17.9331),(18.0183,-10.9782),(10.2381,-11.7281)]
triangle[(11.1609,8.07556),(-13.8247,-3.97428),(3.59154,-40.0872)]
triangle[(20.9359,-1.64655),(-6.27734,-2.27537),(-5.3021,-44.48)]
triangle[(-9.73141,-2.31663),(-12.5997,-8.58766),(-1.42375,-13.6995)]
triangle[(-18.5269,-11.0957),(8.31276,0.810916),(-8.90234,39.6168)]
triangle[(16.3111,17.5858),(15.2032,1.19652),(47.4104,-0.980815)]
triangle[(4.39533,5.86837),(-16.9596,-18.802),(12.4104,-44.225)]
triangle[(-13.0678,4.87512),(9.63993,6.60605),(6.66684,45.6093)]
triangle[(-8.68071,2.92592),(-6.00136,-10.2196),(13.6446,-6.21531)]
triangle[(-13.7356,-16.0104),(-17.8451,4.6294),(-58.3885,-3.44305)]
triangle[(0.920596,8.50465),(19.4729,-10.0258),(49.0607,19.597)]
triangle[(-15.3808,-15.9417),(-15.0625,12.7702),(-66.1271,13.3363)]
triangle[(1.09751,-11.5536),(10.7394,3.75594),(-17.5745,21.5878)]
triangle[(6.30932,-0.978181),(14.8058,18.5443),(-11.0395,29.7925)]
triangle[(3.28783,17.7974),(14.5951,-13.663),(60.767,2.9319)]
triangle[(-14.5208,3.2407),(-19.2658,-20.6304),(19.8754,-28.4107)]
triangle[(-4.37158,7.1841),(-12.1783,-18.8343),(30.0057,-31.4913)]
triangle[(16.6632,9.99396),(-4.65642,-16.6162),(22.2954,-38.2096)]
triangle[(8.3299,10.0457),(-9.30728,-10.9794),(17.2114,-33.2249)]
triangle[(-2.58353,-2.9301),(20.6722,6.7695),(2.32708,50.7535)]
triangle[(13.5725,0.478861),(8.383,1.45311),(6.51122,-8.51714)]
triangle[(-12.6576,3.10712),(17.3021,-18.4907),(51.9483,29.5693)]
triangle[(-6.55913,-7.46978),(4.49383,18.3827),(-21.8234,29.6344)]
triangle[(-14.4657,-0.0687398),(6.27815,18.541),(-21.741,49.7733)]
triangle[(-17.2982,-5.52552),(16.0217,-14.9588),(27.8863,26.9488)]
triangle[(5.34187,-17.368),(-8.52301,-5.30433),(-32.33,-32.666)]
triangle[(-16.0097,6.6686),(14.0042,4.94289),(16.0813,41.0695)]
triangle[(16.4618,18.2263),(-15.1235,4.05776),(11.5426,-55.3876)]
triangle[(9.23549,-18.5022),(-17.5329,15.3965),(-81.7335,-35.3)]
triangle[(9.12361,4.35691),(4.11269,1.21592),(10.2077,-8.5076)]
triangle[(-3.61754,-17.9662),(-12.1262,-0.712547),(-42.7635,-15.8213)]
triangle[(-2.23379,12.7255),(-5.28612,-0.441581),(14.8274,-5.10419)]
triangle[(-20.6442,3.20794),(15.2388,-18.0946),(42.204,27.3268)]
triangle[(10.2559,-2.97454),(13.2533,-9.17557),(22.8583,-4.53276)]
triangle[(-11.6935,-13.1461),(8.72134,12.3361),(-18.2541,33.9473)]
triangle[(-14.4839,-7.37173),(-0.940158,-5.86831),(-3.57611,17.8781)]
triangle[(8.19482,-3.8065),(18.7315,-6.1995),(21.9613,8.02163)]
triangle[(6.16436,-4.70968),(18.1487,-17.0786),(38.3863,2.52966)]
triangle[(15.5496,-10.5158),(8.42294,-5.32459),(0.758778,-15.8461)]
triangle[(3.78899,-7.63004),(2.87772,1.01967),(-9.15032,-0.247516)]
triangle[(4.75704,8.25702),(-19.8401,1.37656),(-11.753,-27.5341)]
triangle[(3.77514,3.09588),(8.52118,-0.0981523),(12.9605,6.49825)]
triangle[(18.1842,-0.913971),(-17.1813,-19.9815),(3.87581,-59.0371)]
triangle[(-19.081,17.1856),(1.05408,11.9016),(9.88397,45.5481)]
triangle[(-15.9334,-0.630486),(-4.48107,-6.10066),(1.09138,5.56578)]
triangle[(19.7232,-9.02677),(13.8095,4.44619),(-3.85065,-3.30538)]
triangle[(-6.56743,-1.15405),(7.20776,-8.68516),(20.0271,14.7628)]
triangle[(4.91526,-19.1361),(11.2117,-0.579191),(-20.9681,10.3395)]
triangle[(-13.2891,-10.6128),(3.03716,10.7309),(-35.8632,40.4866)]
triangle[(-12.9658,11.5562),(-2.27252,-12.1614),(36.7495,5.43194)]
triangle[(-1.60181,2.07982),(11.1183,17.94),(-11.489,36.0714)]
triangle[(-17.0734,3.90979),(11.4573,-9.7829),(25.8472,20.2005)]
triangle[(16.1327,10.1619),(1.67034,16.651),(-10.3056,-10.0401)]
triangle[(14.8961,3.29155),(7.70748,-14.4288),(34.3141,-25.2222)]
triangle[(-0.284521,0.96201),(-17.9134,19.1684),(-51.444,-13.2985)]
triangle[(-0.146275,-8.56668),(4.15596,-15.1803),(13.6706,-8.99093)]
triangle[(13.0614,-19.5908),(-2.8686,17.6513),(-66.4344,-9.53839)]
triangle[(9.02122,19.0263),(-20.1217,9.2285),(-8.68652,-24.7845)]
triangle[(5.47857,-18.5236),(15.7756,3.80382),(-17.0262,18.9315)]
triangle[(-6.40182,-8.03291),(-15.8034,12.059),(-40.6803,0.418314)]
triangle[(3.80382,18.5393),(18.5506,10.6408),(28.0693,28.4125)]
triangle[(2.80041,16.7291),(11.1728,18.9512),(8.49865,29.0267)]
triangle[(-19.9085,2.32682),(-12.5363,13.1834),(-34.2413,27.9223)]
triangle[(12.2514,-16.0376),(5.87085,9.0453),(-42.2752,-3.20193)]
triangle[(-11.113,-3.94912),(-3.95651,3.75782),(-17.2111,16.0658)]
triangle[(2.24078,-14.1811),(3.45395,-18.1768),(11.1501,-15.8401)]
triangle[(6.24368,15.6913),(-4.18018,19.2176),(-10.059,1.83938)]
triangle[(3.13685,20.4517),(9.17499,6.91996),(24.1049,13.582)]
triangle[(-14.9303,18.0423),(20.251,-4.56034),(51.4982,44.0765)]
triangle[(15.8011,0.767328),(4.02451,8.10395),(-7.6666,-10.6624)]
triangle[(0.62317,-8.75067),(18.453,19.0904),(-29.4238,49.7515)]
triangle[(5.93356,-19.5099),(12.5963,17.6819),(-31.0263,25.4967)]
triangle[(-4.65947,-18.6629),(9.54434,-13.8875),(0.199559,13.9076)]
triangle[(9.12835,-6.59799),(2.30292,-10.9911),(9.96168,-22.8903)]
triangle[(17.5945,-2.48727),(10.6888,-10.8792),(25.4701,-23.0429)]
triangle[(14.6077,-3.33467),(8.84782,14.1091),(-24.2451,3.18187)]
triangle[(1.90908,19.3229),(10.8492,-17.7449),(67.9105,-3.98274)]
triangle[(12.0361,-20.615),(-18.4714,-4.97301),(-39.6199,-46.2201)]
triangle[(2.43388,17.5385),(-1.53286,-7.24031),(47.1215,-15.0292)]
triangle[(6.33483,2.29035),(-6.08832,5.62432),(-12.6783,-18.9315)]
triangle[(-5.57244,14.2202),(-16.7607,-4.56611),(17.9154,-25.2176)]
triangle[(8.857,11.7539),(-13.4928,-13.8426),(15.2557,-38.9445)]
triangle[(-19.3022,8.2064),(17.9538,-4.03532),(34.7056,46.9463)]
triangle[(-6.88938,-4.88136),(11.4683,-6.98395),(13.7649,13.0676)]
triangle[(16.8984,-7.59851),(11.0067,3.16772),(-10.4784,-8.58977)]
triangle[(-8.83563,-15.8695),(5.53275,0.910961),(-26.3698,28.2277)]
triangle[(-20.4247,-13.7895),(-18.1143,1.15909),(-46.402,5.53107)]
triangle[(10.1505,-16.0564),(-13.986,13.8125),(-65.3643,-27.7054)]
triangle[(-15.9223,-9.36284),(-13.7887,20.5124),(-64.6927,24.1478)]
triangle[(14.3976,-17.5147),(15.3145,9.77533),(-32.5,11.3818)]
triangle[(-20.5563,-8.23794),(-5.06444,-3.26133),(-13.54,23.1225)]
triangle[(9.47527,5.89181),(-20.9081,-12.3691),(13.3639,-69.3926)]
triangle[(7.14096,5.69085),(-1.26625,4.65873),(0.796166,-12.1409)]
triangle[(14.8816,-1.49127),(15.2655,13.5138),(-1.70225,13.948)]
triangle[(-10.7402,20.5923),(5.33433,3.61576),(36.3846,33.0163)]
triangle[(-0.986172,4.90926),(14.1132,-16.6452),(42.4963,3.23778)]
triangle[(-5.81483,-6.83212),(-6.81232,13.5958),(-43.9703,11.7814)]
triangle[(12.5516,13.1191),(-16.2793,-5.30759),(5.52883,-39.4293)]
triangle[(-4.96218,-1.17315),(-2.93238,19.1937),(-40.195,22.9073)]
triangle[(-17.3935,2.96521),(4.09375,-16.786),(42.1533,24.619)]
triangle[(-8.60694,-15),(-12.4848,-16.7822),(-10.2705,-21.6)]
triangle[(6.13528,-1.84543),(7.35017,-20.0618),(37.4447,-18.0548)]
triangle[(-12.6346,-0.514649),(-7.32116,2.79944),(-10.7022,8.22024)]
triangle[(7.00228,17.3042),(10.6343,1.85214),(31.0893,6.66007)]
triangle[(-11.9779,-14.9187),(16.7912,-17.7559),(20.067,15.4602)]
triangle[(-3.17662,4.43053),(6.37477,5.89046),(3.88372,22.1877)]
triangle[(0.195703,7.71364),(-9.01512,19.6741),(-24.3113,7.89438)]
triangle[(11.1454,-8.25644),(-0.513056,-5.52133),(-5.04635,-24.8447)]
triangle[(-4.22295,-5.34792),(-0.110367,-1.49986),(-7.77979,6.69678)]
triangle[(0.773539,-15.4559),(3.19578,4.58504),(-17.5278,7.08979)]
triangle[(6.44424,5.16176),(-1.515,11.4886),(-7.89152,3.46686)]
triangle[(-16.0882,-8.17303),(11.2974,-11.2135),(14.3608,16.3793)]
triangle[(4.16419,6.71148),(-6.75948,1.2403),(3.94704,-20.1361)]
triangle[(0.181739,14.0474),(2.09206,-7.20924),(35.0381,-4.24839)]
triangle[(19.8391,1.39347),(-19.5115,19.3283),(-40.3194,-26.3258)]
triangle[(-16.4343,-6.60173),(11.3641,14.4489),(-20.3782,56.3661)]
triangle[(-15.3227,-0.257694),(19.3522,8.39769),(4.60776,67.4664)]
triangle[(-12.2693,8.44588),(-14.6536,-15.7165),(9.57538,-18.1073)]
triangle[(13.0084,-8.27726),(2.51648,-10.1462),(4.9772,-23.9601)]
triangle[(9.65339,13.3339),(-15.1997,7.15806),(-4.32604,-36.6003)]
triangle[(10.0117,9.44648),(13.0222,-1.10115),(30.2743,3.82293)]
triangle[(8.23958,11.7753),(5.83146,3.75341),(19.6188,-0.385465)]
triangle[(-2.6573,15.1928),(15.1387,14.9555),(15.5547,46.1492)]
triangle[(12.392,19.3483),(-14.3435,9.93983),(-1.58632,-26.3117)]
triangle[(16.857,-0.141323),(-0.833736,7.74913),(-13.726,-21.156)]
triangle[(15.7572,5.88006),(3.53694,11.7153),(-3.71,-3.46128)]
triangle[(13.3682,2.84552),(5.15857,-13.9671),(27.7523,-24.9997)]
triangle[(2.6499,11.6861),(10.1988,-1.5414),(30.6024,10.1028)]
triangle[(12.452,13.0601),(-12.6732,-19.2804),(26.0871,-49.3931)]
triangle[(-15.9287,-19.7074),(-7.36152,15.9383),(-74.3018,32.0269)]
triangle[(8.31504,17.192),(2.29128,-19.5122),(53.7529,-27.9579)]
triangle[(19.1439,5.37981),(16.38,2.24575),(20.5068,-1.39356)]
triangle[(13.1537,6.34605),(0.124547,-7.31026),(19.829,-26.1099)]
triangle[(8.76844,9.35556),(-6.85815,7.88516),(-4.64275,-15.6588)]
triangle[(5.8858,9.7215),(5.40967,2.18077),(19.8911,1.2664)]
triangle[(14.2479,-7.20385),(14.2035,-16.2071),(30.4913,-16.2874)]
triangle[(-2.6901,3.50903),(-11.144,-19.1486),(25.047,-32.652)]
triangle[(-5.8842,-8.51288),(-7.54585,8.87778),(-41.5838,5.62551)]
triangle[(-3.73376,-20.0335),(-2.75321,-11.0042),(-18.4721,-9.29722)]
triangle[(14.9265,-20.912),(18.1203,6.90571),(-16.4159,10.8709)]
triangle[(-8.15963,-0.160648),(-9.23456,19.1269),(-38.8579,17.476)]
triangle[(5.04219,19.1875),(-10.4,18.5147),(-9.24056,-8.09813)]
triangle[(-2.81607,-3.19559),(7.35242,-15.6273),(22.1703,-3.5071)]
triangle[(3.54562,16.0286),(17.4202,19.4846),(12.2033,40.4286)]
triangle[(0.233922,12.7629),(13.6167,19.9202),(5.7814,34.5705)]
triangle[(-15.7635,13.9077),(0.462781,-8.26347),(28.7506,12.4394)]
triangle[(19.4309,13.0784),(-16.9961,2.60761),(-2.45164,-47.9915)]
triangle[(-18.8707,-20.5548),(5.75794,-4.85168),(-10.075,19.9805)]
triangle[(-17.599,12.3296),(-16.4023,14.8773),(-19.7913,16.4692)]
triangle[(-10.5669,9.77531),(-4.47512,11.5248),(-6.70855,19.3018)]
triangle[(-20.3674,8.26054),(-13.6533,-3.95384),(-0.300392,3.38612)]
triangle[(-10.4631,3.56396),(3.23952,7.44312),(-2.65276,28.2568)]
triangle[(20.2827,7.00438),(2.1234,-11.4263),(31.6692,-40.5371)]
triangle[(-0.358311,-3.37077),(-2.76363,2.15093),(-9.63689,-0.843149)]
triangle[(10.032,14.838),(15.0466,-4.90473),(46.4391,3.06898)]
triangle[(3.84159,20.5283),(14.7095,2.92582),(34.4204,15.0955)]
triangle[(11.1322,-14.8776),(17.9051,-5.00004),(3.15424,5.11443)]
triangle[(-13.0728,16.9781),(-11.0009,4.47526),(6.03418,7.2982)]
triangle[(-10.7579,7.52477),(-13.2163,18.6829),(-31.569,14.6395)]
triangle[(3.89086,12.5688),(2.6637,16.8704),(-5.0861,14.6596)]
triangle[(-11.9868,18.2011),(20.5693,-1.28911),(59.3026,63.4102)]
triangle[(-17.1391,5.78039),(14.2066,15.2873),(-4.57874,77.2252)]
triangle[(17.8043,-17.4518),(-14.0814,-15.7042),(-17.3616,-75.5498)]
triangle[(-5.59638,19.9183),(-2.93025,-8.99256),(44.9578,-4.57639)]
triangle[(-0.686778,6.29916),(-9.48631,-11.0333),(20.6104,-26.3131)]
triangle[(0.0944518,-6.50027),(15.7745,-10.3271),(23.1067,19.7158)]
triangle[(9.78218,-15.7963),(2.7416,0.723968),(-28.6649,-12.6608)]
triangle[(20.8685,-18.3098),(20.5883,-7.51781),(3.32287,-7.96598)]
triangle[(-5.33909,-0.411059),(-9.67003,0.713876),(-11.631,-6.83563)]
triangle[(6.89851,-6.31851),(-12.6491,5.52571),(-35.0654,-31.4699)]
triangle[(-8.20149,7.16345),(-10.0919,-15.6143),(28.3359,-18.8036)]
triangle[(-15.2303,-0.46307),(3.9316,-3.18693),(8.98884,32.3899)]
triangle[(-13.3568,5.9474),(-3.75852,-2.92685),(6.56711,8.24116)]
triangle[(-4.73483,19.8243),(17.2452,1.69601),(35.9364,24.3586)]
triangle[(-7.37893,-3.32103),(-4.64909,-11.0913),(10.8846,-5.63405)]
triangle[(17.544,-8.24096),(9.70315,-2.04577),(1.28163,-12.7043)]
triangle[(7.56941,8.48254),(8.67229,-16.5251),(48.7436,-14.7579)]
triangle[(8.45557,7.35365),(-17.7061,0.50101),(-8.09093,-36.2075)]
triangle[(-4.70823,-15.3577),(20.4278,-12.8969),(16.2899,29.3692)]
triangle[(-0.381833,6.60678),(-2.85853,-11.7455),(17.1257,-14.4424)]
triangle[(-10.8422,-0.773221),(-11.5283,-19.7441),(12.3494,-20.6075)]
triangle[(14.2264,-13.7999),(-5.30331,-8.47159),(-12.3628,-34.3465)]
triangle[(-17.641,-20.892),(-18.2952,16.5319),(-86.8819,15.3329)]
triangle[(0.909479,-19.0335),(-8.56172,17.2966),(-79.3475,-1.15719)]
triangle[(19.1979,16.1168),(5.25584,9.62437),(16.5823,-14.6984)]
triangle[(-18.639,-9.38398),(-15.5286,17.8839),(-59.5745,22.9082)]
triangle[(14.986,-20.9559),(6.28743,-12.7811),(-8.28925,-28.2918)]
triangle[(13.0581,-12.031),(-2.86025,6.67159),(-23.064,-10.5245)]
triangle[(-16.3317,14.5238),(-5.84238,2.4815),(10.1161,16.382)]
triangle[(-11.8941,4.2074),(-15.9385,5.22781),(-17.0569,0.795344)]
triangle[(-4.63012,-20.2748),(-5.38239,0.367832),(-29.0924,-0.496219)]
triangle[(-7.14954,-18.2666),(-9.14053,11.8978),(-64.2776,8.25852)]
triangle[(-5.7232,4.8887),(-20.8972,-12.0796),(0.638903,-31.3384)]
triangle[(3.8621,-9.94567),(-2.52614,-6.96438),(-6.38071,-15.2239)]
triangle[(0.458966,19.4814),(-0.95139,-14.4377),(43.5959,-16.29)]
triangle[(7.67478,19.8053),(-6.7911,-5.2675),(26.0547,-24.2181)]
triangle[(3.70174,-10.1666),(16.8154,-19.72),(31.2769,0.130756)]
triangle[(-1.77112,-5.95461),(-7.02946,18.5408),(-37.0714,12.0919)]
triangle[(-18.9725,9.4486),(6.18282,-19.5509),(38.3054,8.31352)]
triangle[(1.22633,-7.77009),(-1.42548,-5.95228),(-5.02061,-11.1968)]
triangle[(-13.7496,-4.74207),(-15.7475,19.4472),(-45.2463,17.0108)]
triangle[(-13.8198,14.7355),(-3.90454,-16.1488),(40.4724,-1.90187)]
triangle[(-17.1001,-9.38013),(16.4749,-2.29988),(7.3844,40.8079)]
triangle[(-8.42557,2.98137),(-9.97799,-9.38395),(12.5926,-12.2176)]
triangle[(20.6546,20.6957),(-5.12751,17.5473),(-1.08567,-15.5517)]
triangle[(-3.67371,-2.64797),(2.15905,14.173),(-15.3471,20.2433)]
triangle[(1.31234,-14.8096),(-6.42467,-7.71795),(-19.18,-21.6341)]
triangle[(-16.2602,2.21941),(-17.8012,-11.1016),(-1.26675,-13.0145)]
triangle[(-3.0081,-4.5745),(3.36239,-9.31803),(8.19092,-2.83338)]
triangle[(-0.857698,9.15634),(18.9389,-8.44024),(41.2472,16.6571)]
triangle[(11.8776,-5.9096),(1.12032,7.18692),(-21.8995,-11.7211)]
triangle[(3.37082,17.9356),(-0.800188,18.9724),(-2.79034,10.9659)]
triangle[(9.56361,-13.1344),(-18.153,2.13594),(-40.142,-37.7754)]
triangle[(5.21735,-3.66139),(-4.92067,-2.11501),(-7.61377,-19.7709)]
triangle[(0.291198,-4.25327),(-8.7318,-10.8135),(-0.0414113,-22.7663)]
triangle[(-12.5577,-17.2491),(2.58667,-11.9556),(-6.81459,14.941)]
triangle[(4.06556,20.07),(-16.7725,-10.3782),(38.1663,-47.977)]
triangle[(6.82443,12.3113),(8.24539,10.194),(11.7764,12.5637)]
triangle[(2.0628,-0.56265),(-17.6423,15.9043),(-46.2539,-18.3338)]
triangle[(2.57012,6.7181),(20.8278,18.3395),(-1.27223,53.0595)]
triangle[(-0.218071,8.67357),(-15.2182,-6.52103),(9.70576,-31.1259)]
triangle[(16.1215,17.6408),(17.0266,-16.6093),(79.3347,-14.9626)]
triangle[(-12.6964,-18.4218),(-10.1851,9.06288),(-57.868,13.4196)]
triangle[(20.246,-8.43203),(3.99333,-7.93261),(3.14262,-35.6176)]
triangle[(-4.44715,15.0803),(17.666,-5.68969),(39.7506,17.8231)]
triangle[(-18.9567,-13.158),(-2.97934,-14.6676),(-0.0652344,16.1737)]
triangle[(-15.4755,-2.42914),(-11.7738,-3.35242),(-10.3326,2.42583)]
triangle[(6.12635,-3.66005),(6.23069,-0.864765),(1.48784,-0.687722)]
triangle[(-8.2045,-7.07139),(20.9249,-3.39569),(13.6418,54.3219)]
triangle[(-3.75792,-17.201),(17.2343,-12.5186),(7.90409,29.3107)]
triangle[(-11.4464,15.1595),(-14.7984,7.96883),(-5.7751,3.76257)]
triangle[(-16.7473,0.754507),(17.6876,-5.00579),(24.0884,33.2582)]
triangle[(8.6053,-4.69405),(-2.74086,-15.2989),(11.4399,-30.471)]
triangle[(14.9797,1.4517),(6.65153,-2.79941),(13.7848,-16.7739)]
triangle[(1.75717,13.6311),(-13.684,-6.88867),(23.9632,-35.2182)]
triangle[(-5.26885,-10.4239),(-10.2629,-1.40057),(-21.6281,-7.69078)]
triangle[(9.86407,-3.56786),(16.223,1.66738),(6.77635,13.1416)]
triangle[(-2.44408,4.12377),(-17.3543,16.8559),(-32.2254,-0.559282)]
triangle[(11.9068,-1.36117),(-1.47959,9.45293),(-19.6582,-13.0498)]
triangle[(7.49479,1.77244),(16.88,-13.9951),(42.8741,1.47725)]
triangle[(-11.1469,15.0017),(8.02834,14.3061),(9.09008,43.5751)]
triangle[(-9.89912,9.95646),(4.98463,-5.06347),(34.1845,23.8717)]
triangle[(19.0669,10.2334),(6.5755,13.5455),(1.02902,-7.37263)]
triangle[(15.1212,-14.9064),(-3.93794,-5.10019),(-22.419,-41.0196)]
triangle[(-17.8451,12.9564),(5.96682,11.4138),(7.51585,35.3251)]
triangle[(0.0892288,-19.0105),(16.7665,20.3468),(-38.9042,43.9367)]
triangle[(-18.4651,-1.58251),(-18.9593,2.13809),(-23.0251,1.59801)]
triangle[(8.84087,9.4266),(20.7415,-1.5111),(41.3813,20.9458)]
triangle[(9.38456,10.1437),(13.6043,-10.9757),(46.6871,-4.36561)]
triangle[(4.48956,-7.85083),(11.3292,12.3412),(-28.4328,25.8097)]
triangle[(-12.4977,17.8492),(-16.2495,-12.0182),(33.8709,-18.3141)]
triangle[(-5.32816,-14.8928),(1.16085,-1.83038),(-19.038,8.2038)]
triangle[(-3.4567,-16.933),(2.05013,8.74919),(-28.3991,15.2782)]
triangle[(-0.300277,-20.0303),(-11.1736,-6.67423),(-24.9498,-17.8896)]
triangle[(-11.5045,15.5237),(-15.3783,-20.3989),(47.1751,-27.1445)]
triangle[(-5.45037,0.10968),(-15.1467,-1.5791),(-12.9155,-14.3899)]
triangle[(-18.23,-4.14762),(-5.40342,3.61135),(-13.9195,17.6894)]
triangle[(19.7657,5.69673),(6.22304,-0.846957),(19.1979,-27.6995)]
triangle[(-15.2407,-12.1719),(12.5431,10.6649),(-29.6005,61.9379)]
triangle[(6.94988,11.5413),(-3.81715,6.97397),(2.2635,-7.3607)]
triangle[(18.6035,-18.3475),(15.3582,-17.9588),(14.8545,-22.1638)]
triangle[(-4.53178,3.44361),(-13.9188,-0.473826),(-8.17481,-14.2376)]
triangle[(3.08778,9.21526),(11.7133,10.1065),(10.1618,25.1216)]
triangle[(-10.2428,14.0416),(9.06661,4.8547),(22.3878,32.8539)]
triangle[(-0.963892,15.1753),(-20.4304,10.2975),(-14.3722,-13.8798)]
triangle[(12.363,-8.86968),(7.39582,10.2669),(-17.9271,3.69403)]
triangle[(-15.2733,-10.5321),(12.6804,-12.829),(16.7647,36.8781)]
triangle[(-14.0543,12.6817),(-6.59655,16.7665),(-11.4198,25.5726)]
triangle[(-16.2663,-1.3694),(-12.7163,-7.8043),(-4.20248,-3.10738)]
triangle[(16.5476,-2.14453),(-1.95393,-9.43384),(11.6484,-43.9591)]
triangle[(-3.85271,-9.263),(14.0878,19.8528),(-26.3906,44.7946)]
triangle[(2.70646,11.6675),(-13.7767,20.783),(-31.4746,-11.2192)]
triangle[(9.62742,10.9242),(18.3279,-5.38685),(39.2547,5.77574)]
triangle[(3.38428,-10.3524),(-6.85416,6.76883),(-34.6276,-9.83962)]
triangle[(-2.87203,8.17217),(-7.11357,12.2991),(-12.835,6.41871)]
triangle[(4.59772,-0.784048),(-10.5709,-20.008),(15.541,-40.6115)]
triangle[(18.3599,0.452532),(15.669,-20.788),(50.7026,-25.2264)]
triangle[(-7.32486,12.8381),(-10.2071,4.11403),(2.24017,0.00165671)]
triangle[(9.01029,-3.03306),(6.31636,-7.5721),(14.6666,-12.528)]
triangle[(-7.13926,2.89491),(15.7055,-13.7707),(40.3095,19.9556)]
triangle[(11.1846,10.0945),(-2.66674,-15.7718),(33.4585,-35.1167)]
triangle[(14.6283,-8.96705),(-10.3926,19.5004),(-62.2161,-26.0488)]
triangle[(5.31878,-6.01585),(-3.44218,10.6629),(-29.2833,-2.91082)]
triangle[(-5.57148,10.8234),(-1.59025,-9.99319),(38.8217,-2.26429)]
triangle[(0.311094,3.35313),(13.5747,9.93476),(3.87097,29.4901)]
triangle[(16.4726,-0.793373),(20.0365,-4.19064),(24.0692,0.0398356)]
triangle[(4.45537,20.1086),(9.63317,-18.4838),(67.0662,-10.7782)]
triangle[(-18.4229,-2.85234),(5.49783,-4.60481),(8.29037,33.5127)]
triangle[(11.3768,12.099),(-0.377634,6.86749),(8.03283,-12.0296)]
triangle[(0.110485,-18.8628),(-5.29279,8.84856),(-33.7778,3.29444)]
triangle[(18.8415,15.7279),(-9.95799,12.1897),(-3.73541,-38.4593)]
triangle[(-10.0568,-19.6537),(15.6252,5.41539),(-23.391,45.3854)]
triangle[(16.9825,-20.5726),(19.5775,-20.4933),(19.4416,-16.0471)]
triangle[(13.7101,-6.89038),(-20.4955,-3.01906),(-26.4031,-55.2164)]
triangle[(13.8141,-20.7676),(11.0794,-11.192),(-6.59676,-16.2402)]
triangle[(15.3146,12.1902),(-20.4422,-16.7656),(17.8626,-64.0674)]
triangle[(2.83941,4.72167),(-10.8282,-14.6613),(13.6359,-31.9117)]
triangle[(0.908328,5.31061),(-10.9331,12.2312),(-24.1251,-10.341)]
triangle[(-0.14778,-1.54418),(-1.20541,-11.3746),(16.4764,-13.2769)]
triangle[(-12.909,18.6363),(-16.4726,-0.403511),(8.87697,-5.14809)]
triangle[(-12.4062,12.2973),(18.171,2.11222),(29.4047,35.8377)]
triangle[(-20.4036,17.6319),(-0.78624,19.6084),(-4.11109,52.6094)]
triangle[(1.54827,-18.3029),(-4.52651,4.55386),(-27.9458,-1.67042)]
triangle[(9.7819,-0.752002),(15.1334,-19.9802),(45.0117,-11.6646)]
triangle[(-15.0498,15.1855),(-13.3897,-2.297),(9.4627,-0.127068)]
triangle[(-19.5447,13.3186),(18.873,8.7217),(23.6387,48.5499)]
triangle[(2.17671,-10.395),(-20.8171,-6.32699),(-26.7816,-40.0403)]
triangle[(4.34967,18.525),(20.7652,-8.0463),(59.9875,16.185)]
triangle[(18.3827,17.6756),(-9.85239,-11.36),(31.9505,-52.0104)]
triangle[(4.34695,10.6728),(-14.6462,-20.6061),(30.3357,-47.9199)]
triangle[(-12.7308,-2.98313),(14.7773,-19.0222),(46.3246,35.0835)]
triangle[(-0.958488,-20.4249),(-4.57724,17.9226),(-70.4527,11.7061)]
triangle[(13.8273,12.9811),(-7.00921,-16.9732),(42.1173,-51.146)]
triangle[(-7.5488,-20.1361),(5.16042,8.10372),(-44.0966,30.2716)]
triangle[(-13.6818,4.54578),(7.8396,-14.8995),(40.0115,20.7075)]
triangle[(12.6409,-3.63352),(2.04411,-7.09475),(6.51251,-20.7751)]
triangle[(13.5168,14.485),(-12.1914,15.7562),(-13.7223,-15.2042)]
triangle[(10.6908,-15.2802),(-4.26788,-0.427821),(-26.8201,-23.1415)]
triangle[(-4.87688,4.99724),(-0.676219,19.0722),(-16.8563,23.9012)]
triangle[(-18.7457,-11.4243),(7.32104,-4.20663),(-4.47716,38.4029)]
triangle[(5.29617,-11.4105),(-4.5493,-12.3697),(-2.94535,-28.834)]
triangle[(3.34683,20.1678),(-3.84998,16.097),(2.09696,5.58344)]
triangle[(4.43377,7.24436),(6.04434,-10.494),(25.7679,-8.7032)]
triangle[(-12.3191,-12.6197),(7.285,2.15626),(-16.3738,33.5457)]
triangle[(-12.5527,8.52387),(-1.27328,4.93978),(4.80862,24.08)]
triangle[(-17.1248,-16.6788),(14.8291,17.1288),(-50.794,79.1538)]
triangle[(-2.4957,4.20525),(11.6933,-3.74582),(27.0807,23.7136)]
triangle[(19.2352,17.0019),(5.6278,3.32603),(25.9861,-16.9303)]
triangle[(10.6066,-5.99014),(-12.5825,10.5638),(-44.7515,-34.499)]
triangle[(-10.8557,20.3925),(-7.48332,-0.321122),(13.7091,3.12924)]
triangle[(-5.27502,4.37808),(-4.1022,-19.3346),(42.2249,-17.0433)]
triangle[(-4.90177,-5.66365),(14.1716,-5.20336),(13.5502,20.5458)]
triangle[(0.976266,6.37935),(-2.05593,-20.8735),(30.6474,-24.5122)]
triangle[(4.24006,20.9323),(-4.02333,4.72766),(27.445,-11.3193)]
triangle[(7.22642,-12.8515),(11.6303,13.5879),(-33.5075,21.1063)]
triangle[(11.1465,2.10248),(-15.5769,13.1121),(-33.958,-31.5038)]
triangle[(11.032,19.0566),(-15.7446,-0.741302),(14.4773,-41.6164)]
triangle[(-11.8354,-19.7433),(5.62577,7.20154),(-28.8979,29.574)]
triangle[(7.31298,5.64607),(7.30112,15.5839),(-11.2471,15.5618)]
triangle[(15.1932,-15.2758),(-6.44678,-15.9278),(-5.31177,-53.6003)]
triangle[(18.7943,11.3458),(20.9318,16.8475),(13.5416,19.7186)]
triangle[(0.796406,2.48852),(11.936,-3.40945),(23.292,18.0387)]
triangle[(-4.73255,8.25397),(15.5228,-12.8144),(38.7903,9.55523)]
triangle[(-6.87442,4.72747),(8.82042,-13.4704),(28.8438,3.79885)]
triangle[(-20.9785,19.1311),(-13.6816,-18.0516),(29.4943,-9.57853)]
triangle[(-5.05116,11.5108),(-16.5266,-11.5793),(17.5382,-28.5089)]
triangle[(3.0242,17.7105),(3.50943,-6.81336),(49.506,-5.90327)]
triangle[(16.3014,-11.2152),(9.15574,3.73635),(-18.5719,-9.51529)]
triangle[(-13.9601,-7.71554),(-17.1785,0.685577),(-28.5316,-3.66378)]
triangle[(-16.6336,-19.2718),(13.5899,-15.2197),(8.49832,22.7569)]
triangle[(20.2426,12.4997),(-7.43446,-6.23278),(26.102,-55.7827)]
triangle[(-1.3142,9.77229),(5.35909,-0.573485),(24.2912,11.6382)]
triangle[(-15.9984,-14.3346),(9.21485,-2.15567),(-4.56694,26.3759)]
triangle[(5.95144,8.29749),(5.15193,-2.58275),(18.0699,-3.532)]
triangle[(-11.6637,13.7862),(-10.9393,-7.61081),(22.6419,-6.47388)]
triangle[(-8.84936,11.5748),(-11.5759,11.9456),(-12.1593,7.65552)]
triangle[(-18.915,-19.7872),(-4.79868,-20.3115),(-4.05412,-0.267086)]
triangle[(-13.7537,-18.9291),(14.0617,4.86987),(-14.2996,38.0175)]
triangle[(17.8415,-19.3179),(-16.0626,-1.61461),(-48.5949,-63.9181)]
triangle[(-14.711,-8.4489),(-16.6438,-3.30892),(-24.6002,-6.30082)]
triangle[(-8.45178,-12.0949),(-14.9265,0.872324),(-31.6634,-7.48466)]
triangle[(9.05651,-1.99009),(20.8023,2.54767),(15.8248,15.4315)]
triangle[(-17.3084,-0.0139539),(-8.39738,-15.9725),(12.3298,-4.39881)]
triangle[(9.65531,5.32894),(10.9506,14.8507),(-3.97866,16.8816)]
triangle[(-17.6848,-16.7068),(-16.1155,-2.54836),(-42.854,0.415391)]
triangle[(11.127,-4.31857),(18.7204,-20.2802),(40.9199,-9.71926)]
triangle[(7.92933,0.0532024),(-6.78006,3.74186),(-11.7208,-15.9604)]
triangle[(18.7878,-9.55014),(-1.8275,-6.12771),(-5.90352,-30.68)]
triangle[(4.95856,8.37928),(-8.29297,9.53339),(-9.67969,-6.38903)]
triangle[(14.568,11.9357),(12.3363,5.31626),(19.4158,2.92954)]
triangle[(4.41766,-19.0206),(5.38246,5.90042),(-31.3114,7.321)]
triangle[(6.89534,13.7344),(-11.9142,15.4685),(-15.3118,-21.385)]
triangle[(-7.35733,4.67555),(9.62032,5.13407),(8.82803,34.4704)]
triangle[(6.4844,5.82566),(0.693059,-1.06933),(10.4748,-9.28538)]
triangle[(11.8894,-15.6793),(-11.2769,-4.51165),(-26.5764,-36.2491)]
triangle[(19.2389,-11.5234),(0.644782,-10.1833),(-1.0941,-34.3108)]
triangle[(8.4796,-18.6047),(-2.42351,15.9191),(-51.8438,0.311522)]
triangle[(0.870884,11.2875),(18.0796,13.8957),(15.0812,33.6788)]
triangle[(-7.61662,17.269),(-2.53341,-17.4161),(48.09,-9.99703)]
triangle[(-7.34049,-14.1254),(16.7778,-9.23162),(8.23436,32.8736)]
triangle[(-17.365,5.86551),(-15.7754,-11.2793),(7.2498,-9.14444)]
triangle[(-1.8067,11.0584),(17.4187,-7.66257),(41.8632,17.4405)]
triangle[(9.91641,2.8454),(-1.1163,-17.7837),(23.9114,-31.1688)]
triangle[(-18.6496,12.8153),(3.98044,-8.93044),(37.061,25.4953)]
triangle[(20.5148,6.39189),(-0.06907,-14.2767),(30.2843,-44.5057)]
triangle[(-10.265,-13.7402),(13.3419,4.77511),(-15.0243,40.9419)]
triangle[(-4.67167,7.31245),(9.35194,16.2504),(-5.62124,39.7433)]
triangle[(16.3278,-7.86184),(15.1348,-13.9304),(23.444,-15.564)]
triangle[(-9.16891,17.9145),(6.37812,8.75845),(17.3357,27.3646)]
triangle[(15.61,20.1119),(20.9384,-0.30976),(44.7136,5.89368)]
triangle[(-17.3945,-4.97887),(-11.8724,10.3713),(-41.5576,21.0502)]
triangle[(-15.9581,10.5785),(-16.208,0.322617),(-2.55951,-0.0100659)]
triangle[(-1.43936,20.1216),(20.1615,-17.5881),(83.3459,18.605)]
triangle[(-12.3849,-7.20188),(3.73132,14.4479),(-28.6527,38.5548)]
triangle[(-10.4537,-12.4705),(-14.5878,16.9032),(-71.3249,8.9179)]
triangle[(-2.34862,-10.8715),(-6.54745,11.7353),(-34.903,6.46868)]
triangle[(3.69185,8.26655),(3.43875,-14.4861),(41.5654,-14.9102)]
triangle[(-8.8721,10.9544),(-19.973,1.81907),(-5.841,-15.3535)]
triangle[(-14.3532,-15.0301),(-11.5434,7.37991),(-37.2441,10.6024)]
triangle[(-10.6845,13.2552),(5.69168,-1.95405),(25.0369,18.8755)]
triangle[(11.917,11.5837),(6.00974,17.7765),(-3.00305,9.17914)]
triangle[(-10.9101,-14.4388),(-12.5058,-4.30653),(-27.2889,-6.63471)]
triangle[(16.2633,12.9628),(1.32082,-3.20342),(32.0707,-31.6256)]
triangle[(11.8398,-3.25032),(-8.25936,-18.9087),(19.438,-54.4613)]
triangle[(18.7676,11.9153),(-12.911,3.13571),(-1.45022,-38.2175)]
triangle[(9.41716,18.8595),(-9.65311,-17.329),(44.0561,-45.6322)]
triangle[(-10.0613,18.6589),(20.4207,0.689113),(39.6141,33.2468)]
triangle[(-1.62484,7.24261),(11.5807,-9.81612),(37.8927,10.5526)]
triangle[(-9.49922,-8.58632),(-17.7209,10.9083),(-45.5779,-0.840125)]
triangle[(-17.5312,-13.1723),(5.74524,9.82444),(-31.3607,47.3816)]
triangle[(-11.4022,5.22658),(-13.8114,-19.8679),(21.267,-23.2356)]
triangle[(14.4105,3.29018),(13.6265,-10.2256),(31.3738,-11.2551)]
triangle[(5.45797,6.93028),(0.822666,10.2298),(-3.34657,4.37281)]
triangle[(-10.3012,13.4597),(13.6268,15.9485),(9.56419,55.0079)]
triangle[(-16.5909,-13.0381),(-18.0952,-8.55119),(-23.597,-10.3958)]
triangle[(-20.7298,-12.4392),(-18.06,3.63114),(-35.9872,6.60943)]
triangle[(7.45191,-19.0553),(13.6947,6.47249),(-27.6269,16.5776)]
triangle[(-20.356,11.4276),(16.4629,5.96139),(23.986,56.635)]
triangle[(9.57697,2.25001),(-0.379053,-1.45135),(3.62559,-12.2232)]
triangle[(12.3775,9.94607),(-1.27311,1.40575),(13.9861,-22.9842)]
triangle[(7.13501,-5.73862),(12.2527,10.2134),(-14.2363,18.7115)]
triangle[(-18.866,2.41165),(12.3149,-4.24365),(25.3487,56.8213)]
triangle[(-13.3138,7.26643),(-9.23029,-20.7375),(46.615,-12.5943)]
triangle[(-4.49664,18.8604),(17.9811,0.455062),(50.3712,40.0117)]
triangle[(2.73045,-14.9399),(10.9732,3.90547),(-20.8197,17.8113)]
triangle[(-5.78922,-19.8246),(-2.34677,-12.4388),(-16.776,-5.71348)]
triangle[(2.45948,19.7114),(-15.4512,11.2373),(-5.77737,-9.20912)]
triangle[(0.718845,-10.0572),(-2.64538,14.1141),(-36.1426,9.45187)]
triangle[(7.90918,-19.9571),(-13.5851,-6.04069),(-40.6585,-47.8564)]
triangle[(-18.2926,15.1531),(15.8205,-16.3684),(61.0975,32.6312)]
triangle[(-4.67517,-1.77919),(-8.21659,17.0344),(-40.4333,10.9701)]
triangle[(16.5025,-14.6576),(7.1553,-1.80008),(-9.98472,-14.2607)]
triangle[(7.38905,-4.3137),(-19.6326,10.1916),(-41.1096,-29.8174)]
triangle[(-8.37845,0.752314),(5.93253,4.65037),(-1.74394,32.8331)]
triangle[(-19.5257,10.557),(-2.84456,14.3457),(-7.74002,35.8998)]
triangle[(9.2663,-18.9332),(-7.21079,-19.6272),(-6.26031,-42.1938)]
triangle[(14.2778,18.1742),(-20.7654,0.830683),(6.23459,-53.7237)]
triangle[(-16.0421,10.4737),(10.6031,8.55637),(13.6189,50.4684)]
triangle[(4.29193,-16.9921),(6.10283,-2.73205),(-17.9126,0.317694)]
triangle[(-3.20684,-20.8046),(19.7735,-8.82414),(1.63351,25.9712)]
triangle[(5.45396,3.09877),(7.51175,7.80528),(2.39942,10.0405)]
triangle[(-14.1949,7.05641),(7.78097,-13.3768),(48.2692,30.1681)]
triangle[(3.80128,-5.73533),(-9.4582,2.79633),(-21.2482,-15.5271)]
triangle[(-3.84762,15.2028),(12.0746,17.6661),(7.48456,47.3352)]
triangle[(16.8389,-14.4587),(3.69408,2.29434),(-21.5891,-17.5434)]
triangle[(9.85661,-5.05553),(-19.5747,20.5506),(-57.7852,-23.3681)]
triangle[(12.4263,5.90388),(0.75932,15.6062),(-13.4442,-1.47337)]
triangle[(12.8826,-3.64225),(2.13204,18.2698),(-34.5767,0.259811)]
triangle[(-0.399901,-11.1711),(-15.153,-5.28359),(-22.0791,-22.6392)]
triangle[(14.2165,3.10795),(0.303293,5.45979),(-3.10918,-14.728)]
triangle[(-19.2663,5.18047),(-14.3958,-12.0697),(3.26631,-7.08287)]
triangle[(15.7206,-6.30983),(19.7469,4.06247),(0.144651,11.6716)]
triangle[(-18.3617,4.13527),(-7.20417,3.58111),(-6.18089,24.1838)]
triangle[(-2.32589,-3.14996),(8.97827,2.04536),(-0.555181,22.7886)]
triangle[(19.9105,-4.39978),(-10.6146,18.4337),(-54.8147,-40.6556)]
triangle[(-7.45897,-6.52739),(4.03586,7.2941),(-20.104,27.3703)]
triangle[(0.616736,-19.1531),(-1.70293,-12.9091),(-10.6889,-16.2475)]
triangle[(-7.07357,14.906),(-11.3473,-10.0637),(23.4271,-16.0155)]
triangle[(5.22876,19.5532),(13.2769,-7.04628),(41.9802,1.63837)]
triangle[(20.9943,2.76646),(-10.2826,16.6139),(-25.9217,-18.7097)]
triangle[(14.4002,2.9867),(-14.6485,15.0622),(-29.9724,-21.801)]
triangle[(-15.4884,16.4891),(4.66763,-8.31928),(29.5327,11.8827)]
triangle[(-9.40599,16.0637),(9.67437,12.9518),(14.3722,41.7561)]
triangle[(4.3402,-4.15607),(20.312,-18.4494),(37.7578,1.04494)]
triangle[(2.52092,-1.875),(11.964,-10.597),(22.0985,0.375369)]
triangle[(0.286234,4.57308),(-13.6809,-10.8855),(10.4521,-32.69)]
triangle[(-4.8362,-6.50306),(0.128751,-10.8373),(8.06075,-1.75096)]
triangle[(11.2104,-20.3793),(5.88001,9.13506),(-45.6888,-0.178433)]
triangle[(-13.9862,-2.14653),(-8.36161,6.70623),(-19.9989,14.0999)]
triangle[(6.42808,2.33129),(-18.6789,13.463),(-32.6921,-18.1429)]
triangle[(-18.7059,-10.0341),(-3.50278,-10.6868),(-2.40576,14.8646)]
triangle[(-16.0543,-12.1845),(0.653949,7.41433),(-36.7342,39.2882)]
triangle[(19.6276,-6.54571),(7.39575,18.0473),(-30.786,-0.943201)]
triangle[(6.2938,18.7789),(-11.7011,5.66987),(6.47933,-19.2864)]
triangle[(-1.20328,20.9324),(20.0445,-16.064),(68.6731,11.8643)]
triangle[(-6.37624,1.70095),(19.3676,0.50818),(21.0285,36.3543)]
triangle[(-7.42078,-8.63713),(-7.0442,-0.0687693),(-20.3558,0.516271)]
triangle[(-11.9971,10.6295),(9.15071,9.27943),(11.3654,43.9706)]
triangle[(-17.7139,1.22818),(-19.5838,-3.27318),(-15.0043,-5.17554)]
triangle[(-15.2735,-3.41405),(-7.69193,6.96112),(-28.0603,21.8451)]
triangle[(-15.2825,16.0826),(9.98575,9.82474),(18.8668,45.6851)]
triangle[(-19.2055,-3.48111),(-6.25981,13.6036),(-33.9116,34.5564)]
triangle[(14.9891,-15.3698),(14.5682,-4.45793),(-4.92528,-5.20985)]
triangle[(-18.2557,-20.5137),(11.3454,-20.7427),(11.7331,29.378)]
triangle[(-9.49339,-7.5479),(-20.1459,15.7475),(-56.8102,-1.01835)]
triangle[(7.38371,-2.72281),(1.59612,-4.76172),(4.74043,-13.6871)]
triangle[(-17.6828,-11.8612),(-2.97508,14.4852),(-32.7992,31.1343)]
triangle[(9.2405,5.74548),(-2.40961,-1.01058),(9.60888,-21.7352)]
triangle[(-6.59104,18.7716),(10.5573,16.8431),(14.3138,50.2457)]
triangle[(-2.7458,11.13),(-4.64341,-12.8173),(41.9486,-16.5093)]
triangle[(-10.7102,-2.71678),(-1.59316,18.9387),(-25.1201,28.8436)]
triangle[(20.0388,-19.5921),(-15.4218,1.96191),(-43.2536,-43.827)]
triangle[(1.63304,12.4748),(12.6873,16.3968),(8.52126,28.1389)]
triangle[(-2.9705,-1.24813),(9.64271,11.1369),(-5.72921,26.792)]
triangle[(-10.0062,19.9411),(-16.1626,15.9995),(-10.0972,6.52592)]
triangle[(-4.36732,-11.5161),(-16.9429,-20.0203),(-7.40651,-34.1223)]
triangle[(11.6196,19.463),(-15.0692,17.4265),(-13.029,-9.31258)]
triangle[(-2.74985,19.3553),(-4.95487,19.2399),(-4.80652,16.4057)]
triangle[(-6.10093,-10.0236),(17.9414,1.3405),(4.32982,30.1376)]
triangle[(-3.19666,19.4203),(-13.5383,-20.0812),(37.9512,-33.5614)]
triangle[(6.95276,9.33495),(17.0415,19.6239),(1.19399,35.163)]
triangle[(7.20025,-13.1644),(14.9204,-20.0062),(23.4625,-10.3673)]
triangle[(-4.66192,9.68738),(-9.87237,-15.674),(25.9307,-23.0297)]
triangle[(-16.2287,0.42379),(15.136,20.2324),(-19.7639,75.4925)]
triangle[(-0.430844,7.08307),(3.88485,6.98572),(4.05332,14.4543)]
triangle[(0.586412,1.82375),(-9.25203,-5.87515),(6.1197,-25.5187)]
triangle[(4.21915,11.7459),(19.7486,6.51135),(28.9365,33.7694)]
triangle[(-12.1372,3.66318),(-3.62301,6.84098),(-9.12643,21.5862)]
triangle[(-2.3063,-15.1354),(20.7828,12.4376),(-6.90779,35.6251)]
triangle[(-11.2765,-2.31202),(-16.6493,-13.5753),(4.42354,-23.6276)]
triangle[(18.4867,5.58645),(14.7168,1.93419),(20.59,-4.12832)]
triangle[(-2.70772,-5.48696),(10.2809,6.09409),(-11.4247,30.4378)]
triangle[(-0.118726,19.9891),(2.44996,19.3336),(3.50405,23.4645)]
triangle[(-1.64154,19.2986),(5.88151,17.4093),(8.86613,29.294)]
triangle[(-0.197397,1.61709),(20.5452,13.5623),(7.72546,35.8235)]
triangle[(5.62476,12.4744),(7.18873,-13.2796),(51.0407,-10.6166)]
triangle[(-9.94123,-13.8281),(-0.273259,-17.4569),(5.48409,-2.11815)]
triangle[(-0.853638,12.7829),(-15.1445,-8.75481),(8.26889,-24.2902)]
triangle[(-16.2247,-1.26144),(-13.4052,14.5764),(-29.3845,17.4211)]
triangle[(19.5114,2.39156),(-15.8187,10.204),(-28.717,-48.1256)]
triangle[(8.89476,-13.8144),(-5.65597,3.00214),(-36.7095,-23.8674)]
triangle[(-19.0257,4.53374),(4.24896,-18.6251),(34.9887,12.2684)]
triangle[(5.22926,-12.5416),(12.6354,-1.32543),(-2.36036,8.57644)]
triangle[(-12.4611,-16.5658),(-9.80138,8.01435),(-39.1809,11.1934)]
triangle[(18.3666,-9.83742),(-4.40768,8.75284),(-40.4826,-35.4413)]
triangle[(17.1888,-4.1909),(6.51926,11.3348),(-14.5074,-3.11504)]
triangle[(3.38855,-13.1357),(16.2272,-0.239679),(1.68799,14.2348)]
triangle[(-8.44572,14.9729),(-7.39941,-0.900852),(13.6148,0.484288)]
triangle[(18.7422,9.95147),(8.783,2.38769),(22.6498,-15.8707)]
triangle[(-3.80556,-9.92334),(20.4524,3.75873),(-2.27391,44.052)]
triangle[(14.7439,3.08344),(-9.64653,17.8048),(-33.9639,-22.4842)]
triangle[(-7.26551,1.98794),(18.2072,20.9773),(-11.7599,61.1758)]
triangle[(14.8579,6.95555),(-7.90411,-2.05066),(5.22327,-35.2284)]
triangle[(-10.6841,-16.8387),(-19.1499,-12.9113),(-24.9817,-25.4819)]
triangle[(15.2082,-2.39031),(17.2136,17.527),(-5.83798,19.848)]
triangle[(13.1187,-10.0718),(-8.51356,-18.5877),(5.15453,-53.3079)]
triangle[(15.0625,14.8973),(-12.267,18.8281),(-17.7459,-19.2657)]
triangle[(-15.3804,-20.0917),(12.8499,-8.56244),(-8.26465,43.1381)]
triangle[(-6.84718,-13.6031),(20.2678,-18.5882),(29.7935,33.2236)]
triangle[(18.9664,-10.3676),(-17.5616,13.6877),(-42.9913,-24.9273)]
triangle[(9.8482,9.50824),(-9.85931,5.95343),(-6.14485,-14.6392)]
triangle[(-5.65766,9.13635),(-1.08044,9.66691),(-1.6738,14.786)]
triangle[(0.279132,-7.67577),(-16.7659,5.35712),(-30.1948,-12.2058)]
triangle[(14.7624,5.23122),(-15.6354,-4.45753),(-0.474563,-52.0237)]
triangle[(16.0682,-19.5086),(5.69979,-13.0259),(-2.04435,-25.412)]
triangle[(19.0604,-20.7776),(4.35688,0.61004),(-24.9914,-19.5663)]
triangle[(5.22221,7.08669),(-9.32017,-18.1588),(38.8359,-45.8985)]
triangle[(-20.2293,0.550093),(13.3786,-7.74771),(24.9908,39.2842)]
triangle[(12.0318,-3.56367),(-3.30105,-9.05614),(3.06147,-26.8178)]
triangle[(-14.2015,5.93074),(-14.0203,-4.21947),(3.31092,-3.91013)]
triangle[(20.4748,16.8705),(-9.14115,-20.4474),(36.1008,-56.3519)]
triangle[(7.58382,-4.31483),(8.52809,-8.77062),(17.0416,-6.96644)]
triangle[(6.53129,-1.31985),(17.7888,6.24545),(7.62995,21.3623)]
triangle[(8.51463,20.7799),(-7.65933,-20.1272),(73.716,-52.3016)]
triangle[(-14.1718,15.7295),(18.2245,-10.1627),(53.1225,33.5018)]
triangle[(-10.5107,-1.84982),(-1.92871,5.79937),(-15.3235,20.8276)]
triangle[(8.2053,12.0106),(-2.20163,4.95257),(6.95926,-8.55494)]
triangle[(-17.4859,0.404979),(0.0154302,8.33019),(-12.8777,36.8024)]
triangle[(4.88925,8.16479),(9.73046,15.3174),(-3.05559,23.9716)]
triangle[(-7.49774,-20.5399),(-3.476,-11.1249),(-18.8134,-4.57332)]
triangle[(12.7397,6.46893),(-9.50653,13.0663),(-21.3437,-26.8483)]
triangle[(-19.2559,-12.5862),(9.36408,-0.536145),(-11.3953,48.7692)]
triangle[(-9.16638,-9.00629),(12.849,6.21859),(-13.2439,43.9492)]
triangle[(-2.58119,-18.0989),(18.4041,-16.6472),(16.7266,7.60232)]
triangle[(-15.3495,-19.5308),(-17.1776,12.2715),(-79.8031,8.6717)]
triangle[(-14.3155,18.2383),(-17.9391,-2.02196),(16.8977,-8.25275)]
triangle[(20.2838,-6.92514),(-14.3655,-13.4076),(-7.33946,-50.962)]
triangle[(-16.2631,-9.90011),(-19.4947,1.91472),(-34.4543,-2.17713)]
triangle[(-18.3203,-5.24138),(5.65318,4.45032),(-13.2796,51.2827)]
triangle[(-16.8239,2.19516),(-19.1204,11.7702),(-29.8455,9.19783)]
triangle[(6.39073,-1.29706),(18.0072,-0.735015),(17.1754,16.4581)]
triangle[(10.994,7.53172),(-5.20595,5.77745),(-3.11225,-13.5571)]
triangle[(17.372,-8.76632),(-9.93334,-5.2442),(-15.7152,-50.0683)]
triangle[(4.34319,17.5885),(-10.4641,1.61877),(6.51068,-14.1204)]
triangle[(-1.55903,20.5952),(17.0308,-4.94867),(45.5199,15.7846)]
triangle[(0.229886,0.378426),(11.5659,-8.33362),(22.7085,6.16503)]
triangle[(-1.42621,4.30936),(-5.0165,6.65908),(-8.52561,1.29727)]
triangle[(12.3603,17.3008),(16.3717,16.5166),(17.9227,24.4509)]
triangle[(1.30426,1.27587),(9.27766,-17.1378),(45.8569,-1.29832)]
triangle[(-19.9602,-15.3177),(0.790548,6.34009),(-41.1006,46.4767)]
triangle[(17.5083,1.68659),(-20.1549,-6.20136),(-9.25689,-58.2372)]
triangle[(0.289159,-10.77),(15.9765,0.911708),(1.0772,20.9199)]
triangle[(5.11307,12.2547),(-9.31622,-0.416627),(15.8499,-29.0741)]
triangle[(-17.3148,-10.1181),(-4.54961,1.64584),(-18.3509,16.6218)]
triangle[(-4.04351,-0.211912),(19.0863,-0.297749),(19.2505,43.9487)]
triangle[(18.3336,-12.8055),(15.683,20.0231),(-44.1974,15.1883)]
triangle[(-9.63573,-5.9512),(16.2066,-18.2165),(35.9678,23.4191)]
triangle[(6.9316,1.9102),(-3.13069,19.9121),(-34.487,2.38522)]
triangle[(-16.4206,-3.17535),(-9.19407,-8.37577),(0.744644,5.43504)]
triangle[(19.1921,3.52477),(-17.9205,-19.3395),(18.5585,-78.5511)]
triangle[(-20.7526,-15.1315),(15.6907,13.276),(-25.4831,66.0967)]
triangle[(12.4916,-19.6512),(-5.34788,-0.592504),(-26.6675,-20.5483)]
triangle[(-19.0514,20.3364),(6.39636,9.8221),(22.8417,49.6247)]
triangle[(11.9862,2.78667),(-1.03762,-8.24974),(20.4008,-33.5487)]
triangle[(7.1558,11.6301),(13.4879,-7.64068),(42.6359,1.93691)]
triangle[(-15.1973,-2.81463),(-8.02801,-20.9144),(21.8782,-9.06851)]
triangle[(6.20669,-12.3527),(5.47343,-15.6871),(9.80371,-16.6393)]
triangle[(-5.61802,-15.8248),(3.90623,-1.16594),(-23.5874,16.6975)]
triangle[(-3.06738,-2.14714),(-5.47957,9.69663),(-23.2564,6.07608)]
triangle[(16.6059,-13.8731),(5.59665,-4.6831),(-5.76446,-18.2932)]
triangle[(13.0364,18.3975),(16.5583,-15.1129),(76.479,-8.81534)]
triangle[(5.21824,4.56113),(17.8455,3.12374),(19.3467,16.3115)]
triangle[(-10.8259,-6.34448),(20.0884,-15.2436),(34.511,34.8584)]
triangle[(9.31185,-14.555),(-9.50835,-17.631),(-4.35268,-49.1752)]
triangle[(-16.4104,11.7692),(-3.58146,-12.1054),(32.3974,7.22779)]
triangle[(2.15366,2.80305),(3.84125,16.5328),(-14.6262,18.8027)]
triangle[(13.1573,15.8529),(-11.4602,7.74951),(1.53139,-31.718)]
triangle[(15.1312,8.64479),(14.6163,-12.5655),(40.6093,-13.1965)]
triangle[(4.64465,16.6059),(-16.8949,-6.14526),(8.79474,-30.4668)]
triangle[(16.4542,6.45008),(15.8699,-7.29561),(30.3868,-7.91274)]
triangle[(-10.7288,-1.49206),(-17.3334,-7.2288),(-7.89143,-18.0992)]
triangle[(-17.0211,17.7828),(7.18681,18.7431),(5.37136,64.5078)]
triangle[(13.7007,-6.9843),(6.35682,-15.1364),(15.6105,-23.4726)]
triangle[(-14.946,19.1694),(14.9244,18.9791),(15.1654,56.806)]
triangle[(4.62787,-3.45567),(-1.14411,-10.0363),(7.83774,-17.9144)]
triangle[(18.739,9.5194),(-5.96716,3.36112),(3.49082,-34.5829)]
triangle[(-14.6986,-13.5318),(14.4692,-9.74931),(8.25563,38.1651)]
triangle[(-10.6822,14.0623),(-6.47051,-8.39277),(18.8914,-3.63587)]
triangle[(-17.2304,-20.9347),(3.07161,3.97657),(-36.2609,36.0315)]
triangle[(14.0309,3.6876),(-0.838796,-16.9505),(24.1978,-34.9894)]
triangle[(1.49209,-17.5733),(16.9463,14.941),(-38.6829,41.3817)]
triangle[(-10.308,16.1833),(-15.4438,6.07045),(3.60366,-3.60284)]
triangle[(-20.0413,-12.1634),(-20.5362,13.6195),(-58.5935,12.889)]
triangle[(8.78881,1.41203),(-3.69481,6.23044),(-9.59026,-9.04359)]
triangle[(10.7698,9.14606),(1.23665,5.85941),(6.84138,-10.3974)]
triangle[(12.1203,-5.15679),(-8.771,-5.56191),(-8.00918,-44.8479)]
triangle[(13.1834,-15.8426),(-1.86848,17.3373),(-53.4416,-6.05862)]
triangle[(17.8461,15.6553),(-3.67817,7.16544),(9.89637,-27.2498)]
triangle[(4.45838,-3.98573),(-19.1091,12.4857),(-49.1059,-30.4339)]
triangle[(-2.31316,-10.1928),(-7.62445,0.101952),(-26.14,-9.45062)]
triangle[(9.86671,5.37992),(2.65862,-17.1704),(32.3614,-26.6648)]
triangle[(-16.5749,-8.44719),(19.448,-7.39617),(18.1553,36.9092)]
triangle[(-15.7494,-6.97245),(-13.6961,-2.68449),(-19.6284,0.156262)]
triangle[(9.41452,-15.2518),(-10.3213,17.2623),(-69.5153,-18.668)]
triangle[(-7.23868,14.7222),(19.2662,-13.9226),(72.5211,35.3537)]
triangle[(-14.2673,-0.969753),(-2.87438,-19.199),(22.7566,-3.18008)]
triangle[(10.5303,-15.3974),(6.44745,-16.4388),(8.06352,-22.7747)]
triangle[(2.27117,12.3075),(-15.9934,3.18496),(-2.67985,-23.4707)]
triangle[(-8.09657,8.50741),(-4.31943,2.26557),(3.07782,6.74189)]
triangle[(-20.0645,-20.3833),(-8.7536,-5.54732),(-37.1892,16.1319)]
triangle[(18.7863,11.7548),(6.20862,-6.55728),(28.6643,-21.9809)]
triangle[(-9.98973,-10.6279),(-0.440182,-8.58603),(-3.22744,4.44962)]
triangle[(-13.1221,3.37273),(-12.642,15.1903),(-28.4651,15.8332)]
triangle[(-11.5206,-14.0034),(16.7973,4.91071),(-3.19543,34.8436)]
triangle[(14.7939,-19.8162),(4.64121,-5.93648),(-15.3553,-20.5634)]
triangle[(-16.0632,-20.174),(12.0619,-10.2556),(-6.35771,41.9758)]
triangle[(12.4247,1.81936),(14.2882,15.5939),(0.35254,17.4792)]
triangle[(-14.5266,-9.33688),(16.7037,-0.737906),(0.759246,57.17)]
triangle[(-15.254,-8.99077),(11.2711,-13.3277),(16.9654,21.4986)]
triangle[(-20.3782,-15.8509),(-11.8637,16.2388),(-75.1191,33.0226)]
triangle[(-4.82646,-1.81451),(-2.14613,-2.96547),(-0.948978,-0.177577)]
triangle[(5.93986,-15.1196),(-1.08674,-9.64046),(-10.7236,-21.9991)]
triangle[(6.39745,-15.2512),(15.3905,-8.64155),(3.76431,7.17696)]
triangle[(-14.149,-6.56692),(-14.3325,-10.4028),(-9.11454,-10.6525)]
triangle[(-12.7049,14.9794),(3.09764,-6.4589),(26.5033,10.7938)]
triangle[(-14.3996,-16.349),(6.52397,-2.38569),(-19.2658,36.2593)]
triangle[(4.7131,14.4142),(7.84797,-6.09447),(37.7695,-1.5208)]
triangle[(-15.7231,2.02361),(20.0658,-7.55395),(36.8579,55.1938)]
triangle[(12.072,12.5127),(-2.32169,8.83129),(4.77587,-18.9194)]
triangle[(-11.4384,2.08917),(3.50664,-19.4596),(42.2172,7.38785)]
triangle[(15.6135,-0.0327181),(6.62227,9.109),(-6.00671,-3.31212)]
triangle[(18.8541,16.598),(8.73422,0.270699),(40.7345,-19.5634)]
triangle[(-10.6416,20.5165),(-12.3168,-3.97444),(18.2009,-6.06186)]
triangle[(2.71003,4.66628),(-17.157,-5.20492),(-4.63644,-30.4042)]
triangle[(2.449,-2.22156),(-19.7308,-13.9813),(0.0982874,-51.3806)]
triangle[(13.0408,-10.0905),(6.62963,15.0715),(-19.041,8.53068)]
triangle[(9.88405,11.3211),(-3.18114,1.99126),(11.9384,-19.1817)]
triangle[(-2.55419,-17.7367),(-12.039,-7.25323),(-23.9262,-18.008)]
triangle[(11.7226,2.09411),(19.0121,-3.64811),(29.2258,9.31777)]
triangle[(-10.1822,-2.90112),(-4.47183,-10.646),(4.05518,-4.35887)]
triangle[(20.1419,5.55552),(-16.4731,2.7256),(-11.348,-63.5862)]
triangle[(-18.644,-6.27929),(14.2759,6.99223),(-6.47338,58.4606)]
triangle[(6.76,18.9403),(-0.0912518,-17.7056),(62.467,-29.4014)]
triangle[(1.43622,14.943),(-16.3562,6.98885),(-1.11585,-27.1017)]
triangle[(14.7082,5.45786),(-7.1828,2.79336),(-3.32875,-28.8709)]
triangle[(4.36848,8.285),(-11.5483,11.7538),(-17.0608,-13.5409)]
triangle[(-12.6976,4.28793),(14.9949,5.58471),(13.2277,43.3228)]
triangle[(12.4525,3.34093),(8.86191,18.2465),(-11.2316,13.4062)]
triangle[(11.796,-2.15915),(-19.5505,0.836897),(-24.53,-51.2618)]
triangle[(-17.7569,-7.76091),(-12.6332,-4.54433),(-18.7976,5.27501)]
triangle[(-3.8266,-9.3508),(15.0968,2.45936),(3.10887,21.6675)]
triangle[(3.20854,1.16178),(1.25385,-15.9959),(24.8321,-18.6821)]
triangle[(-12.9757,17.7511),(-1.80938,1.19881),(17.688,14.3519)]
triangle[(-9.28498,8.29941),(6.13087,-2.02353),(20.746,19.8021)]
triangle[(-5.77014,1.00735),(-19.9625,12.1851),(-32.2532,-3.42021)]
triangle[(17.2594,-5.74247),(1.08496,12.4112),(-31.4654,-16.5902)]
triangle[(-16.7842,11.8991),(1.05163,4.30191),(10.455,26.3782)]
triangle[(9.80551,-10.7597),(3.26009,-15.1716),(11.4173,-27.2734)]
triangle[(-12.018,19.7827),(-14.8502,10.147),(-3.03169,6.67327)]
triangle[(-16.3982,-8.2217),(15.835,-1.25899),(2.679,59.6452)]
triangle[(7.82226,18.9627),(-15.7782,3.90894),(9.4998,-35.7205)]
triangle[(9.96663,-4.32911),(11.0923,3.39462),(-3.42315,5.51006)]
triangle[(-20.1224,-14.066),(20.2457,2.60637),(-4.92323,63.5467)]
triangle[(-10.2712,-16.877),(20.9763,-3.25533),(3.44145,36.9687)]
triangle[(17.1894,-7.89799),(19.8934,-17.8164),(31.7798,-14.5759)]
triangle[(-8.93654,8.58503),(-19.8644,7.15854),(-17.1688,-13.4914)]
triangle[(20.8714,-6.22709),(-9.42096,6.63745),(-23.5596,-26.655)]
triangle[(14.2053,10.3897),(-14.3236,12.5761),(-18.2923,-39.2099)]
triangle[(18.4509,-7.56724),(7.24284,-14.3735),(14.9672,-27.0934)]
triangle[(20.2918,-3.43613),(2.58364,-20.1036),(24.2239,-43.095)]
triangle[(16.638,-18.8136),(-18.434,-11.3428),(-31.1491,-71.0345)]
triangle[(-7.10242,3.73365),(3.93527,-18.2536),(46.0433,2.88486)]
triangle[(-15.0484,-6.47556),(11.9872,5.08924),(-7.23852,50.0342)]
triangle[(-10.8292,-12.0082),(10.0207,15.7859),(-26.6036,43.2597)]
triangle[(15.9246,15.081),(0.383342,11.4028),(7.34247,-18.0012)]
triangle[(19.1041,-8.58488),(7.66046,-0.969177),(-6.63506,-22.4501)]
triangle[(3.46572,14.6525),(8.8602,0.53107),(23.8678,6.26405)]
triangle[(-2.93518,15.5825),(-8.22568,5.50798),(1.94401,0.167495)]
triangle[(3.47696,-14.8445),(-0.409122,-9.59629),(-10.5929,-17.1369)]
triangle[(5.09012,-7.38198),(-17.0882,-18.2603),(-2.83474,-47.3197)]
triangle[(-1.5103,15.9329),(20.8221,-9.33114),(52.0728,18.2932)]
triangle[(9.44392,8.22618),(9.57892,-13.8926),(36.3733,-13.7291)]
triangle[(-3.74419,-2.17098),(9.4495,15.0912),(-9.64193,29.683)]
triangle[(-6.11401,3.81005),(-2.12354,1.7434),(1.05305,7.87705)]
triangle[(-18.1516,-10.1472),(15.2313,17.755),(-21.6006,61.8218)]
triangle[(14.0933,13.757),(13.164,-1.34114),(32.69,-2.543)]
triangle[(16.7302,18.8818),(-4.44519,-9.44057),(46.5415,-47.561)]
triangle[(1.83952,-8.88396),(10.5,-20.4669),(32.4103,-4.08483)]
triangle[(-0.398945,3.79398),(8.8017,-3.65472),(17.4195,6.99002)]
triangle[(-11.1132,11.0361),(4.17549,2.25314),(19.8487,29.5361)]
triangle[(8.01789,-12.8452),(-1.01959,6.41961),(-30.0377,-7.1933)]
triangle[(-9.33657,-14.1484),(-7.54395,6.51437),(-44.1766,9.69248)]
triangle[(-20.6189,2.17353),(16.0365,17.1082),(-8.44462,77.1942)]
triangle[(14.8091,13.4427),(13.0017,-3.37266),(40.9192,-6.37347)]
triangle[(9.31461,0.0619829),(-0.351439,-0.708992),(0.80815,-15.2473)]
triangle[(5.02725,0.740638),(-1.02645,3.03524),(-3.67023,-3.93966)]
triangle[(9.83459,6.54046),(-9.01706,-18.809),(39.9102,-55.1947)]
triangle[(-17.9416,8.56547),(-15.6225,17.4273),(-28.7539,20.8637)]
triangle[(4.43819,3.10922),(1.8585,-10.5288),(28.3835,-15.5461)]
triangle[(8.35645,4.21682),(14.603,14.4508),(-2.79411,25.0695)]
triangle[(17.2194,-17.3332),(-8.74875,-16.8319),(-9.52513,-57.0466)]
triangle[(-5.50147,-2.79212),(16.8899,5.9956),(5.45984,35.1197)]
triangle[(-17.3151,20.931),(-9.7604,11.6323),(0.900904,20.294)]
triangle[(-15.7249,-0.0799096),(-7.8092,0.533781),(-8.67509,11.7026)]
triangle[(3.63294,-8.37976),(15.9902,-1.74878),(9.34523,10.6347)]
triangle[(-18.0654,-3.56353),(-3.66749,-12.4075),(9.7551,9.4444)]
triangle[(1.54324,-0.367951),(-6.81243,15.728),(-29.1114,4.15232)]
triangle[(10.9558,-13.705),(18.9275,-19.9265),(30.1966,-5.48715)]
triangle[(-7.41514,0.971155),(13.7696,-13.7937),(42.8213,27.8898)]
triangle[(14.6781,-6.41574),(0.0153988,8.89248),(-29.8669,-19.7297)]
triangle[(-3.95322,12.4065),(-0.660552,9.27526),(3.51639,13.6675)]
triangle[(7.65964,6.8487),(-12.5039,6.37101),(-11.9264,-18.0048)]
triangle[(4.60186,11.2563),(2.68551,-10.6912),(39.1433,-13.8745)]
triangle[(2.26071,17.5522),(9.22851,-0.983827),(34.0667,8.35301)]
triangle[(8.13106,-11.9561),(12.6854,-5.61496),(1.50428,2.41555)]
triangle[(-5.83827,-11.4076),(12.3065,14.6544),(-24.8764,40.5418)]
triangle[(12.4292,-0.024469),(12.4947,5.3833),(5.97278,5.46237)]
triangle[(-13.1018,4.18044),(6.92096,-5.63658),(21.0297,23.1394)]
triangle[(-12.7972,11.5194),(16.3016,14.3032),(11.3106,66.4722)]
triangle[(-14.3488,-0.788872),(10.2008,-20.7426),(34.7144,9.41726)]
triangle[(-15.5616,-6.00671),(-17.9555,-6.52899),(-17.3232,-9.42692)]
triangle[(-1.34849,-8.44889),(14.2558,-6.68413),(11.4433,18.1846)]
triangle[(-16.7356,6.39185),(4.00372,3.37543),(8.83219,36.5735)]
triangle[(14.7135,-19.4717),(-17.947,-14.2044),(-26.1554,-65.102)]
triangle[(-10.4226,-12.8606),(7.8185,11.6984),(-22.4146,34.1539)]
triangle[(-10.2613,-8.07354),(-15.8857,-6.63894),(-17.3911,-12.5411)]
triangle[(-13.4993,-13.0777),(11.0622,12.6919),(-39.1581,60.5579)]
triangle[(0.0701924,12.3305),(15.6765,-12.2794),(57.3139,14.1249)]
triangle[(2.57807,-16.5763),(-15.7584,-6.15947),(-36.5822,-42.8149)]
triangle[(-17.8419,2.2591),(-16.9498,-1.34972),(-11.9799,-0.121203)]
triangle[(5.00681,-17.6171),(-1.20732,-15.353),(-5.40138,-26.864)]
triangle[(16.5735,2.98856),(-5.74334,6.38553),(-10.9521,-27.8344)]
triangle[(10.0528,11.0202),(-16.2612,2.91628),(-1.49581,-45.0275)]
triangle[(-5.60185,-12.52),(-3.82337,-6.49605),(-12.3183,-3.98805)]
triangle[(6.39235,-17.6331),(-6.68893,-18.526),(-5.22656,-39.9489)]
triangle[(11.5159,-8.75147),(-18.2253,2.96103),(-41.2508,-55.5069)]
triangle[(-9.15759,5.48653),(-17.1144,-6.53873),(5.43686,-21.4603)]
triangle[(-8.59469,13.6716),(8.97998,-2.94321),(37.8203,27.5633)]
triangle[(-13.87,-18.2506),(-16.2702,5.82473),(-51.3891,2.32359)]
triangle[(4.81657,-10.1777),(9.25121,2.92107),(-5.21864,7.81992)]
triangle[(17.3145,-4.24868),(11.6306,-5.79855),(13.5475,-12.8286)]
triangle[(-9.60512,15.7475),(9.22679,-11.9923),(59.0655,21.8421)]
triangle[(12.3366,19.8723),(7.4098,9.07807),(23.5787,1.698)]
triangle[(-17.5841,12.6786),(-2.90583,6.84045),(8.55183,35.6474)]
triangle[(-16.133,17.625),(-16.0436,2.25066),(0.606573,2.34749)]
triangle[(16.4523,-7.43966),(4.38412,-2.40933),(-4.4586,-23.6238)]
triangle[(-17.4448,-8.71431),(-17.2076,-13.0016),(-12.642,-12.7491)]
triangle[(2.76644,-15.4275),(-1.82888,13.6284),(-31.4428,8.9448)]
triangle[(9.8793,-1.96783),(-15.6824,9.52761),(-33.0496,-29.0908)]
triangle[(-3.85247,20.4373),(-15.6855,14.4284),(-4.23423,-8.12219)]
triangle[(15.0594,-10.9188),(20.5335,-11.4157),(21.0753,-5.44709)]
triangle[(-12.1889,20.5956),(-13.6622,8.84905),(6.4467,6.32685)]
triangle[(-15.055,18.2927),(13.768,19.5614),(11.8364,63.4417)]
triangle[(0.98957,-9.04781),(15.6446,10.1297),(-10.3325,29.9809)]
triangle[(17.6803,-15.0856),(-5.92327,-3.91939),(-24.8466,-43.9202)]
triangle[(5.83243,13.6826),(6.12958,-6.72402),(32.9169,-6.33396)]
triangle[(-9.37489,15.2939),(-10.7399,11.3565),(-3.04666,8.68939)]
triangle[(-7.72222,6.14577),(-1.73363,5.69994),(-1.00764,15.4517)]
triangle[(2.86401,16.1667),(-12.1246,1.11743),(5.20382,-16.1413)]
triangle[(-19.2172,-5.46995),(-4.85834,-1.56162),(-11.2838,22.0448)]
triangle[(-10.0738,17.036),(19.822,-16.4322),(79.11,36.5273)]
triangle[(10.5861,2.93213),(-11.5646,14.595),(-30.9072,-22.1416)]
triangle[(15.7869,-2.71199),(-7.29409,-14.9965),(8.30687,-44.3086)]
triangle[(16.7043,-11.3491),(9.10609,19.0346),(-26.9055,10.029)]
triangle[(-3.14397,7.33663),(-20.6805,-5.79574),(-7.28154,-23.6882)]
triangle[(-13.0696,10.0686),(-0.799911,1.12574),(11.7685,18.3697)]
triangle[(-13.0291,17.29),(-7.59395,-0.559264),(27.7665,10.2081)]
triangle[(-13.4837,-3.39608),(15.4948,-14.6475),(34.8734,35.2627)]
triangle[(13.3738,16.432),(-14.6615,19.6046),(-19.1737,-20.2676)]
triangle[(20.9013,15.1951),(10.8009,-15.6494),(50.7335,-28.7257)]
triangle[(13.8139,-2.90653),(7.8187,18.2571),(-23.6133,9.35308)]
triangle[(-4.01333,4.45807),(-8.93773,12.05),(-17.8515,6.26816)]
triangle[(-10.1231,-9.89541),(-5.59232,-7.07748),(-9.51628,-0.768375)]
triangle[(-16.2089,14.6649),(-17.1242,-16.3643),(27.2084,-17.6721)]
triangle[(13.8434,1.69729),(-7.55125,15.1984),(-29.0981,-18.9462)]
triangle[(20.2749,8.84828),(16.5124,13.2081),(8.05657,5.91073)]
triangle[(13.8527,-16.693),(9.91126,1.66823),(-19.0558,-4.54992)]
triangle[(-9.95564,15.1489),(-2.30549,-0.869369),(15.2508,7.51533)]
triangle[(-2.53888,20.8341),(-9.22084,0.65203),(29.6434,-12.2153)]
triangle[(-10.9442,-10.3302),(11.7769,10.0697),(-24.0543,49.9778)]
triangle[(-9.74746,-3.88575),(3.59898,1.14969),(-2.05539,16.1366)]
triangle[(-16.9209,-14.0349),(-14.1972,10.6572),(-56.7039,15.346)]
triangle[(-20.9412,-6.32317),(-19.7066,-12.5964),(-8.96103,-10.4816)]
triangle[(4.6693,-10.9575),(-18.4177,11.4381),(-52.0584,-23.2412)]
triangle[(-14.9274,-12.8169),(17.7633,-19.9531),(31.5037,42.9914)]
triangle[(-0.413241,-16.8858),(5.7175,5.33236),(-30.4142,15.3023)]
triangle[(-3.26238,11.8906),(-17.7213,-8.13447),(13.605,-30.7534)]
triangle[(-6.21092,-17.771),(-20.7141,-10.2897),(-34.3542,-36.732)]
triangle[(20.0329,5.88355),(8.82639,-20.9795),(58.1434,-41.5531)]
triangle[(10.397,18.6284),(14.0097,20.1861),(11.7942,25.3247)]
triangle[(14.4184,-1.91176),(-3.88758,20.4262),(-45.6125,-13.7673)]
triangle[(-3.79572,-6.05322),(12.2767,-3.95092),(8.97069,21.3238)]
triangle[(0.869298,-8.80852),(-12.5235,19.4521),(-62.3119,-4.14284)]
triangle[(4.81195,-17.9143),(-11.3718,-4.00866),(-28.997,-24.5213)]
triangle[(2.35543,3.01747),(-7.67886,-7.80669),(3.51936,-18.1877)]
triangle[(-2.11773,-6.88786),(2.48767,-20.3411),(20.1323,-14.3008)]
triangle[(8.46488,5.8144),(2.66964,9.58065),(-3.3474,0.322045)]
triangle[(-13.0158,6.00792),(-12.5123,-13.7236),(18.0428,-12.9439)]
triangle[(-7.61917,3.1606),(-2.23423,-13.6155),(25.0424,-4.85997)]
triangle[(-12.9284,-10.3152),(-2.5743,-0.0313469),(-18.0919,15.5922)]
triangle[(10.9339,-13.7717),(12.452,-6.52091),(-1.69403,-3.55898)]
triangle[(-8.90526,-13.3948),(18.9448,-14.1088),(19.993,26.7767)]
triangle[(-2.22,-13.9094),(0.635602,7.61448),(-26.7356,11.2459)]
triangle[(-20.2356,-16.2321),(20.3557,4.64659),(-14.4217,72.2588)]
triangle[(-2.60436,2.01891),(15.0304,-12.9958),(37.1985,13.0406)]
triangle[(-19.8406,0.294893),(5.13543,13.1639),(-14.3657,51.0117)]
triangle[(-8.0283,-6.80422),(1.72117,-0.929793),(-7.97792,15.1673)]
triangle[(-10.8979,0.0750518),(-18.1844,-18.8906),(2.07896,-26.6756)]
triangle[(5.77064,12.9628),(-2.43797,-2.02941),(12.6212,-10.2747)]
triangle[(14.2481,-13.5993),(4.51415,-16.0447),(9.05928,-34.1368)]
triangle[(11.0696,-4.76568),(-4.67428,12.3765),(-24.2348,-5.58841)]
triangle[(-0.427344,-9.38291),(-10.7455,18.7082),(-47.9295,5.0502)]
triangle[(-6.27727,10.043),(-12.5623,17.5398),(-24.864,7.22652)]
triangle[(-0.556265,2.68593),(-17.0524,-10.5721),(-2.0577,-29.229)]
triangle[(-13.5984,-10.0041),(0.870136,-1.03798),(-14.2214,23.315)]
triangle[(-5.98143,-4.56944),(-8.61047,-2.36508),(-12.0005,-6.40821)]
triangle[(-16.4878,16.3137),(4.49433,12.8454),(10.5535,49.5011)]
triangle[(-6.27794,1.54079),(-19.8051,-15.47),(12.4266,-41.1009)]
triangle[(-6.3511,-8.57886),(11.4554,-0.983086),(-1.86533,30.2443)]
triangle[(20.6744,20.473),(-1.94596,-14.2061),(38.3919,-40.5175)]
triangle[(7.49929,-4.39248),(2.60266,-11.0645),(14.6075,-19.8749)]
triangle[(-9.68018,5.3347),(20.1635,-1.97846),(29.48,36.0406)]
triangle[(-15.0954,-20.7926),(-5.09826,-18.1963),(-7.89071,-7.44377)]
triangle[(-15.3381,5.96064),(-13.7334,-9.69197),(6.68462,-7.59873)]
triangle[(-4.09432,-9.63395),(13.1793,-1.90227),(4.28198,17.9755)]
triangle[(12.4735,2.82747),(18.4774,0.346394),(22.4028,9.84537)]
triangle[(-18.364,-10.078),(-17.9554,15.262),(-44.9884,15.6979)]
triangle[(-10.672,20.0453),(-2.70985,-6.05484),(36.5565,5.9239)]
triangle[(-2.64978,3.50696),(-13.9676,-19.6087),(11.334,-31.9969)]
triangle[(-18.8937,-0.72325),(-1.82702,7.28801),(-12.0077,28.9764)]
triangle[(-16.9275,-2.05267),(4.91122,6.95446),(-6.0305,33.4838)]
triangle[(-8.08247,-18.4373),(5.1575,15.4628),(-49.9329,36.9788)]
triangle[(-12.4102,19.8066),(-16.3441,19.9575),(-16.6192,12.7852)]
triangle[(-8.40036,-5.94909),(12.0237,-8.59909),(16.2418,23.9106)]
triangle[(-6.25972,18.0326),(-10.7834,13.583),(-4.82905,7.52937)]
triangle[(15.0696,8.58725),(-5.94938,-6.09397),(15.0472,-36.1546)]
triangle[(5.11444,2.81075),(7.34055,-13.7537),(40.3364,-9.31933)]
triangle[(-19.1737,6.81981),(12.0845,-12.1368),(37.6087,29.9509)]
triangle[(19.6224,-5.50387),(12.4358,-18.5823),(35.2336,-31.1097)]
triangle[(5.23149,11.9115),(-10.8998,-13.7044),(16.2032,-30.7722)]
triangle[(-11.5191,-12.6924),(-13.6417,17.3388),(-62.1035,13.9135)]
triangle[(-0.6939,-4.17605),(5.27721,19.8201),(-35.2881,29.9142)]
triangle[(19.9068,8.5437),(-19.7711,18.2119),(-36.7132,-51.318)]
triangle[(-9.72574,0.664793),(18.1919,-5.85192),(27.4951,34.0031)]
triangle[(-5.79006,4.4212),(3.966,-3.88328),(17.09,11.5348)]
triangle[(0.281043,0.2874),(2.07904,-13.088),(24.5805,-10.0632)]
triangle[(15.5348,-2.15154),(1.94669,15.3365),(-26.314,-6.62181)]
triangle[(14.0466,-11.1163),(14.1856,17.4719),(-38.5844,17.7284)]
triangle[(6.94557,6.55994),(0.294349,-5.35316),(19.658,-16.1641)]
triangle[(-8.83013,19.7942),(-16.1145,16.6709),(-10.7538,4.16865)]
triangle[(17.6984,-17.4433),(-20.2616,9.95205),(-54.1599,-37.0188)]
triangle[(-2.65616,-9.83707),(-4.72535,14.8969),(-30.3589,12.7524)]
triangle[(14.9741,-10.2508),(13.4285,-19.2752),(27.0734,-21.6121)]
triangle[(13.0232,-16.97),(15.0208,-5.51305),(1.71596,-3.19326)]
triangle[(-17.7549,3.76276),(-2.62209,17.7133),(-27.2873,44.4689)]
triangle[(-4.77575,-10.4102),(-16.229,10.5202),(-46.1636,-5.86016)]
triangle[(-11.6542,-12.5827),(-10.7661,2.2935),(-27.2825,3.27955)]
triangle[(15.231,18.4734),(-18.0014,19.0553),(-18.9989,-37.9105)]
triangle[(-7.46976,-5.32954),(1.19251,-8.32799),(5.826,5.05775)]
triangle[(7.25293,3.57172),(7.13958,14.8576),(-8.43321,14.7012)]
triangle[(-19.0251,13.2776),(-13.4111,-10.0477),(31.0791,0.660261)]
triangle[(-3.21198,-9.65558),(6.86173,-14.6092),(12.3417,-3.46489)]
triangle[(5.14717,11.4084),(17.5636,18.292),(5.63106,39.8153)]
triangle[(7.66614,11.0106),(-3.81488,14.9624),(-8.52161,1.28813)]
triangle[(-14.2541,-19.2493),(18.4525,-15.8023),(14.2064,24.4867)]
triangle[(4.99253,-10.1853),(0.27732,1.1162),(-20.8026,-7.67878)]
triangle[(8.78308,1.1462),(-2.15951,5.65345),(-6.75283,-5.4981)]
triangle[(-7.99469,-16.6072),(-20.5445,5.34667),(-58.1255,-16.1363)]
triangle[(19.2226,5.84192),(-7.94994,-10.3666),(18.6332,-54.9314)]
triangle[(-17.0234,-20.7991),(-4.12969,16.4117),(-41.8116,29.4686)]
triangle[(4.73352,-15.3071),(14.5188,13.0556),(-34.4774,29.9596)]
triangle[(3.97754,0.522868),(10.2967,9.98713),(-6.43095,21.1558)]
triangle[(-20.194,-15.7734),(-13.8042,9.70501),(-51.499,19.1586)]
triangle[(-19.9531,19.9057),(-12.5872,-14.1106),(53.1831,0.13147)]
triangle[(2.46664,10.6568),(8.24788,12.4438),(6.44366,18.2806)]
triangle[(2.77899,1.93625),(-8.48694,-6.09925),(5.09522,-25.1417)]
triangle[(-10.3955,19.0647),(-18.3214,20.167),(-20.1497,7.02114)]
triangle[(5.5244,-4.55168),(-8.63634,-7.57832),(-3.64672,-30.9232)]
triangle[(16.2954,6.48257),(-20.8724,-8.02201),(7.67742,-81.1806)]
