triangle[(-14.9844,-2.13056),(12.4167,-2.51578),(13.1672,50.8663)]
triangle[(-11.6292,17.0078),(-3.11377,-6.85184),(29.7487,4.87668)]
triangle[(-5.12039,-0.0602197),(5.87869,13.7035),(-17.0598,32.0345)]
triangle[(-19.5498,-19.0287),(17.236,-16.6532),(14.0996,31.9136)]
triangle[(-10.1921,-13.7765),(-9.46213,12.509),(-54.1263,13.7494)]
triangle[(9.30858,5.38227),(-19.9398,-20.5391),(27.5922,-74.1719)]
triangle[(12.5848,8.69975),(-5.70981,11.7268),(-10.8177,-19.1438)]
triangle[(6.24448,16.2884),(7.17884,-20.6813),(78.3152,-18.8835)]
triangle[(12.7784,12.0466),(-2.21488,9.25702),(1.82875,-12.4762)]
triangle[(-12.5386,-19.0844),(0.525173,20.985),(-59.1957,40.4558)]
triangle[(20.3026,18.5443),(-3.31797,-1.32543),(20.3784,-29.495)]
triangle[(11.1747,-8.94753),(4.15828,-16.315),(17.6163,-29.1317)]
triangle[(4.10122,1.01271),(15.5421,11.9342),(-2.79591,31.1444)]
triangle[(9.49562,2.83826),(-13.8684,11.7332),(-25.9064,-19.8866)]
triangle[(-20.4826,1.10959),(11.9163,6.85479),(1.28241,66.8227)]
triangle[(-12.6757,-20.3478),(-15.1248,-6.90438),(-37.0082,-10.8911)]
triangle[(11.6256,-15.8517),(-9.33,8.05352),(-41.5975,-20.2325)]
triangle[(11.1966,-10.9461),(-11.4839,-4.20853),(-22.6846,-41.9129)]
triangle[(-16.0052,-11.1222),(14.3965,-8.53301),(10.4298,38.0423)]
triangle[(0.574264,-18.6022),(20.9315,2.00645),(-1.83164,24.4919)]
triangle[(-0.000631226,-13.2864),(-8.55468,-12.5269),(-10.0591,-29.4698)]
triangle[(10.6735,4.04459),(-12.4984,8.02663),(-16.6592,-16.1854)]
triangle[(8.40862,-10.328),(-15.6513,-15.239),(-10.2863,-41.5232)]
triangle[(17.8147,-2.54654),(4.4752,16.9877),(-29.3145,-6.0866)]
triangle[(-5.16299,7.59308),(13.3184,4.17777),(16.8012,23.0247)]
triangle[(1.68371,18.7383),(0.80567,-18.3389),(59.8392,-19.7369)]
triangle[(13.2976,11.585),(-5.4037,6.27818),(3.30578,-24.4142)]
triangle[(-9.01017,0.178234),(-0.0433126,-10.7847),(17.1078,3.24371)]
triangle[(1.40094,16.5978),(18.874,-8.35971),(61.0636,21.1778)]
triangle[(11.5958,-16.1254),(-6.38833,-5.53819),(-18.721,-26.4873)]
triangle[(-6.44786,8.4374),(2.62582,-15.6741),(43.7746,-0.188908)]
triangle[(12.7427,9.6112),(-4.48738,3.88609),(1.53106,-14.2268)]
triangle[(1.06414,-8.19736),(16.4671,17.9571),(-35.8086,48.7435)]
triangle[(2.94957,5.54147),(16.4482,15.0615),(2.68144,34.5817)]
triangle[(19.6719,-14.3711),(20.2611,-10.1074),(13.1087,-9.11904)]
triangle[(-2.63853,-15.3351),(-16.333,-11.735),(-21.3794,-30.9316)]
triangle[(-12.7229,18.4236),(-6.62764,-6.21877),(21.5052,0.739896)]
triangle[(-15.841,15.3516),(17.3331,7.77247),(30.507,65.4353)]
triangle[(-13.6682,-1.42692),(0.025793,-13.4725),(18.4207,7.43964)]
triangle[(-16.2994,-9.47457),(-13.6572,-8.22411),(-15.0721,-5.23446)]
triangle[(9.92136,19.4965),(-5.10857,18.3842),(-3.12905,-8.36457)]
triangle[(10.8566,0.0616039),(-3.32489,-8.30707),(7.50404,-26.6577)]
triangle[(16.8146,-16.6318),(8.63883,4.17219),(-14.0818,-4.7568)]
triangle[(2.14226,-7.55982),(-7.68956,-15.8199),(5.33933,-31.3279)]
triangle[(11.6444,-7.08078),(-0.326598,-16.7948),(15.5142,-36.3161)]
triangle[(-15.6717,7.38902),(8.49465,19.5967),(-8.17131,52.5887)]
triangle[(19.2998,-4.88165),(16.1203,-3.17487),(12.7803,-9.39681)]
triangle[(-11.39,-3.72959),(-15.0142,2.51469),(-26.0943,-3.91617)]
triangle[(-18.6378,-10.4919),(4.68105,11.5309),(-35.071,53.6224)]
triangle[(0.429078,-12.4133),(13.1038,-12.5295),(13.2462,2.99252)]
triangle[(-5.6079,15.0011),(-16.6613,11.8286),(-13.0627,-0.709372)]
triangle[(18.9763,-5.53448),(-16.3785,6.12309),(-38.5691,-61.1761)]
triangle[(0.888931,-5.50506),(-10.5253,4.32315),(-26.5656,-14.3056)]
triangle[(5.25578,18.5359),(-17.0485,-9.01624),(32.3107,-48.974)]
triangle[(1.23343,3.1505),(8.62593,-11.8741),(24.8828,-3.87523)]
triangle[(-9.18213,-16.2784),(19.3284,-15.0169),(17.464,27.1178)]
triangle[(7.47367,-3.2007),(-2.61938,4.91229),(-13.5318,-8.6635)]
triangle[(10.904,-19.1601),(8.91916,18.1693),(-58.3934,14.5903)]
triangle[(-1.81478,-12.3166),(-11.6548,-3.95004),(-22.5636,-16.7801)]
triangle[(-7.34498,-5.5378),(-2.56365,-7.25577),(-0.222577,-0.740254)]
triangle[(2.3777,-7.76377),(12.6345,19.0091),(-27.3787,34.3384)]
triangle[(14.7139,-4.00384),(10.0543,10.9163),(-6.42587,5.76948)]
triangle[(-15.4729,11.3574),(13.6897,-18.1181),(72.4608,40.0292)]
triangle[(14.489,0.324393),(-18.2043,-11.0834),(4.34373,-75.7034)]
triangle[(10.8428,-14.6466),(20.6973,17.0483),(-29.4212,32.631)]
triangle[(8.70743,-13.0771),(-2.24888,11.4159),(-45.5268,-7.9433)]
triangle[(-1.79961,-11.4458),(8.76692,20.217),(-27.982,32.4809)]
triangle[(0.789616,-5.20248),(9.99467,-14.9325),(22.5786,-3.02754)]
triangle[(-5.72581,-11.4085),(-9.29325,3.26644),(-35.0226,-2.98829)]
triangle[(-8.47697,-1.93868),(-15.5919,-11.603),(-3.30153,-20.6512)]
triangle[(-4.19328,-0.402419),(17.9608,-18.3716),(42.2119,11.5274)]
triangle[(-1.93653,1.69561),(-4.58462,6.68387),(-12.0541,2.71862)]
triangle[(-5.09079,8.6007),(13.3385,13.964),(3.28305,48.5164)]
triangle[(14.3958,16.6312),(-12.0986,-6.66935),(20.3875,-43.6083)]
triangle[(14.5948,20.8744),(-17.1334,1.88667),(19.551,-59.4126)]
triangle[(11.1756,-4.03844),(10.9134,18.1541),(-16.721,17.8277)]
triangle[(7.01497,15.2026),(4.75655,5.35049),(23.3425,1.08998)]
triangle[(16.4698,12.294),(0.0129192,13.6413),(-1.94577,-10.2823)]
triangle[(16.1446,4.66748),(-5.03355,-19.508),(22.6106,-43.7248)]
triangle[(-13.7315,6.56139),(7.394,15.1253),(-7.57882,52.0602)]
triangle[(-1.19991,-8.1358),(13.2558,9.62572),(-20.8504,37.384)]
triangle[(8.63943,-13.824),(5.11128,13.4857),(-46.062,6.87461)]
triangle[(-8.96226,0.283121),(13.3719,5.13308),(3.79609,49.2301)]
triangle[(17.308,11.4977),(-12.377,-3.43442),(4.85906,-37.6998)]
triangle[(-1.85203,-20.1569),(3.97917,2.10332),(-35.5433,12.4565)]
triangle[(16.3204,10.5732),(-18.8358,-19.2353),(20.5193,-65.6507)]
triangle[(-14.1703,-15.1427),(16.7899,-11.2457),(11.3485,31.9841)]
triangle[(-6.21874,2.96023),(-15.5857,-2.2702),(-6.85201,-17.9111)]
triangle[(11.3012,12.982),(18.8893,-7.65828),(56.2643,6.08219)]
triangle[(10.4771,19.1993),(14.138,-6.9606),(61.2445,-0.368356)]
triangle[(6.83448,19.8209),(12.6994,-0.790458),(37.6824,6.31842)]
triangle[(4.54783,4.58422),(-7.94938,-13.6349),(11.7175,-27.1252)]
triangle[(15.0164,-8.72736),(-12.0004,20.788),(-63.7529,-26.5834)]
triangle[(-7.76748,-3.68719),(-14.3236,-3.96091),(-13.9968,-11.7895)]
triangle[(5.69042,10.8823),(11.2394,-5.95386),(29.5476,0.08029)]
triangle[(11.919,-4.72707),(-1.42465,-14.4271),(17.3894,-40.3084)]
triangle[(-8.0663,20.8173),(-3.79052,-17.3927),(67.1163,-9.4581)]
triangle[(5.95132,20.4134),(2.41118,12.6995),(12.3811,8.12397)]
triangle[(-2.85602,3.04213),(-15.0634,-15.2593),(11.6352,-33.0677)]
triangle[(-9.10224,2.85384),(13.5773,-0.734055),(19.3817,35.9563)]
triangle[(-11.4434,5.63262),(-3.60855,-11.1604),(16.3392,-1.85358)]
triangle[(11.8418,-19.481),(-16.5536,-15.7147),(-23.4076,-67.3902)]
triangle[(-8.92737,5.7555),(16.8572,-5.23746),(30.7866,27.4346)]
triangle[(-16.122,-4.92875),(-19.1114,18.2621),(-57.3403,13.3342)]
triangle[(9.09578,-17.7443),(19.7679,-10.6599),(10.4911,3.31497)]
triangle[(-2.36971,-16.4214),(-14.8505,-9.37128),(-25.328,-27.9195)]
triangle[(2.90266,-9.42583),(-10.8466,6.10521),(-33.2555,-13.7328)]
triangle[(0.787125,-1.66496),(18.6054,-9.59608),(27.884,11.2495)]
triangle[(12.0897,-4.81618),(-12.9977,2.19849),(-25.7808,-43.5194)]
triangle[(-3.49786,-20.7022),(-19.0963,10.5365),(-72.2612,-16.0103)]
triangle[(-13.1355,-12.3902),(-11.5599,17.7622),(-71.1207,20.8747)]
triangle[(12.5496,11.7617),(2.01755,-15.9202),(38.6001,-29.8387)]
triangle[(-2.95288,5.22271),(8.13943,-20.3818),(46.9972,-3.54794)]
triangle[(-10.9792,13.8579),(-13.8892,-19.428),(29.0157,-23.1789)]
triangle[(0.482524,-9.15756),(-11.3211,-10.5903),(-9.46469,-25.8845)]
triangle[(10.6443,-14.8243),(9.3246,-0.207605),(-17.5247,-2.63184)]
triangle[(4.11455,-0.66536),(-16.7262,19.2573),(-39.3422,-4.4008)]
triangle[(-15.1887,20.7736),(9.20258,8.09323),(30.8612,49.7546)]
triangle[(-4.20537,-3.98522),(11.6464,11.0041),(-17.1588,41.4667)]
triangle[(2.46104,-18.9924),(19.0873,4.75596),(-8.36884,23.9781)]
triangle[(-4.6337,-10.5002),(14.908,13.94),(-27.0617,47.498)]
triangle[(0.925815,-15.0664),(13.7106,13.7434),(-43.7918,39.2608)]
triangle[(5.50439,15.7288),(13.0279,1.19446),(39.7617,15.0328)]
triangle[(5.85123,7.01887),(1.80469,14.0103),(-6.04395,9.46756)]
triangle[(-15.5655,-12.3291),(1.00479,8.84875),(-37.0173,38.5985)]
triangle[(8.55789,17.6953),(19.8916,-8.94426),(71.6356,13.0701)]
triangle[(-12.1131,11.2597),(16.675,8.16493),(20.6434,45.0797)]
triangle[(-19.9527,-1.82445),(-19.2609,0.253848),(-23.2595,1.58496)]
triangle[(-17.8581,19.5641),(-7.48095,-19.7086),(70.986,1.02492)]
triangle[(-14.1809,0.160369),(-16.9841,-19.651),(14.9018,-24.1627)]
triangle[(5.49867,-9.34309),(-13.4058,4.78928),(-30.747,-18.4075)]
triangle[(17.3916,-1.03932),(18.246,9.85522),(4.79607,10.91)]
triangle[(20.743,-5.89938),(-6.87301,18.965),(-34.7746,-12.0243)]
triangle[(-13.2943,-7.89197),(9.63972,-11.5418),(15.3611,24.4089)]
triangle[(-16.5067,17.8416),(7.46427,17.7961),(7.55523,65.6315)]
triangle[(13.491,0.433749),(-0.816592,-15.4266),(21.4997,-35.558)]
triangle[(2.09781,0.318042),(5.97029,-12.6053),(24.3913,-7.0855)]
triangle[(0.955884,-3.65929),(-13.183,12.1157),(-36.1088,-8.43237)]
triangle[(20.2896,-2.32499),(-5.94769,-14.4906),(13.055,-55.4734)]
triangle[(0.310394,-3.25852),(13.0234,-0.238377),(9.23115,15.7249)]
triangle[(18.1207,-18.2982),(10.1787,6.64013),(-26.4508,-5.02508)]
triangle[(3.54905,1.14706),(-11.9336,3.31013),(-15.6685,-23.4229)]
triangle[(-11.8008,1.97811),(5.95886,-6.16062),(22.1999,29.2793)]
triangle[(12.6439,11.2148),(-8.46624,-6.47103),(25.7938,-47.3644)]
triangle[(20.6525,4.61955),(-7.95527,-17.2708),(26.4205,-62.1952)]
triangle[(11.6194,16.064),(11.7215,0.893812),(27.9432,1.00302)]
triangle[(15.2743,4.06898),(3.63413,-19.4346),(44.7274,-39.7861)]
triangle[(-10.1514,17.8031),(-10.4553,-9.02959),(25.9632,-9.44205)]
triangle[(9.40913,-16.2439),(4.2459,10.6076),(-48.9448,0.379584)]
triangle[(-18.675,-17.7634),(11.7075,14.4824),(-52.548,75.0251)]
triangle[(-8.37102,18.5076),(-5.8948,4.62242),(13.7475,8.12534)]
triangle[(-13.2387,19.4594),(17.4161,-10.3999),(65.6913,39.1612)]
triangle[(1.07461,-0.313051),(-14.9648,-20.1372),(21.9904,-50.0371)]
triangle[(-5.93619,1.70964),(-9.45211,14.3336),(-26.9683,9.4552)]
triangle[(2.33285,-5.87326),(4.36558,3.624),(-5.39182,5.71242)]
triangle[(-6.62787,17.276),(-7.61645,-12.0854),(35.7702,-13.5462)]
triangle[(-10.8142,1.5854),(-13.5265,20.3368),(-43.6244,15.9834)]
triangle[(-10.4506,-0.783125),(1.75998,-9.56346),(11.2284,3.60407)]
triangle[(-13.5652,-14.0082),(-17.7136,-10.1597),(-23.0423,-15.9037)]
triangle[(11.7627,5.38562),(14.9957,-8.56049),(33.337,-4.30853)]
triangle[(-12.9991,10.0514),(-8.12964,-10.0045),(27.2123,-1.42368)]
triangle[(10.0082,-8.24933),(-20.1347,-5.83118),(-23.0242,-41.8496)]
triangle[(-2.35367,-19.6543),(3.62575,-8.3524),(-15.5995,1.819)]
triangle[(16.5711,8.824),(-8.73661,-1.40503),(11.1248,-50.5442)]
triangle[(-4.25025,-9.58216),(17.6937,13.3042),(-15.0356,44.6857)]
triangle[(20.2637,-3.15145),(-6.82017,-8.30751),(1.29921,-50.9572)]
triangle[(-4.86824,10.0699),(-12.7756,17.9695),(-27.0089,3.72229)]
triangle[(-15.3709,0.298004),(10.9107,12.0166),(-9.3111,57.3687)]
triangle[(-13.7346,9.26676),(15.5521,-2.15803),(35.0248,47.7589)]
triangle[(8.34241,-8.63511),(10.9671,-3.43552),(4.17682,-0.00786894)]
triangle[(7.54747,11.8528),(-15.2145,-18.3833),(23.6087,-47.6098)]
triangle[(20.0893,-11.9912),(-17.182,-4.60387),(-25.5284,-46.7138)]
triangle[(0.420819,-16.3006),(-2.193,17.9291),(-51.5986,14.1565)]
triangle[(16.945,0.731154),(6.16338,7.85357),(-2.86251,-5.80942)]
triangle[(-14.9799,-15.98),(-17.5276,16.4766),(-65.0748,12.7445)]
triangle[(10.2916,10.8674),(-1.68407,3.00634),(6.55395,-9.54349)]
triangle[(10.8308,11.8006),(-1.74182,11.0803),(-0.432297,-11.7787)]
triangle[(-6.01125,-11.4253),(-8.57692,16.4481),(-58.9936,11.8073)]
triangle[(3.00291,-15.1537),(1.658,9.58244),(-44.9373,7.04905)]
triangle[(-13.3991,-19.4836),(-1.25752,12.1607),(-44.9134,28.911)]
triangle[(-17.5741,-0.0275173),(17.7753,-19.2082),(47.8962,36.3036)]
triangle[(-8.53914,2.54916),(15.573,14.8232),(-6.22482,57.6446)]
triangle[(-7.01785,1.78937),(-2.81956,-11.8786),(12.1163,-7.29089)]
triangle[(-4.74007,13.087),(-9.66771,-19.1256),(43.7195,-27.2923)]
triangle[(9.32034,3.18141),(14.1636,-19.1503),(40.3098,-13.4798)]
triangle[(-5.8501,17.1325),(-15.3999,1.51216),(4.62433,-10.7301)]
triangle[(8.38917,17.4049),(-14.9779,-14.7395),(46.5041,-59.4333)]
triangle[(18.8633,-9.06026),(1.05311,14.0213),(-36.7723,-15.1655)]
triangle[(-20.5006,12.706),(15.2299,-18.0633),(67.7006,42.868)]
triangle[(-5.65452,11.6271),(16.0528,19.4409),(1.7889,59.0674)]
triangle[(12.8432,1.58167),(10.8603,-16.3267),(30.8289,-18.5377)]
triangle[(6.06281,-13.1549),(-7.34804,12.4341),(-34.2964,-1.68914)]
triangle[(-16.0324,17.1185),(-2.98593,-16.194),(47.4358,3.55308)]
triangle[(-15.3056,-6.96089),(-10.4067,16.3326),(-35.1493,21.5364)]
triangle[(1.3175,-3.43718),(9.7983,9.81175),(-14.9518,25.6546)]
triangle[(-7.08187,0.385966),(9.35265,13.2213),(-10.9878,39.2655)]
triangle[(-8.81499,-13.9855),(6.26767,2.32975),(-19.4494,26.1039)]
triangle[(10.3029,-12.544),(2.29122,-2.14227),(-14.0594,-14.7359)]
triangle[(12.3421,14.7407),(12.2186,0.550556),(27.5701,0.416952)]
triangle[(11.2182,-2.47527),(19.892,8.66117),(6.78606,18.8689)]
triangle[(-20.2227,-14.4026),(-10.6231,6.74739),(-40.2575,20.1978)]
triangle[(-20.4143,-14.5383),(-15.4262,-14.162),(-16.0105,-6.41759)]
triangle[(8.03456,18.3325),(-18.5728,10.6195),(-3.41698,-41.6631)]
triangle[(-3.49689,-14.7065),(5.59521,17.1172),(-48.9183,32.6918)]
triangle[(-20.1518,9.98064),(19.6088,0.957577),(35.8292,72.4337)]
triangle[(-16.5086,-20.1684),(-9.75497,-10.0217),(-20.3901,-2.94299)]
triangle[(11.8435,16.1667),(16.2209,-16.6278),(72.6702,-9.09287)]
triangle[(7.19541,-6.65292),(15.3453,-13.2494),(27.7326,2.05478)]
triangle[(-17.6065,-8.40944),(-6.93744,14.2164),(-32.9545,26.4845)]
triangle[(7.70779,20.0801),(-2.65175,-10.7245),(31.1639,-22.0967)]
triangle[(-0.909425,2.12343),(1.38865,-20.7068),(29.9424,-17.8326)]
triangle[(0.574482,20.6587),(-3.6291,-3.49945),(30.6212,-9.45909)]
triangle[(8.11008,6.78781),(5.8654,4.25886),(8.41439,1.99639)]
triangle[(9.07764,-9.18287),(13.8704,-15.9516),(24.6279,-8.33453)]
triangle[(0.214121,13.3219),(1.81825,-14.5049),(56.9051,-11.3293)]
triangle[(3.51981,-2.5697),(-5.96365,-13.8931),(9.11842,-26.5245)]
triangle[(-9.46975,-7.00302),(16.8439,-7.66771),(17.7271,27.2973)]
triangle[(-6.44916,20.559),(8.9166,-10.3818),(56.3265,13.1629)]
triangle[(19.4261,2.70218),(-9.18731,13.9261),(-24.1118,-24.1212)]
triangle[(-7.50615,-1.58273),(20.4523,-4.58146),(23.5816,24.5946)]
triangle[(-7.23058,-19.2508),(11.8862,-14.9145),(5.07012,15.1342)]
triangle[(13.0586,-17.1085),(-14.2805,4.64727),(-47.7968,-37.4706)]
triangle[(15.196,15.5931),(2.2627,17.6181),(-0.176935,2.03621)]
triangle[(-7.22193,-10.4416),(-15.9442,13.712),(-41.4137,4.51451)]
triangle[(-19.7544,-18.4531),(18.3125,10.8441),(-30.908,74.7981)]
triangle[(15.8853,-7.32584),(-0.616099,13.7091),(-25.6234,-5.90845)]
triangle[(-16.0244,-4.36679),(-9.69737,-6.62887),(-6.44429,2.46993)]
triangle[(11.6721,-10.0683),(10.8679,-6.1336),(6.1614,-7.09553)]
triangle[(-1.3118,0.93741),(11.1674,4.29677),(7.17186,19.1395)]
triangle[(-3.74497,4.03356),(3.53878,-9.8193),(18.9814,-1.69966)]
triangle[(12.3365,12.3939),(-3.18617,-18.7459),(39.0264,-39.7881)]
triangle[(-13.754,7.8291),(8.33519,-4.91464),(33.5961,38.8711)]
triangle[(-17.9555,10.6438),(6.99513,-9.77367),(46.0394,37.9393)]
triangle[(-8.59603,0.586265),(-8.39915,-2.46656),(-4.37019,-2.20672)]
triangle[(7.81181,-10.3854),(-4.01262,-11.3426),(-3.03866,-23.3737)]
triangle[(17.5886,-19.9379),(15.2809,-19.1372),(13.8019,-23.3995)]
triangle[(14.2242,-4.19362),(10.322,-4.45469),(10.7847,-11.3709)]
triangle[(-17.1242,-2.43265),(1.87536,-15.0696),(15.6211,5.59689)]
triangle[(-18.2166,-13.3867),(-2.76107,-1.03706),(-22.242,23.3433)]
triangle[(0.689986,-3.53902),(16.3317,14.7124),(-9.18865,36.5837)]
triangle[(-12.6843,-3.34441),(17.4708,-18.9886),(42.1705,28.6216)]
triangle[(-7.25753,17.3946),(-17.2442,-9.43496),(13.7387,-20.9677)]
triangle[(2.49606,6.39487),(-15.0114,11.0816),(-24.2135,-23.2935)]
triangle[(12.7588,11.5154),(-6.97954,16.5951),(-13.7925,-9.87851)]
triangle[(-5.46566,-13.3489),(-10.5809,-4.92255),(-26.0917,-14.3385)]
triangle[(-13.2541,3.34559),(13.5913,2.27343),(15.1105,40.3119)]
triangle[(5.76285,-2.55533),(2.22844,-11.4775),(18.8826,-18.0749)]
triangle[(3.9262,-14.5056),(2.95801,-18.4515),(9.58235,-20.0769)]
triangle[(2.82245,0.0827789),(-1.54165,3.7588),(-8.42429,-4.41213)]
triangle[(20.0444,2.50272),(-13.616,3.41885),(-15.2499,-56.6161)]
triangle[(-7.42015,18.5921),(-7.34248,-12.4689),(44.7257,-12.3387)]
triangle[(-10.0676,-0.853393),(19.925,4.0683),(12.3963,49.9482)]
triangle[(-1.46453,-8.51117),(-20.19,-18.6634),(-1.28792,-53.5278)]
triangle[(-13.6636,19.2271),(9.30992,-15.2856),(48.5593,10.8408)]
triangle[(-3.92002,20.3568),(2.05793,-8.73435),(56.5582,2.46494)]
triangle[(17.9088,15.0226),(5.29711,0.934762),(20.0696,-12.2898)]
triangle[(-17.2706,-9.41701),(-19.8828,18.3579),(-60.8893,14.5013)]
triangle[(15.0911,11.4612),(4.43427,5.29767),(13.3564,-10.1288)]
triangle[(5.48423,-12.1486),(19.7185,12.7067),(-19.1961,34.9926)]
triangle[(3.76549,-8.21291),(-1.49147,14.2314),(-24.525,8.83643)]
triangle[(-12.5581,5.24046),(10.9015,8.46091),(6.08387,43.5551)]
triangle[(-9.31034,-3.84514),(-17.6288,20.727),(-56.7096,7.4969)]
triangle[(-11.2841,19.3154),(-3.83314,12.6729),(4.90627,22.4761)]
triangle[(1.06008,8.68337),(-3.40737,-6.78687),(22.209,-14.1843)]
triangle[(5.32583,2.30728),(-17.1981,6.18337),(-22.5814,-25.0987)]
triangle[(5.63288,-10.1577),(0.604459,5.99837),(-20.6084,-0.603919)]
triangle[(-8.71827,-5.1446),(6.97648,7.50714),(-9.23643,27.6196)]
triangle[(17.6119,-11.1938),(7.77679,-19.0163),(22.6234,-37.6828)]
triangle[(4.6877,-0.313353),(19.4267,-17.0453),(48.4141,8.48936)]
triangle[(18.6309,0.459612),(-4.45583,11.504),(-25.8847,-33.29)]
triangle[(15.0029,9.2274),(-10.2694,-13.1891),(19.1538,-46.3607)]
triangle[(2.75998,-10.3506),(20.4574,-6.00959),(14.2318,19.3711)]
triangle[(-14.7321,-5.00708),(-11.1267,20.6048),(-58.8025,27.3162)]
triangle[(18.9823,-1.9366),(-4.37557,-0.683428),(-6.51079,-40.4817)]
triangle[(-11.9811,-7.34563),(14.2688,-17.2544),(31.6893,28.8953)]
triangle[(11.3214,-0.367994),(11.309,-14.9083),(26.2125,-14.9211)]
triangle[(18.7132,19.1274),(-8.49614,19.7194),(-9.58081,-30.1339)]
triangle[(4.64885,-3.83775),(14.4601,-12.8542),(23.5239,-2.99144)]
triangle[(-12.9608,-18.3765),(11.2737,6.98319),(-23.1024,39.834)]
triangle[(-10.9741,6.09587),(-5.56075,-13.2165),(24.0429,-4.91837)]
triangle[(20.2942,-12.0161),(-19.0417,13.8155),(-63.5178,-53.912)]
triangle[(12.5063,-9.12024),(-10.7211,5.24715),(-28.5043,-23.5026)]
triangle[(3.05389,12.964),(10.3792,3.31418),(20.3002,10.8454)]
triangle[(19.3733,-16.7471),(5.61974,9.65377),(-21.4279,-4.4367)]
triangle[(-0.355114,-15.1992),(11.2693,1.33172),(-18.4986,22.2643)]
triangle[(15.8061,7.46369),(18.8533,-0.893401),(28.4091,2.59089)]
triangle[(-3.00923,-4.23377),(-15.8995,3.13839),(-25.9933,-14.5106)]
triangle[(-7.90579,4.90076),(10.8051,-3.78509),(26.2181,29.4172)]
triangle[(-7.8958,-16.6789),(-15.8143,12.747),(-59.271,1.05276)]
triangle[(14.084,4.71351),(15.9569,8.71527),(8.84141,12.0454)]
triangle[(-17.94,9.81747),(-8.32132,7.05492),(-4.31459,21.0056)]
triangle[(-11.3543,-13.4101),(-10.0009,-7.39659),(-16.4207,-5.95184)]
triangle[(0.951749,-10.6349),(-7.13675,-19.7927),(5.75162,-31.1761)]
triangle[(18.035,9.31058),(10.1845,-16.2368),(59.4091,-31.3632)]
triangle[(20.4233,-4.9951),(8.04572,-3.53008),(5.82542,-22.2889)]
triangle[(0.120547,11.3652),(-9.54444,11.2322),(-9.29933,-6.58371)]
triangle[(6.88846,18.3853),(-2.59058,1.25559),(18.2005,-10.2495)]
triangle[(-7.59697,-10.8238),(13.1765,2.91596),(-9.20832,36.7601)]
triangle[(5.2377,20.4482),(14.4749,-5.8193),(45.7449,5.17707)]
triangle[(-14.6578,-18.8374),(19.9506,14.4301),(-22.0862,58.1612)]
triangle[(6.68336,10.7414),(20.4245,1.1295),(34.6988,21.536)]
triangle[(-14.6173,6.96401),(4.8043,-7.97849),(24.4144,17.5099)]
triangle[(19.292,7.84328),(-10.6557,9.9414),(-14.367,-43.0331)]
triangle[(3.10705,14.6902),(-17.4438,-1.03961),(9.5389,-36.2924)]
triangle[(7.93594,5.47642),(-6.7285,20.0961),(-27.3616,-0.600026)]
triangle[(4.15545,0.866227),(6.22968,-1.91922),(10.0296,0.910437)]
triangle[(-9.34342,17.6289),(-17.5673,-8.33354),(21.9941,-20.8651)]
triangle[(-3.95189,-13.1947),(-9.27036,-20.4317),(2.55727,-29.1239)]
triangle[(13.9469,-17.2977),(10.025,6.72521),(-34.1627,-0.488773)]
triangle[(12.6795,3.78351),(9.17866,-9.75217),(31.2993,-15.4734)]
triangle[(-1.32202,-19.692),(-11.9888,12.0351),(-68.4982,-6.96367)]
triangle[(-6.88611,-18.2285),(-19.7809,6.63495),(-50.2984,-9.19217)]
triangle[(6.07369,15.0426),(5.98374,9.27334),(17.522,9.09344)]
triangle[(12.4505,-9.08794),(16.0752,-18.7307),(25.8733,-15.0477)]
triangle[(14.7544,2.31234),(20.4846,-5.48832),(29.8444,1.38721)]
triangle[(-13.9182,-5.91656),(3.48776,11.5293),(-25.9635,40.9132)]
triangle[(-11.6776,8.25237),(-2.25957,15.5319),(-10.88,26.6847)]
triangle[(-3.27397,2.44201),(12.6113,12.7232),(0.694365,31.1359)]
triangle[(-3.04725,-1.52743),(1.18801,-16.2629),(28.7713,-8.33496)]
triangle[(3.32471,-20.7954),(-19.89,-0.779382),(-56.3955,-43.1187)]
triangle[(13.005,12.3694),(6.55413,-4.58302),(31.6217,-14.122)]
triangle[(11.329,5.68661),(15.0691,-14.3746),(46.4176,-8.53023)]
triangle[(-19.27,-10.7326),(-12.6164,-5.69818),(-22.4342,7.27714)]
triangle[(12.0269,8.15967),(17.2376,-7.57741),(47.8946,2.57353)]
triangle[(-20.4284,18.0335),(8.05735,-16.7933),(59.2698,25.0946)]
triangle[(13.6354,0.835654),(-20.3445,18.33),(-51.2393,-41.6781)]
triangle[(8.23074,-6.03752),(0.0491593,-1.99955),(-4.22249,-10.6546)]
triangle[(-2.53847,20.8515),(10.6297,-14.8762),(64.3533,4.92476)]
triangle[(20.0721,-11.5117),(15.6089,3.65951),(-1.13228,-1.26555)]
triangle[(16.9623,10.8029),(2.55895,17.9913),(-9.08553,-5.34087)]
triangle[(0.233803,-14.2676),(-15.0738,16.1841),(-65.691,-9.26025)]
triangle[(5.40235,-6.19776),(2.18401,-17.9478),(17.4773,-22.1367)]
triangle[(-17.1651,-15.7794),(3.01724,-10.8072),(-2.82776,12.918)]
triangle[(-4.80101,-17.7172),(-20.6375,-0.0320914),(-45.246,-22.0683)]
triangle[(11.9451,-9.58795),(-15.4491,-7.35154),(-19.5805,-57.9583)]
triangle[(-9.82755,4.76765),(17.3002,10.3934),(7.29767,58.6263)]
triangle[(-2.03555,-16.885),(-2.69159,-14.2746),(-6.45346,-15.22)]
triangle[(-11.1711,2.0777),(-1.54978,5.40931),(-7.90148,23.7522)]
triangle[(-12.8194,7.86446),(4.04499,10.6684),(0.851152,29.8779)]
triangle[(-3.19952,-10.7549),(-2.60113,-5.38723),(-9.83063,-4.58129)]
triangle[(-20.9617,5.10317),(8.50936,-14.8863),(46.4106,40.9927)]
triangle[(15.3628,17.0946),(2.94482,-2.35424),(40.0928,-26.0729)]
triangle[(16.7118,4.57351),(17.1704,-18.4046),(52.962,-17.6902)]
triangle[(2.62466,-19.2301),(6.86609,8.67496),(-24.2789,13.4088)]
triangle[(1.72976,11.5291),(-14.0913,6.31964),(-5.58413,-19.5165)]
triangle[(7.4281,-12.7383),(6.08962,-16.7461),(13.5091,-19.2239)]
triangle[(15.2536,10.3529),(10.7605,-1.78012),(27.4432,-7.95801)]
triangle[(-5.80513,-3.72675),(-16.6871,2.73964),(-26.6363,-14.0034)]
triangle[(5.83225,-14.7484),(-17.3234,7.57896),(-53.8407,-30.293)]
triangle[(-4.19856,5.52279),(7.14266,7.01516),(4.62824,26.1235)]
triangle[(-13.4319,11.9704),(-2.75523,13.8529),(-5.87286,31.5345)]
triangle[(-16.7813,1.73101),(19.1199,-4.00725),(28.5108,54.7465)]
triangle[(-11.2954,6.33152),(10.5951,20.4153),(-4.01492,43.1237)]
triangle[(8.26718,-13.8571),(5.13722,-11.2967),(0.106236,-17.4467)]
triangle[(17.6765,-9.03716),(-17.1374,13.7894),(-50.2044,-36.6427)]
triangle[(8.16141,20.4079),(-20.9697,7.62089),(-6.86104,-24.5213)]
triangle[(-1.23398,16.5747),(-0.133458,-0.802771),(28.0963,0.985035)]
triangle[(1.59504,2.89831),(14.5007,-10.8223),(37.9792,11.2615)]
triangle[(-1.39571,3.77953),(8.63827,-1.60902),(17.7489,15.3559)]
triangle[(-18.3432,-0.153354),(7.0334,-6.33775),(19.3109,44.0408)]
triangle[(5.83438,20.0982),(-12.5993,17.5563),(-7.9819,-15.9283)]
triangle[(-7.66356,16.7812),(13.5525,13.0158),(20.1079,49.9522)]
triangle[(3.48724,16.3809),(-2.95236,17.0106),(-4.14862,4.77872)]
triangle[(7.06001,2.28278),(-8.29736,19.565),(-40.1145,-8.70859)]
triangle[(19.0738,9.93914),(-20.238,-7.92938),(12.0349,-78.9318)]
triangle[(17.7066,-18.2253),(13.3756,0.70701),(-7.71848,-4.11848)]
triangle[(-18.0942,-10.3648),(11.2709,-7.42887),(6.01632,45.1279)]
triangle[(16.843,-13.6423),(4.99767,-0.432831),(-20.8544,-23.6151)]
triangle[(-14.9105,19.6721),(20.7447,18.3194),(22.3407,60.3876)]
triangle[(3.26895,13.048),(4.16455,-14.4275),(40.4821,-13.2437)]
triangle[(20.475,11.5773),(-6.07172,-3.94203),(14.9051,-39.8239)]
triangle[(-3.97523,17.0328),(8.75724,4.81436),(28.598,25.4899)]
triangle[(-3.02842,-2.55754),(7.55821,20.7779),(-31.056,38.2961)]
triangle[(-11.6852,-4.87324),(-1.18016,1.90236),(-14.4138,22.4201)]
triangle[(-10.2288,9.22532),(-18.435,-20.0751),(24.5278,-32.1078)]
triangle[(13.5612,-14.3588),(5.82251,1.18727),(-18.9166,-11.1276)]
triangle[(-17.1255,18.6728),(-17.4249,-7.87276),(15.6643,-8.24602)]
triangle[(3.38445,-3.16568),(-0.527344,-9.28449),(6.96619,-14.0752)]
triangle[(13.915,-10.1696),(7.89361,-16.5688),(19.5513,-27.5382)]
triangle[(-1.76487,-7.14673),(17.441,-3.40323),(11.1559,28.8425)]
triangle[(-12.0972,-9.246),(-0.343336,6.98957),(-24.2399,24.2897)]
triangle[(-12.6703,-11.9852),(9.14881,15.8392),(-31.1769,47.4615)]
triangle[(18.6884,-10.3775),(-16.9503,-9.37223),(-18.5722,-66.8719)]
triangle[(-20.9931,4.26334),(-15.6147,-12.9815),(10.2735,-4.90736)]
triangle[(-11.7256,16.2575),(7.60328,-8.73804),(48.1309,22.6018)]
triangle[(8.9683,-13.033),(5.11582,17.8077),(-29.6105,13.4698)]
triangle[(-20.7967,17.395),(19.7439,3.13919),(45.2072,75.5512)]
triangle[(-11.6391,16.1528),(-2.93068,6.00955),(9.19287,16.4182)]
triangle[(-4.58496,-6.49262),(16.2822,1.61271),(3.96259,33.3294)]
triangle[(-0.862043,-13.5733),(-7.22728,-14.981),(-4.95066,-25.2754)]
triangle[(19.8358,-10.7001),(10.3818,-15.5581),(18.6308,-31.611)]
triangle[(-5.06941,4.6309),(-13.487,-19.029),(26.0039,-33.0788)]
triangle[(6.36032,-19.3563),(-4.38315,-10.2341),(-21.9658,-30.9416)]
triangle[(-20.0514,6.60849),(-3.17648,-14.575),(32.1878,13.5965)]
triangle[(18.9044,-20.1635),(-19.4708,6.97407),(-67.03,-60.2793)]
triangle[(2.62141,-4.93439),(-11.6716,-11.6553),(-1.23938,-33.8412)]
triangle[(-15.7614,-3.80608),(0.912601,-13.1781),(12.6122,7.63706)]
triangle[(19.5249,-5.06847),(4.73015,-11.4681),(11.7515,-27.7003)]
triangle[(16.5781,11.2429),(-0.576412,-11.4713),(27.7503,-32.8646)]
triangle[(5.5473,-2.87486),(5.72895,7.57195),(-8.9674,7.82749)]
triangle[(-16.0388,-1.10772),(-0.208836,-6.3297),(7.33333,16.5337)]
triangle[(-19.6247,-1.76195),(5.39586,-12.6076),(21.8037,25.2449)]
triangle[(4.20574,-18.9419),(-5.36492,-13.2365),(-11.3475,-23.2723)]
triangle[(-0.159356,8.1206),(-10.9083,10.4646),(-13.5024,-1.43102)]
triangle[(-10.2536,11.4517),(15.1057,-20.1814),(65.0494,19.857)]
triangle[(12.861,-12.4717),(6.81595,-20.3933),(16.9897,-28.157)]
triangle[(10.8245,10.0379),(5.7168,4.04823),(13.8499,-2.88731)]
triangle[(-5.86265,5.62181),(4.49338,5.14176),(5.12005,18.6609)]
triangle[(1.07178,-10.7548),(7.22762,11.861),(-22.397,19.9246)]
triangle[(-17.1072,-17.6731),(0.199077,11.2675),(-37.5759,33.8567)]
triangle[(-1.78754,-7.02345),(15.8626,19.0198),(-32.7263,51.9497)]
triangle[(16.1527,1.06195),(-17.4785,-0.646954),(-15.0539,-48.3624)]
triangle[(18.3147,-15.5908),(3.58025,-2.76926),(-19.2104,-28.9601)]
triangle[(-18.5192,-19.5219),(-8.98437,8.58137),(-52.9733,23.5058)]
triangle[(-2.7647,-19.943),(-14.4178,9.88182),(-65.8589,-10.2172)]
triangle[(-11.4862,5.7997),(-4.17605,-7.62575),(17.9775,4.43681)]
triangle[(-18.4002,2.7159),(2.3545,16.7041),(-23.3026,54.7722)]
triangle[(-18.768,3.62683),(-7.35702,18.1516),(-27.3837,33.885)]
triangle[(1.42356,-12.549),(13.3733,-16.7251),(21.1607,5.55823)]
triangle[(-18.9291,0.82366),(19.648,-19.7957),(58.5102,52.9125)]
triangle[(-20.5833,-13.4968),(1.76773,-2.1529),(-13.5465,28.0211)]
triangle[(-5.01477,9.42072),(-6.78083,-8.94097),(19.278,-11.4474)]
triangle[(10.4923,11.3924),(-2.4343,-17.9645),(33.6119,-33.8365)]
triangle[(12.6653,15.7901),(18.0369,-14.7504),(67.5481,-6.04219)]
triangle[(-18.9196,3.10644),(-18.509,-19.2238),(25.2117,-18.4199)]
triangle[(14.928,-15.6306),(-8.36374,-18.4851),(-3.4712,-58.4055)]
triangle[(-3.37691,-16.6869),(-16.7637,-6.97796),(-35.6856,-33.0678)]
triangle[(-2.89453,0.251101),(-7.97569,-12.3846),(16.4002,-22.1868)]
triangle[(-17.0716,-0.889544),(-2.13655,-1.05576),(-1.87361,22.571)]
triangle[(15.8619,19.8667),(8.2004,16.5816),(13.469,4.29402)]
triangle[(4.56291,8.14171),(10.5077,-1.02185),(25.6272,8.78683)]
triangle[(-7.33886,2.22625),(-18.2992,-3.63291),(-9.1906,-20.6718)]
triangle[(-6.91146,1.39496),(-11.843,-10.8007),(2.90509,-16.7643)]
triangle[(-20.7306,17.0027),(13.5442,4.67725),(30.8666,52.8476)]
triangle[(-14.6201,12.2788),(14.5624,-10.5979),(51.8461,36.9628)]
triangle[(-15.3316,-15.376),(9.01651,-7.79352),(-2.39507,28.8501)]
triangle[(12.6654,-6.5565),(-11.848,9.15623),(-34.738,-26.5543)]
triangle[(-13.6375,-12.6287),(20.6213,7.50713),(-18.7404,74.4763)]
triangle[(17.8723,-15.801),(-16.3425,1.5706),(-35.7431,-36.6405)]
triangle[(6.17696,14.9086),(-17.8198,-19.8105),(23.5894,-48.4312)]
triangle[(-19.7439,17.3314),(-13.6795,13.7521),(-9.68512,20.52)]
triangle[(-18.5632,5.53834),(4.26545,-13.2732),(39.1836,29.1017)]
triangle[(-18.5944,20.8468),(-11.6798,8.51077),(4.16858,17.3941)]
triangle[(-18.5149,18.5045),(4.78677,-9.28335),(51.0642,29.5228)]
triangle[(-7.7865,-12.0694),(-5.41867,13.7686),(-48.0653,17.6768)]
triangle[(1.39423,-14.3674),(-18.554,-9.97599),(-26.2217,-44.8071)]
triangle[(4.15044,-3.67683),(10.07,18.0793),(-15.043,24.9122)]
triangle[(-1.34759,8.91779),(9.71128,-12.7458),(39.2431,2.32959)]
triangle[(9.98751,-19.401),(-2.1365,-9.91608),(-15.3728,-26.8352)]
triangle[(-14.0761,-8.50042),(20.4374,10.7538),(-6.22942,58.5544)]
triangle[(15.907,-1.56272),(-4.15593,-16.4642),(10.9077,-36.7453)]
triangle[(-0.908626,13.3098),(9.31354,9.99886),(14.0928,24.7542)]
triangle[(-10.8808,20.8043),(-3.8753,-2.857),(39.3557,9.9425)]
triangle[(6.878,13.9748),(1.13274,-3.08551),(24.4402,-10.9346)]
triangle[(10.1805,19.8953),(-5.21152,15.2235),(3.69465,-14.1192)]
triangle[(7.01769,-15.2889),(-16.7032,12.242),(-49.4148,-15.9427)]
triangle[(-0.0657485,19.3016),(-16.6664,6.56418),(1.29323,-16.8426)]
triangle[(14.3974,-18.5922),(14.4659,-7.84545),(3.27134,-7.77407)]
triangle[(-3.9405,-15.8294),(14.4592,-14.7337),(13.2951,4.81304)]
triangle[(6.57823,9.95433),(-13.748,6.04161),(-7.46208,-26.6134)]
triangle[(-4.71945,-10.1413),(-16.3167,19.7314),(-46.8193,7.88959)]
triangle[(15.7388,9.3581),(-19.1903,7.16846),(-15.7891,-47.0865)]
triangle[(9.90954,15.1664),(6.7285,-12.9148),(55.532,-18.4433)]
triangle[(11.4257,4.21661),(-15.988,-5.40585),(-0.18915,-50.4155)]
triangle[(-9.33236,5.55416),(6.82238,-8.20281),(28.7977,17.6028)]
triangle[(-19.7089,15.4531),(10.1688,4.51473),(24.0819,42.5179)]
triangle[(12.1567,-5.3208),(19.6924,-2.6336),(15.1399,10.133)]
triangle[(-11.5179,13.5966),(-3.39025,-0.368962),(22.6009,14.7572)]
triangle[(11.882,17.2642),(-9.57514,1.28423),(11.7257,-27.3176)]
triangle[(-15.5877,-5.63506),(-12.1065,11.626),(-35.8755,16.4196)]
triangle[(6.22662,14.5274),(-2.92562,-9.42259),(31.2928,-22.4988)]
triangle[(-17.4552,-7.6003),(5.77898,-8.14643),(6.81458,35.9108)]
triangle[(17.801,-4.89296),(-18.7648,6.18328),(-33.2089,-41.5008)]
triangle[(14.4667,-8.86048),(-7.78222,7.71991),(-27.0559,-18.1431)]
triangle[(-1.8104,6.58861),(-8.30896,20.3483),(-33.194,8.59542)]
triangle[(-3.88234,1.01469),(4.21592,-17.3378),(32.3253,-4.93425)]
triangle[(16.8172,17.8669),(7.53874,9.08714),(19.475,-3.52707)]
triangle[(16.775,-0.406289),(-17.925,-5.59134),(-10.4027,-55.9335)]
triangle[(-3.73947,-17.7453),(13.1521,8.40748),(-31.5781,37.2978)]
triangle[(15.8318,-5.93861),(10.5301,9.59374),(-13.7326,1.31209)]
triangle[(6.90655,-1.15171),(-13.8141,17.8116),(-42.7887,-13.8482)]
triangle[(-13.1592,-20.4659),(-1.67082,-3.70633),(-20.1906,8.9887)]
triangle[(7.83347,14.323),(9.77008,11.2945),(15.234,14.7886)]
triangle[(16.6861,18.4501),(0.600165,9.7526),(17.3396,-21.207)]
triangle[(-0.449034,2.34078),(-11.2289,8.30574),(-21.77,-10.7442)]
triangle[(-18.3253,-18.8786),(-18.0238,20.059),(-95.2334,20.6568)]
triangle[(-11.0494,6.75581),(-5.86378,18.537),(-24.875,26.9049)]
triangle[(-14.7067,-18.8878),(-16.9378,19.4571),(-60.9021,16.8991)]
triangle[(-11.1092,19.3779),(0.542282,-7.9558),(51.5562,13.7899)]
triangle[(17.2544,-2.94391),(9.47449,-7.21409),(17.3218,-21.5114)]
triangle[(4.37586,-2.96875),(-13.3089,-9.36013),(-2.06535,-40.4708)]
triangle[(-17.4545,-11.98),(-5.61319,11.0596),(-33.531,25.4081)]
triangle[(-13.4367,11.2717),(-0.890758,-8.68421),(27.7884,9.34591)]
triangle[(-2.42985,11.8139),(-4.66016,-17.6701),(27.9968,-20.1405)]
triangle[(8.48001,12.8233),(20.8612,13.7863),(19.8271,27.0806)]
triangle[(10.9839,1.55535),(10.768,9.18017),(-0.162412,8.87063)]
triangle[(-19.2831,-12.356),(-18.5666,-9.68478),(-23.1243,-8.46236)]
triangle[(13.2129,16.3407),(-14.3593,-2.30908),(22.353,-56.5852)]
triangle[(12.7264,-7.5951),(10.3419,5.21703),(-13.1057,0.853034)]
triangle[(20.1121,4.88772),(10.5022,-14.1129),(37.2412,-27.6367)]
triangle[(10.3307,-10.9646),(-18.5518,-14.0643),(-14.3275,-53.4262)]
triangle[(3.58918,-19.7908),(-13.1153,0.583455),(-40.0065,-21.4641)]
triangle[(-3.47277,16.1563),(13.6996,16.1104),(13.7579,37.9502)]
triangle[(-11.8585,-16.8127),(7.95556,12.4218),(-39.5523,44.6209)]
triangle[(-7.55745,-13.3713),(7.71913,-7.90733),(-2.59392,20.9266)]
triangle[(10.2193,0.592117),(17.0289,-9.44595),(27.7548,-2.16969)]
triangle[(17.1239,-15.6929),(6.3796,15.2157),(-36.2628,0.392493)]
triangle[(-5.78103,-0.304264),(-8.06188,-7.4815),(5.92566,-11.9266)]
triangle[(13.2993,18.8425),(16.0019,7.48705),(35.1847,12.0525)]
triangle[(-0.777929,8.97941),(-10.1328,0.873072),(-1.33786,-9.27652)]
triangle[(-10.5598,11.1576),(14.9206,13.6566),(10.6837,56.8575)]
triangle[(-7.02095,-3.64299),(9.44547,2.85255),(-0.999141,29.33)]
triangle[(-12.4292,1.8861),(1.90516,3.74065),(-1.05125,26.5917)]
triangle[(-3.91758,10.4341),(12.2533,-13.3507),(48.0915,11.0149)]
triangle[(4.7121,-6.65884),(-1.90831,-20.6742),(22.1964,-32.0605)]
triangle[(11.5839,9.89746),(-16.762,18.1593),(-27.6846,-19.3159)]
triangle[(7.61026,17.0062),(5.32499,19.3718),(2.74282,16.8773)]
triangle[(-0.842226,16.5702),(13.2128,19.7434),(7.10206,46.8092)]
triangle[(0.34884,-8.32678),(16.8426,19.2974),(-28.8545,46.5821)]
triangle[(-9.60967,-1.76915),(-19.1491,13.5641),(-41.2301,-0.173459)]
triangle[(20.3927,-6.84996),(-4.61084,10.0351),(-24.1979,-18.9696)]
triangle[(-1.23742,-10.1496),(5.18666,18.6185),(-41.5971,29.0656)]
triangle[(9.01062,-4.24809),(-14.9041,-17.1505),(-1.28965,-42.3849)]
triangle[(2.11563,-18.0631),(11.7074,-9.27144),(-5.31286,9.2979)]
triangle[(-14.1659,17.4971),(5.47234,20.3697),(1.61629,46.7309)]
triangle[(4.86117,-17.4221),(-8.69836,-12.2293),(-14.1105,-26.3613)]
triangle[(-19.6125,-13.7176),(7.00819,6.85472),(-27.0841,50.9704)]
triangle[(11.1078,7.04181),(13.9684,11.2442),(9.21212,14.4818)]
triangle[(-14.9377,2.242),(1.08762,9.47034),(-10.0019,34.056)]
triangle[(1.80698,6.76764),(14.646,4.52356),(18.9961,29.4117)]
triangle[(-20.6072,18.9336),(20.2848,-10.4611),(62.5607,48.3504)]
triangle[(6.96729,-19.9717),(5.42514,-9.04448),(-15.1348,-11.9461)]
triangle[(-1.64532,17.8584),(-10.693,15.4283),(-7.83608,4.79126)]
triangle[(5.89584,13.0347),(-16.366,13.6792),(-17.1474,-13.3121)]
triangle[(-4.69027,17.9296),(3.13276,2.09062),(21.3519,11.0892)]
triangle[(-19.2025,18.2846),(-0.155486,4.26882),(20.0212,31.6883)]
triangle[(-19.9342,17.5251),(-13.8076,-16.721),(26.5228,-9.50578)]
triangle[(7.08606,-15.5166),(-5.86328,-19.2137),(1.52047,-45.0758)]
triangle[(8.73559,-11.6327),(-4.11056,-1.71354),(-21.4782,-24.206)]
triangle[(10.8468,4.39368),(5.06174,0.554122),(12.3297,-10.3965)]
triangle[(-9.22928,-14.8955),(-17.098,-20.9703),(-8.34035,-32.3141)]
triangle[(7.96777,0.509533),(16.3024,-9.52611),(30.5218,2.28314)]
triangle[(-11.6854,-13.2056),(12.2968,-18.9564),(19.025,9.10172)]
triangle[(-17.3905,-12.7733),(-3.89185,-3.61062),(-15.7012,13.7871)]
triangle[(12.5814,-10.1797),(13.5576,1.88121),(-4.01057,3.30325)]
triangle[(16.1286,6.78363),(-11.4144,-1.72626),(1.13896,-42.3565)]
triangle[(6.68777,11.1166),(19.2945,-11.5388),(46.9921,3.87376)]
triangle[(11.401,-14.7014),(16.7705,3.35701),(-2.94387,9.21886)]
triangle[(-0.831315,0.468512),(-15.2591,-16.3573),(14.3981,-41.7877)]
triangle[(-7.22307,0.0653706),(-6.89822,-4.18652),(-0.965325,-3.73324)]
triangle[(16.2577,-17.3722),(-10.0752,-16.0154),(-11.8254,-49.9838)]
triangle[(-12.3365,-20.9468),(-5.55364,-7.08343),(-19.5007,-0.259666)]
triangle[(-10.015,-11.0242),(-7.96861,7.1625),(-42.2724,11.0223)]
triangle[(-9.50724,-13.7242),(17.7357,12.3352),(-21.8977,53.7686)]
triangle[(11.8888,-6.39761),(-18.2157,18.1455),(-65.11,-39.3749)]
triangle[(-19.56,20.1414),(-10.794,6.98358),(11.5219,21.8508)]
triangle[(-19.7261,-13.6676),(5.07688,-13.1781),(4.51785,15.1478)]
triangle[(3.58307,-18.4908),(18.1694,-7.73734),(7.11656,7.25511)]
triangle[(-9.80468,-17.2883),(-17.8362,-9.65421),(-29.2173,-21.6278)]
triangle[(-11.8459,1.69669),(-18.5063,-12.3938),(2.30246,-22.2298)]
triangle[(4.54233,6.00157),(17.5298,15.1355),(1.29571,38.2188)]
triangle[(-15.0615,19.7868),(-11.6689,-6.75138),(31.467,-1.23705)]
triangle[(15.5629,-18.7038),(16.9755,-15.3148),(12.8866,-13.6105)]
triangle[(14.3955,-8.68226),(12.153,14.1549),(-13.5509,11.6309)]
triangle[(-19.57,-6.34351),(-2.53871,-1.93024),(-8.39094,20.6541)]
triangle[(17.9647,-8.53997),(1.04027,1.70372),(-12.438,-20.5648)]
triangle[(-3.21155,7.42432),(-7.24549,0.952166),(4.85835,-6.59186)]
triangle[(-15.992,5.89906),(1.97224,19.0426),(-21.3048,50.8571)]
triangle[(-17.0575,-12.6913),(16.3995,6.68163),(-21.4371,72.0255)]
triangle[(-18.5444,-1.17666),(-6.90803,-14.2237),(16.9242,7.03192)]
triangle[(-11.784,13.7851),(5.47201,-20.4809),(49.2054,1.54278)]
triangle[(-14.1015,6.99367),(3.81661,-2.28275),(17.2781,23.7193)]
triangle[(-18.7103,-20.7359),(13.0389,3.54142),(-31.1457,61.3248)]
triangle[(17.9447,2.97607),(8.83571,18.1674),(-19.9534,0.905034)]
triangle[(-5.34618,-17.8416),(-20.9006,-10.6777),(-34.6043,-40.4315)]
triangle[(-4.37816,-13.7697),(-19.5207,14.765),(-48.4689,-0.59693)]
triangle[(13.9008,15.594),(6.19428,-2.13148),(39.1419,-16.4562)]
triangle[(-2.1815,-3.67433),(11.7943,8.48538),(-9.30204,32.7325)]
triangle[(16.896,-17.7679),(-16.384,6.68647),(-42.8767,-29.3674)]
triangle[(-5.37547,-3.1085),(-9.595,15.6882),(-41.8985,8.4366)]
triangle[(5.93597,4.88291),(7.12467,-12.8726),(27.94,-11.4791)]
triangle[(2.59783,5.18238),(-8.36657,-9.35367),(14.1824,-26.3621)]
triangle[(17.1304,13.3263),(7.88616,-0.680006),(30.424,-15.5551)]
triangle[(16.0572,14.9339),(6.07548,17.5337),(2.78918,4.91619)]
triangle[(-1.3082,18.7345),(-3.65505,15.0213),(0.709964,12.2624)]
triangle[(-12.5338,4.47201),(-6.645,-10.9118),(10.8202,-4.22628)]
triangle[(3.27893,-3.28432),(9.68505,16.2799),(-20.1859,26.0609)]
triangle[(9.56022,-20.8333),(3.62982,-16.2348),(-5.44397,-27.9366)]
triangle[(8.07597,10.4878),(-4.96407,8.53187),(-1.59434,-13.9343)]
triangle[(-3.54506,2.32708),(18.981,10.696),(4.68913,49.1644)]
triangle[(16.0816,12.2224),(-2.6877,0.264424),(14.0882,-26.0672)]
triangle[(-18.5409,14.2278),(-18.1435,0.682225),(7.67476,1.4397)]
triangle[(18.0601,6.53391),(-17.2216,8.81808),(-21.3554,-55.0336)]
triangle[(-6.01467,8.99528),(15.186,6.67514),(18.9775,41.3205)]
triangle[(3.52589,7.01921),(2.99789,-15.9748),(45.4938,-16.9506)]
triangle[(10.4538,-15.0958),(9.17782,11.1657),(-43.2167,8.61996)]
triangle[(-12.3925,-3.78387),(8.63244,19.3195),(-24.648,49.6059)]
triangle[(-1.47957,6.74518),(14.6867,6.45175),(15.2294,36.3559)]
triangle[(-5.78681,6.96197),(8.27121,-9.79962),(41.6838,18.2237)]
triangle[(6.46401,-0.885086),(-19.2771,9.54591),(-39.3039,-39.8754)]
triangle[(5.13924,18.355),(18.6346,-11.4617),(76.365,14.6676)]
triangle[(-7.32869,6.15838),(-19.5104,-10.9266),(2.16353,-26.3803)]
triangle[(19.3037,-11.0917),(9.37744,-3.05373),(-6.18287,-22.2697)]
triangle[(11.9783,-1.49184),(10.404,-3.42252),(12.6373,-5.24369)]
triangle[(-9.88702,-17.4628),(0.977077,4.26867),(-40.0992,24.8037)]
triangle[(-19.8155,11.1136),(-8.78522,-8.5157),(14.4042,4.51508)]
triangle[(8.41205,-3.17693),(8.05378,18.8306),(-32.0413,18.1779)]
triangle[(16.5782,20.9192),(15.8026,1.29796),(54.1406,-0.217507)]
triangle[(15.1541,-1.63276),(7.67932,11.4726),(-7.33464,2.90919)]
triangle[(-20.1945,10.7968),(9.57395,-5.21213),(34.2713,40.7125)]
triangle[(16.2452,17.4225),(-14.5204,14.2416),(-8.60412,-42.9802)]
triangle[(-4.30714,-5.36356),(0.928746,-3.37783),(-2.41556,5.44027)]
triangle[(-17.3482,-9.39602),(-12.3321,2.46082),(-31.0876,10.3954)]
triangle[(3.46572,6.99694),(-14.5152,-11.6944),(7.094,-32.4822)]
triangle[(-0.0189559,-1.74542),(7.52897,9.87979),(-11.6251,22.316)]
triangle[(-2.46962,15.4661),(10.9092,0.246298),(29.2678,16.3842)]
triangle[(6.93989,0.0390859),(15.2169,5.80533),(5.07422,20.3643)]
triangle[(-8.68884,8.37861),(3.6977,15.1869),(-7.57502,35.6957)]
triangle[(-12.0322,-10.8163),(12.9128,-6.57786),(8.58306,18.9044)]
triangle[(2.70183,9.90082),(9.67847,5.98119),(16.8966,18.8288)]
triangle[(16.3053,1.51345),(0.000830582,8.92734),(-8.77075,-10.3629)]
triangle[(15.4646,-5.61841),(0.220553,-6.96372),(1.86947,-25.648)]
triangle[(-17.9483,-2.92231),(7.96169,8.69127),(-12.2724,53.8335)]
triangle[(-5.25878,19.2129),(-20.4641,-3.88717),(8.33481,-22.8436)]
triangle[(-16.1602,-16.0136),(16.1842,-2.65314),(-9.09762,58.5515)]
triangle[(-5.86236,7.75698),(-11.0132,-18.8386),(39.017,-28.5281)]
triangle[(-7.93628,-16.1278),(3.19807,-7.11667),(-13.4766,13.487)]
triangle[(18.8515,-8.82226),(0.529228,-2.48584),(-11.865,-38.3249)]
triangle[(-7.66429,20.6498),(18.1353,-17.6629),(62.7298,12.3668)]
triangle[(-9.885,-14.3028),(-7.17967,1.20473),(-37.64,6.51861)]
triangle[(2.85119,-12.8272),(-13.1783,-10.5519),(-16.1591,-31.552)]
triangle[(-7.46197,-10.7786),(8.52329,-5.6093),(-0.702405,22.92)]
triangle[(-14.3101,9.98374),(-18.8928,14.5637),(-25.3663,8.08615)]
triangle[(19.8819,6.38453),(-3.03208,-1.91919),(11.5134,-42.0572)]
triangle[(4.76614,0.224744),(13.8555,-9.25066),(25.9331,2.33484)]
triangle[(8.74979,16.7841),(-0.834201,-9.70261),(49.1891,-27.8031)]
triangle[(4.92114,11.3199),(-8.16793,-6.5508),(22.8707,-29.2844)]
triangle[(9.28165,-3.3515),(-5.07568,-14.3703),(9.5706,-33.4542)]
triangle[(-4.17709,-4.52726),(9.13061,-20.591),(30.2427,-3.1011)]
triangle[(11.5921,-18.9385),(-3.11044,-13.1425),(-9.54305,-29.4599)]
triangle[(14.738,19.4661),(6.7609,-14.1514),(59.5167,-26.6698)]
triangle[(-7.34278,11.282),(7.08278,18.1119),(-1.72345,36.7117)]
triangle[(10.7727,-20.9249),(-7.31842,-3.03968),(-37.4727,-33.5412)]
triangle[(-13.3324,-16.6723),(2.79693,10.8484),(-35.8095,33.4748)]
triangle[(-10.8647,-2.27235),(-7.76262,20.3724),(-35.2083,24.1322)]
triangle[(16.4993,-6.22268),(19.9711,-7.14802),(21.1981,-2.54438)]
triangle[(4.18452,18.7576),(-0.0979718,-0.686349),(24.6673,-6.14085)]
triangle[(-1.1958,-20.4851),(-10.9335,-7.66681),(-25.6267,-18.8288)]
triangle[(-19.2374,3.33295),(9.96337,3.49347),(9.7949,34.1391)]
triangle[(-19.4206,-18.2561),(-6.55481,-16.5226),(-8.40461,-2.79406)]
triangle[(16.2533,-0.101492),(7.63529,-10.503),(26.5452,-26.1705)]
triangle[(-5.74466,0.773225),(-5.43965,-14.0122),(9.45173,-13.705)]
triangle[(17.0452,-15.3523),(-0.211974,-0.821964),(-27.2041,-32.8796)]
triangle[(6.38887,-19.4488),(-1.70263,-1.90704),(-31.9847,-15.8752)]
triangle[(4.62472,9.2846),(-12.6668,11.2431),(-16.3963,-21.685)]
triangle[(-11.1188,-7.66637),(-2.15564,11.5883),(-33.1511,26.0169)]
triangle[(-20.8786,17.4718),(-5.90623,17.9857),(-6.85639,45.6669)]
triangle[(-16.1341,5.28876),(15.4539,3.6424),(17.6956,46.6533)]
triangle[(4.36773,-5.04027),(-20.9964,18.9032),(-54.9973,-17.1151)]
triangle[(-14.3746,-2.09086),(14.5452,-6.5789),(20.4787,31.6551)]
triangle[(-20.9625,-7.19998),(12.6798,15.2087),(-15.3288,57.2584)]
triangle[(18.9057,-2.24605),(17.2015,4.82897),(6.77478,2.31751)]
triangle[(-16.4925,-17.0962),(-17.4939,5.57138),(-54.4655,3.93801)]
triangle[(0.225017,9.64892),(11.7552,-20.8491),(55.6788,-4.24322)]
triangle[(-4.705,-13.3057),(-9.51928,19.6861),(-73.6976,10.321)]
triangle[(7.72792,-8.79139),(-0.4352,-13.53),(7.42702,-27.074)]
triangle[(-3.38225,18.6572),(17.1402,2.97304),(37.146,29.1502)]
triangle[(18.6461,-2.79359),(-8.53486,8.43569),(-23.838,-28.6062)]
triangle[(-0.130123,19.4128),(18.4066,2.23548),(52.3292,38.8427)]
triangle[(-6.24397,9.20524),(-15.9462,3.87397),(-8.89193,-8.96399)]
triangle[(20.0855,-5.10446),(-5.2915,3.9083),(-14.5512,-22.1639)]
triangle[(-12.8697,-13.8676),(15.6003,11.7736),(-32.5192,65.2017)]
triangle[(3.22739,-8.16637),(13.4506,-17.7356),(28.5953,-1.55582)]
triangle[(15.8603,-20.1967),(-11.3439,-11.618),(-26.1703,-58.6347)]
triangle[(-14.2103,7.20894),(20.6545,-19.2233),(67.737,42.8796)]
triangle[(-5.73323,12.8362),(2.53408,3.29439),(15.0145,14.1078)]
triangle[(-14.764,-10.8411),(6.1475,13.1427),(-40.5512,53.8594)]
triangle[(3.99841,-19.0226),(-16.2852,-17.8616),(-18.4388,-55.4879)]
triangle[(18.2774,18.1602),(-15.8979,-6.81909),(25.7338,-63.7774)]
triangle[(18.5343,-17.0524),(19.576,18.8963),(-31.4875,20.376)]
triangle[(-16.6844,-17.6369),(1.62071,2.68404),(-30.9059,31.9842)]
triangle[(-19.7978,-1.51567),(16.1666,14.7257),(-13.7344,80.9375)]
triangle[(-14.9199,-0.156552),(16.6652,-6.47714),(24.5853,33.101)]
triangle[(6.38524,-5.73274),(-11.7488,2.13341),(-23.4173,-24.7664)]
triangle[(8.50835,1.17302),(17.559,-17.0018),(45.1933,-3.24062)]
triangle[(-16.7039,9.81883),(15.1707,8.16256),(17.2322,47.8363)]
triangle[(-6.90082,0.352032),(-10.7772,-18.7492),(9.51986,-22.8683)]
triangle[(11.0104,6.46293),(-9.94466,-3.47131),(7.05681,-39.3338)]
triangle[(4.49464,-16.7441),(14.6072,-11.503),(7.29031,2.61484)]
triangle[(8.17054,6.22303),(-2.18968,10.0987),(-6.91651,-2.53678)]
triangle[(-3.35556,3.47809),(-20.7098,-0.410503),(-13.8816,-30.8842)]
triangle[(17.2327,14.8811),(17.0581,-10.4064),(53.0851,-10.6552)]
triangle[(12.4251,15.4557),(-2.14229,-1.32158),(25.012,-24.8991)]
triangle[(15.2849,11.2807),(-10.5641,-9.17168),(11.631,-37.2231)]
triangle[(4.05017,8.41519),(17.61,9.97686),(15.0028,32.6151)]
triangle[(-12.1436,-7.87167),(-6.50601,-8.58934),(-5.42896,-0.128759)]
triangle[(-7.83703,20.6441),(17.0445,0.236888),(50.5644,41.106)]
triangle[(-14.8404,-19.5968),(13.0633,9.18585),(-18.7575,40.035)]
triangle[(-17.1187,10.0238),(-3.31849,-16.1785),(35.5299,4.28212)]
triangle[(-5.72859,13.2234),(-20.8033,6.73231),(-13.3906,-10.4829)]
triangle[(15.7252,19.3288),(7.19345,-13.7398),(46.5486,-23.8935)]
triangle[(6.20253,20.1177),(-2.85035,16.4158),(1.14334,6.64928)]
triangle[(14.4576,-2.91582),(5.84746,-6.11294),(12.0061,-22.6988)]
triangle[(9.08166,8.10605),(-5.05667,2.91558),(2.87615,-18.6927)]
triangle[(-13.3996,8.48716),(16.8832,-20.7955),(66.2966,30.3055)]
triangle[(-7.38626,-12.8452),(-0.319303,3.80089),(-30.1412,16.4615)]
triangle[(-4.19927,-6.15361),(-12.7112,19.4337),(-43.6533,9.14046)]
triangle[(6.57003,7.73036),(19.6953,6.62571),(21.7747,31.3334)]
triangle[(-11.2565,9.30025),(-20.3617,-11.1927),(5.84093,-22.8348)]
triangle[(-13.8247,-10.1268),(-17.211,-7.9591),(-20.4144,-12.9634)]
triangle[(-13.3736,12.9398),(-9.08371,0.265316),(4.5739,4.88791)]
triangle[(16.301,-8.83878),(5.39481,10.4583),(-20.0162,-3.90332)]
triangle[(-6.22909,-8.97579),(-6.9256,0.870472),(-18.6261,0.0428051)]
triangle[(-4.92498,16.5273),(-11.6733,16.0518),(-10.9865,6.30631)]
triangle[(-10.6127,-20.5733),(-7.86992,-3.05854),(-37.1203,1.52201)]
triangle[(-16.1455,3.333),(-10.4716,17.1804),(-30.7213,25.4775)]
triangle[(-5.0676,5.62553),(-18.1053,-7.20041),(-1.34674,-24.2357)]
triangle[(20.1927,-6.93818),(9.21804,4.31204),(-3.1975,-7.79938)]
triangle[(-16.3529,18.2875),(15.9121,-4.63972),(39.7425,28.8964)]
triangle[(12.7652,6.5711),(-3.60047,4.69039),(-0.843118,-19.3037)]
triangle[(10.9862,1.58202),(2.08432,-2.6365),(8.84218,-16.8968)]
triangle[(16.1135,1.70865),(-13.4771,-4.52619),(-3.393,-52.3853)]
triangle[(5.82434,20.0472),(18.3389,-2.85727),(54.2824,16.7816)]
triangle[(10.2448,-4.07217),(-14.3639,12.3877),(-41.3322,-27.9318)]
triangle[(-18.9718,13.7834),(-20.5126,7.65447),(-12.3691,5.60729)]
triangle[(10.0602,2.62669),(17.7631,10.5247),(9.31742,18.7618)]
triangle[(-20.0751,-17.2973),(-2.25868,10.9171),(-58.0035,46.118)]
triangle[(4.10511,6.50217),(15.5352,16.1186),(1.76308,32.488)]
triangle[(-0.245931,11.9697),(-7.64447,-17.6984),(29.3059,-26.913)]
triangle[(1.13573,16.5938),(-16.514,13.7607),(-11.4387,-17.8578)]
triangle[(11.112,11.1927),(-15.8365,-8.11628),(12.0203,-46.9947)]
triangle[(-0.578994,-20.8868),(5.57026,-8.51856),(-16.0522,2.23172)]
triangle[(-9.05687,16.3419),(-8.38054,7.88341),(1.61891,8.68295)]
triangle[(-13.299,7.39725),(-20.5974,-0.99475),(-11.8831,-8.57345)]
triangle[(2.09017,-16.749),(-4.61366,-16.7032),(-4.65975,-23.4464)]
triangle[(-1.80723,14.4358),(-9.60399,9.40786),(-3.00554,-0.824263)]
triangle[(11.7107,20.1986),(15.2855,19.6594),(15.9416,24.0089)]
triangle[(9.87155,-13.7061),(-17.3096,8.37774),(-45.8919,-26.8019)]
triangle[(7.33123,17.1821),(-11.5481,-9.66119),(24.6104,-35.0919)]
triangle[(6.89124,-5.11534),(13.9699,-14.1546),(28.8129,-2.53098)]
triangle[(9.34429,18.6764),(10.6107,7.34168),(28.6936,9.36208)]
triangle[(-5.26872,-12.7387),(-4.88895,5.42815),(-34.9083,6.05569)]
triangle[(-10.802,9.58929),(-20.3842,-11.5606),(11.098,-25.8239)]
triangle[(14.3476,-19.7706),(-15.7945,8.38576),(-59.7463,-38.6656)]
triangle[(-9.76111,8.13705),(12.6312,-14.7519),(48.2071,20.0522)]
triangle[(3.11758,17.7134),(-18.4605,-9.17814),(23.1782,-42.5896)]
triangle[(14.02,-15.2042),(18.4757,-0.920067),(4.19067,3.53598)]
triangle[(-14.848,17.9685),(6.60593,0.208579),(33.8528,33.1227)]
triangle[(18.0812,20.8772),(-2.75813,-6.05359),(48.8584,-45.9951)]
triangle[(10.9273,-10.3647),(8.26365,-2.02499),(-5.86115,-6.5363)]
triangle[(17.6477,13.0025),(-7.95726,9.94331),(-4.54983,-18.5767)]
triangle[(-1.72312,20.4148),(13.7005,-2.32692),(53.349,24.5631)]
triangle[(-10.4562,18.6098),(15.4683,-17.8682),(58.9151,13.0089)]
triangle[(-0.502112,17.4866),(14.3878,5.86629),(29.1615,24.7968)]
triangle[(-15.8084,-15.6124),(-11.2403,4.95602),(-47.1214,12.9249)]
triangle[(18.9924,0.908942),(18.4768,19.9113),(-16.2078,18.9701)]
triangle[(-17.8358,13.9869),(-6.46501,0.713529),(18.3527,21.9741)]
triangle[(-3.93731,-19.4768),(-8.17742,15.0016),(-47.8303,10.1252)]
triangle[(3.27722,-18.0003),(-5.11277,4.46905),(-31.6599,-5.44354)]
triangle[(-19.0654,-13.928),(-10.0573,2.27476),(-29.7162,13.2043)]
triangle[(-11.9505,-8.02915),(7.37775,-6.57683),(5.2909,21.1962)]
triangle[(19.6209,1.86154),(18.1922,8.78545),(7.92721,6.66731)]
triangle[(-12.3571,10.7687),(-14.1592,-6.65225),(4.6123,-8.59408)]
triangle[(-12.8946,16.9827),(-3.80421,-16.0026),(59.786,1.52202)]
triangle[(-17.1239,-4.58842),(-14.1469,-16.821),(3.96488,-12.4132)]
triangle[(-9.34027,11.0701),(1.1626,12.9947),(-2.09899,30.7935)]
triangle[(15.4644,9.92123),(-17.4007,-18.4266),(29.168,-72.4162)]
triangle[(6.13222,-18.3493),(8.53159,10.3047),(-40.1028,14.3772)]
triangle[(-19.3748,-13.6399),(-8.78504,16.9159),(-63.9932,36.0494)]
triangle[(-8.81124,15.5085),(0.82786,-15.6326),(34.1304,-5.32443)]
triangle[(-18.3561,15.0507),(11.7628,8.93827),(22.2051,60.392)]
triangle[(-10.9734,11.1822),(13.9737,5.65411),(23.4583,48.4563)]
triangle[(-17.8781,14.6522),(7.65915,-8.8951),(38.522,24.5758)]
triangle[(-18.3955,5.04363),(14.8806,-14.7116),(52.4475,48.5666)]
triangle[(12.783,17.1267),(-9.65904,-5.1715),(22.3127,-37.3494)]
triangle[(8.75262,16.0453),(16.458,8.82441),(28.5807,21.7606)]
triangle[(-18.8823,7.04878),(5.63101,4.8236),(8.72129,38.8671)]
triangle[(11.1477,-9.71172),(19.2239,11.9285),(-21.4792,27.119)]
triangle[(10.3427,-13.4017),(-1.48764,-19.8775),(7.23875,-35.8193)]
triangle[(-16.0642,-13.9959),(11.2128,-16.1287),(14.2108,22.2157)]
triangle[(-6.82681,10.9952),(-10.0843,-18.7918),(34.8634,-23.7073)]
triangle[(2.09065,-10.7261),(-12.6587,-20.6501),(3.84917,-45.1845)]
triangle[(11.2337,-3.42516),(-4.00202,11.5232),(-19.8061,-4.58478)]
triangle[(-8.13555,2.2988),(-9.96813,8.76078),(-16.503,6.90753)]
triangle[(7.59397,13.8997),(20.7144,-20.2996),(65.1708,-3.24415)]
triangle[(1.76858,12.9592),(18.466,13.9278),(16.9082,40.7827)]
triangle[(-7.03904,0.451496),(9.9295,-11.2366),(22.485,6.99121)]
triangle[(0.505201,-3.15058),(-9.38406,-12.0904),(8.31449,-31.6686)]
triangle[(-15.0461,1.35917),(-14.4519,-8.82272),(-3.02325,-8.15582)]
triangle[(-10.7319,9.83196),(-18.4411,-12.1417),(13.2771,-23.2696)]
triangle[(-5.47971,-10.5099),(-8.64558,-1.9675),(-18.1723,-5.49817)]
triangle[(17.3912,17.6836),(-11.6764,-8.5452),(21.4564,-45.2642)]
triangle[(-16.2875,14.2383),(19.232,15.7014),(17.1139,67.1241)]
triangle[(4.40829,-13.1602),(-2.50941,-16.3204),(1.66704,-25.4627)]
triangle[(15.1609,15.5531),(-0.892045,-14.3188),(56.6905,-45.2632)]
triangle[(7.5331,17.3809),(-17.8906,5.76792),(-0.0145056,-33.3672)]
triangle[(7.00497,-7.29751),(-7.88746,7.47406),(-34.4156,-19.2711)]
triangle[(-18.3378,16.8279),(-19.9588,-13.2238),(29.5737,-15.8956)]
triangle[(14.8963,-2.22104),(8.23675,-7.51886),(18.404,-20.2994)]
triangle[(6.92926,-11.0182),(11.7143,0.703022),(-3.49599,6.91239)]
triangle[(19.3738,9.1039),(-16.8841,-18.7352),(11.3683,-55.5314)]
triangle[(-9.87832,-16.0543),(6.33765,7.71855),(-30.0378,32.531)]
triangle[(17.9027,-16.2337),(10.9515,-15.6935),(10.1348,-26.2013)]
triangle[(6.92608,9.34874),(-10.7247,20.4952),(-22.0544,2.55415)]
triangle[(4.13751,-11.8993),(-13.2874,6.8911),(-45.8982,-23.3498)]
triangle[(16.9823,-3.06225),(7.78789,-15.722),(23.2921,-26.9823)]
triangle[(14.6947,14.0268),(4.76177,4.54911),(20.9219,-12.3874)]
triangle[(-8.70818,-8.29794),(-6.54097,-19.7388),(15.6362,-15.5378)]
triangle[(7.65795,5.67023),(1.60053,4.40025),(3.11442,-2.82052)]
triangle[(11.9301,7.50773),(19.2705,18.9155),(1.89408,30.0965)]
triangle[(18.4931,6.82365),(-16.697,-9.36282),(6.66467,-60.1519)]
triangle[(3.30258,15.3741),(18.6273,18.6125),(13.0644,44.9375)]
triangle[(15.2541,6.30409),(-9.3065,-17.1183),(36.9132,-65.584)]
triangle[(8.86807,5.23265),(-19.5482,9.19714),(-25.9028,-36.3508)]
triangle[(-13.3398,-4.18492),(-18.6948,-20.6124),(9.70593,-29.8705)]
triangle[(9.03374,-18.3592),(-19.7493,-13.8456),(-28.539,-69.897)]
triangle[(-17.9884,19.3004),(-7.26047,-19.472),(50.3009,-3.54533)]
triangle[(-11.4463,-5.88123),(17.7933,13.5825),(-9.54746,54.6553)]
triangle[(1.83196,-15.4719),(-14.6265,1.55457),(-48.3426,-31.0367)]
triangle[(-11.5625,18.8415),(16.436,-15.1655),(53.9133,15.6901)]
triangle[(5.44257,11.2436),(-14.1003,4.44717),(-0.687944,-34.1193)]
triangle[(-0.800247,12.0472),(3.59525,18.4064),(-4.44136,23.9613)]
triangle[(10.6003,-9.34511),(12.1884,-11.687),(14.7889,-9.92364)]
triangle[(-18.8417,3.72298),(-7.96814,-0.272011),(-0.0339525,21.3232)]
triangle[(12.1032,-18.0991),(6.28407,5.7122),(-27.8796,-2.63684)]
triangle[(7.62011,-19.5037),(-5.54803,3.21852),(-50.2967,-22.7145)]
triangle[(-17.5001,-14.3284),(6.77585,6.09802),(-25.6521,44.6373)]
triangle[(-5.53983,2.1803),(19.1081,-9.16907),(39.9697,36.1371)]
triangle[(14.3427,-17.6236),(4.70909,7.71461),(-22.0414,-2.45599)]
triangle[(3.64293,-1.86219),(18.7938,15.409),(-13.752,43.9593)]
triangle[(-2.95796,-16.4407),(19.3543,-16.8982),(20.1171,20.3034)]
triangle[(0.247568,9.18396),(-20.1075,12.5409),(-23.4902,-7.97038)]
triangle[(-5.9566,5.625),(-1.15359,-15.6181),(26.471,-9.37225)]
triangle[(12.2538,-15.4222),(5.78346,11.3487),(-38.3631,0.678808)]
triangle[(9.59455,3.48133),(5.38892,-4.0297),(17.439,-10.7768)]
triangle[(15.6048,-15.6133),(-1.0274,12.3797),(-42.845,-12.4664)]
triangle[(-0.582507,-13.222),(16.629,14.6214),(-13.1017,32.9995)]
triangle[(10.3484,-7.54562),(-1.76525,18.4369),(-39.0234,1.06624)]
triangle[(20.1875,2.5843),(-20.7311,1.22999),(-19.2219,-44.3695)]
triangle[(8.19806,-17.2483),(13.1963,7.16555),(-24.7523,14.9348)]
triangle[(-7.35273,-14.2254),(-0.157347,16.1995),(-37.2124,24.9629)]
triangle[(2.61,12.6541),(-16.914,18.6791),(-24.1109,-4.64231)]
triangle[(-13.838,11.395),(-4.57909,4.50716),(8.17507,21.6518)]
triangle[(15.3579,-8.54821),(-6.88306,0.457549),(-18.2471,-27.6075)]
triangle[(0.982346,-10.5235),(-0.360498,3.11912),(-15.898,1.58975)]
triangle[(-4.9784,-3.47025),(1.27006,-1.38705),(-1.75951,7.70003)]
triangle[(-12.8644,15.9166),(-14.2205,20.669),(-21.5253,18.5846)]
triangle[(-10.7593,-4.10088),(10.4269,-18.079),(25.2637,4.40864)]
triangle[(-0.13312,0.259049),(11.2554,16.9844),(-18.5531,37.2814)]
triangle[(13.2736,17.3278),(-4.45926,17.7959),(-5.24392,-11.9286)]
triangle[(-9.48044,-4.68967),(-17.7715,4.53447),(-31.1222,-7.46573)]
triangle[(14.7193,-11.3899),(2.17345,-14.607),(7.97379,-37.2272)]
triangle[(-13.6518,-10.6111),(13.951,17.2653),(-33.8959,64.6425)]
triangle[(0.128481,14.1394),(-7.12241,-14.3006),(37.5825,-25.6983)]
triangle[(-1.43639,-16.9336),(-6.67929,1.55507),(-27.8421,-4.44616)]
triangle[(-9.38884,-20.3579),(17.5131,-8.67049),(-1.05309,34.0647)]
triangle[(-7.79746,5.36838),(13.498,-1.33586),(26.8306,41.0142)]
triangle[(-1.89435,-12.2367),(3.77777,-4.26735),(-6.49597,3.04488)]
triangle[(-16.3603,7.50073),(9.20265,7.11449),(9.82391,48.2322)]
triangle[(-6.58181,19.8678),(-19.8802,-7.316),(7.75413,-20.8348)]
triangle[(13.4578,-20.3249),(-0.764406,18.4361),(-54.5901,-1.31374)]
triangle[(-11.6481,18.7761),(-2.72327,20.2913),(-4.73273,32.1276)]
triangle[(7.03232,0.585224),(4.02611,-14.1141),(31.5716,-19.7475)]
triangle[(-14.7826,-19.8483),(-19.8951,-11.211),(-31.2427,-17.9278)]
triangle[(-12.3518,2.00434),(-2.24559,-6.16431),(11.1802,10.4459)]
triangle[(19.4737,5.64205),(-19.2489,-11.0213),(5.58638,-68.7338)]
triangle[(-3.63726,-4.73145),(-10.3606,-19.4481),(13.1813,-30.2033)]
triangle[(-13.2941,-0.275602),(3.95906,-4.89495),(11.9562,24.9743)]
triangle[(-1.9511,-18.4339),(-13.8035,-9.27773),(-31.8516,-32.6404)]
triangle[(-12.1018,-6.42221),(-16.6921,14.9517),(-56.0873,6.49127)]
triangle[(10.8117,-17.3137),(16.5229,-8.09264),(1.8151,1.01691)]
triangle[(7.64604,-18.4),(-17.5522,-7.94363),(-29.3978,-36.4897)]
triangle[(17.8302,5.96172),(14.0966,18.3986),(-7.40526,11.9437)]
triangle[(-13.3161,-17.9225),(4.89746,2.20765),(-31.5078,35.1468)]
triangle[(-15.8212,20.1569),(8.11443,-19.4011),(63.4393,14.0748)]
triangle[(-16.6169,-6.30231),(7.79829,4.97853),(-7.41625,37.9075)]
triangle[(3.86311,17.929),(12.6784,-15.194),(55.666,-3.75339)]
triangle[(1.24393,11.7863),(-18.5761,-16.3031),(35.054,-54.1447)]
triangle[(18.9259,-3.83872),(0.940246,-12.9323),(18.3689,-47.4033)]
triangle[(7.55825,-9.98374),(-6.40204,7.21504),(-33.9636,-15.1567)]
triangle[(-1.28117,-16.153),(6.50148,-20.0789),(12.7053,-7.78071)]
triangle[(13.6312,4.83696),(-19.5007,12.5324),(-29.1937,-29.2)]
triangle[(2.33467,17.3656),(15.935,-9.82359),(47.2102,5.82061)]
triangle[(-14.0757,2.55169),(19.6687,6.76181),(11.4292,72.8028)]
triangle[(8.2063,9.31413),(10.3501,11.506),(7.0278,14.7554)]
triangle[(-18.0371,-13.163),(-1.99781,8.43601),(-37.1055,34.5068)]
triangle[(4.22085,2.8238),(1.33062,-16.6218),(39.9421,-22.3607)]
triangle[(-0.295475,13.0867),(-13.1311,3.34743),(1.22492,-15.5728)]
triangle[(9.22959,-5.64442),(19.7345,4.19092),(0.51641,24.7173)]
triangle[(13.1556,7.32499),(0.683768,2.28694),(8.66003,-17.4586)]
triangle[(-4.01044,0.332281),(12.9378,-11.8495),(26.6825,7.2731)]
triangle[(-11.4315,-19.6176),(5.87536,11.4044),(-55.2741,45.519)]
triangle[(3.93413,-1.35354),(-3.18304,18.1405),(-29.8904,8.38982)]
triangle[(5.47929,-7.29257),(10.8145,8.45366),(-18.8885,18.5178)]
triangle[(-8.78356,-7.30047),(4.21576,-16.7888),(22.4056,8.13198)]
triangle[(-3.50655,12.4452),(-0.703276,3.341),(9.56954,6.50409)]
triangle[(3.98408,20.2364),(-20.8431,-18.7782),(28.4396,-50.1396)]
triangle[(-10.4987,-9.87064),(-8.38761,9.98932),(-37.5595,13.0902)]
triangle[(-9.00984,5.83052),(8.17893,-14.6313),(33.7347,6.83662)]
triangle[(16.978,6.83008),(-10.7536,14.5859),(-18.6822,-13.7635)]
triangle[(12.3544,10.0375),(2.15214,-9.49935),(22.3108,-20.0264)]
triangle[(13.1375,16.1781),(-0.944576,-1.1275),(23.3327,-20.8827)]
triangle[(19.9562,11.2668),(3.35837,-18.3601),(37.9264,-37.7261)]
triangle[(-2.62921,0.582337),(1.70765,-13.1743),(25.2357,-5.75702)]
triangle[(7.18277,-5.01898),(-18.1489,-7.65148),(-15.1359,-36.6448)]
triangle[(9.02922,2.57692),(0.177869,-17.5107),(32.7442,-31.8607)]
triangle[(-10.3599,-14.0412),(20.2817,-20.8335),(33.4816,38.7144)]
triangle[(11.6318,-17.89),(-5.37539,-5.80964),(-28.4499,-38.2949)]
triangle[(20.3858,5.93084),(3.19468,4.69193),(4.56582,-14.334)]
triangle[(2.44882,16.332),(18.9786,-15.6675),(73.3506,12.4192)]
triangle[(-11.598,8.28943),(13.1508,-17.9249),(45.6976,12.8023)]
triangle[(12.9705,-20.1463),(-17.7392,19.4354),(-75.9518,-25.7292)]
triangle[(-4.90114,-10.1879),(-0.678562,-12.5609),(1.76362,-8.21523)]
triangle[(15.4273,0.817059),(9.51742,-10.8863),(30.0861,-21.2728)]
triangle[(-3.18625,19.1024),(-3.1811,-17.327),(57.2356,-17.3185)]
triangle[(-4.01451,15.6588),(19.755,0.391251),(35.3624,24.69)]
triangle[(13.9582,7.16628),(4.61182,12.4174),(-1.00405,2.4218)]
triangle[(-14.819,10.3613),(14.3392,-5.25148),(40.2887,43.2114)]
triangle[(19.8445,16.3462),(5.08143,10.7827),(12.1717,-8.03176)]
triangle[(8.79897,18.4442),(-3.40754,-15.0391),(62.0943,-38.9181)]
triangle[(19.8646,-6.78131),(-12.8985,-15.2311),(-2.45158,-55.7382)]
triangle[(-15.1896,6.12127),(-15.6026,20.9386),(-34.0651,20.424)]
triangle[(11.6638,-20.2974),(-9.9165,-5.07763),(-33.8273,-38.9811)]
triangle[(8.76006,-20.431),(-3.79496,-19.3366),(-5.00968,-33.2714)]
triangle[(6.748,-15.8863),(8.17517,-9.18973),(-4.97393,-6.38739)]
triangle[(-14.4149,-17.174),(-7.10713,-15.2335),(-9.72327,-5.38108)]
triangle[(-0.967861,4.53435),(-16.6008,-12.4334),(1.21946,-28.8518)]
triangle[(9.0716,15.8275),(-3.90016,2.95341),(11.9404,-13.0073)]
triangle[(8.82169,-4.58803),(-3.37203,-4.71298),(-3.1841,-23.0538)]
triangle[(7.28786,15.2177),(20.4209,3.97901),(38.7875,25.4413)]
triangle[(7.79766,-7.93936),(-0.366981,-16.2593),(9.67246,-26.1113)]
triangle[(4.23321,2.19997),(-13.3491,-15.3805),(6.78706,-35.5188)]
triangle[(15.8179,-20.6968),(5.38025,8.63936),(-28.1633,-3.29525)]
triangle[(5.18048,12.833),(-17.7195,-19.2624),(15.9736,-43.3023)]
triangle[(-15.4052,20.7556),(6.38514,-7.97944),(59.7315,32.4741)]
triangle[(-13.7466,-6.4464),(-5.16735,5.07905),(-26.0024,20.5881)]
triangle[(12.7012,-8.15171),(4.53309,-7.82943),(4.14065,-17.7758)]
triangle[(0.804451,-13.3775),(-1.22612,15.6058),(-43.5177,12.6429)]
triangle[(-19.8054,17.1189),(9.53244,1.79429),(35.1031,50.7473)]
triangle[(-14.4706,-20.4419),(1.14722,1.50024),(-31.1592,24.4951)]
triangle[(-19.3855,9.8678),(-13.4462,4.55874),(-6.57596,12.2446)]
triangle[(-3.2251,-19.8976),(10.1773,11.0338),(-21.3993,24.7158)]
triangle[(4.33414,5.38285),(-0.489663,-10.7903),(30.4793,-20.0271)]
triangle[(-5.96159,-13.6091),(-3.8229,-1.48743),(-26.0389,2.43227)]
triangle[(-19.3844,19.4595),(14.4377,-12.7045),(73.8494,49.7701)]
triangle[(-9.57515,8.79398),(-6.77434,16.6991),(-18.6522,20.9075)]
triangle[(-4.71416,17.3583),(13.2046,2.54329),(41.8748,37.2199)]
triangle[(-1.0716,-4.40518),(11.2142,-4.00763),(10.7657,9.85331)]
triangle[(-2.82354,-16.4038),(11.9384,-13.4044),(8.55822,3.2319)]
triangle[(-1.63072,0.490376),(4.1705,17.6407),(-27.6916,28.4183)]
triangle[(4.94403,20.835),(0.410092,15.592),(9.04783,8.12241)]
triangle[(1.49055,7.84785),(10.0719,-1.36889),(23.2689,10.9183)]
triangle[(-15.2944,18.6053),(-7.88029,19.4011),(-9.0602,30.3942)]
triangle[(-3.54547,-19.7085),(5.21742,-17.1634),(0.175476,0.196144)]
triangle[(7.49822,10.7261),(8.72513,6.39796),(15.6072,8.34886)]
triangle[(12.2926,20.9225),(-15.9655,-0.995277),(18.3862,-45.284)]
triangle[(0.958236,4.02174),(-18.1679,17.1494),(-36.4784,-9.52788)]
triangle[(17.3898,-2.80115),(-18.188,4.12992),(-26.0757,-36.3586)]
triangle[(-14.6944,-14.0305),(20.2084,9.32567),(-24.0341,75.4405)]
triangle[(-13.4322,-3.30818),(1.81548,-10.76),(16.5013,19.2894)]
triangle[(-6.34626,-0.17332),(-2.18511,13.4642),(-25.6258,20.6166)]
triangle[(-9.59433,7.15679),(0.672333,-20.4311),(53.1948,-0.88513)]
triangle[(5.53723,-18.1346),(3.61358,6.07713),(-21.2106,4.10482)]
triangle[(-18.3,-13.7394),(-7.43019,12.7538),(-42.3474,27.0799)]
triangle[(11.7567,18.3826),(13.6631,-3.56812),(47.2503,-0.651132)]
triangle[(2.79884,3.76314),(-20.0101,18.4039),(-36.0724,-6.61972)]
triangle[(-4.23723,-19.6203),(-15.7126,-18.569),(-17.2993,-35.8887)]
triangle[(-0.664451,3.50858),(5.90897,8.45427),(-2.66591,19.8513)]
triangle[(9.08601,5.62101),(0.0284268,3.52498),(2.5195,-7.23971)]
triangle[(-19.6649,17.3312),(6.67661,20.6017),(0.952579,66.7049)]
triangle[(-9.11156,5.57552),(5.10051,-0.0731959),(11.2002,15.2734)]
triangle[(-16.9934,14.4734),(2.14394,18.4392),(-2.04097,38.634)]
triangle[(-11.1646,-5.64127),(7.24252,10.5454),(-8.98115,28.9946)]
triangle[(9.3554,0.872207),(-11.6573,-4.46301),(-2.94982,-38.7572)]
triangle[(-8.27884,-7.66153),(-7.27319,-13.8087),(4.30002,-11.9153)]
triangle[(-20.8668,-15.5196),(-18.9958,-17.438),(-15.7783,-14.3)]
triangle[(-17.1322,16.5208),(8.77382,5.3486),(21.081,33.8863)]
triangle[(-18.3273,-8.71252),(13.9061,-17.5167),(25.037,23.2353)]
triangle[(-7.68376,-2.56437),(-15.6675,14.0138),(-38.1347,3.19401)]
triangle[(-15.1726,-9.10473),(-0.133042,12.132),(-38.9361,39.6119)]
triangle[(19.324,17.6385),(0.937252,-16.9062),(60.2451,-48.4734)]
triangle[(-10.3242,-0.979651),(8.82284,-14.0295),(31.703,19.5407)]
triangle[(14.7001,11.6398),(-7.81087,11.8931),(-8.17999,-20.9115)]
triangle[(-3.47113,-12.5427),(16.5891,-2.89593),(6.85679,17.3421)]
triangle[(9.54645,-2.95628),(3.57391,-10.8593),(13.3159,-18.2216)]
triangle[(-6.09759,-17.0224),(11.9143,8.1027),(-33.104,40.3759)]
triangle[(18.3852,-13.9881),(-6.44675,19.6569),(-43.4752,-7.6722)]
triangle[(1.73483,19.9322),(16.915,-11.9832),(59.3956,8.22222)]
triangle[(-9.60083,-5.79187),(5.55758,12.6964),(-16.5919,30.8567)]
triangle[(-13.834,-13.7247),(-16.6183,13.2712),(-49.2361,9.90707)]
triangle[(15.1322,14.9755),(11.0144,16.4615),(8.23962,8.77209)]
triangle[(-7.29543,-11.1139),(6.71574,6.01667),(-11.5994,20.9967)]
triangle[(17.9401,-9.58486),(8.33068,14.0219),(-27.1115,-0.405334)]
triangle[(-9.56756,4.44185),(13.2573,-16.6048),(41.6757,14.2147)]
triangle[(5.85868,-19.5907),(8.17934,-5.49867),(-9.50418,-2.58656)]
triangle[(18.4366,20.1604),(-8.3594,10.5574),(7.49637,-33.6861)]
triangle[(18.8538,15.5284),(5.29682,-16.2344),(68.762,-43.3226)]
triangle[(19.2798,-18.3543),(-16.8906,-19.3064),(-15.0982,-87.4005)]
triangle[(-10.6791,-12.7621),(-0.685522,13.5616),(-44.3238,30.1285)]
triangle[(13.6759,-7.61152),(-18.1528,3.77574),(-38.4833,-53.0503)]
