triangle[(-4.14731,2.74509),(-0.379601,13.8147),(-15.5942,18.9933)]
triangle[(-7.98101,-5.10879),(14.796,5.96634),(-0.186023,36.7784)]
triangle[(8.73875,9.31451),(-3.90712,15.3702),(-11.6188,-0.73372)]
triangle[(9.31947,20.1368),(-19.2243,8.71387),(-3.43256,-30.7464)]
triangle[(7.80626,-16.6959),(-3.63776,12.9206),(-62.5908,-9.85928)]
triangle[(-7.72867,1.38484),(-13.7833,-8.87739),(-2.80881,-15.3523)]
triangle[(-5.65687,20.8483),(-11.2004,16.7017),(-3.17145,5.9678)]
triangle[(-17.335,-3.43835),(3.57124,4.78749),(-5.47273,27.773)]
triangle[(0.0886432,-20.2958),(-14.1812,-19.6285),(-14.9364,-35.7775)]
triangle[(10.3695,-20.175),(10.591,-14.7455),(2.10529,-14.3994)]
triangle[(-18.7802,5.40954),(-15.0119,-18.6964),(24.2757,-12.5548)]
triangle[(15.5358,19.2789),(-2.03349,18.3346),(-0.996691,-0.957502)]
triangle[(-13.6474,15.2126),(11.5881,-15.0198),(57.8292,23.5786)]
triangle[(-3.08775,11.321),(10.6204,20.5476),(-2.87763,40.6018)]
triangle[(8.97903,8.51778),(11.2217,13.8857),(3.3896,17.1579)]
triangle[(17.9714,3.19488),(-5.38881,-3.62712),(3.96169,-35.6456)]
triangle[(18.7947,13.9251),(10.5635,-19.5763),(72.3317,-34.7526)]
triangle[(-19.2119,10.7544),(5.86163,-10.4784),(45.434,36.252)]
triangle[(19.449,-10.538),(18.3936,7.87236),(-9.10187,6.29616)]
triangle[(3.37296,-19.76),(-6.43733,15.4454),(-43.0761,5.23575)]
triangle[(-12.7752,13.3965),(-11.6716,-11.6631),(28.7709,-9.88205)]
triangle[(-16.8771,6.75291),(-12.393,18.1012),(-33.0709,26.2717)]
triangle[(-18.6155,-16.7128),(15.2223,10.0229),(-34.9194,73.484)]
triangle[(16.2223,-16.4611),(18.3363,20.0865),(-49.3198,23.9999)]
triangle[(2.86297,-6.08093),(5.63127,19.913),(-33.4746,24.0777)]
triangle[(-6.74705,-17.0819),(3.40406,-8.48086),(-11.6961,9.34078)]
triangle[(5.21613,-10.3549),(12.3598,12.074),(-29.7001,25.4701)]
triangle[(-13.927,0.280558),(-7.66943,-6.00482),(0.180296,1.81024)]
triangle[(-3.93081,-20.6424),(11.2314,16.0201),(-27.7321,32.1339)]
triangle[(5.85454,4.71303),(11.6709,2.90602),(15.0444,13.7645)]
triangle[(-3.18157,1.22236),(-19.0167,-20.6912),(14.6833,-45.0435)]
triangle[(3.95093,19.6566),(15.2792,15.3203),(22.6751,34.6411)]
triangle[(16.8787,-3.05592),(0.632439,-15.5951),(13.5018,-32.2691)]
triangle[(-13.4308,19.1906),(-18.4039,13.3681),(-10.9447,6.99702)]
triangle[(-15.3419,-8.84235),(-1.78397,14.1382),(-26.3512,28.6322)]
triangle[(-19.8012,3.17855),(-19.668,6.65808),(-25.4288,6.87872)]
triangle[(-15.1019,-5.13294),(-5.98065,-14.9703),(11.8368,1.55011)]
triangle[(3.02823,-9.37992),(-14.3615,-14.2835),(-8.78148,-34.0718)]
triangle[(-2.8284,17.9645),(2.36581,13.7855),(7.53058,20.2051)]
triangle[(-13.8315,-11.6285),(19.1971,-9.067),(14.7164,48.7079)]
triangle[(-20.7094,12.6557),(-16.7486,8.04393),(-9.31647,14.4271)]
triangle[(1.95497,5.53261),(12.7207,-7.30648),(27.7375,5.28532)]
triangle[(-5.31814,20.0794),(19.651,4.3716),(40.8807,38.1183)]
triangle[(4.3913,12.123),(18.8973,-2.979),(40.5837,17.8516)]
triangle[(14.6373,3.22416),(4.48714,-16.9469),(36.8596,-33.2369)]
triangle[(18.4902,-3.38424),(-16.8186,-2.91285),(-17.7493,-72.6242)]
triangle[(6.58984,18.8919),(-8.89002,15.7112),(-3.32285,-11.3833)]
triangle[(-10.4931,1.09606),(17.428,-4.96874),(24.5251,27.7048)]
triangle[(11.3416,-0.398565),(7.76724,15.4614),(-23.6286,8.38568)]
triangle[(-8.94385,6.94244),(-11.8845,7.6123),(-13.1742,1.95044)]
triangle[(-2.63538,-16.632),(-18.661,-14.2304),(-21.4188,-32.6324)]
triangle[(8.0178,-3.24002),(-8.69293,-19.7178),(16.4927,-45.2595)]
triangle[(-4.50528,-12.901),(-7.16878,-15.9914),(-1.23257,-21.1077)]
triangle[(-6.47675,7.99361),(17.8742,20.9386),(0.790998,53.074)]
triangle[(-16.8653,-17.1232),(-3.08492,-0.335639),(-26.4176,18.8174)]
triangle[(-6.23564,-8.32782),(-10.8783,-17.3614),(1.76061,-23.8571)]
triangle[(11.9622,0.44292),(10.8623,14.9673),(-9.12621,13.4536)]
triangle[(18.453,17.4994),(4.21413,-13.9101),(60.6402,-39.4898)]
triangle[(-2.15815,15.8339),(16.2823,-11.1378),(49.1564,11.338)]
triangle[(0.416423,-14.596),(-3.79957,11.9418),(-32.8354,7.32893)]
triangle[(3.75432,-3.52981),(-17.6023,-14.5851),(4.42124,-57.1303)]
triangle[(-3.58423,-6.82068),(-1.9162,-9.55351),(0.880324,-7.8466)]
triangle[(-6.62478,-17.7006),(-14.8703,-6.97294),(-27.7595,-16.8799)]
triangle[(11.6294,14.6343),(-13.1194,3.94893),(2.96325,-33.3007)]
triangle[(11.9152,-7.32738),(-15.3412,-18.1765),(6.26136,-72.4489)]
triangle[(16.4212,2.32185),(-3.38147,2.20625),(-3.22016,-25.4245)]
triangle[(-19.1591,8.83457),(-12.3258,-17.2981),(21.7268,-8.39384)]
triangle[(13.7266,15.7947),(19.1479,-6.47293),(42.9288,-0.683116)]
triangle[(-10.4304,-2.49272),(-3.34428,6.44935),(-16.5657,16.9266)]
triangle[(3.25639,2.654),(11.9625,12.4015),(-5.57039,28.0612)]
triangle[(-20.9301,2.61266),(2.12331,14.8328),(-19.5779,55.7724)]
triangle[(-5.50936,-19.0973),(5.30023,-14.5711),(-3.11255,5.52052)]
triangle[(16.9815,3.75581),(-19.6163,14.2099),(-31.8892,-28.7551)]
triangle[(9.75318,-3.99277),(-20.762,-16.2988),(-8.14071,-47.5956)]
triangle[(-1.4716,8.23456),(-8.4875,11.8089),(-12.9297,3.0895)]
triangle[(-16.2522,-17.441),(0.184418,-7.24092),(-15.014,17.2501)]
triangle[(11.1823,17.0666),(-0.551611,16.859),(-0.322531,3.91135)]
triangle[(-15.9859,10.1815),(16.534,-20.0149),(52.6617,18.8927)]
triangle[(-6.54396,0.859551),(18.3077,11.1518),(6.24558,40.2771)]
triangle[(14.0623,-15.4399),(-7.65592,-10.6113),(-13.0654,-34.9421)]
triangle[(-2.62124,17.5143),(-10.727,-10.284),(26.0467,-21.007)]
triangle[(-10.6548,-14.7432),(-0.0992138,17.3606),(-57.2357,36.1467)]
triangle[(-19.7197,-6.27125),(8.31335,10.1605),(-17.5707,54.3195)]
triangle[(-5.3849,8.00706),(12.0643,8.75843),(10.6975,40.4987)]
triangle[(-5.38745,5.61923),(13.9798,-12.7807),(45.9623,20.8832)]
triangle[(9.07138,-15.2522),(-16.0091,-2.98615),(-33.7823,-39.3272)]
triangle[(-8.36414,-3.24258),(-12.9635,14.9174),(-40.1754,8.02548)]
triangle[(1.38857,7.42054),(-11.0795,10.288),(-14.0405,-2.58703)]
triangle[(7.34088,15.2451),(15.8315,10.0464),(25.8234,26.3654)]
triangle[(-18.9375,-19.4247),(13.3669,-13.0711),(5.91106,24.8374)]
triangle[(13.4999,3.26265),(16.5103,-12.7939),(34.7627,-9.37179)]
triangle[(-10.418,-16.8078),(16.528,16.7962),(-43.6677,65.0653)]
triangle[(-19.5811,-0.791969),(16.4233,11.1444),(0.949083,57.8202)]
triangle[(-12.8385,-13.8793),(19.1505,7.58421),(-21.5824,68.2921)]
triangle[(6.08425,-2.74098),(15.2446,-18.7996),(32.3964,-9.01571)]
triangle[(9.57215,18.9055),(13.7968,8.97834),(29.5675,15.6898)]
triangle[(-4.04365,-3.10767),(13.2752,-6.47342),(18.3012,19.3885)]
triangle[(-16.3378,17.7065),(-7.27739,15.8816),(-3.97072,32.2994)]
triangle[(17.9112,-4.19792),(-19.7427,-15.4355),(-0.675046,-79.3255)]
triangle[(12.6955,12.2869),(-17.9064,10.1585),(-15.5669,-23.4773)]
triangle[(17.0044,-4.68241),(15.2896,-2.60011),(11.5788,-5.65594)]
triangle[(5.35787,4.51924),(14.7484,1.39207),(18.6521,13.1144)]
triangle[(-6.72655,-11.292),(3.77616,5.95289),(-18.243,19.3633)]
triangle[(-12.6358,-20.4185),(-2.64761,-13.521),(-14.4254,3.53439)]
triangle[(-19.3992,13.6806),(-2.03605,-13.6101),(37.9828,11.8512)]
triangle[(1.42629,11.2857),(16.6252,18.5533),(8.55002,35.4409)]
triangle[(-10.1156,-12.1744),(-8.03182,19.2224),(-39.8503,21.3341)]
triangle[(-12.7339,14.9376),(-8.27642,-7.48363),(29.2181,-0.0295459)]
triangle[(6.67888,-8.29393),(-11.2335,-0.876075),(-23.9007,-31.4644)]
triangle[(18.8399,10.2573),(-16.0459,-4.92716),(5.59856,-54.6548)]
triangle[(-20.2243,16.5588),(-3.41175,1.8652),(15.6626,23.6903)]
triangle[(-1.53226,-10.8594),(-12.6054,13.6968),(-54.6953,-5.28275)]
triangle[(6.35348,-3.35008),(-19.118,2.67919),(-27.8187,-34.0785)]
triangle[(-13.1629,5.5041),(11.2656,-5.56076),(33.2694,43.0184)]
triangle[(-3.08946,-3.6578),(-16.155,20.5722),(-47.7761,3.52118)]
triangle[(-16.5671,13.3772),(8.24296,12.0013),(10.815,58.3788)]
triangle[(4.66579,1.03498),(-17.1404,-14.8225),(6.33448,-47.1037)]
triangle[(-17.6386,7.33186),(18.7881,15.9604),(5.0432,73.9865)]
triangle[(16.6714,-18.0983),(15.8138,-15.3684),(13.0462,-16.2379)]
triangle[(-2.85423,18.0564),(-18.2618,4.16946),(8.94328,-26.0146)]
triangle[(18.8317,-2.00821),(17.3436,-6.64648),(24.3148,-8.88299)]
triangle[(-7.28673,-10.1653),(12.1156,19.6786),(-26.2968,44.6515)]
triangle[(-1.95274,11.9875),(-5.69302,2.65461),(11.8469,-4.37473)]
triangle[(-20.2921,3.59227),(15.3154,-8.09191),(32.6929,44.866)]
triangle[(15.1193,20.8673),(5.36289,13.1272),(14.9733,1.01326)]
triangle[(-14.1716,-8.21728),(8.24056,-2.59047),(2.26335,21.2174)]
triangle[(15.3313,-20.0223),(5.74386,5.74531),(-44.1687,-12.8257)]
triangle[(-1.04892,6.45503),(-14.6752,5.42077),(-13.5416,-9.51419)]
triangle[(-14.7894,5.90774),(3.15472,2.1284),(8.77831,28.8289)]
triangle[(-4.3207,-18.1258),(18.8724,-2.51056),(-7.46033,36.601)]
triangle[(2.1518,8.47205),(-11.8155,3.07186),(-1.27407,-24.1928)]
triangle[(9.03112,2.73865),(14.5128,13.8801),(-3.27525,22.632)]
triangle[(3.63734,-8.3475),(3.74253,4.02088),(-13.0818,4.16396)]
triangle[(-0.42891,14.141),(-2.04592,15.821),(-5.24149,12.7453)]
triangle[(3.368,-2.1469),(17.0394,15.6546),(-0.776509,29.337)]
triangle[(-8.82647,8.2381),(-9.66461,-12.6277),(30.2781,-14.2321)]
triangle[(-3.89626,7.32614),(0.766101,-10.1932),(30.3812,-2.31184)]
triangle[(20.9741,-14.7765),(9.55325,7.60278),(-26.6695,-10.8828)]
triangle[(-20.19,-10.6649),(7.6917,-19.8761),(19.1483,14.8024)]
triangle[(14.7755,4.67233),(-20.6458,16.8151),(-41.7913,-44.8676)]
triangle[(-13.9436,-2.64084),(17.9106,-18.159),(48.4835,44.5979)]
triangle[(12.8995,-1.05422),(-12.1263,-9.78195),(0.128291,-44.9208)]
triangle[(-7.90142,-3.29147),(-16.2104,-7.13904),(-10.4007,-19.6854)]
triangle[(3.12244,10.8879),(4.2884,16.2158),(-2.46212,17.6931)]
triangle[(1.04498,-20.592),(-10.3437,6.31162),(-52.9082,-11.7065)]
triangle[(-1.93043,-8.39113),(19.7049,14.7235),(-4.9297,37.7815)]
triangle[(5.01387,15.9496),(-1.59057,-0.188445),(21.1561,-9.49743)]
triangle[(8.54725,-0.900705),(-18.1434,-18.0461),(9.58209,-61.207)]
triangle[(-15.9051,-14.8927),(-6.73643,-0.302914),(-33.5375,16.5397)]
triangle[(7.44115,0.219302),(-6.89898,1.76972),(-9.03496,-17.9863)]
triangle[(10.039,6.14204),(2.68582,-19.9047),(37.4485,-29.7185)]
triangle[(-1.1052,14.5932),(13.0178,0.10024),(32.9256,19.4998)]
triangle[(-8.1048,17.5664),(3.33645,-4.30592),(44.9823,17.4787)]
triangle[(-17.629,-18.4103),(-5.06302,8.18833),(-39.7573,24.579)]
triangle[(15.2108,3.90093),(17.5821,19.3309),(-10.4574,23.64)]
triangle[(5.32015,19.753),(-17.0879,-15.0084),(40.3752,-52.0506)]
triangle[(-2.2913,17.1552),(19.7264,4.49086),(42.6163,44.2865)]
triangle[(-17.3594,-9.93798),(-4.0259,9.44098),(-26.4526,24.8714)]
triangle[(7.87093,7.03228),(4.86954,-15.1928),(38.1629,-19.6889)]
triangle[(-2.44778,-10.5925),(13.4699,-2.17577),(4.09025,15.5632)]
triangle[(-14.4133,-9.11252),(3.05358,-5.29957),(-2.02224,17.9525)]
triangle[(-17.3627,-1.08543),(18.9899,10.687),(-0.0208264,69.3908)]
triangle[(-2.0359,2.33449),(-0.950461,13.9414),(-16.8242,15.4259)]
triangle[(5.17723,5.16178),(18.6783,-19.2955),(47.4575,-3.40856)]
triangle[(18.5356,-17.8186),(-10.7733,-1.26979),(-41.4876,-55.6664)]
triangle[(-16.2397,3.6671),(17.2066,3.87636),(16.8424,62.0768)]
triangle[(10.0254,-6.24712),(1.7154,13.6124),(-29.6024,0.507756)]
triangle[(2.61895,4.10541),(9.91437,-13.7864),(37.6606,-2.47285)]
triangle[(3.98125,-20.4191),(-15.04,16.4214),(-76.3745,-15.2464)]
triangle[(18.6072,-0.923551),(19.4497,2.11587),(16.2835,2.99359)]
triangle[(2.45518,-9.76208),(-20.4825,12.9314),(-58.6038,-25.6002)]
triangle[(-12.4904,-14.7357),(-12.0111,7.97943),(-48.1654,8.74231)]
triangle[(-19.5085,3.29033),(18.062,-6.25192),(31.5766,46.9587)]
triangle[(-2.13605,-14.6428),(-7.28016,8.57736),(-51.07,-1.12369)]
triangle[(-10.3474,-16.8262),(-10.4783,10.2909),(-37.9892,10.1581)]
triangle[(10.0761,-16.2),(2.30737,-18.2938),(6.1041,-32.3809)]
triangle[(-15.2713,-14.3052),(-6.91343,-8.16585),(-14.1588,1.69767)]
triangle[(-17.9399,8.53921),(-14.1829,1.6855),(-2.32688,8.18457)]
triangle[(6.43073,18.3579),(2.32842,8.83676),(13.8834,3.85816)]
triangle[(-16.593,11.1923),(2.36869,19.4174),(-10.7482,49.6564)]
triangle[(5.81089,3.54721),(-9.66309,14.9057),(-27.9217,-9.96839)]
triangle[(-11.4476,-5.00591),(-2.42574,-1.14114),(-7.3078,10.2555)]
triangle[(-4.68927,-15.0463),(17.3008,-16.6957),(19.1495,7.95254)]
triangle[(0.293127,-19.965),(-12.8055,4.9689),(-47.3586,-13.183)]
triangle[(17.663,1.83091),(-5.38921,6.485),(-13.8465,-35.4049)]
triangle[(-10.8604,11.2264),(-15.1605,-2.92448),(2.01891,-8.14484)]
triangle[(-18.6859,0.833279),(8.28956,5.77125),(-0.310326,52.7511)]
triangle[(18.566,18.6826),(19.5415,8.68272),(38.1453,10.4975)]
triangle[(9.4832,-20.4967),(13.0348,1.95784),(-27.642,8.39172)]
triangle[(-15.2248,6.88528),(11.9978,-2.27318),(29.4332,49.5519)]
triangle[(1.79174,-6.89583),(-8.18264,-1.55902),(-14.0531,-12.5309)]
triangle[(-5.62737,-17.3283),(18.9082,8.26505),(-15.846,41.5827)]
triangle[(-12.5028,5.53491),(-4.95095,-17.0959),(32.4455,-4.61674)]
triangle[(-8.26513,0.486694),(-19.6465,1.21295),(-20.4915,-12.029)]
triangle[(-13.0877,14.368),(-14.9215,-10.2243),(15.3191,-12.4793)]
triangle[(-10.0986,14.0084),(1.48819,5.54555),(16.4363,26.0116)]
triangle[(-19.1449,-4.22972),(-4.82888,-12.6987),(7.45838,8.07191)]
triangle[(-18.2835,5.96071),(10.1741,13.236),(-4.31334,69.9047)]
triangle[(18.6937,-18.0041),(19.7483,-15.0879),(15.0489,-13.3885)]
triangle[(-11.5558,-19.4577),(5.48768,8.26282),(-36.8867,34.316)]
triangle[(19.5955,-2.21096),(8.33115,12.9804),(-20.4551,-8.36456)]
triangle[(-20.8697,-13.2332),(1.28572,5.30958),(-17.9077,28.2424)]
triangle[(5.73226,11.9219),(-11.7354,12.109),(-12.056,-17.8269)]
triangle[(8.57562,-4.19512),(-0.688917,17.3717),(-24.2563,7.24774)]
triangle[(3.48565,5.53148),(-5.16902,12.6361),(-16.9436,-1.70726)]
triangle[(-10.6732,-13.7246),(-20.9105,-6.92115),(-33.4807,-25.8358)]
triangle[(1.84421,-2.5202),(8.9754,-19.1605),(26.9116,-11.4739)]
triangle[(-12.3473,-3.86105),(-14.8426,-0.240771),(-18.7622,-2.94239)]
triangle[(13.6289,-12.113),(-15.4593,9.45749),(-38.3281,-21.3815)]
triangle[(-11.1405,-1.62757),(-20.1827,5.19449),(-28.6477,-6.02534)]
triangle[(-11.1063,7.56637),(-12.9258,-11.1685),(6.80301,-13.0845)]
triangle[(1.01989,0.991845),(8.66151,13.2443),(-11.4633,25.7958)]
triangle[(-9.89644,-2.54506),(-11.1003,13.6092),(-27.6451,12.3763)]
triangle[(-5.09653,9.79451),(13.8961,18.1484),(1.33882,46.6977)]
triangle[(11.9255,12.703),(4.45438,10.0992),(9.19997,-3.5176)]
triangle[(-7.81452,-1.23999),(-5.37059,-3.77481),(-1.21805,0.228824)]
triangle[(-8.28226,-19.52),(19.9827,5.13186),(-20.4309,51.4687)]
triangle[(-1.66355,8.48221),(4.5598,15.4152),(-6.8805,25.6845)]
triangle[(-3.51329,19.5321),(14.4708,5.51576),(33.8201,30.3425)]
triangle[(-19.1951,-18.8553),(13.9131,20.9558),(-34.8225,61.4858)]
triangle[(-6.53082,-10.3767),(20.18,9.30666),(-1.42161,38.6207)]
triangle[(-19.6196,-18.4277),(-3.54443,-14.9031),(-10.56,17.0936)]
triangle[(20.5611,3.65375),(1.03383,-7.83028),(20.2228,-40.4588)]
triangle[(6.68007,-4.16896),(-18.0297,0.0898593),(-22.4437,-25.5202)]
triangle[(-19.8427,17.4241),(18.4707,18.9488),(16.4433,69.8926)]
triangle[(-2.26807,17.0914),(-11.0839,-8.2664),(18.2311,-18.4579)]
triangle[(7.72027,-0.578002),(-7.94365,16.8447),(-32.9125,-5.60375)]
triangle[(12.3919,1.71023),(8.48716,18.2115),(-21.8586,11.0306)]
triangle[(-2.44748,10.5247),(4.98868,-0.517207),(17.4737,7.89083)]
triangle[(-1.67174,-3.90804),(9.69515,4.35428),(-6.304,26.3651)]
triangle[(-11.1105,-8.36291),(-11.3203,6.10629),(-33.5281,5.78428)]
triangle[(1.68997,6.51149),(3.89533,-9.81915),(21.0524,-7.5022)]
triangle[(16.8899,-19.1679),(19.3962,-1.56165),(-13.1316,3.06873)]
triangle[(20.9315,-4.87532),(20.8023,-12.5888),(31.2237,-12.7633)]
triangle[(-6.10792,-13.2899),(11.5887,-17.8873),(20.1702,15.1445)]
triangle[(-4.0605,16.4159),(18.056,-14.1552),(70.3323,23.6638)]
triangle[(20.0431,12.7928),(-9.7569,8.67498),(-2.88063,-41.0874)]
triangle[(-7.87501,8.08266),(-3.18132,18.9538),(-18.6499,25.6324)]
triangle[(17.9159,14.7693),(-9.43228,9.27877),(-3.92025,-18.1767)]
triangle[(14.2479,18.2447),(12.9706,6.17609),(35.7167,3.76881)]
triangle[(10.0753,-19.644),(-5.36739,4.36408),(-46.3974,-22.0277)]
triangle[(-17.3455,-17.6868),(14.9586,5.50704),(-14.6826,46.7909)]
triangle[(-8.04336,18.1441),(5.79927,-2.81395),(44.4249,22.698)]
triangle[(-8.80308,10.4934),(18.5325,-17.2232),(52.2894,16.0697)]
triangle[(-8.98529,2.64354),(4.63262,18.08),(-18.0377,38.0796)]
triangle[(-0.477005,-12.1982),(-10.8077,3.77657),(-30.7118,-9.0952)]
triangle[(12.694,-0.293993),(-6.21076,16.3672),(-28.3621,-8.76699)]
triangle[(-20.6293,-3.15009),(-2.42705,-3.06818),(-2.55505,25.377)]
triangle[(-20.7098,-5.14681),(-14.5796,14.5301),(-46.3211,24.419)]
triangle[(10.5627,15.9157),(5.26005,9.35956),(14.1104,2.20145)]
triangle[(16.8878,4.76298),(-3.82028,-18.586),(41.1878,-58.5034)]
triangle[(12.7837,19.1991),(-4.45525,3.92243),(11.1388,-13.6745)]
triangle[(19.2996,8.90666),(-4.79252,20.7236),(-16.6262,-3.40272)]
triangle[(17.0135,19.8272),(15.4698,-11.7762),(71.174,-14.4971)]
triangle[(-11.4272,18.4244),(14.4689,-4.22888),(50.0001,36.3886)]
triangle[(-16.4764,-14.0385),(-0.378669,14.3081),(-52.828,44.0935)]
triangle[(-2.62456,13.5585),(15.0594,6.81505),(23.8364,29.8318)]
triangle[(17.9416,7.19108),(3.18818,-10.0448),(27.1435,-30.5498)]
triangle[(14.1092,-6.94579),(8.1625,-4.13991),(2.90589,-15.2806)]
triangle[(5.32225,17.6867),(-20.5042,-19.6507),(24.4177,-50.7234)]
triangle[(-19.5734,15.4422),(3.96056,-7.19561),(27.8154,17.6036)]
triangle[(-9.91054,3.30116),(-14.5688,20.6003),(-36.7029,14.6401)]
triangle[(-1.096,-4.91254),(20.2523,0.745824),(14.3933,22.8512)]
triangle[(-10.8676,-5.45924),(0.104228,13.6085),(-32.8931,32.5955)]
triangle[(-12.8943,-11.1983),(-7.39729,3.84889),(-34.188,13.6359)]
triangle[(-1.85313,17.4909),(10.824,-9.57382),(64.3161,15.4819)]
triangle[(18.4703,1.35788),(0.143553,12.6979),(-21.1936,-21.7854)]
triangle[(7.44536,-17.2762),(14.7924,18.2963),(-43.7779,30.3932)]
triangle[(-4.32536,4.1109),(17.2181,7.16577),(13.5739,32.8652)]
triangle[(-3.4679,-14.3441),(13.53,-8.26807),(5.02606,15.5218)]
triangle[(4.61481,4.26221),(-4.42185,18.3),(-21.226,7.48259)]
triangle[(-7.54433,-14.9668),(13.9443,-16.4365),(15.6748,8.86532)]
triangle[(-16.2436,-1.15099),(-19.6968,-2.04036),(-18.4676,-6.81315)]
triangle[(3.29943,0.308848),(-18.0493,-0.8566),(-16.1646,-35.3799)]
triangle[(13.6515,4.57916),(19.0062,-9.80913),(44.0982,-0.470941)]
triangle[(-19.8552,3.13213),(-17.9573,-8.12145),(1.27522,-4.87799)]
triangle[(18.212,-11.8434),(8.42668,-13.0575),(10.4965,-29.7394)]
triangle[(3.35773,1.19812),(18.482,-7.84168),(31.7868,14.4182)]
triangle[(-6.72746,-6.57479),(-15.7719,-0.0566226),(-27.8904,-16.872)]
triangle[(0.438388,19.0636),(17.0707,-5.35443),(43.5894,12.7087)]
triangle[(13.1669,19.2367),(-14.5351,-12.7107),(37.6224,-57.937)]
triangle[(-10.0564,4.26456),(-3.33091,12.9958),(-12.6025,20.1375)]
triangle[(19.7032,5.963),(-6.10359,20.4745),(-33.7915,-28.7646)]
triangle[(0.189633,0.467263),(-8.73565,-8.73538),(9.33406,-26.2605)]
triangle[(0.97007,17.9559),(-15.3549,-15.064),(28.4032,-36.6979)]
triangle[(-13.7281,4.42247),(-6.72485,-3.44329),(3.0383,5.24924)]
triangle[(12.032,-14.5641),(9.66771,3.48593),(-15.1163,0.23958)]
triangle[(-8.4769,4.00113),(16.5182,13.4371),(5.68455,42.1343)]
triangle[(-0.398722,13.9066),(-9.09216,-4.44459),(9.99247,-13.4855)]
triangle[(16.1877,15.1964),(-13.8216,-20.078),(44.1663,-69.4106)]
triangle[(2.57708,-7.09266),(1.99241,-0.378569),(-9.31001,-1.36279)]
triangle[(19.5701,-15.5668),(-19.6192,12.2777),(-66.5584,-53.786)]
triangle[(5.01155,-4.27697),(18.1426,-1.20454),(12.6071,22.4532)]
triangle[(4.87078,-13.7466),(-7.50406,11.1878),(-47.6843,-8.7534)]
triangle[(18.5828,5.09349),(4.81278,-10.961),(21.4867,-25.2623)]
triangle[(-7.64855,9.74272),(15.7091,-8.71635),(48.2096,32.4089)]
triangle[(-17.6967,-2.06821),(5.27774,-19.6898),(23.9081,4.59989)]
triangle[(-6.4053,10.7099),(-15.9265,-16.6958),(29.0932,-32.3363)]
triangle[(0.185589,17.4281),(12.5301,1.91814),(30.9471,16.5763)]
triangle[(14.8076,15.3059),(14.0517,-19.2291),(77.3536,-20.6146)]
triangle[(-0.994314,19.397),(5.06984,-9.64934),(53.0147,0.360346)]
triangle[(-2.19479,-5.06923),(-16.5279,10.5851),(-33.667,-5.10759)]
triangle[(5.995,-17.6696),(-15.9017,-19.6881),(-13.2066,-48.9242)]
triangle[(1.77021,-0.968565),(-14.9947,-5.81316),(-9.32697,-25.4267)]
triangle[(-18.5388,13.2993),(3.22517,-10.1637),(47.5271,30.93)]
triangle[(19.8469,-7.55942),(3.55962,13.3946),(-28.3101,-11.3773)]
triangle[(19.2686,3.90898),(1.58466,0.179989),(8.7102,-33.6115)]
triangle[(10.6747,6.21993),(-10.1593,3.97846),(-6.10757,-33.6812)]
triangle[(2.73554,-15.229),(-12.1603,-14.4246),(-13.4408,-38.1358)]
triangle[(-16.353,-6.81693),(5.93933,-8.08581),(7.81303,24.8322)]
triangle[(1.76166,-19.7771),(2.54272,-11.5491),(-9.3571,-10.4195)]
triangle[(14.0621,-10.6722),(7.31953,-3.44577),(-2.47848,-12.5877)]
triangle[(15.0967,-7.92507),(10.4606,19.3431),(-42.7105,10.3029)]
triangle[(12.3466,19.2085),(3.94455,10.6548),(14.7153,0.074983)]
triangle[(7.28163,7.12647),(19.8611,-20.9745),(63.7036,-1.34825)]
triangle[(-6.68375,1.71326),(7.57111,-19.2757),(42.2347,4.26638)]
triangle[(-1.3585,-14.1926),(-11.7609,17.7954),(-68.8751,-0.778024)]
triangle[(9.68748,-6.16603),(-1.37324,16.9335),(-26.3947,4.9525)]
triangle[(-11.6063,-8.94498),(-20.7996,-1.42364),(-29.2699,-11.7768)]
triangle[(-1.66556,-11.5799),(2.95468,16.1846),(-39.3521,23.2248)]
triangle[(6.89803,6.96904),(-3.60683,9.81729),(-8.42413,-7.94983)]
triangle[(17.6579,6.65924),(13.0918,-16.1057),(48.2447,-23.1565)]
triangle[(-12.4916,-19.1378),(7.66176,11.9926),(-26.1668,33.8927)]
triangle[(-10.9775,4.50492),(2.02369,-18.6364),(44.2482,5.08601)]
triangle[(-20.8244,-13.6689),(13.8706,1.9558),(-14.2658,64.433)]
triangle[(-14.1523,10.9923),(-4.03118,-2.27307),(22.1651,17.7141)]
triangle[(4.15424,-6.20695),(-19.3104,15.8793),(-55.5913,-22.6659)]
triangle[(14.2886,-12.3334),(12.7877,-3.00126),(2.88884,-4.59336)]
triangle[(-19.7908,-19.2021),(9.66224,-7.91953),(-8.81255,40.3085)]
triangle[(-12.7098,-2.07371),(-8.28764,-4.98938),(-3.74546,1.89969)]
triangle[(-10.5922,3.61519),(-9.0108,-8.74041),(10.167,-6.28578)]
triangle[(-13.0134,-0.535653),(-4.31148,-19.0292),(19.1629,-7.98371)]
triangle[(-14.6165,18.2095),(16.989,3.5277),(33.0397,38.0801)]
triangle[(8.14139,-1.85159),(1.59359,-8.7918),(10.6532,-17.3392)]
triangle[(3.24965,-18.5535),(9.7303,12.327),(-29.2249,20.5023)]
triangle[(-13.9273,6.75619),(1.16015,-12.7697),(35.6449,13.8762)]
triangle[(-6.22927,-11.7836),(-16.1853,-10.792),(-17.2602,-21.5844)]
triangle[(-14.8295,16.3442),(4.32187,12.7637),(8.88488,37.17)]
triangle[(-8.78511,12.4502),(-3.05646,19.7664),(-11.7571,26.5791)]
triangle[(4.55859,-18.5438),(-2.46768,-4.88729),(-22.2342,-15.0571)]
triangle[(13.5799,19.1749),(-8.64249,-6.4019),(21.7738,-32.8291)]
triangle[(-5.992,8.59478),(-12.359,-10.7688),(12.2562,-18.8626)]
triangle[(-12.8757,5.09268),(-3.38867,3.15327),(-1.03465,14.6684)]
triangle[(20.7368,-9.98356),(-13.775,13.021),(-46.8946,-36.6654)]
triangle[(-11.7373,1.46033),(11.7754,-8.05024),(22.884,19.4131)]
triangle[(-19.5913,4.00485),(19.4771,-8.70617),(43.0117,63.6296)]
triangle[(-7.75094,-17.5879),(-8.52527,-0.70377),(-42.0794,-2.24262)]
triangle[(-8.60064,-2.62559),(-8.82049,-15.1734),(13.1467,-15.5583)]
triangle[(-10.5733,-10.0485),(15.5562,-4.19524),(7.63497,31.1661)]
triangle[(-17.3664,-9.24048),(15.8418,-11.3465),(18.2147,26.0705)]
triangle[(7.35212,-6.99053),(11.9713,8.89764),(-11.6617,15.7684)]
triangle[(-9.20925,-7.13004),(-16.1878,-8.80211),(-13.527,-19.907)]
triangle[(-17.4595,-13.7351),(-9.71693,-16.5013),(-6.22868,-6.73783)]
triangle[(-13.3128,-17.8123),(3.41026,-9.73082),(-10.3713,18.7876)]
triangle[(-2.15336,-10.44),(12.3106,-6.91136),(7.1592,14.2039)]
triangle[(14.1553,-2.49355),(-9.37794,14.3784),(-27.5818,-11.0126)]
triangle[(19.1948,20.5223),(9.85689,19.2949),(11.3711,7.77485)]
triangle[(-0.418727,13.6942),(-0.324222,-5.75691),(21.4211,-5.65126)]
triangle[(-19.2993,3.89138),(7.25742,13.5575),(-6.8722,52.3773)]
triangle[(-13.5825,5.0827),(-3.63014,-18.1571),(38.8006,0.0136924)]
triangle[(10.5899,9.15987),(-4.8108,-1.0366),(6.84661,-18.6439)]
triangle[(3.18809,-19.013),(15.7871,14.4361),(-34.3438,33.3184)]
triangle[(19.8561,0.171477),(2.55551,15.8905),(-14.8432,-3.25874)]
triangle[(20.7162,-7.38739),(18.5777,-10.1191),(23.5173,-13.986)]
triangle[(-12.9645,-7.30129),(9.98278,-8.1032),(11.3917,32.2135)]
triangle[(-16.147,19.8215),(15.0937,20.6507),(13.6926,73.4379)]
triangle[(4.0274,12.3563),(19.1174,8.90165),(23.9091,29.8318)]
triangle[(-15.24,-20.1777),(-14.0097,2.62703),(-54.1031,4.79014)]
triangle[(-0.796452,10.3711),(-7.85812,9.24119),(-6.28421,-0.595731)]
triangle[(-4.77163,-13.4472),(11.9626,11.8379),(-13.4498,28.6564)]
triangle[(-7.4627,-7.23838),(19.1342,-10.9937),(23.6107,20.7103)]
triangle[(-2.83301,8.24268),(0.765319,-16.2347),(48.2723,-9.25091)]
triangle[(3.07418,11.7208),(-17.0298,14.8556),(-21.6232,-14.6034)]
triangle[(-12.2687,13.8474),(1.3837,8.37854),(12.164,35.2902)]
triangle[(-5.86427,-10.2556),(14.6769,-3.81262),(6.41551,22.5262)]
triangle[(-2.53968,18.3688),(-12.7144,-16.3137),(30.7582,-29.0671)]
triangle[(18.5082,4.60825),(-12.3349,12.7458),(-27.6822,-45.424)]
triangle[(20.0008,-7.96094),(13.8149,3.66466),(-4.07669,-5.85528)]
triangle[(-14.5234,13.7492),(18.4304,20.4907),(9.30819,65.0818)]
triangle[(-3.64906,12.9855),(-12.3189,6.35317),(-2.80901,-6.07829)]
triangle[(-10.6956,-14.2974),(2.51123,18.5119),(-38.8286,35.1526)]
triangle[(13.2646,12.0696),(-7.90197,4.5161),(3.91066,-28.5857)]
triangle[(3.90039,14.8805),(-1.20177,-10.845),(40.0113,-19.0188)]
triangle[(5.98685,-4.78735),(-5.10204,2.60769),(-12.9878,-9.217)]
triangle[(-0.595317,9.37366),(13.0796,16.5832),(0.452633,40.5338)]
triangle[(0.323711,8.95172),(18.1863,-0.397319),(29.1078,20.4696)]
triangle[(9.07758,2.33398),(7.76893,-6.65536),(17.8154,-8.11791)]
triangle[(-18.3551,18.7539),(14.3853,-11.6803),(51.6537,28.4122)]
triangle[(7.88095,5.00352),(18.6679,-18.1236),(50.0502,-3.4863)]
triangle[(8.81622,-5.81274),(11.1858,9.55552),(-15.1362,13.614)]
triangle[(16.7733,-8.29961),(9.60584,14.3854),(-21.0174,4.70975)]
triangle[(6.88354,-0.236468),(-4.43,-9.14651),(9.40762,-26.7168)]
triangle[(-14.0073,7.58585),(-4.20555,-3.66216),(14.1556,12.3381)]
triangle[(17.3442,-1.85063),(-6.93365,5.08167),(-14.1052,-20.0341)]
triangle[(-12.0594,13.0244),(3.5829,0.879915),(22.1185,24.7543)]
triangle[(10.7828,-12.3577),(-19.2196,-13.6253),(-17.8306,-46.4994)]
triangle[(-3.23964,17.5101),(-14.0161,-7.14081),(26.5239,-24.8634)]
triangle[(-7.35668,-4.80442),(8.89938,-14.5216),(22.9335,8.9564)]
triangle[(-8.78723,-6.74227),(8.08789,15.802),(-18.9857,36.0675)]
triangle[(10.573,7.48365),(11.9578,5.47541),(14.9899,7.56632)]
triangle[(-13.3941,-9.45272),(-17.5373,-13.47),(-10.3364,-20.8967)]
triangle[(17.9193,-1.36704),(-10.4141,-8.91794),(2.77221,-58.397)]
triangle[(17.915,-12.61),(-12.6499,-15.2502),(-7.99436,-69.1461)]
triangle[(-10.5384,19.0174),(-18.8567,4.43412),(3.55069,-8.34712)]
triangle[(-1.08617,-0.582593),(12.0373,-17.1759),(34.753,0.789803)]
triangle[(-9.13118,17.7291),(-11.0124,19.4452),(-14.089,16.0727)]
triangle[(8.42173,-17.7253),(-15.8128,14.0147),(-64.2918,-23.0007)]
triangle[(5.94309,-17.7237),(-15.2243,13.6374),(-57.5062,-14.9011)]
triangle[(19.473,-3.74305),(5.28972,-8.77864),(12.2195,-28.2972)]
triangle[(-2.88615,-12.2907),(-5.01083,-1.8685),(-18.6659,-4.65223)]
triangle[(6.9155,11.6609),(18.9834,-4.67772),(35.3461,7.40803)]
triangle[(-10.0742,8.28306),(20.3943,20.4996),(4.39926,60.3917)]
triangle[(12.3416,-0.543256),(16.7313,7.57205),(1.19046,15.9784)]
triangle[(-4.89207,6.63711),(-16.1653,-5.67519),(0.773675,-21.1847)]
triangle[(19.0961,18.249),(-1.46756,9.63554),(7.15222,-10.9433)]
triangle[(8.21135,16.9657),(-4.87353,1.5379),(14.4415,-14.8439)]
triangle[(11.9402,19.5119),(-10.042,-6.93394),(28.9639,-39.3563)]
triangle[(-0.290382,-5.97283),(3.83896,9.85817),(-26.4186,17.7505)]
triangle[(-13.1623,19.3929),(12.0483,15.8224),(17.0195,50.9234)]
triangle[(-18.4233,-13.4525),(8.81599,-11.9405),(6.25364,34.2238)]
triangle[(-20.6172,-16.4183),(0.97411,-13.0536),(-5.00762,25.3316)]
triangle[(-5.03041,0.476166),(17.8706,3.20729),(14.4734,31.6936)]
triangle[(0.951319,-8.01019),(-16.0659,10.2374),(-40.1273,-12.2017)]
triangle[(-10.5446,20.5235),(17.499,-5.77248),(63.1504,42.9129)]
triangle[(17.9581,-0.403331),(2.44791,3.16162),(-3.55758,-22.9667)]
triangle[(9.91139,-13.3525),(-16.8979,14.0957),(-56.7989,-24.8766)]
triangle[(-10.4704,-2.20265),(-13.2813,-19.3385),(5.91887,-22.4881)]
triangle[(15.5083,6.44952),(17.27,-17.8846),(64.4619,-14.4682)]
triangle[(1.76048,3.47258),(-15.1763,10.1582),(-22.2824,-7.84359)]
triangle[(-8.65916,-5.23481),(-16.9985,-10.3642),(-9.21316,-23.0217)]
triangle[(-16.6488,-1.02805),(-16.1411,-3.29051),(-13.0185,-2.58974)]
triangle[(-16.302,-7.36655),(16.1683,-7.25307),(15.9877,44.4247)]
triangle[(-3.50817,12.5504),(19.3207,17.1052),(13.338,47.0907)]
triangle[(20.0727,15.7031),(-1.83519,-15.597),(56.4643,-56.4025)]
triangle[(-14.3392,9.74733),(-20.8968,2.66565),(-9.20036,-8.16517)]
triangle[(9.03022,3.14262),(-20.1079,-19.8725),(23.2491,-74.7644)]
triangle[(-11.9409,18.671),(-20.7187,-3.05802),(4.93439,-13.4211)]
triangle[(13.992,-11.0529),(-20.3469,18.3124),(-60.8591,-29.0613)]
triangle[(16.5382,-18.0607),(13.3383,-15.4748),(9.71688,-19.956)]
triangle[(12.6096,-18.5009),(-20.9111,-13.9059),(-26.815,-56.9747)]
triangle[(1.02124,20.2074),(-15.6008,-8.30946),(39.4184,-40.3792)]
triangle[(12.9812,16.0811),(19.7305,14.5249),(22.3726,25.9844)]
triangle[(-1.73012,-15.5536),(0.582967,-9.80087),(-7.45573,-6.56861)]
triangle[(-12.4828,14.22),(-4.11926,16.6483),(-8.11631,30.4154)]
triangle[(-2.47047,14.4026),(-20.1451,2.61659),(2.39186,-31.1804)]
triangle[(3.7619,-5.48817),(18.5189,-14.6953),(35.8299,13.0504)]
triangle[(3.73584,-4.21132),(7.1435,18.1793),(-27.0458,23.3826)]
triangle[(9.30175,15.3528),(-18.7472,13.7052),(-16.4257,-25.8156)]
triangle[(19.6062,13.2608),(20.927,9.82024),(25.0444,11.4009)]
triangle[(2.33791,9.51405),(11.6575,-0.72112),(24.3185,10.8073)]
triangle[(-10.1055,-16.1371),(-10.3623,14.8858),(-49.2655,14.5638)]
triangle[(17.3939,15.2393),(9.11486,14.6624),(9.71423,6.06128)]
triangle[(8.68571,-2.59365),(0.785527,5.84752),(-8.49432,-2.83759)]
triangle[(-6.91462,13.1354),(19.5727,-4.49468),(43.1609,30.944)]
triangle[(-9.27159,13.0722),(12.782,-0.187492),(26.1713,22.0817)]
triangle[(17.9501,5.77073),(4.40864,11.1456),(-6.05525,-15.217)]
triangle[(-11.2339,-2.90094),(-6.66314,3.30557),(-16.5694,10.601)]
triangle[(-19.7342,12.0441),(7.98626,5.86166),(16.2137,42.7516)]
triangle[(15.871,17.6441),(3.69392,11.2873),(12.0004,-4.62468)]
triangle[(8.25196,3.98468),(2.02869,-3.73001),(10.6775,-10.7068)]
triangle[(14.4455,20.3071),(-16.3747,7.03777),(6.55218,-46.2136)]
triangle[(-15.4592,-14.7876),(-10.4597,-11.1862),(-14.136,-6.08264)]
triangle[(6.35096,-15.0213),(6.70822,18.2425),(-51.1957,18.8645)]
triangle[(-6.3102,17.5907),(-17.3113,-14.2422),(30.7063,-30.8366)]
triangle[(1.98671,-12.2559),(-0.946859,9.44302),(-32.762,5.1418)]
triangle[(19.4932,-9.06437),(2.17066,-13.1534),(9.27399,-43.2456)]
triangle[(-13.342,18.6093),(-5.01967,5.94195),(14.1138,18.5125)]
triangle[(17.1971,7.96429),(4.02133,10.5689),(-0.794999,-13.7956)]
triangle[(3.14733,1.99007),(-6.38843,16.8386),(-23.6331,5.76404)]
triangle[(20.7333,9.49633),(15.186,11.0752),(12.9087,3.0736)]
triangle[(-11.5929,-14.952),(-20.963,17.925),(-79.8139,1.15226)]
triangle[(2.38649,14.4503),(-11.9591,5.01836),(4.69602,-20.3133)]
triangle[(-15.9857,14.106),(13.6984,14.8469),(12.3988,66.9165)]
triangle[(11.273,20.2377),(-11.698,6.61422),(6.94798,-24.8254)]
triangle[(4.67112,8.01934),(-15.0724,-8.0678),(3.74079,-31.1569)]
triangle[(19.9715,-18.5661),(-4.53817,10.1326),(-53.2297,-31.4515)]
triangle[(12.3289,-16.8469),(4.38744,18.4487),(-44.1914,7.51851)]
triangle[(9.75071,-5.62247),(5.11798,1.56796),(-5.82337,-5.48145)]
triangle[(-14.0935,-17.5133),(-14.6367,-3.60998),(-28.9735,-4.17017)]
triangle[(1.68106,15.6291),(10.4595,19.5446),(4.93726,31.9254)]
triangle[(8.60508,-14.5439),(-14.8694,15.6556),(-53.1247,-14.0808)]
triangle[(-15.4006,-0.662706),(13.9403,-2.07432),(16.2673,46.2926)]
triangle[(0.477139,-8.47849),(7.39744,-4.00381),(1.75093,4.72878)]
triangle[(-16.5763,-2.87771),(-7.20116,-2.61122),(-7.56685,10.254)]
triangle[(3.91154,-11.7184),(-7.30675,17.9535),(-41.9186,4.86744)]
triangle[(-6.55615,5.47356),(12.1462,-10.6866),(40.7989,22.4736)]
triangle[(-6.00399,6.73316),(14.6499,16.1577),(1.87884,44.1454)]
triangle[(11.3565,18.4069),(4.33388,14.7344),(9.57569,4.71092)]
triangle[(13.3986,-20.7222),(8.63489,-13.8182),(0.787687,-19.2328)]
triangle[(17.9195,-15.7466),(4.54924,4.31334),(-33.0336,-20.7363)]
triangle[(17.4403,-9.26998),(-8.54013,5.65426),(-29.5525,-30.9245)]
triangle[(18.373,-15.0957),(-19.8548,-13.0012),(-22.8151,-67.0308)]
triangle[(7.72102,-12.7447),(-6.69996,8.74293),(-37.5501,-11.9616)]
triangle[(-14.3899,20.524),(-15.5299,18.5188),(-13.1331,17.1561)]
triangle[(20.0698,-14.3118),(7.3824,-14.108),(7.17057,-27.2969)]
triangle[(-19.3312,6.68388),(12.677,19.5815),(-1.99423,55.9913)]
triangle[(-13.2617,12.924),(-11.1808,-4.84432),(8.24414,-2.56938)]
triangle[(-6.8612,12.1659),(18.6265,6.2147),(27.1328,42.6456)]
triangle[(3.09519,-17.912),(-8.45599,15.3842),(-74.9316,-7.67765)]
triangle[(1.22374,11.16),(-2.97825,3.91581),(10.9543,-4.16575)]
triangle[(12.2816,-17.7685),(10.0994,11.1898),(-40.54,7.37394)]
triangle[(-10.3554,1.70302),(8.4856,18.3745),(-24.002,55.0899)]
triangle[(-3.25783,-4.60874),(-13.9982,-4.75967),(-13.72,-24.5571)]
triangle[(-0.032463,-2.66357),(-6.33352,-0.626064),(-8.49384,-7.30691)]
triangle[(-19.7683,19.9548),(-1.46769,-5.49181),(40.8187,24.9196)]
triangle[(15.9026,-1.25991),(-20.2017,0.212487),(-22.0915,-46.1262)]
triangle[(18.5311,-12.4854),(0.133984,10.7369),(-27.1914,-10.9107)]
triangle[(17.8385,-3.5216),(18.5062,12.6355),(-12.6815,13.9243)]
triangle[(13.0252,-12.9784),(10.2341,18.4857),(-45.2666,13.5624)]
triangle[(11.3668,-3.3223),(-20.45,-18.7974),(9.86677,-81.1286)]
triangle[(-18.4534,19.4685),(-14.1953,-5.66026),(12.8079,-1.08455)]
triangle[(-16.8854,-11.8176),(5.21174,1.80768),(-15.6577,35.6532)]
triangle[(19.609,-18.6693),(-4.67474,-17.4527),(-6.67534,-57.3836)]
triangle[(-19.3351,5.12137),(7.20155,-0.990955),(14.593,31.099)]
triangle[(1.05697,2.90809),(-2.26008,-15.6177),(30.9329,-21.5609)]
triangle[(-10.7452,-11.5237),(-15.9699,3.9426),(-45.8312,-6.14499)]
triangle[(14.343,2.69082),(-14.8506,-3.97685),(-6.37809,-41.073)]
triangle[(-7.60826,7.63195),(-18.6696,-4.23353),(-5.11445,-16.8701)]
triangle[(16.0038,10.5024),(-3.66405,11.5946),(-4.92168,-11.0526)]
triangle[(16.2226,-2.79463),(13.8741,12.2588),(-5.97884,9.1615)]
triangle[(8.51683,-16.4493),(6.39885,13.8745),(-28.3964,11.4442)]
triangle[(-0.97416,14.1926),(-9.20624,-5.79816),(11.8698,-14.4771)]
triangle[(-5.42152,16.2811),(6.87897,-2.52204),(41.7117,20.2645)]
triangle[(5.46319,-2.39513),(18.755,14.9353),(-13.5174,39.687)]
triangle[(-16.1618,-1.97015),(18.8113,-12.0613),(31.3221,31.2976)]
triangle[(19.4864,-4.5093),(17.5317,19.0048),(-27.7951,15.2368)]
triangle[(-9.65418,-18.9155),(-16.3217,6.73003),(-49.4608,-1.88576)]
triangle[(10.1619,12.8075),(9.72897,-14.5809),(51.5721,-15.2423)]
triangle[(-19.4274,20.6433),(-14.5691,3.4101),(8.71112,9.97305)]
triangle[(-19.1426,-12.9543),(12.0879,-5.34313),(2.66587,33.3176)]
triangle[(-18.7265,-6.07289),(11.5864,12.6807),(-25.0123,71.8379)]
triangle[(-3.67973,10.7221),(-18.0876,9.81517),(-16.731,-11.7371)]
triangle[(1.33447,-7.45371),(20.0748,6.19275),(-6.40651,42.5588)]
triangle[(18.015,-0.878815),(-18.7836,13.3135),(-45.408,-55.7197)]
triangle[(-10.739,0.677157),(-8.05519,7.2751),(-15.1504,10.1612)]
triangle[(18.8609,-6.38457),(2.59455,16.5155),(-35.9067,-10.8327)]
triangle[(-17.7758,-11.299),(-6.64244,-14.377),(-1.18023,5.37978)]
triangle[(-1.08395,12.9382),(-19.1816,2.27853),(-0.260961,-29.8441)]
triangle[(4.52583,10.4218),(5.65901,5.35735),(14.5378,7.34402)]
triangle[(14.9331,-8.78175),(7.33417,0.196782),(-7.46962,-12.3323)]
triangle[(2.60759,20.2777),(15.0871,-9.64433),(58.5111,8.4664)]
triangle[(5.30379,-16.325),(1.82441,5.16889),(-28.675,0.231723)]
triangle[(-17.6893,-10.739),(10.1787,-7.10234),(6.07509,24.3441)]
triangle[(-9.0302,14.314),(4.11651,12.2089),(7.31813,32.203)]
triangle[(-2.83379,1.06998),(6.23277,19.8097),(-26.65,35.7189)]
triangle[(8.49336,-9.87314),(-6.25851,-7.30474),(-10.8609,-33.739)]
triangle[(9.41563,3.55762),(11.6575,18.3555),(-14.8608,22.3731)]
triangle[(15.7872,-0.555743),(14.0797,15.6201),(-15.4308,12.505)]
triangle[(18.8529,-6.29739),(13.6341,-17.8544),(27.0822,-23.9272)]
triangle[(16.2129,-16.6207),(-20.8058,-20.5719),(-15.8384,-67.1112)]
triangle[(-4.12732,-19.1554),(-19.3466,13.4856),(-59.0828,-5.04193)]
triangle[(5.24642,13.3615),(-4.32118,-0.773296),(18.9527,-16.5269)]
triangle[(6.21589,-7.08908),(8.97412,7.95829),(-19.5034,13.1783)]
triangle[(7.54654,-4.4116),(2.08881,4.02139),(-11.44,-4.7343)]
triangle[(10.0474,1.42395),(-17.2824,-9.25254),(-1.21993,-50.3693)]
triangle[(14.1938,14.3606),(-5.60832,-2.32711),(20.4618,-33.2629)]
triangle[(14.9591,17.7036),(-7.57392,-12.4984),(39.276,-47.452)]
triangle[(-4.90691,16.5346),(-2.21362,7.40419),(9.65474,10.9051)]
triangle[(-4.81632,16.3199),(10.9,-7.89197),(55.9975,21.3815)]
triangle[(-10.2841,-1.42463),(20.5375,-6.67111),(28.1937,38.3073)]
triangle[(6.07101,-4.3408),(1.52798,-19.4391),(17.6827,-24.3)]
triangle[(8.67509,17.2487),(-6.09226,2.66786),(14.9161,-18.6093)]
triangle[(-2.3652,-9.20905),(1.49399,16.6044),(-45.7901,23.6735)]
triangle[(17.4007,11.085),(-10.5453,-8.50831),(22.4168,-55.5222)]
triangle[(20.3042,-4.14795),(-8.64748,-13.3755),(1.89715,-46.4596)]
triangle[(7.98443,20.0981),(3.12174,-6.90428),(44.4108,-14.3398)]
triangle[(14.5678,-9.05917),(9.71854,-19.7508),(26.583,-27.3998)]
triangle[(-16.5494,-2.79151),(-5.09107,7.13689),(-18.0771,22.124)]
triangle[(-5.78795,8.15667),(6.93635,-4.3084),(31.6855,20.9554)]
triangle[(10.4077,12.0085),(11.2869,-14.0186),(53.5486,-12.5909)]
triangle[(-15.4769,-3.57452),(17.0036,-18.62),(41.367,33.9763)]
triangle[(-12.9179,12.8514),(20.4529,14.6125),(17.881,63.3459)]
triangle[(13.7534,-4.09308),(12.5823,5.77855),(-6.18308,3.55234)]
triangle[(12.7429,-11.2192),(13.5566,-19.3955),(22.0646,-18.5488)]
triangle[(-5.81514,8.3146),(19.2767,-5.73881),(35.449,23.1362)]
triangle[(-7.36862,5.49202),(-19.0717,10.8811),(-27.644,-7.73446)]
triangle[(4.56587,16.6772),(-13.1986,-16.0881),(25.4501,-37.0424)]
triangle[(11.778,6.40766),(16.61,5.91076),(17.3172,12.7882)]
triangle[(11.3723,10.9657),(18.7879,-19.8701),(58.6679,-10.2795)]
triangle[(1.17289,7.67899),(0.901378,-19.2735),(32.4631,-19.5915)]
triangle[(3.59611,2.04221),(-12.584,-12.3936),(14.7592,-43.0407)]
triangle[(12.6033,-4.75535),(-20.7186,5.13633),(-33.056,-36.4243)]
triangle[(14.0278,20.9448),(10.429,-2.56392),(40.3334,-7.14185)]
triangle[(-3.09743,-10.409),(-0.266563,-5.8167),(-5.06884,-2.8564)]
triangle[(-6.43832,18.0105),(4.16937,7.58912),(16.6214,20.2637)]
triangle[(-9.58074,-20.1181),(-8.85082,-6.17988),(-26.2356,-5.26947)]
triangle[(-8.36421,-10.3793),(9.88169,15.2804),(-31.2226,44.5086)]
triangle[(20.2204,15.3324),(8.93104,-0.526355),(36.6882,-20.2858)]
triangle[(12.0075,18.5004),(-3.77982,-8.24829),(34.5561,-30.8745)]
triangle[(-19.7551,12.9215),(4.36892,17.9208),(-2.90365,53.0145)]
triangle[(-18.4305,-3.38235),(-20.999,4.05781),(-33.9054,-0.39767)]
triangle[(4.61708,-20.2255),(5.19465,12.5324),(-43.8586,13.3973)]
triangle[(-4.46015,-2.01581),(-10.9919,-16.2972),(13.8436,-27.6561)]
triangle[(13.7592,11.3302),(-4.74809,7.75206),(0.261857,-18.1606)]
triangle[(-19.3221,-15.1264),(20.0499,18.9217),(-21.0785,66.4812)]
triangle[(5.37529,-6.48642),(12.0328,2.31508),(0.811379,10.803)]
triangle[(-10.7014,-15.6721),(13.5531,-4.1487),(-2.01246,28.6137)]
triangle[(-0.106582,19.842),(2.22998,7.9694),(23.8459,12.2235)]
triangle[(8.07414,-10.0945),(11.5337,1.33772),(-5.07597,6.36399)]
triangle[(-2.42947,16.6556),(-4.92759,6.01748),(8.28682,2.91437)]
triangle[(-13.2414,-3.37541),(13.2259,11.2951),(-12.9044,58.4371)]
triangle[(-7.05576,-0.570273),(17.2888,-4.06332),(21.4981,25.2732)]
triangle[(-10.5358,10.787),(-9.62966,-16.3441),(43.393,-14.5731)]
triangle[(-18.9105,-9.40723),(4.42232,-3.5048),(-6.67401,40.36)]
triangle[(-2.97785,15.705),(4.09282,-6.90154),(32.2884,1.91722)]
triangle[(6.16143,6.76556),(-1.76644,10.3127),(-7.74384,-3.04701)]
triangle[(1.3278,3.77037),(15.2187,5.08417),(12.7791,30.8793)]
triangle[(15.9545,-8.11654),(-17.7591,-17.4139),(-1.85552,-75.083)]
triangle[(20.8128,10.3807),(-13.2111,6.91254),(-7.92005,-44.9937)]
triangle[(-4.28215,0.75686),(13.0569,-17.5565),(44.5268,12.2391)]
triangle[(-18.2553,0.288215),(6.36138,17.6914),(-27.1201,65.0505)]
triangle[(-16.0515,-15.6968),(1.03599,-3.64283),(-20.6894,27.1547)]
triangle[(-5.0728,-0.871311),(-5.59767,-5.8295),(2.50021,-6.68674)]
triangle[(-12.7242,1.31674),(7.18968,10.3921),(-10.6919,49.6294)]
triangle[(-1.4287,-8.05552),(1.16299,15.9826),(-29.6972,19.3098)]
triangle[(-10.8562,13.4066),(-8.79713,3.48084),(5.40357,6.42678)]
triangle[(18.7687,-16.6396),(-11.9152,-18.1724),(-9.26105,-71.3033)]
triangle[(16.1085,-17.0656),(-16.1857,-0.607562),(-42.053,-51.3648)]
triangle[(-10.2029,6.00915),(18.7535,19.279),(-4.06617,69.0744)]
triangle[(0.313605,14.6157),(-5.36364,-15.7318),(43.0172,-24.7826)]
triangle[(-18.9921,15.4785),(9.4459,-15.2147),(57.4766,29.2869)]
triangle[(2.00749,-3.60824),(-4.14306,19.8489),(-46.3117,8.79219)]
triangle[(5.16474,12.6252),(6.18576,8.85733),(13.3153,10.7893)]
triangle[(19.6622,-4.12153),(4.20076,15.8218),(-16.5524,-0.267516)]
triangle[(12.5754,0.416863),(18.4008,9.93924),(8.72413,15.8591)]
triangle[(15.2538,-17.915),(-11.7073,18.9333),(-50.2425,-9.26216)]
triangle[(20.0789,-3.08362),(12.9033,-8.70033),(23.5139,-22.2556)]
triangle[(-11.0751,12.4368),(-2.91034,9.28333),(0.512072,18.1443)]
triangle[(0.0635984,-8.30929),(9.90851,14.5573),(-33.9609,33.4447)]
triangle[(10.8778,-4.85555),(-2.68674,2.78636),(-15.2999,-19.6024)]
triangle[(-11.5249,13.9434),(7.9485,-3.83419),(38.2169,29.3216)]
triangle[(-10.3242,-10.1094),(11.2793,4.12727),(-12.215,39.7791)]
triangle[(10.091,-17.0859),(19.3796,-11.131),(8.56532,5.73724)]
triangle[(12.641,-5.96944),(12.5377,-12.863),(24.2926,-13.0392)]
triangle[(-18.3059,17.2175),(-15.3561,20.4396),(-20.0298,24.7183)]
triangle[(2.08438,-6.36638),(-2.25268,-7.87505),(-0.253246,-13.6229)]
triangle[(0.636181,-12.6073),(-7.74603,-12.1751),(-8.39821,-24.8251)]
triangle[(16.5639,-6.91966),(-20.9934,2.676),(-34.5653,-50.4444)]
triangle[(-4.69996,6.84022),(-4.33972,-15.9843),(30.0867,-15.441)]
triangle[(15.2824,15.7668),(-1.4713,-19.2384),(36.6276,-37.4728)]
triangle[(2.75662,19.586),(20.319,10.1918),(37.5367,42.38)]
triangle[(14.4751,17.2396),(-7.94243,-10.4778),(31.8244,-42.6407)]
triangle[(-14.866,-7.16667),(-5.06013,2.06291),(-22.3185,20.3988)]
triangle[(3.36445,9.47371),(14.9073,-5.88079),(43.6578,15.7326)]
triangle[(-2.38175,4.61147),(-3.44454,19.9498),(-26.0187,18.3856)]
triangle[(20.2305,-17.9913),(-11.5383,-4.00175),(-31.8798,-50.1951)]
triangle[(16.0238,-9.58769),(-15.0797,-1.29543),(-31.2917,-62.1052)]
triangle[(-16.5684,8.85148),(19.3382,2.04786),(30.9496,63.3277)]
triangle[(-13.9579,-9.05267),(11.078,-20.2636),(30.7086,23.575)]
triangle[(-1.45864,-5.00668),(-4.79645,11.6513),(-35.869,5.42526)]
triangle[(6.15417,17.0984),(-19.6039,14.4756),(-15.5709,-25.1309)]
triangle[(-18.5173,2.00899),(8.73093,9.06417),(-1.19212,47.3886)]
triangle[(9.80389,15.0345),(19.4717,1.1683),(44.5695,18.6671)]
triangle[(9.21984,-6.1511),(-10.9067,8.97992),(-35.6114,-23.8811)]
triangle[(6.61827,-7.49409),(-5.81583,5.111),(-27.4313,-16.2112)]
triangle[(-2.88845,10.3655),(-17.059,3.86292),(-10.0983,-11.3061)]
triangle[(-3.30692,-4.89058),(10.7807,16.5656),(-30.1585,43.4454)]
triangle[(-3.52312,4.80985),(14.1031,-3.54374),(28.4768,26.7849)]
triangle[(18.8557,-17.5599),(16.3548,0.609174),(-5.83443,-2.44517)]
triangle[(-8.26367,-18.4311),(10.6724,-12.9044),(2.08681,16.5123)]
triangle[(20.6823,10.0815),(16.9832,-12.3042),(54.3643,-18.4812)]
triangle[(-3.93531,-5.28212),(5.04665,-18.5261),(21.1807,-7.58409)]
triangle[(-12.773,12.1172),(1.16815,-5.18686),(26.5713,15.2794)]
triangle[(5.22236,-20.6912),(-19.8591,1.43039),(-61.03,-45.2493)]
triangle[(-2.89193,5.28761),(20.7648,-12.6029),(40.6995,13.7568)]
triangle[(-9.16828,8.86538),(13.3263,7.17803),(16.0392,43.3448)]
triangle[(-8.51293,-20.5211),(-6.36651,0.521997),(-31.2734,3.06253)]
triangle[(17.6216,1.85849),(-18.3302,14.1771),(-41.5574,-53.6114)]
triangle[(17.8013,-14.1722),(-14.4728,16.2762),(-45.8489,-16.9812)]
triangle[(-1.97418,-18.7879),(6.80684,-3.11444),(-11.3413,7.05299)]
triangle[(11.5208,11.9869),(12.5804,9.53592),(16.2341,11.1154)]
triangle[(5.84831,-6.98335),(-9.1691,5.30563),(-25.989,-15.2486)]
triangle[(16.9851,3.96482),(17.5638,17.5158),(-0.71861,18.2966)]
triangle[(17.2787,-3.31822),(9.89435,18.66),(-27.3787,6.13685)]
triangle[(12.346,-20.3391),(18.9424,-4.21629),(-12.3416,8.58323)]
triangle[(-6.6914,7.33581),(-4.01011,18.2819),(-23.4472,23.043)]
triangle[(-1.02197,-19.7324),(5.03237,13.4636),(-29.5761,19.7755)]
triangle[(18.2161,10.9321),(-0.616486,4.80251),(9.88528,-27.4631)]
triangle[(-2.14686,-3.55593),(-10.9389,9.57941),(-30.616,-3.59134)]
triangle[(9.19724,19.6166),(-3.41147,18.0345),(-1.24252,0.748257)]
triangle[(-11.0561,-19.1735),(-16.2808,-19.3836),(-16.0289,-25.6476)]
triangle[(19.0318,1.15053),(-17.248,-1.09641),(-13.9309,-54.6554)]
triangle[(14.6539,5.62665),(16.6866,-17.3812),(59.7933,-13.5727)]
triangle[(-14.2557,-6.21221),(2.28333,-3.92456),(-1.27063,21.7697)]
triangle[(9.73259,11.9517),(15.1972,-14.1297),(59.6011,-4.82622)]
triangle[(-6.57418,-6.80203),(4.55805,-3.0005),(-0.867342,12.887)]
triangle[(11.7751,-9.86357),(17.8008,15.3541),(-18.016,23.9124)]
triangle[(-16.2897,-11.1278),(20.5803,12.245),(-14.4259,67.4663)]
triangle[(-7.8302,17.6578),(-7.86244,-20.0496),(51.6723,-20.1005)]
triangle[(-8.31055,19.4826),(-15.7873,8.62117),(-4.64545,0.951344)]
triangle[(2.08358,12.5296),(0.222956,-14.8645),(48.7196,-18.1584)]
triangle[(15.3543,20.8943),(0.668181,2.79269),(19.3087,-12.3307)]
triangle[(5.57099,8.51428),(11.851,-0.18984),(21.9598,7.10365)]
triangle[(16.6465,-19.9501),(-10.3556,10.6092),(-42.4484,-17.7479)]
triangle[(17.6317,20.2491),(-13.0412,-8.32548),(41.4088,-66.774)]
triangle[(20.5724,-19.2834),(-19.8844,-16.3346),(-25.7245,-96.4597)]
triangle[(15.0334,-18.5758),(-20.0788,3.86405),(-44.9861,-35.109)]
triangle[(14.0783,12.5999),(-11.4689,-17.0199),(29.3518,-52.228)]
triangle[(13.7582,-15.6615),(-9.73401,-19.2708),(-3.36966,-60.6955)]
triangle[(15.347,-11.1369),(18.8326,12.7966),(-17.6476,18.1095)]
triangle[(8.1874,-6.30183),(-13.539,-3.40547),(-18.9788,-44.2107)]
triangle[(7.04591,-0.395019),(13.7859,14.4394),(-3.79663,22.428)]
triangle[(-18.2324,13.1824),(12.9449,-2.85502),(43.768,57.0662)]
triangle[(-17.6433,-9.76708),(0.612223,6.11072),(-26.3962,37.1636)]
triangle[(18.0251,11.4104),(20.4385,-16.3993),(69.1746,-12.1699)]
triangle[(13.9348,-9.78005),(11.9051,11.145),(-19.651,8.08397)]
triangle[(-7.364,16.6367),(-8.15164,-11.1656),(26.3948,-12.1443)]
triangle[(8.18647,-16.7132),(16.9996,2.90122),(-20.1301,19.5843)]
triangle[(11.4118,5.89298),(-8.74787,5.03063),(-7.79502,-17.2446)]
triangle[(10.947,10.2417),(15.7246,-5.8719),(39.0919,1.05648)]
triangle[(0.319893,4.8773),(-11.8984,-15.7645),(9.22653,-28.2688)]
triangle[(-15.9602,14.4408),(19.6138,-14.4523),(59.4217,34.5604)]
triangle[(20.5932,-16.5623),(-15.7214,-19.4875),(-10.849,-79.9762)]
triangle[(-5.23858,-11.4913),(1.64417,-2.10399),(-14.6448,9.83905)]
triangle[(-19.1514,7.05098),(-2.77835,18.2431),(-21.674,45.8858)]
triangle[(-6.79971,9.14504),(20.5437,-1.1996),(36.6731,41.4344)]
triangle[(-17.5053,-17.0665),(18.1095,3.17018),(-19.4664,69.3007)]
triangle[(13.8922,-2.33828),(14.2158,-6.86051),(22.7546,-6.2496)]
triangle[(3.94794,-10.2034),(-19.2808,-6.76134),(-24.5627,-42.4066)]
triangle[(8.26391,6.06568),(19.56,20.9389),(-6.60013,40.8072)]
triangle[(13.4405,-1.67929),(-11.4958,-14.493),(11.2034,-58.6672)]
triangle[(4.79924,19.0428),(19.9399,-8.25969),(48.8699,7.78348)]
triangle[(-20.566,14.996),(11.2073,-4.15872),(33.7293,33.2002)]
triangle[(-6.28024,17.6214),(-15.0268,-13.5931),(38.8473,-28.6891)]
triangle[(-1.51284,-13.1293),(2.63411,0.436983),(-15.4506,5.96512)]
triangle[(9.30143,11.5833),(-17.6892,-2.72723),(3.8246,-43.3038)]
triangle[(-1.83357,6.06774),(-5.7136,-8.02402),(11.8546,-12.8613)]
triangle[(18.8923,-2.59652),(17.0549,-4.15378),(19.3423,-6.85264)]
triangle[(-17.6368,12.3336),(7.8275,4.7985),(20.0498,46.103)]
triangle[(4.54222,-5.98049),(-18.3874,5.68566),(-34.085,-25.1678)]
triangle[(3.35138,-9.70875),(11.2513,-3.57333),(1.77301,8.63092)]
triangle[(-2.41906,-7.82598),(-9.74122,-2.50149),(-19.6291,-16.0992)]
triangle[(7.16639,15.1855),(14.1609,8.29054),(25.0943,19.3819)]
triangle[(4.6533,1.4485),(12.087,12.8315),(-4.77246,23.8415)]
triangle[(-8.29333,8.37696),(7.15308,-1.07524),(22.6598,24.2653)]
triangle[(10.871,-12.9907),(-18.0354,12.3985),(-57.0918,-32.0683)]
triangle[(-10.7246,-16.6305),(-11.2553,-14.3369),(-14.6479,-15.1219)]
triangle[(11.5938,-18.5561),(-8.55871,-18.7811),(-8.12219,-57.8852)]
triangle[(3.34248,6.35634),(4.39836,-17.0803),(49.8735,-15.0316)]
triangle[(7.07952,8.57245),(-6.58343,-4.12496),(15.1737,-27.5365)]
triangle[(-18.2838,6.91959),(-2.8484,-1.60953),(10.613,22.7519)]
triangle[(-9.55619,-20.24),(8.78217,15.9929),(-60.1445,50.8784)]
triangle[(-3.53943,-16.1619),(10.3717,-3.6547),(-13.9151,23.3585)]
triangle[(7.62922,-12.5533),(-3.07361,0.336468),(-27.1285,-19.6372)]
triangle[(6.4914,20.9583),(-10.2034,14.7575),(-2.31239,-6.488)]
triangle[(-19.5087,16.2391),(-3.63204,-10.5319),(28.0545,8.25985)]
triangle[(6.50678,-18.6625),(18.736,-9.37944),(4.49138,9.38609)]
triangle[(5.15887,-3.89915),(-11.5661,-14.0841),(3.06756,-38.1144)]
triangle[(-13.5738,2.0321),(5.52315,19.611),(-19.1005,46.3611)]
triangle[(-12.0357,-0.246764),(4.87052,19.2286),(-27.126,47.0043)]
triangle[(-20.5357,-1.90933),(16.732,-1.01719),(15.7689,39.2134)]
triangle[(-16.6845,-0.376039),(17.3227,-11.2279),(33.9205,40.7855)]
triangle[(-17.8827,17.0596),(0.787094,-12.1518),(40.248,13.0687)]
triangle[(5.16889,17.3529),(7.18452,-12.4893),(56.9529,-9.12779)]
triangle[(14.8611,-1.71978),(-18.1405,-18.8952),(12.1624,-77.1203)]
triangle[(0.13664,0.337481),(-17.8435,-16.1723),(15.1226,-52.0743)]
triangle[(11.7072,-13.4364),(-18.2744,12.7798),(-61.7557,-36.9467)]
triangle[(-4.72837,-0.760859),(2.22498,-4.7403),(6.9741,3.55791)]
triangle[(4.37452,16.028),(19.8358,2.77965),(43.7145,30.647)]
triangle[(8.85664,3.02198),(-18.0401,-6.31373),(-2.73291,-50.4147)]
triangle[(-6.39004,15.1557),(12.8073,13.0304),(15.066,33.4333)]
triangle[(-2.17023,13.6595),(2.1416,1.31449),(24.1675,9.00762)]
triangle[(-7.89084,7.10229),(-20.3863,0.811236),(-12.0518,-15.743)]
triangle[(4.83292,5.19594),(14.3136,6.17889),(13.0821,18.0573)]
triangle[(-2.25188,-10.8029),(-17.1186,-18.5121),(-4.78791,-42.2912)]
triangle[(6.00478,15.0938),(-3.31052,-19.1627),(51.9429,-34.1876)]
triangle[(-14.9095,11.7282),(1.15643,10.6974),(3.10991,41.1428)]
triangle[(-6.3876,11.2831),(-17.779,-6.06059),(-0.433104,-17.4534)]
triangle[(17.7313,17.8853),(16.9715,0.740893),(36.2235,-0.112319)]
triangle[(10.3294,-19.4528),(-14.0003,14.917),(-49.506,-10.2168)]
triangle[(20.0006,13.0087),(-0.829034,1.14424),(19.3941,-34.3603)]
triangle[(4.12173,-12.0191),(7.16925,-12.476),(8.03427,-6.70619)]
triangle[(-7.18342,-16.6345),(2.55911,8.93267),(-29.4273,21.1213)]
triangle[(15.2973,10.1603),(-14.9073,-12.5468),(15.6815,-53.2356)]
triangle[(8.78466,-8.31468),(-0.00175957,-5.2901),(-4.2188,-17.5406)]
triangle[(12.155,-10.9794),(0.709147,17.1169),(-45.1904,-1.58149)]
triangle[(8.30996,17.3641),(-5.41817,-9.40797),(33.5262,-29.3777)]
triangle[(-19.5215,1.92189),(-15.3218,18.8103),(-36.2021,24.0026)]
triangle[(-17.3351,-15.1366),(16.5119,-3.90075),(0.119803,45.4792)]
triangle[(-15.4213,4.67922),(6.58821,-13.9679),(31.1808,15.0593)]
triangle[(11.0648,-16.4623),(7.51218,-6.86838),(-5.95646,-11.8557)]
triangle[(6.40894,20.5078),(-0.836815,-12.9655),(53.7008,-24.7709)]
triangle[(19.7502,-18.0938),(-15.8575,-12.996),(-25.5315,-80.5685)]
triangle[(-18.7929,-0.166747),(-5.06654,-0.392247),(-4.83017,13.9956)]
triangle[(-14.5324,16.4449),(20.3668,-14.9457),(61.2467,30.5033)]
triangle[(6.12386,9.92682),(20.5754,-0.800972),(32.1147,14.7437)]
triangle[(12.6488,11.6797),(11.9833,-0.385756),(24.9034,-1.09834)]
triangle[(-8.15729,13.6362),(10.9933,-3.77285),(45.5418,34.2318)]
triangle[(13.4708,13.63),(-13.782,10.7691),(-8.99178,-34.8611)]
triangle[(-9.13537,20.0737),(2.82591,7.26278),(26.4513,29.3214)]
triangle[(9.54108,-7.18166),(1.27021,5.11381),(-11.9537,-3.78162)]
triangle[(7.95817,9.35731),(-14.1971,-2.93286),(3.03092,-33.9895)]
triangle[(-5.84116,-18.9879),(5.96048,-13.25),(-0.255884,-0.464252)]
triangle[(-15.078,-18.0479),(3.89389,-3.57832),(-18.35,25.5869)]
triangle[(19.9426,3.40246),(-19.4104,9.37981),(-29.4359,-56.6246)]
triangle[(-2.33115,-16.8347),(-4.5175,-17.9055),(-2.99105,-21.0223)]
triangle[(18.8264,-9.67178),(12.7747,-12.7846),(17.9739,-22.8925)]
triangle[(0.265099,-10.6754),(-10.9199,-10.7335),(-10.8054,-32.812)]
triangle[(-19.7689,16.2691),(15.7604,-0.401497),(44.4934,60.836)]
triangle[(-13.9355,3.73731),(20.9362,17.5801),(-6.60096,86.9498)]
triangle[(18.5465,-19.3317),(-4.43269,9.1279),(-40.6221,-20.0926)]
triangle[(-0.175541,9.58891),(-19.0956,-10.9346),(10.1031,-37.8521)]
triangle[(3.2682,4.51024),(-15.1044,17.1093),(-30.6436,-5.55062)]
triangle[(12.2924,0.315177),(-20.3515,13.4438),(-42.3939,-41.3637)]
triangle[(-2.5535,-18.5324),(1.96862,14.0027),(-59.6812,22.5715)]
triangle[(18.6802,14.7442),(-0.313823,0.172381),(15.8236,-20.8623)]
triangle[(12.6037,15.1637),(6.07876,-5.17704),(28.653,-12.4184)]
triangle[(14.0157,16.5014),(8.45289,-13.9637),(56.8411,-22.7991)]
triangle[(12.3828,14.9019),(10.3801,6.50086),(26.5692,2.64143)]
triangle[(18.9164,15.7286),(-4.68123,-0.0272434),(12.8068,-26.2193)]
triangle[(-2.61411,-17.0612),(12.476,18.2575),(-33.335,37.8305)]
triangle[(-19.5157,-11.4601),(-14.8677,7.0619),(-46.0719,14.8923)]
triangle[(20.1719,9.67229),(0.932741,20.4066),(-18.9618,-15.2506)]
triangle[(11.976,3.2624),(-10.4677,-14.9591),(16.0261,-47.592)]
triangle[(12.2854,-15.2628),(7.73,14.6854),(-45.1796,6.63745)]
triangle[(4.4647,-11.9584),(-5.20651,-16.052),(2.92554,-35.2641)]
triangle[(-12.3732,-18.6415),(6.85942,-15.1167),(1.79834,12.4986)]
triangle[(14.5789,-12.4929),(-2.60058,0.722433),(-23.8073,-26.8455)]
triangle[(16.2295,-1.64373),(10.9371,-11.3111),(29.4931,-21.4696)]
triangle[(-5.83475,12.4841),(-14.1836,-15.1515),(39.4662,-31.3592)]
triangle[(3.81204,-15.092),(2.61167,-4.16404),(-10.1043,-5.56082)]
triangle[(3.12806,13.3517),(8.53615,1.73816),(20.5668,7.34049)]
triangle[(-8.75362,1.55383),(-17.3711,-1.0301),(-13.9238,-12.5269)]
triangle[(-15.011,-14.4665),(9.70538,8.62147),(-18.783,39.1191)]
triangle[(4.04213,6.11645),(9.9711,-14.471),(48.2664,-3.44232)]
triangle[(-3.59649,-0.031052),(-16.8517,-12.4186),(-3.51486,-26.6896)]
triangle[(-17.7909,0.571659),(10.4942,5.68667),(5.07231,35.6686)]
triangle[(-19.332,-14.9093),(-20.9764,-2.9617),(-35.9681,-5.02504)]
triangle[(4.74956,5.68938),(-11.8396,11.8888),(-23.5296,-19.3926)]
triangle[(6.50104,17.5471),(1.00804,-19.1527),(61.6061,-28.2227)]
triangle[(-10.8627,-9.46791),(7.20071,5.15574),(-13.7931,31.0876)]
triangle[(-9.27892,-15.8136),(9.26587,-7.32468),(-3.52194,20.6113)]
triangle[(12.3075,4.78448),(0.615805,4.51717),(0.9753,-11.2061)]
triangle[(-6.99245,9.86112),(3.288,1.8202),(13.9292,15.4251)]
triangle[(6.50536,-15.9322),(-6.81764,-20.7198),(0.737892,-41.7453)]
triangle[(3.69275,-9.71099),(-18.792,18.7042),(-73.9481,-24.9406)]
triangle[(14.2516,15.7447),(-4.4416,13.0639),(-1.13354,-10.0027)]
triangle[(1.55395,12.1188),(-16.2557,16.504),(-24.2304,-15.8843)]
triangle[(-18.655,-3.61934),(7.80812,-13.1183),(21.6959,25.5717)]
triangle[(16.4506,1.22755),(8.23572,-8.32502),(22.2163,-20.3479)]
triangle[(-12.9015,-9.46302),(20.9115,8.23836),(-10.4215,68.09)]
triangle[(-12.5407,11.9476),(-15.5626,-15.8558),(15.7103,-19.2548)]
triangle[(-9.06477,-7.29042),(14.6681,-0.935552),(7.26141,26.7254)]
triangle[(3.41588,20.9471),(-10.8623,-7.77934),(24.8423,-25.5259)]
triangle[(2.8687,13.4152),(5.95306,-14.5629),(50.672,-9.63306)]
triangle[(-2.54351,-10.2779),(-9.08207,-11.0572),(-7.69025,-22.7356)]
triangle[(-3.76653,15.3107),(0.563846,1.47151),(19.4729,7.38829)]
triangle[(-17.4715,-9.90401),(-9.75317,7.53219),(-42.9848,22.2426)]
triangle[(2.40459,-12.7935),(-11.4066,-12.3359),(-12.0171,-30.758)]
triangle[(-5.63077,7.69723),(20.0129,-13.8875),(41.991,12.2234)]
triangle[(-3.94466,-20.6372),(14.3202,13.2154),(-43.9076,44.6317)]
triangle[(-0.0818399,6.96842),(-12.4598,-5.95441),(4.57002,-22.2662)]
triangle[(-19.0535,-20.823),(-11.5237,-15.8451),(-17.8287,-6.30803)]
triangle[(-14.5676,5.57514),(-18.7744,-13.6797),(7.97216,-19.5233)]
triangle[(7.59184,-14.5538),(-13.6736,20.8105),(-77.4108,-17.5161)]
triangle[(4.7136,-11.7619),(2.43615,12.0695),(-36.0412,8.3924)]
triangle[(-14.5406,-13.4243),(-15.0634,15.6849),(-46.2584,15.1245)]
triangle[(8.76455,3.99749),(-0.862434,18.783),(-18.0119,7.61679)]
triangle[(14.0876,-19.387),(14.8316,20.8094),(-43.1823,21.8831)]
triangle[(-10.7308,11.1335),(12.6806,16.9303),(5.894,44.3388)]
triangle[(3.32183,17.0324),(6.06101,-15.6604),(48.4054,-12.1125)]
triangle[(16.1593,10.2217),(8.84206,3.43652),(17.8059,-6.23028)]
triangle[(9.49455,-18.2414),(-1.35923,-8.58715),(-20.6602,-30.2864)]
triangle[(-13.1011,-11.8685),(0.761074,18.5939),(-55.2719,44.0921)]
triangle[(6.91741,-10.1956),(-2.59469,-16.6745),(9.24984,-34.0642)]
triangle[(-15.6441,11.299),(19.1,3.07741),(29.4627,46.8696)]
triangle[(15.8242,10.8711),(-20.8012,2.36681),(-11.7413,-36.6511)]
triangle[(20.1431,-4.18551),(-4.14349,19.1457),(-46.0379,-24.4641)]
triangle[(15.5689,-1.51594),(0.405863,4.77868),(-7.8297,-15.0598)]
triangle[(17.8584,-9.8692),(-20.6129,12.3247),(-52.1367,-42.3191)]
triangle[(6.18413,-10.231),(-17.6583,-0.692216),(-28.8509,-28.6683)]
triangle[(-11.3818,20.104),(-5.6566,-6.78494),(22.9728,-0.689105)]
triangle[(20.8544,1.10286),(-3.68639,-18.9739),(34.6785,-65.8691)]
triangle[(17.0775,-4.62659),(11.4184,14.6375),(-19.6454,5.51195)]
triangle[(-6.72972,13.0085),(-4.41061,15.0976),(-7.40952,18.4267)]
triangle[(-3.36939,20.5458),(-9.57881,-14.1257),(45.8645,-24.0552)]
triangle[(1.14085,12.8086),(15.504,-12.1061),(54.5232,10.3881)]
triangle[(-12.8803,-2.98025),(-15.3948,20.4021),(-53.094,16.3479)]
triangle[(17.3214,15.5045),(14.8984,-0.119976),(37.1293,-3.56751)]
triangle[(-6.35674,20.7622),(-13.3919,-11.8632),(27.974,-20.7831)]
triangle[(4.95056,13.8452),(-1.12473,4.4212),(13.8864,-5.25591)]
triangle[(14.1223,16.8338),(-8.25087,-19.9427),(39.0924,-48.7443)]
triangle[(0.0891036,13.0583),(-14.1789,20.5287),(-26.458,-2.92382)]
triangle[(-11.6868,5.85022),(7.70129,15.9839),(-10.5523,50.9073)]
triangle[(9.2253,-7.61184),(-3.8233,1.64045),(-20.8838,-22.4201)]
triangle[(-20.9972,-4.72631),(17.1624,2.30685),(8.22942,50.7746)]
triangle[(-6.5778,-19.1691),(-19.6421,-4.78259),(-36.7542,-20.322)]
triangle[(15.1286,-20.6434),(16.1535,-18.1335),(11.1718,-16.0992)]
triangle[(3.34949,7.78324),(10.9081,0.99563),(21.657,12.9655)]
triangle[(-12.5005,-2.7443),(-5.21927,15.1913),(-32.0844,26.0976)]
triangle[(15.6718,-8.03931),(-18.704,-5.26743),(-22.0813,-47.1518)]
triangle[(8.32435,-0.381063),(5.97805,-12.8359),(25.2671,-16.4697)]
triangle[(4.13724,-3.03656),(-8.10279,-14.4208),(11.0001,-34.9597)]
triangle[(-8.49445,-17.4971),(20.1287,-20.7335),(26.1148,32.2085)]
triangle[(14.4839,-2.1955),(17.9929,0.209212),(13.5828,6.64452)]
triangle[(18.1219,-17.7061),(-15.1688,-14.7591),(-18.6804,-54.4284)]
triangle[(-2.32992,-8.7328),(12.3758,-7.01788),(10.172,11.8804)]
triangle[(20.3398,-13.8194),(13.4536,15.204),(-24.7996,6.12791)]
triangle[(-7.74027,20.5445),(10.7817,-17.9212),(53.309,2.55646)]
triangle[(-6.75562,17.3414),(-11.6945,-1.05713),(18.3962,-9.13468)]
triangle[(17.7905,10.7663),(-12.4032,-5.03225),(13.2409,-54.0425)]
triangle[(-4.55613,-11.5144),(-13.9697,20.6042),(-72.3003,3.50814)]
triangle[(-10.2065,-18.4949),(2.41369,-10.3823),(-8.92854,7.26202)]
triangle[(-16.2971,4.15534),(-11.4443,18.3405),(-37.4252,27.2287)]
triangle[(17.5019,-8.08125),(17.076,-12.7616),(21.8513,-13.1961)]
triangle[(17.0467,7.46717),(18.1294,-3.10388),(33.2996,-1.55012)]
triangle[(1.23834,16.2188),(-1.08955,17.619),(-2.96108,14.5076)]
triangle[(17.5089,6.35106),(8.79823,-8.91524),(35.5428,-24.1751)]
triangle[(19.6539,2.55281),(12.8548,14.5474),(-6.35261,3.65983)]
triangle[(-17.0507,5.42093),(-14.5158,8.20681),(-17.8424,11.2337)]
triangle[(18.3306,12.42),(7.47567,19.1094),(-1.27478,4.90988)]
triangle[(15.398,10.1569),(7.54848,-20.6344),(47.2882,-30.7651)]
triangle[(8.33106,-4.03754),(-4.34193,5.98489),(-16.6047,-9.52098)]
triangle[(20.5147,10.2242),(-5.7552,-8.38027),(20.0335,-44.7944)]
triangle[(15.2034,-8.25747),(8.4017,20.8369),(-45.974,8.1249)]
triangle[(-5.5541,-19.4704),(9.25385,-1.44272),(-20.0217,22.6042)]
triangle[(3.97266,17.6316),(4.69865,4.46415),(18.934,5.24902)]
triangle[(1.07026,-14.5988),(18.177,-7.95884),(7.83185,18.6936)]
triangle[(-10.1325,20.3847),(-6.07033,6.39875),(10.4232,11.1892)]
triangle[(-20.3233,-14.5596),(10.6407,-13.9599),(9.84671,27.0392)]
triangle[(-0.88319,-19.9838),(-11.192,7.13701),(-54.4024,-9.28758)]
triangle[(-11.8707,17.6065),(-16.9288,19.2787),(-19.7512,10.7419)]
triangle[(-12.5126,8.8304),(14.6712,3.96344),(21.3135,41.0629)]
triangle[(11.2399,-16.3878),(-10.3198,-11.3909),(-15.5718,-34.0511)]
triangle[(-14.9258,18.7158),(1.12479,-9.61072),(37.2363,10.8511)]
triangle[(-0.872287,-18.8548),(6.06996,-9.96341),(-7.2507,0.43714)]
triangle[(6.63007,-8.44022),(-0.0844335,8.52199),(-25.9797,-1.72867)]
triangle[(4.97481,-3.13178),(-8.78638,-11.0063),(4.4994,-34.224)]
triangle[(5.85887,-3.12845),(-6.81574,-17.7702),(18.5188,-39.701)]
triangle[(-12.4759,0.139913),(-12.6668,4.02501),(-16.5527,3.83409)]
triangle[(0.471661,9.26433),(11.8348,-12.9527),(46.2143,4.63101)]
triangle[(-18.5723,-5.39029),(0.424864,-15.6879),(13.7609,8.91472)]
triangle[(7.8379,7.00576),(-4.43804,13.5724),(-12.0501,-0.65794)]
triangle[(7.8528,-10.4093),(-16.0417,9.09048),(-42.3623,-23.1621)]
triangle[(11.0672,17.0668),(19.3187,-7.83908),(47.2465,1.41355)]
triangle[(-3.79918,9.93063),(12.3893,-13.4335),(46.1552,9.96213)]
triangle[(-12.4147,-10.4014),(-11.1063,-14.4072),(-6.97892,-13.0591)]
triangle[(3.38799,-15.589),(-9.47374,-1.09916),(-31.9578,-21.0568)]
triangle[(-16.5225,-2.25331),(-0.431464,5.55726),(-15.4048,36.4047)]
triangle[(-13.1821,10.3913),(-4.96278,-18.5212),(37.8135,-6.36067)]
triangle[(5.10224,11.4095),(-19.7202,17.4453),(-31.0217,-29.0325)]
triangle[(14.2617,-13.6008),(18.4552,14.8852),(-27.1806,21.6034)]
triangle[(-2.85363,4.58506),(-17.8181,9.73575),(-26.9913,-16.9154)]
triangle[(14.1329,7.16557),(-17.6539,-4.00231),(1.15367,-57.5338)]
triangle[(9.90547,9.45998),(1.54849,6.05535),(6.75873,-6.73367)]
triangle[(-15.2997,-16.5052),(10.337,-1.6921),(-17.607,46.67)]
triangle[(-16.7454,19.3136),(10.833,10.8943),(21.8951,47.1296)]
triangle[(8.20643,17.3259),(0.312381,16.7747),(0.881075,8.62938)]
triangle[(-14.7205,6.49898),(-16.7529,15.1194),(-30.0522,11.9839)]
triangle[(-17.8904,-2.39996),(-6.20986,-12.0683),(3.69596,-0.100791)]
triangle[(-0.961334,-14.2416),(-1.74632,15.1944),(-32.3514,14.3782)]
triangle[(-18.5735,-3.51638),(1.5909,-10.8132),(12.031,18.0377)]
triangle[(8.61974,4.3074),(-11.5122,-15.7522),(10.0022,-37.3441)]
triangle[(9.39544,4.12818),(14.3002,13.1712),(-2.21441,22.1284)]
triangle[(-13.4835,5.29363),(-11.7186,-5.37036),(1.59503,-3.16699)]
triangle[(20.1484,-11.3667),(15.3701,-3.63838),(1.05644,-12.4884)]
triangle[(7.38595,20.2706),(-20.9615,20.0979),(-20.7144,-20.4529)]
triangle[(8.96512,12.1872),(-3.14949,6.52837),(3.23695,-7.14404)]
triangle[(19.6917,2.51991),(-3.66651,10.9135),(-16.9473,-26.0454)]
triangle[(-14.622,0.0313488),(14.9364,-6.18313),(23.6992,35.496)]
triangle[(-20.2941,0.688467),(15.7151,19.3959),(-14.4179,77.3975)]
triangle[(11.4477,-15.998),(-17.2799,-20.4167),(-11.2595,-59.5574)]
triangle[(19.0365,-11.314),(-5.2521,-2.37451),(-20.8113,-44.6487)]
triangle[(-16.0471,9.71049),(8.14977,-5.14681),(27.2325,25.9317)]
triangle[(-8.20661,13.948),(-2.92502,13.1728),(-2.0377,19.2184)]
triangle[(10.8116,15.9441),(17.2111,7.57035),(26.3872,14.5831)]
triangle[(20.4923,-1.90886),(-1.75173,6.64915),(-11.6458,-19.0676)]
triangle[(5.91594,-6.34184),(9.06879,-17.7491),(24.679,-13.4346)]
triangle[(10.3645,-17.8875),(12.1712,-3.84356),(-6.7328,-1.41173)]
triangle[(-0.230144,18.0227),(-15.7257,20.9681),(-19.6992,0.0643558)]
triangle[(9.1705,-18.377),(-12.6656,-10.9411),(-26.6089,-51.8866)]
triangle[(10.6885,-7.78142),(-0.521028,3.90708),(-23.7101,-18.3317)]
triangle[(-6.26983,18.1063),(6.40892,2.51112),(35.7626,26.3754)]
triangle[(11.5127,-11.0952),(7.45265,10.5008),(-17.6475,5.78197)]
triangle[(3.34986,-2.30657),(6.71051,-3.37715),(8.59483,2.53792)]
triangle[(17.7602,-19.1027),(-10.6378,20.9201),(-85.436,-32.1527)]
triangle[(10.2047,11.0705),(0.165716,16.6378),(-9.88435,-1.48439)]
triangle[(7.21685,7.02316),(5.10039,-11.3984),(40.7941,-15.4992)]
triangle[(6.96819,-2.34228),(12.8582,15.0584),(-12.609,23.6788)]
triangle[(-20.0017,-5.88862),(14.4584,-19.4693),(38.9077,42.5694)]
triangle[(12.3854,7.64895),(4.11175,-7.27598),(28.6388,-20.8726)]
triangle[(-2.76148,-6.64473),(-17.8551,20.4808),(-70.905,-9.03813)]
triangle[(9.82819,-16.9331),(3.62008,18.8799),(-45.0196,10.4484)]
triangle[(10.6339,-16.4325),(-19.7503,-3.25181),(-40.9997,-52.2361)]
triangle[(5.25119,-0.746484),(18.1384,3.04506),(11.6976,24.9366)]
triangle[(-19.6187,-16.1607),(-7.7107,5.06409),(-48.4561,27.9239)]
triangle[(-20.9618,7.81216),(-20.8983,-18.4682),(24.3571,-18.3587)]
triangle[(-10.5903,-13.9937),(2.48943,20.4647),(-48.1904,39.7018)]
triangle[(-10.1611,3.93242),(9.75082,-15.8044),(30.8916,5.52385)]
triangle[(-12.3085,-19.5368),(0.235106,-2.2912),(-30.4834,20.052)]
triangle[(-6.37615,-5.31344),(-10.8862,19.4627),(-36.1576,14.8625)]
triangle[(3.18557,20.7083),(9.13433,0.0071707),(44.5736,10.1912)]
triangle[(-13.7616,1.02959),(20.0798,8.6271),(11.7394,45.7774)]
triangle[(2.9594,3.08426),(19.9307,-15.1945),(54.2475,16.6677)]
triangle[(-15.4526,-1.78889),(13.8271,-18.004),(37.0563,23.941)]
triangle[(19.3411,12.1388),(8.85204,0.561635),(22.2949,-11.6178)]
triangle[(14.6446,-19.6398),(12.2186,-10.2359),(-1.41454,-13.7529)]
triangle[(-19.0098,16.6277),(-19.7016,9.07608),(-5.71032,7.79422)]
triangle[(-2.32352,19.8055),(19.0413,16.7015),(22.4989,40.5004)]
triangle[(15.4104,-2.08619),(-14.727,11.9411),(-32.1636,-25.5212)]
