triangle[(-12.7866,15.4623),(15.2064,-14.2593),(58.8912,26.8847)]
triangle[(-19.0428,6.69109),(18.9258,8.6201),(15.6043,73.996)]
triangle[(-16.088,-4.15393),(-17.2523,-18.0978),(3.60328,-19.8391)]
triangle[(-17.3265,16.2464),(18.5179,11.5303),(25.9514,68.0273)]
triangle[(-16.9837,-20.8818),(-11.4451,-6.31118),(-40.5263,4.74332)]
triangle[(11.2378,4.38991),(-9.26696,-12.3899),(13.8958,-40.6946)]
triangle[(13.8797,18.2396),(20.3675,14.1729),(28.4442,27.0577)]
triangle[(-20.8147,-10.3743),(-5.4323,-8.39266),(-8.16939,12.8536)]
triangle[(-15.4869,5.43847),(-20.5092,-1.73144),(-11.3891,-8.11966)]
triangle[(-10.6306,9.71218),(20.5232,0.409992),(32.5379,40.6482)]
triangle[(-2.13757,-9.17459),(14.0501,7.36781),(-10.478,31.37)]
triangle[(-13.3044,9.41905),(8.30048,2.12718),(21.3868,40.9002)]
triangle[(-16.0654,-15.4276),(-6.22104,19.0921),(-54.7468,32.9308)]
triangle[(-20.7085,-6.70134),(3.13846,-12.1297),(11.8834,26.2871)]
triangle[(20.2458,-10.918),(10.971,-8.63002),(6.39563,-27.1774)]
triangle[(-17.1265,7.10251),(-6.55171,-7.95943),(21.3219,11.6103)]
triangle[(19.5247,5.07796),(15.8343,-17.0449),(43.3035,-21.6272)]
triangle[(-0.138212,-3.97663),(14.1873,-0.90834),(9.24931,22.1465)]
triangle[(-14.7365,11.2493),(-9.62364,4.28738),(1.62073,12.5452)]
triangle[(-8.34018,1.46602),(-1.0654,11.1814),(-14.4515,21.2048)]
triangle[(4.37629,19.9642),(-14.1809,-9.89684),(22.1783,-32.4923)]
triangle[(17.8141,17.3836),(-1.63796,7.04998),(16.9038,-27.8532)]
triangle[(19.246,-4.03194),(-16.4812,0.274405),(-23.4079,-57.1921)]
triangle[(13.2289,-14.4415),(13.206,-17.6148),(18.7302,-17.6546)]
triangle[(-10.3549,7.30946),(9.91723,3.20863),(15.1464,29.0588)]
triangle[(9.86555,-4.83193),(18.5336,-18.4902),(35.0403,-8.01442)]
triangle[(-6.75829,10.6126),(2.53327,15.323),(-5.31378,30.8018)]
triangle[(14.5148,-11.8455),(14.5435,-6.54602),(5.22882,-6.49564)]
triangle[(0.519953,8.21203),(-11.3872,20.812),(-31.8932,1.43351)]
triangle[(13.5142,10.8424),(18.096,-7.80518),(48.8415,-0.250844)]
triangle[(-1.14848,-14.2215),(-10.2195,14.0212),(-44.3084,3.07253)]
triangle[(12.6665,16.3612),(-2.19088,-6.74662),(29.358,-27.0312)]
triangle[(6.04476,-17.1981),(-2.75711,-11.6405),(-8.75108,-21.1333)]
triangle[(-20.3294,1.38018),(-0.413564,3.90238),(-4.07152,32.7865)]
triangle[(3.41994,7.54008),(-18.6964,16.5293),(-33.112,-18.9379)]
triangle[(9.38414,1.5366),(-4.6889,5.89483),(-12.8571,-20.481)]
triangle[(-4.06354,0.269417),(5.50094,4.62974),(-1.03174,18.9594)]
triangle[(12.9159,-8.12973),(-8.64608,16.013),(-49.9043,-20.835)]
triangle[(3.81637,15.5416),(4.98501,-4.08964),(27.947,-2.72273)]
triangle[(-2.05696,5.94323),(-19.4184,-11.6092),(5.67705,-36.4316)]
triangle[(-8.54063,-4.65956),(3.66271,2.54893),(-5.70984,18.4159)]
triangle[(-15.0113,-7.31045),(-1.28754,-3.38492),(-5.32423,10.7275)]
triangle[(-8.03808,-10.7479),(-11.5087,19.123),(-64.9121,12.9183)]
triangle[(11.4409,-9.76516),(-20.0329,-11.2768),(-17.0493,-73.3994)]
triangle[(-15.1345,16.4452),(-9.19378,-18.421),(43.2583,-9.48388)]
triangle[(-11.2365,20.3647),(-20.5862,6.88881),(5.67763,-11.3333)]
triangle[(-2.51389,11.7747),(4.14534,19.1048),(-7.23774,29.4461)]
triangle[(-7.55857,-13.2789),(-6.37456,-18.7591),(3.43384,-16.64)]
triangle[(-2.51823,-16.1366),(11.8336,-15.0702),(10.1242,7.93468)]
triangle[(11.5244,4.74522),(-16.0737,6.28609),(-19.1231,-48.3307)]
triangle[(15.6132,-17.4278),(-17.7733,-11.6767),(-28.3092,-72.8401)]
triangle[(20.6936,8.75398),(-3.13408,12.4759),(-8.88696,-24.3535)]
triangle[(-4.62676,11.3473),(-9.4149,7.81925),(-3.57551,-0.105787)]
triangle[(8.23299,-4.40537),(13.5224,12.8838),(-18.0984,22.5579)]
triangle[(-3.15633,-15.6632),(19.9293,6.87524),(-5.07059,32.482)]
triangle[(-12.7356,7.75363),(-8.27645,20.9644),(-29.0952,27.9915)]
triangle[(-10.0176,4.63706),(3.58156,20.2051),(-14.6626,36.1419)]
triangle[(-2.37169,-9.88273),(-17.7578,14.434),(-47.695,-4.50831)]
triangle[(-5.62047,16.0504),(5.62956,18.297),(2.96119,31.6595)]
triangle[(9.46629,11.2006),(-0.341937,-5.0163),(25.4098,-20.5913)]
triangle[(-5.11173,-8.48173),(16.3145,-18.6703),(27.3305,4.49604)]
triangle[(5.56454,14.0655),(9.24382,18.8165),(2.77316,23.8275)]
triangle[(-1.12282,1.66365),(20.1905,-6.00965),(29.4806,19.7944)]
triangle[(15.158,-15.8991),(-18.1398,-9.61919),(-26.8317,-55.7057)]
triangle[(-9.21625,-7.21421),(-12.5181,11.6574),(-45.3192,5.91833)]
triangle[(11.1855,-13.0436),(3.83729,2.3813),(-16.8497,-7.47377)]
triangle[(18.0333,-12.9375),(-19.4111,15.6934),(-57.562,-34.2015)]
triangle[(-20.1314,-4.11546),(7.85648,12.4079),(-17.4496,55.2723)]
triangle[(-18.7208,-5.52862),(16.851,3.65363),(3.39222,55.7927)]
triangle[(-3.38347,17.9626),(-13.2096,-18.9973),(56.0433,-37.4088)]
triangle[(8.52707,6.20871),(19.97,7.79577),(18.2171,20.4346)]
triangle[(-14.0044,-10.9104),(7.7211,-17.8396),(18.7796,16.8328)]
triangle[(-19.7532,-7.64343),(-13.8784,-19.2253),(0.390222,-11.9876)]
triangle[(-1.93447,9.56956),(-1.96773,-1.64952),(17.1092,-1.70607)]
triangle[(19.5346,0.0443686),(-9.61019,8.73834),(-21.6676,-31.6817)]
triangle[(-17.4692,9.58556),(-16.5704,-18.2606),(36.7703,-16.5389)]
triangle[(2.31842,15.3535),(4.67201,7.7323),(17.6265,11.7329)]
triangle[(-8.08929,17.8424),(0.778814,-13.1343),(48.2313,0.450503)]
triangle[(-3.70603,-2.78431),(-12.9054,-14.6819),(1.62864,-25.9198)]
triangle[(-6.66583,3.28381),(7.42699,15.5827),(-6.74835,31.8257)]
triangle[(-11.8898,-6.72813),(-5.89606,-18.6225),(15.4747,-7.85352)]
triangle[(-18.6664,-13.7484),(15.9633,12.9808),(-31.6036,74.6074)]
triangle[(-12.604,1.19437),(-17.7992,9.29563),(-30.8082,0.953202)]
triangle[(18.6688,-14.7766),(-11.9727,-4.84565),(-24.569,-43.711)]
triangle[(-18.1926,1.04283),(12.63,-18.0596),(39.1463,24.7255)]
triangle[(-19.642,10.8335),(-6.55399,10.938),(-6.72037,31.7701)]
triangle[(-12.4451,-2.58246),(-4.73709,-20.8229),(15.5927,-12.2319)]
triangle[(-17.1234,-15.5991),(4.05741,3.85522),(-28.6178,39.4302)]
triangle[(-3.68157,18.6824),(10.6481,-13.8216),(58.2396,7.15956)]
triangle[(19.9575,18.1128),(-13.0529,-4.86988),(19.5373,-51.6797)]
triangle[(-20.7941,-13.5039),(-17.1514,-4.69741),(-31.5844,1.27265)]
triangle[(20.5935,-0.61237),(-15.2024,3.39319),(-22.1964,-59.1093)]
triangle[(9.85886,6.10047),(9.40841,20.524),(-13.4552,19.8099)]
triangle[(11.7983,-19.8164),(-12.1941,-14.0273),(-23.5145,-60.9444)]
triangle[(-4.11851,-15.4857),(18.4382,-2.32819),(0.572508,28.3)]
triangle[(5.8714,13.6809),(12.2795,14.4604),(11.4618,21.1822)]
triangle[(-9.05407,-4.06472),(-20.3492,-4.35259),(-19.8387,-24.3805)]
triangle[(8.38426,-12.7115),(3.84113,15.5342),(-48.015,7.19347)]
triangle[(-6.44107,4.21078),(-18.7633,10.8735),(-28.9694,-8.00212)]
triangle[(-15.7944,18.1934),(12.8871,20.6983),(8.62208,69.5342)]
triangle[(19.8762,-3.78481),(-17.8272,16.0233),(-44.968,-35.6374)]
triangle[(-18.1379,13.1809),(1.61996,0.145181),(14.7575,20.0575)]
triangle[(17.5797,14.2775),(12.0832,7.932),(19.4087,1.58661)]
triangle[(-2.98261,5.92656),(-4.41425,15.0279),(-19.2602,12.6926)]
triangle[(9.52272,19.6928),(-5.33842,17.9434),(-2.42046,-6.84444)]
triangle[(-6.4806,13.7281),(-12.1661,-13.2019),(26.116,-21.284)]
triangle[(1.54412,8.11733),(-14.0687,9.13134),(-15.5905,-14.3)]
triangle[(-3.2407,-13.7503),(-4.9607,-3.96256),(-23.9213,-7.29451)]
triangle[(7.73356,-12.6917),(-16.232,18.6176),(-62.3195,-16.6599)]
triangle[(11.8014,-8.5888),(4.19294,11.718),(-29.9289,-1.06652)]
triangle[(11.0539,-11.7028),(15.5117,13.5874),(-23.3303,20.4338)]
triangle[(4.70372,-2.57534),(2.673,-14.7657),(22.5538,-18.0775)]
triangle[(8.52026,-15.6912),(17.7677,-3.14338),(2.79122,7.89398)]
triangle[(-1.69066,9.12105),(11.7412,16.3698),(2.92623,32.7039)]
triangle[(5.47797,16.5206),(-15.57,16.6936),(-15.8705,-19.878)]
triangle[(-6.51572,-18.0365),(4.41893,15.6165),(-43.6402,31.232)]
triangle[(11.2828,-20.9941),(11.2442,-5.3853),(-10.1234,-5.43821)]
triangle[(14.7489,-6.98441),(-20.8563,-14.6642),(-11.865,-56.3499)]
triangle[(-1.43413,12.876),(-6.64278,10.4617),(-2.62922,1.80268)]
triangle[(-5.41784,-6.55806),(-2.88376,17.335),(-41.2899,21.4083)]
triangle[(16.896,-2.15721),(-9.9529,-7.86968),(-3.18325,-39.6874)]
triangle[(-18.5195,-18.5407),(-7.4499,1.70795),(-33.0531,15.7048)]
triangle[(15.5221,20.1145),(-15.2512,5.2176),(1.88581,-30.1834)]
triangle[(-6.50891,2.45499),(14.4474,1.47901),(15.7609,29.6821)]
triangle[(11.674,0.588172),(5.48275,11.608),(-7.48584,4.32188)]
triangle[(-11.1037,-16.9751),(-7.51107,12.629),(-44.4221,17.1084)]
triangle[(-11.6552,12.7666),(-14.0179,-19.4329),(49.1023,-24.0645)]
triangle[(-18.8861,18.5405),(-5.13662,0.95611),(14.5797,16.3726)]
triangle[(5.8924,-13.6239),(12.9485,19.6416),(-34.1993,29.6423)]
triangle[(-19.0446,-20.2053),(2.55093,-9.63907),(-10.147,16.3132)]
triangle[(3.62868,-7.64727),(-12.063,-4.37192),(-18.0761,-33.1797)]
triangle[(-0.857134,-5.29256),(-7.12198,-9.87531),(1.08651,-21.0967)]
triangle[(11.0323,16.8128),(13.6817,2.99413),(35.8474,7.24387)]
triangle[(14.2741,-6.59137),(12.5938,20.3799),(-29.379,17.7651)]
triangle[(5.80674,-12.1639),(16.8059,4.40094),(-10.9793,22.8506)]
triangle[(19.0695,1.97283),(3.83434,-16.3205),(26.3641,-35.0838)]
triangle[(-20.5455,7.25489),(2.4118,6.17554),(4.55276,51.713)]
triangle[(1.83954,-2.93631),(-1.97879,5.68889),(-15.0596,-0.101918)]
triangle[(16.7012,-13.1763),(-0.348656,6.41269),(-22.378,-12.7613)]
triangle[(-3.48117,3.04588),(4.24992,17.8471),(-19.2935,30.1445)]
triangle[(-3.22697,-18.0965),(4.26282,-5.23858),(-13.6241,5.18066)]
triangle[(-4.06455,-16.6874),(-19.1658,16.1697),(-66.6366,-5.64802)]
triangle[(8.18489,-20.8266),(-3.76316,-10.8238),(-20.9027,-31.2964)]
triangle[(1.54044,-20.947),(-20.6364,7.79383),(-65.7245,-26.9967)]
triangle[(-18.8131,-17.2788),(-8.70724,-13.249),(-14.1112,0.302762)]
triangle[(11.8189,-9.62648),(-19.8745,-14.7124),(-9.93875,-76.6283)]
triangle[(-3.93129,8.35046),(0.990775,6.00941),(5.42382,15.3299)]
triangle[(-20.7377,20.9335),(8.28276,3.26193),(38.1904,52.3767)]
triangle[(1.36897,-18.6092),(-1.78318,10.9331),(-35.5427,7.33103)]
triangle[(8.02952,12.5636),(5.93116,0.308478),(18.2797,-1.80588)]
triangle[(2.66307,19.6578),(-0.628836,-4.4115),(29.3441,-8.51082)]
triangle[(1.67245,-9.17043),(-10.9617,9.08377),(-46.9374,-15.8158)]
triangle[(8.41239,9.7368),(-20.3149,-18.0374),(12.8519,-52.3425)]
triangle[(-8.14182,4.41057),(7.48285,10.2808),(-0.751464,32.1979)]
triangle[(-10.0594,18.7549),(10.7613,3.5388),(38.7637,41.8554)]
triangle[(-7.85777,1.92483),(8.21869,20.4398),(-14.9595,40.5653)]
triangle[(1.1203,-14.4661),(0.585228,-8.48271),(-7.0132,-9.16221)]
triangle[(-7.44876,19.218),(11.3433,-1.35111),(37.0796,22.1617)]
triangle[(14.403,11.283),(-16.0987,15.1786),(-20.8975,-22.3947)]
triangle[(4.62486,8.78678),(19.9931,11.2516),(15.3767,40.0345)]
triangle[(-15.8778,19.5185),(2.14605,8.86312),(23.1179,44.3373)]
triangle[(-6.09374,11.7189),(-17.432,3.10009),(-7.17951,-10.3872)]
triangle[(1.35225,7.4664),(-6.06248,3.75872),(-2.19615,-3.97327)]
triangle[(-10.5671,5.48683),(-7.6376,-17.4961),(23.6407,-13.5092)]
triangle[(-15.7228,17.8277),(-2.54975,-6.6119),(23.4477,7.40084)]
triangle[(-4.52193,18.5087),(-2.43335,-9.85227),(40.2621,-6.70806)]
triangle[(15.4188,10.5499),(19.6162,13.5601),(16.1888,18.3392)]
triangle[(11.542,16.5002),(-9.881,0.840599),(11.6082,-28.5575)]
triangle[(10.1864,-7.90181),(-1.8203,-2.74703),(-7.6947,-16.4299)]
triangle[(-0.337813,12.8626),(13.0398,-18.7494),(74.1083,7.09372)]
triangle[(-18.6081,1.7295),(3.30705,10.4941),(-7.32443,37.0773)]
triangle[(-9.34692,-12.4299),(18.8614,-14.2789),(21.9354,32.6186)]
triangle[(6.3379,-14.4847),(-2.83836,-11.0022),(-7.89464,-24.3253)]
triangle[(19.1648,0.429574),(2.3452,-15.364),(27.5848,-42.2433)]
triangle[(11.1867,16.6613),(1.79695,-1.18727),(22.3556,-12.0027)]
triangle[(-9.42359,-6.90079),(-5.47208,10.2791),(-35.7666,17.2471)]
triangle[(-16.9969,-20.9352),(-7.26452,-3.0511),(-25.3691,6.80124)]
triangle[(16.0217,3.99428),(4.55854,17.2681),(-19.3313,-3.36308)]
triangle[(-11.2356,-15.8722),(4.09596,-7.60729),(-4.23766,7.85165)]
triangle[(11.3917,1.11371),(-9.94237,-15.6985),(22.9667,-57.4587)]
triangle[(-1.42717,-14.9834),(-19.1897,12.4308),(-70.0204,-20.504)]
triangle[(17.8066,7.33632),(18.0899,-5.63679),(34.03,-5.28859)]
triangle[(-9.57812,15.7011),(-14.3285,-12.7015),(19.5421,-18.3665)]
triangle[(10.7968,-14.1443),(4.43191,15.453),(-31.2341,7.78305)]
triangle[(-10.8226,1.22428),(11.9934,-16.58),(44.3035,24.8249)]
triangle[(1.37307,-18.8584),(18.4644,6.6914),(-32.0416,40.477)]
triangle[(4.34908,-2.46498),(12.8539,-9.61308),(23.706,3.29881)]
triangle[(12.9361,-6.6205),(-14.0253,2.54157),(-23.7648,-26.1191)]
triangle[(3.91473,-16.2341),(18.9838,5.79764),(-8.55058,24.6303)]
triangle[(-12.0801,12.7971),(-10.1465,5.84595),(-1.15634,8.34675)]
triangle[(15.0398,-0.743804),(1.17775,-9.2471),(17.8476,-36.4223)]
triangle[(-18.9835,-16.6679),(9.79112,2.32936),(-22.1756,50.7484)]
triangle[(20.9512,-17.6213),(11.2891,9.64748),(-34.423,-6.54959)]
triangle[(3.02558,13.9369),(20.5641,10.9845),(24.4916,34.3155)]
triangle[(1.39092,-2.86614),(-6.88226,11.5126),(-25.6891,0.691575)]
triangle[(16.6058,-19.4911),(-10.276,-18.7582),(-11.5664,-66.084)]
triangle[(6.46706,-3.70615),(3.3984,13.9784),(-15.255,10.7416)]
triangle[(-18.2521,18.2728),(-0.917294,4.6833),(22.0494,33.9797)]
triangle[(18.1394,-12.3218),(7.39153,-18.3893),(18.7711,-38.5469)]
triangle[(6.62714,19.0031),(14.6951,9.77554),(27.8012,21.2346)]
triangle[(19.2219,-12.075),(2.72923,20.6438),(-58.328,-10.1336)]
triangle[(13.1154,20.8712),(10.1442,18.3278),(12.7626,15.2691)]
triangle[(-19.1216,2.74079),(11.8185,14.8115),(-0.457662,46.2783)]
triangle[(13.9663,6.53127),(-2.9398,20.4861),(-28.7525,-10.7857)]
triangle[(-5.1855,11.2979),(-2.21344,-4.09942),(19.1102,0.0165574)]
triangle[(-2.6313,3.79433),(-14.6798,-13.62),(8.67101,-29.7758)]
triangle[(14.8395,-4.9656),(10.0665,16.4384),(-25.0425,8.60933)]
triangle[(8.92277,-8.47861),(16.9737,-3.96874),(11.052,6.60272)]
triangle[(-4.18988,19.4913),(14.9008,13.3038),(23.2835,39.1674)]
triangle[(-19.9063,-12.4822),(10.8125,10.9352),(-19.0113,50.0579)]
triangle[(11.7026,19.8929),(-13.9647,19.4178),(-13.198,-22.0032)]
triangle[(-0.140481,-11.228),(7.16472,16.7582),(-27.2305,25.7363)]
triangle[(-14.0681,-6.20829),(8.34169,-12.539),(18.3399,22.8533)]
triangle[(-12.5656,11.7447),(-10.1377,15.3909),(-16.9004,19.894)]
triangle[(-8.89987,-2.95906),(20.7473,-15.7616),(34.3535,15.7468)]
triangle[(-2.25502,-13.2135),(6.88833,7.11141),(-22.769,20.453)]
triangle[(4.90196,6.42055),(-9.88372,7.23417),(-10.7733,-8.93106)]
triangle[(20.5629,-1.1245),(-17.6796,13.4939),(-34.9387,-31.6569)]
triangle[(17.5659,15.9605),(-2.9421,-17.8909),(38.7813,-43.168)]
triangle[(-4.77778,-10.5339),(20.8155,-10.6671),(20.9572,16.5707)]
triangle[(5.49659,3.45843),(9.71097,17.9748),(-10.3602,23.8019)]
triangle[(3.26831,20.82),(11.0314,19.1586),(13.2308,29.4356)]
triangle[(13.763,-10.1529),(-6.86225,-6.37417),(-11.3032,-30.6136)]
triangle[(-0.973307,16.1903),(-3.08466,20.2638),(-9.42287,16.9787)]
triangle[(20.2095,-2.45837),(-20.6722,-5.52801),(-16.088,-66.5813)]
triangle[(18.9685,9.79574),(20.0641,18.9128),(4.30127,20.807)]
triangle[(-19.9452,-8.91988),(-4.17121,-11.5464),(0.391012,15.8525)]
triangle[(9.66023,3.57481),(-11.2633,-18.6064),(14.4326,-42.8453)]
triangle[(12.9118,-14.5075),(-18.9158,-5.28457),(-29.1189,-40.4951)]
triangle[(-6.44151,-20.8676),(2.85083,1.52467),(-30.3343,15.2958)]
triangle[(-0.12083,3.74478),(3.93063,-3.39525),(11.1605,0.707189)]
triangle[(19.4234,-15.8785),(-2.56459,-1.43629),(-19.9104,-27.845)]
triangle[(12.7112,20.4642),(0.389902,4.11353),(30.0736,-18.255)]
triangle[(4.94031,19.0072),(-14.3962,16.1048),(-9.6374,-15.5986)]
triangle[(-9.87154,16.0486),(-15.4493,3.13118),(9.17875,-7.50329)]
triangle[(2.41699,0.937385),(-10.9598,18.952),(-46.7559,-7.62857)]
triangle[(19.6603,-9.4571),(-20.8686,-0.0875575),(-35.057,-61.461)]
triangle[(-18.9915,-13.7416),(19.7352,-15.9152),(22.4821,33.0258)]
triangle[(-7.93307,20.1228),(10.741,-8.69777),(52.1761,18.1498)]
triangle[(-1.81389,-11.144),(10.8313,0.789871),(-11.7471,24.7142)]
triangle[(-10.2435,-20.281),(-0.352554,-3.81307),(-25.4107,11.2373)]
triangle[(-10.3683,3.28818),(7.49602,-6.96217),(24.3373,22.3888)]
triangle[(-18.8609,6.67625),(1.6746,-14.6382),(41.2888,23.5282)]
triangle[(-2.8414,-7.50978),(-19.6058,13),(-55.9169,-16.68)]
triangle[(9.26906,0.405602),(10.131,-6.85892),(17.9409,-5.93231)]
triangle[(8.97968,-8.74918),(-18.8634,8.92227),(-51.7758,-42.9345)]
triangle[(7.15576,-6.72391),(2.11486,-13.5809),(11.5509,-20.5178)]
triangle[(14.8921,-8.42278),(-8.93017,2.21001),(-29.6347,-44.1777)]
triangle[(4.20516,17.1823),(3.4913,8.02416),(15.3468,7.10005)]
triangle[(11.8712,-14.5541),(3.99045,-12.4333),(0.883893,-23.9772)]
triangle[(5.96617,-7.78023),(3.66963,-20.8947),(25.7869,-24.7678)]
triangle[(16.0704,-0.346211),(-17.4128,-18.1493),(6.12476,-62.4174)]
triangle[(-4.79638,-15.8191),(3.89607,-12.148),(-3.07084,4.34802)]
triangle[(3.72752,-20.1542),(18.5238,9.53125),(-21.9121,29.686)]
triangle[(16.7317,-8.14481),(-19.7278,-19.8307),(-2.47193,-73.6683)]
triangle[(0.840294,-2.72668),(-1.27358,-8.3904),(7.77703,-11.7684)]
triangle[(8.52437,-4.21978),(-2.3684,9.27519),(-26.3942,-10.1178)]
triangle[(14.6756,11.4108),(8.0272,7.0425),(15.341,-4.08881)]
triangle[(12.0166,-20.1109),(-12.1482,-5.20818),(-41.9057,-53.4602)]
triangle[(12.5778,10.0161),(-7.27762,14.1472),(-11.7345,-7.27424)]
triangle[(8.87905,6.64549),(4.57173,-7.14172),(22.4816,-12.737)]
triangle[(13.2382,-17.761),(-4.00129,13.1135),(-60.6711,-18.5294)]
triangle[(3.19834,4.51341),(-19.5689,8.2485),(-25.023,-24.9971)]
triangle[(9.0488,-18.2098),(8.41078,-14.256),(1.6769,-15.3426)]
triangle[(12.9948,14.3783),(17.552,-18.8741),(76.5632,-10.7867)]
triangle[(-17.7115,-19.6491),(10.3709,15.9717),(-33.207,50.3272)]
triangle[(-20.292,5.43037),(-4.51834,-2.3151),(3.54978,14.1156)]
triangle[(0.183036,3.31977),(12.8293,5.71873),(9.58146,22.8396)]
triangle[(9.21971,19.1161),(-5.30038,-10.0289),(41.2185,-33.2047)]
triangle[(-14.6954,-0.240171),(-8.70272,-4.89099),(-2.84912,2.65155)]
triangle[(-9.29334,12.4775),(-15.0018,4.1388),(-4.51854,-3.03784)]
triangle[(-6.14141,7.57555),(-14.1498,5.71004),(-11.55,-5.45062)]
triangle[(0.184238,11.984),(1.38051,7.76387),(6.92725,9.3362)]
triangle[(0.342093,8.92633),(18.3246,-8.88281),(52.0909,25.2122)]
triangle[(10.2713,6.47569),(-4.64682,-20.2166),(35.5053,-42.6574)]
triangle[(15.912,-10.2077),(-6.04611,-17.0002),(6.76916,-58.4282)]
triangle[(-16.551,14.1568),(20.435,0.395171),(47.3707,72.7878)]
triangle[(18.918,7.96777),(-6.08056,15.9831),(-14.2415,-9.46963)]
triangle[(-15.7865,12.1441),(9.22272,19.4481),(-0.534319,52.8567)]
triangle[(20.3783,-0.767438),(8.95983,-17.7718),(39.0192,-37.9568)]
triangle[(3.98165,19.7813),(19.5247,7.71341),(39.6438,33.6262)]
triangle[(-8.28369,-16.1328),(-17.6271,-14.7971),(-19.9169,-30.8158)]
triangle[(-10.8283,-13.2149),(-8.43705,-5.81155),(-17.5365,-2.87249)]
triangle[(7.51004,-7.64779),(-19.2605,-10.8147),(-13.7992,-56.9801)]
triangle[(17.3927,8.82962),(-8.74677,-12.3871),(32.9194,-63.7209)]
triangle[(2.54465,14.4107),(-0.302928,13.1388),(1.33946,9.46183)]
triangle[(20.3895,2.57689),(9.8554,18.5449),(-19.1285,-0.57583)]
triangle[(-17.0644,-11.0543),(11.3925,-17.308),(21.4711,28.554)]
triangle[(-12.0648,-8.48291),(-9.3032,18.168),(-48.2558,22.2043)]
triangle[(11.7669,-14.9779),(3.49095,20.1281),(-58.2262,5.57875)]
triangle[(11.0472,-14.191),(8.32723,8.98732),(-29.3753,4.56292)]
triangle[(-5.46434,10.0998),(-18.9107,7.86927),(-14.7712,-17.0855)]
triangle[(-15.1853,-8.14877),(-16.4515,13.7216),(-40.1541,12.3494)]
triangle[(0.501704,-7.91451),(5.26592,-18.7069),(23.3498,-10.7239)]
triangle[(5.01213,-3.40022),(13.9782,-13.3324),(28.8963,0.134608)]
triangle[(-10.5758,-8.79568),(7.77811,8.36592),(-10.0519,27.4347)]
triangle[(6.83213,18.7956),(-0.00194751,-8.57215),(48.3429,-20.6445)]
triangle[(3.84818,-6.35645),(-16.0375,-7.71916),(-14.1356,-35.4729)]
triangle[(-9.28208,18.2222),(-20.2821,-4.61013),(24.4681,-26.1695)]
triangle[(-10.5147,-4.84967),(8.13043,-11.5625),(15.5305,8.99168)]
triangle[(10.7666,-19.5369),(20.5177,-16.8473),(15.9201,-0.179362)]
triangle[(5.10261,3.18798),(10.2167,-14.0628),(35.4738,-6.57532)]
triangle[(5.42853,5.50728),(6.53829,15.6008),(-8.57481,17.2625)]
triangle[(1.53935,-19.1033),(10.5614,3.58073),(-31.2604,20.2145)]
triangle[(6.12637,11.0087),(-1.81669,-2.96893),(23.9335,-17.602)]
triangle[(-15.1072,-8.95756),(-12.5834,9.99029),(-40.7762,13.7455)]
triangle[(-9.60968,19.9206),(-19.208,-1.75399),(14.8875,-16.8527)]
triangle[(-19.1909,-17.2295),(4.02973,-4.68073),(-9.62899,20.5937)]
triangle[(12.6204,-11.0867),(-5.06811,8.34604),(-38.3481,-21.9468)]
triangle[(18.4586,-9.16284),(-12.3144,-15.6997),(-4.16035,-54.0859)]
triangle[(11.7702,-19.6408),(-13.0297,-9.34146),(-32.9878,-57.3991)]
triangle[(-19.5483,-8.33182),(18.5835,2.04207),(6.36845,46.9415)]
triangle[(-2.07584,11.7832),(20.9476,-16.2905),(72.5976,26.0679)]
triangle[(4.50051,16.8283),(-18.7445,-6.32841),(20.0126,-45.2333)]
triangle[(-1.97997,6.16884),(-15.1655,3.35565),(-10.4045,-18.9596)]
triangle[(4.36916,-7.09925),(9.64692,-13.4886),(20.9653,-4.13944)]
triangle[(12.624,19.4084),(8.23033,0.732242),(40.9141,-6.95682)]
triangle[(-16.1371,-4.95467),(3.30612,-9.36097),(10.1375,20.7829)]
triangle[(5.26723,-1.5199),(-7.30137,-18.2012),(12.0009,-32.7446)]
triangle[(11.0271,10.6589),(-4.69287,-14.0729),(27.7056,-34.666)]
triangle[(-10.2611,4.2936),(20.9101,9.5669),(11.3239,66.2321)]
triangle[(-1.21709,-2.10274),(15.6016,-1.2019),(14.4305,20.6629)]
triangle[(4.90028,14.2404),(-4.2246,14.0243),(-3.84144,-2.15572)]
triangle[(-7.9601,1.82966),(-1.93089,-7.07242),(9.36608,0.578806)]
triangle[(-20.9534,6.83717),(5.13712,-14.3461),(33.4664,20.5458)]
triangle[(-11.5535,-6.44128),(-12.8059,-20.0149),(4.67925,-21.6281)]
triangle[(8.56802,-3.18534),(12.9768,-17.8068),(36.8606,-10.6052)]
triangle[(-17.5186,-4.38383),(17.7904,-1.70456),(13.6804,52.4588)]
triangle[(-17.9827,-19.2294),(15.7835,-13.2356),(8.11568,29.9611)]
triangle[(-0.636233,-18.1386),(-10.333,-8.69315),(-21.7299,-20.3933)]
triangle[(9.94635,10.3057),(2.26884,-20.2453),(32.8403,-27.928)]
triangle[(15.782,17.09),(4.87787,15.6672),(7.59886,-5.18566)]
triangle[(-14.5957,-20.7042),(4.8267,-10.0911),(-8.6518,14.575)]
triangle[(0.787952,8.15643),(1.7939,16.6021),(-10.5396,18.0711)]
triangle[(-12.9673,5.66129),(3.705,0.387137),(10.2047,20.9335)]
triangle[(17.0075,3.2094),(1.10857,2.40355),(2.32568,-21.6093)]
triangle[(-11.9756,-17.7101),(4.08341,8.89908),(-27.9268,28.2177)]
triangle[(-19.7505,-14.1461),(6.40657,5.28804),(-28.1194,51.7578)]
triangle[(20.0013,13.5991),(-9.20461,-2.49531),(12.4666,-41.8212)]
triangle[(-6.16225,0.723865),(-20.5481,17.8869),(-49.0247,-5.98174)]
triangle[(19.2632,-6.10252),(-12.2833,14.1673),(-40.576,-29.8653)]
triangle[(-18.067,-1.39303),(-3.52586,17.8447),(-36.7588,42.9644)]
triangle[(-2.77163,-20.4002),(8.16588,-2.3085),(-21.3495,15.5353)]
triangle[(-9.06534,-7.1529),(12.9982,-16.2454),(30.4858,26.1893)]
triangle[(6.42534,-0.68206),(-15.0625,4.97541),(-21.5177,-19.5423)]
triangle[(14.6741,-14.1374),(1.88971,-4.31562),(-12.1138,-22.5431)]
triangle[(-16.6562,-3.24616),(-19.2883,-5.47557),(-16.8697,-8.33088)]
triangle[(14.7313,-11.4333),(-6.67272,12.7735),(-50.9242,-26.3543)]
triangle[(5.442,-7.25796),(10.364,-5.67206),(7.21399,4.10431)]
triangle[(-6.8072,17.4663),(-15.2096,-1.08976),(12.5069,-13.6401)]
triangle[(-1.18777,-2.15262),(13.3944,19.1844),(-8.01691,33.8174)]
triangle[(20.9146,-16.7257),(11.8518,-18.8375),(16.0319,-36.7764)]
triangle[(4.94412,-19.7868),(-19.3843,-10.4192),(-36.0575,-53.7209)]
triangle[(12.9433,-2.77999),(-16.2221,-12.9668),(-0.00711557,-59.3911)]
triangle[(-1.14155,-9.43661),(-0.584708,18.811),(-55.9228,19.9019)]
triangle[(-11.8708,-10.6498),(17.0444,-14.7669),(23.2522,28.8317)]
triangle[(6.81744,-10.1996),(-17.1102,19.1627),(-48.9191,-6.75869)]
triangle[(-17.4713,-16.1904),(13.9892,14.8048),(-24.7396,54.115)]
triangle[(10.0878,0.661291),(0.57628,2.13133),(-1.12569,-8.88086)]
triangle[(-0.495197,5.28922),(15.1206,14.964),(1.53391,36.8938)]
triangle[(-18.729,4.28855),(6.47137,-5.51198),(23.7353,38.8793)]
triangle[(13.9713,15.0591),(14.3206,11.5249),(19.053,11.9927)]
triangle[(-1.67966,19.4153),(-3.42711,0.565931),(26.0965,-2.17109)]
triangle[(-11.0244,19.197),(16.8715,-20.836),(77.4447,21.373)]
triangle[(-14.2894,-12.5298),(-11.0148,-11.7426),(-12.0091,-7.60617)]
triangle[(-16.4737,-3.0333),(10.7634,10.8426),(-11.9801,55.4862)]
triangle[(-8.46441,16.7678),(-12.0705,7.20489),(4.50081,0.955895)]
triangle[(-15.4031,10.0049),(-11.7598,-11.5333),(17.573,-6.57152)]
triangle[(-11.2579,8.62254),(5.78757,6.44346),(9.07265,32.1404)]
triangle[(-3.95233,10.1856),(6.6743,7.84804),(10.1127,23.4793)]
triangle[(7.33072,7.80245),(13.0485,2.94707),(21.3719,12.7489)]
triangle[(-7.81227,18.3087),(-7.92801,-6.7671),(23.0642,-6.91016)]
triangle[(-8.0638,-1.21345),(6.55676,5.8244),(-1.41338,22.3817)]
triangle[(-2.74738,20.1967),(17.2325,-5.12054),(51.4514,21.8843)]
triangle[(15.7593,9.58661),(14.2157,-2.4225),(37.2705,-5.38587)]
triangle[(-0.967348,-6.57881),(-12.0937,6.87325),(-33.216,-10.5973)]
triangle[(-1.26772,-19.4377),(16.3997,7.16916),(-18.1922,30.1387)]
triangle[(-10.4188,-0.517108),(-2.21493,10.1333),(-15.24,20.1664)]
triangle[(-11.5318,12.5442),(16.0537,-3.57252),(42.6957,42.0282)]
triangle[(-1.66209,-9.51592),(-7.19986,-19.1262),(10.9067,-29.5598)]
triangle[(19.4787,1.40616),(-12.1038,11.8147),(-30.0609,-42.6725)]
triangle[(5.44529,-11.3953),(17.7985,-16.8125),(27.5017,5.31436)]
triangle[(-1.56156,-14.5828),(15.63,-9.24708),(6.5365,20.0519)]
triangle[(-11.2409,8.8168),(17.4396,-12.802),(43.2966,21.5011)]
triangle[(-8.20107,20.5069),(-8.46812,12.2178),(4.96435,11.7851)]
triangle[(-0.181703,7.09453),(14.5195,-15.8005),(40.0538,0.595478)]
triangle[(-2.56389,2.91297),(19.8945,4.7729),(16.9709,40.075)]
triangle[(0.454914,4.08301),(-17.3328,-10.4682),(10.3398,-44.2958)]
triangle[(-13.2686,18.4),(-18.2217,2.26483),(2.12845,-3.98212)]
triangle[(-20.5713,-7.32973),(-7.57966,-2.45208),(-16.4209,21.0965)]
triangle[(-13.9002,-2.15054),(11.7735,-1.41697),(10.683,36.7485)]
triangle[(4.46782,-9.62793),(13.6463,6.92696),(-12.1804,21.2461)]
triangle[(19.2683,-10.5524),(-7.62037,-4.22657),(-16.4162,-41.6144)]
triangle[(-5.66627,-10.4014),(-15.2159,20.2378),(-62.558,5.48228)]
triangle[(0.422999,-5.62547),(-10.051,15.5176),(-34.0613,3.62315)]
triangle[(-10.4506,13.5059),(-7.10794,-8.0581),(22.4062,-3.48311)]
triangle[(17.3824,-8.39053),(20.0706,3.7498),(1.81351,7.79243)]
triangle[(-18.5548,-2.10689),(-11.1587,-13.2595),(6.81928,-1.33694)]
triangle[(-7.18934,8.24333),(1.12317,17.3803),(-11.2334,28.6219)]
triangle[(-9.93551,-19.6413),(4.68142,-16.1181),(-1.51853,9.60369)]
triangle[(2.35036,-8.51643),(0.141193,-7.50645),(-1.57376,-11.2577)]
triangle[(14.4013,3.90854),(15.6526,5.74376),(13.5585,7.1716)]
triangle[(-10.8365,9.53535),(6.66682,20.5114),(-13.0355,51.9303)]
triangle[(6.89634,5.98765),(-1.51928,9.46994),(-5.99017,-1.3348)]
triangle[(1.67652,-6.05489),(-9.85449,-2.70354),(-14.9775,-20.3305)]
triangle[(19.7001,-0.134103),(6.01423,-13.1065),(23.7528,-31.8207)]
triangle[(-9.29451,-11.9945),(2.03265,15.0264),(-40.8096,32.9859)]
triangle[(-2.8102,0.163058),(-0.388604,-7.25124),(10.1803,-3.79934)]
triangle[(-8.32805,2.30429),(-19.3695,7.93426),(-28.5882,-10.1454)]
triangle[(-18.456,-12.2569),(3.81496,19.009),(-49.4228,56.9307)]
triangle[(11.3789,13.0833),(0.239565,-15.1697),(34.9758,-28.8652)]
triangle[(13.877,3.09716),(-12.7445,20.9217),(-40.0683,-19.8871)]
triangle[(5.9066,-3.43755),(13.4294,19.6788),(-11.4503,27.7754)]
triangle[(-9.72613,-7.58494),(-13.8377,-0.563027),(-24.2182,-6.64114)]
triangle[(-14.7302,4.74418),(0.712487,-18.3732),(32.1943,2.65707)]
triangle[(11.1996,-16.437),(-14.3448,9.38443),(-58.6096,-34.4054)]
triangle[(11.0847,-10.5127),(0.813118,7.49508),(-19.2001,-3.9204)]
triangle[(0.454675,-17.896),(17.8102,-6.2773),(0.428257,19.6871)]
triangle[(-8.30766,-14.6743),(2.53627,-17.3098),(5.6506,-4.49554)]
triangle[(-15.4887,-9.40108),(-1.88455,14.4911),(-32.2028,31.7542)]
triangle[(17.5891,5.31526),(9.09295,-16.137),(38.9977,-27.9808)]
triangle[(12.7042,0.996065),(-18.3433,-5.42841),(-8.3581,-53.6841)]
triangle[(3.14923,16.3318),(7.64683,0.624584),(25.4429,5.7203)]
triangle[(-12.2454,-0.92183),(-11.082,-17.103),(16.4007,-15.1269)]
triangle[(-11.6498,11.1245),(-0.0952326,15.8356),(-5.0855,28.0748)]
triangle[(3.41925,9.71523),(9.17816,6.63728),(12.5905,13.0218)]
triangle[(7.25943,10.1274),(-10.0818,14.6427),(-16.4137,-9.67521)]
triangle[(0.866107,-19.6696),(16.4408,20.6159),(-50.5163,46.502)]
triangle[(-4.0618,13.0949),(13.6073,-6.39604),(39.2593,16.8583)]
triangle[(-7.90134,-8.79498),(1.40665,-3.73833),(-7.74477,13.1071)]
triangle[(17.022,-0.502881),(11.3939,18.0571),(-20.1057,8.50521)]
triangle[(-18.3643,1.75529),(-7.87748,-16.8423),(20.2848,-0.962073)]
triangle[(-16.5614,-13.3007),(-3.10798,7.98028),(-41.9041,32.5065)]
triangle[(-8.01713,-13.8811),(1.74243,-5.30696),(-12.3608,10.7461)]
triangle[(-16.619,14.5779),(-19.4517,5.34907),(-6.92756,1.50495)]
triangle[(6.66672,18.3304),(-20.8932,19.5575),(-22.99,-27.5379)]
triangle[(5.03516,-17.6126),(15.1124,-16.0219),(12.1718,2.60831)]
triangle[(-11.2977,17.5589),(1.19972,11.3637),(11.0173,31.1683)]
triangle[(-0.619142,17.4643),(-18.6769,7.97542),(-4.7397,-18.5477)]
triangle[(-5.85296,11.1866),(-7.29744,14.0204),(-10.8922,12.188)]
triangle[(11.3298,11.9475),(7.09141,13.1207),(5.15155,6.113)]
triangle[(-0.605465,-6.57853),(10.9942,4.22368),(-10.5693,27.3791)]
triangle[(3.37338,12.208),(15.9482,-3.50193),(42.2112,17.52)]
triangle[(-17.59,-2.67121),(-6.16987,-7.47621),(0.629645,8.68428)]
triangle[(7.46777,1.26439),(-17.8114,-3.32765),(-9.08506,-51.3663)]
triangle[(14.0896,-18.2188),(5.96278,-11.0857),(-4.34034,-22.8242)]
triangle[(-18.1249,-17.5761),(17.0426,-15.1493),(13.0686,42.4387)]
triangle[(12.4561,-3.08354),(-5.71466,-9.72752),(1.85666,-30.4344)]
triangle[(-14.5423,10.2256),(-0.433075,17.5144),(-11.9121,39.7349)]
triangle[(-9.67528,-17.1527),(-12.3672,16.2869),(-47.5236,13.4568)]
triangle[(-1.92535,9.81301),(11.3444,18.5316),(0.342938,35.2758)]
triangle[(18.1265,-16.6909),(-0.853875,8.37753),(-34.1889,-16.8619)]
triangle[(-4.00159,-15.5936),(-18.8092,17.8555),(-81.9504,-10.0966)]
triangle[(-9.16415,-3.27242),(-5.73399,-1.63474),(-8.69313,4.56321)]
triangle[(15.5318,19.2429),(-6.81562,-15.5602),(39.7942,-45.4888)]
triangle[(-11.4243,-14.0981),(5.24104,10.2529),(-20.4317,27.8229)]
triangle[(-3.60082,18.5968),(-13.816,-3.51439),(25.0641,-21.4766)]
triangle[(-10.9029,1.2392),(17.7566,5.0713),(10.9233,56.1761)]
triangle[(-3.51714,-14.4711),(-5.4687,-10.5134),(-9.88713,-12.6921)]
triangle[(-2.4987,-18.0793),(1.36842,-6.99949),(-10.8651,-2.7297)]
triangle[(-3.7571,0.867211),(-12.2523,-11.2247),(0.0568627,-19.8725)]
triangle[(16.6516,16.0681),(-6.44407,-4.82792),(22.6834,-37.0216)]
triangle[(15.5827,-0.447783),(17.7843,10.2137),(6.9783,12.4452)]
triangle[(16.0138,-3.64767),(12.8171,-16.9841),(31.8049,-21.5354)]
triangle[(-7.86647,-18.2541),(0.961759,-0.169262),(-19.7345,9.93377)]
triangle[(-6.42596,-17.0891),(6.87622,5.97361),(-35.9042,30.6487)]
triangle[(5.1561,-16.5966),(20.2601,5.54325),(-20.9984,33.69)]
triangle[(-3.10632,-14.034),(-8.93735,-16.0588),(-6.64991,-22.6463)]
triangle[(2.01021,18.278),(7.83409,4.86528),(22.0791,11.0505)]
triangle[(-0.389074,5.57648),(5.95127,6.17556),(4.79408,18.4226)]
triangle[(-9.12111,14.3498),(-4.80461,18.8632),(-9.82798,23.6674)]
triangle[(-2.68491,-13.0411),(-8.91792,-8.59332),(-17.7421,-20.9595)]
triangle[(-17.6799,14.6643),(20.6935,11.2002),(25.6818,66.4585)]
triangle[(20.7295,2.48031),(14.4996,20.2131),(-12.4534,10.7439)]
triangle[(10.2442,-4.78862),(-11.9191,11.3105),(-29.1718,-12.4408)]
triangle[(19.3973,10.0008),(6.31124,19.9024),(-3.89966,6.40766)]
triangle[(-8.64362,10.4469),(1.48055,5.51213),(10.804,24.6401)]
triangle[(-5.86591,-2.58939),(-0.209718,-20.0768),(25.0353,-11.9115)]
triangle[(7.9403,-0.993412),(19.2558,9.66816),(0.149338,29.9466)]
triangle[(-13.6116,10.304),(11.9582,-2.77508),(30.3491,33.1796)]
triangle[(-16.615,-15.1467),(-8.83271,-15.5073),(-8.15535,-0.886372)]
triangle[(-1.5941,6.19926),(-20.927,-20.3071),(11.1765,-43.7225)]
triangle[(12.427,-20.2969),(-16.5627,-6.95201),(-33.1129,-42.9047)]
triangle[(-19.2319,0.879013),(-4.28027,-13.0788),(16.1675,8.82495)]
triangle[(14.2062,18.6189),(-13.8228,-18.4445),(50.4114,-67.0214)]
triangle[(-14.7407,11.1936),(10.3905,-4.82943),(26.5925,20.5825)]
triangle[(18.1064,-6.40066),(-14.3948,-5.46833),(-15.4779,-43.2239)]
triangle[(-7.97209,2.21596),(18.033,-10.8908),(39.3095,31.3238)]
triangle[(10.3346,6.11405),(19.0687,-8.30177),(40.1501,4.47082)]
triangle[(15.4341,-15.3639),(8.82605,-17.4509),(12.4671,-28.9797)]
triangle[(17.7716,-12.5342),(-9.95921,-3.88182),(-21.6542,-41.3642)]
triangle[(-1.01917,4.78029),(-8.89152,10.7504),(-16.6466,0.524259)]
triangle[(-11.5123,-7.52652),(16.4903,13.8941),(-12.5244,51.8242)]
triangle[(14.2986,-6.82229),(-3.20496,-6.55751),(-3.71259,-40.1155)]
triangle[(16.708,2.32395),(11.7829,2.52375),(11.4358,-6.032)]
triangle[(6.7996,17.6252),(-6.47761,7.5213),(6.93873,-10.1087)]
triangle[(-13.8208,14.8635),(-5.97204,-7.54726),(31.7118,5.65053)]
triangle[(14.5502,15.8885),(12.0671,-15.721),(47.2723,-18.4865)]
triangle[(18.826,5.46171),(-0.605534,-1.60054),(11.9084,-36.0322)]
triangle[(-17.5061,-18.0065),(-4.36726,19.507),(-50.1511,35.5426)]
triangle[(-4.1311,3.4367),(15.261,7.69545),(10.3759,29.9396)]
triangle[(-18.4957,-9.48086),(-13.0997,-6.08148),(-16.6633,-0.424908)]
triangle[(-5.6898,-17.1434),(-12.2353,-1.18603),(-37.4924,-11.5461)]
triangle[(-1.91387,-14.2788),(-6.85785,18.6245),(-56.496,11.166)]
triangle[(-12.5805,11.9724),(7.16957,-20.5583),(62.0496,12.7603)]
triangle[(19.5064,14.7218),(5.49189,18.7844),(-1.68317,-5.96673)]
triangle[(1.35033,-7.16701),(17.6331,18.0955),(-21.0523,43.0299)]
triangle[(1.02879,-7.28627),(2.87862,12.059),(-27.299,14.9447)]
triangle[(18.149,20.4074),(-14.3669,0.0578788),(25.2023,-63.1686)]
triangle[(-19.0602,-20.4288),(-10.3662,16.2492),(-67.1057,29.6985)]
triangle[(12.0848,-11.9658),(-8.0526,-14.8515),(-3.82362,-44.3626)]
triangle[(4.44908,2.55259),(-2.17666,-5.72676),(11.7359,-16.8606)]
triangle[(9.41039,-13.8347),(6.18436,-17.6118),(11.017,-21.7393)]
triangle[(-8.64688,-13.6155),(-7.07418,14.6572),(-41.7213,16.5845)]
triangle[(-20.2372,20.8517),(-11.4856,19.5716),(-9.32875,34.3167)]
triangle[(5.5315,-20.5314),(1.03683,2.47099),(-35.6081,-4.68941)]
triangle[(5.10887,6.99493),(-12.0047,-3.13974),(7.96434,-36.8597)]
triangle[(15.7198,4.5364),(-19.1191,-18.3992),(8.61968,-60.5342)]
triangle[(3.89181,-3.7599),(12.0272,13.3298),(-18.0597,27.6525)]
triangle[(-9.18411,-16.8699),(17.0009,14.8921),(-44.6601,65.7263)]
triangle[(-4.29213,9.03941),(8.19468,20.2638),(-7.38396,37.5946)]
triangle[(0.194876,-8.69784),(7.47703,-17.2349),(21.9533,-4.88658)]
triangle[(18.032,3.69438),(-10.0645,8.35223),(-15.0142,-21.5048)]
triangle[(-8.10526,-7.52643),(7.80476,-20.5111),(27.1591,3.20365)]
triangle[(6.81347,19.5684),(-18.2917,18.5881),(-16.6718,-22.8997)]
triangle[(6.48295,6.65883),(-9.28671,1.01299),(-1.83505,-19.8006)]
triangle[(-16.9451,5.89693),(3.53536,13.0608),(-8.177,46.5448)]
triangle[(-19.7016,15.2865),(14.3142,11.9969),(18.9496,59.9287)]
triangle[(-8.93798,1.77706),(5.9263,3.87178),(3.31246,22.4198)]
triangle[(-13.8157,-12.4061),(13.376,-3.30377),(-3.55173,47.2651)]
triangle[(18.7711,-1.63928),(15.0921,-18.7347),(46.1272,-25.4135)]
triangle[(-20.1638,18.0081),(3.80224,2.50827),(30.0738,43.1298)]
triangle[(20.6321,6.86373),(-3.80808,-18.4637),(38.6771,-59.4605)]
triangle[(-4.67533,4.08292),(-19.8935,-2.5728),(-11.3134,-22.1911)]
triangle[(-4.40392,20.8047),(4.19967,13.7464),(17.2737,29.6829)]
triangle[(-16.134,8.76127),(10.0687,7.83196),(11.2266,40.4788)]
triangle[(19.8793,-10.0218),(17.1401,6.31662),(-14.5844,0.99783)]
triangle[(-1.49645,-13.4978),(-4.72332,3.16868),(-37.6111,-3.19887)]
triangle[(4.41881,-1.56173),(19.7707,9.34243),(-1.00386,38.5908)]
triangle[(7.55061,-1.63898),(-7.92171,10.672),(-29.8694,-16.9116)]
triangle[(12.9533,-11.077),(13.4943,-15.6435),(20.6116,-14.8003)]
triangle[(-10.8228,9.97676),(6.06957,1.62282),(17.1774,24.0837)]
triangle[(-11.4073,-2.89143),(-18.2831,-5.42845),(-14.1614,-16.5991)]
triangle[(-9.10324,-1.31697),(13.5829,-13.0192),(36.1798,30.7874)]
triangle[(-17.2144,8.01028),(-17.9657,12.2875),(-23.5993,11.298)]
triangle[(-13.5989,9.0997),(-8.5551,14.3271),(-17.4449,22.9046)]
triangle[(-3.48213,-2.0669),(-10.2229,18.0139),(-49.3334,4.8852)]
triangle[(-2.75664,-2.17276),(-3.7478,3.57551),(-12.261,2.1076)]
triangle[(-2.94316,-8.21676),(16.7663,-3.11411),(6.92882,34.884)]
triangle[(14.9924,-16.3106),(7.17075,-11.0546),(-0.361262,-22.2632)]
triangle[(7.72997,-17.2941),(16.3749,-5.82888),(-0.0775318,6.57652)]
triangle[(6.16223,19.6888),(-7.69583,-1.19933),(31.717,-27.3474)]
triangle[(-5.6816,17.3596),(-7.17161,11.5164),(0.866308,9.46679)]
triangle[(-14.0571,6.4508),(16.9714,-8.86187),(35.9991,29.6945)]
triangle[(-14.783,-9.16607),(9.92863,-6.59291),(7.10041,20.5683)]
triangle[(6.83884,-18.6653),(12.1543,5.65955),(-20.361,12.7649)]
triangle[(2.38165,17.8967),(9.28651,-19.6864),(82.9397,-6.15463)]
triangle[(-9.21004,-17.2365),(16.0892,10.8631),(-22.5774,45.6762)]
triangle[(6.14021,15.4481),(16.156,0.661127),(44.0489,19.554)]
triangle[(17.9418,-18.7264),(-12.6274,-18.7068),(-12.6472,-49.584)]
triangle[(-20.953,-19.4624),(-8.85227,-10.1487),(-25.9453,12.0591)]
triangle[(4.47435,8.80855),(-3.67839,10.1673),(-5.67425,-1.8079)]
triangle[(-1.87117,16.9871),(11.7008,-5.54265),(39.2511,11.0537)]
triangle[(1.29506,-18.4817),(-12.7495,-3.02759),(-39.7071,-27.5264)]
triangle[(-12.0684,7.89631),(7.83848,-12.7562),(37.5223,15.856)]
triangle[(11.4208,20.026),(19.672,13.1048),(28.3674,23.4711)]
triangle[(18.5603,-13.928),(0.575448,8.27803),(-30.16,-16.6149)]
triangle[(-10.8311,-13.4325),(-15.3535,-18.7429),(-9.41099,-23.8036)]
triangle[(4.32366,20.5967),(-18.9429,-4.93742),(11.0757,-32.2902)]
triangle[(-7.36422,-19.7706),(-9.54072,17.3219),(-61.162,14.2929)]
triangle[(12.434,-4.14883),(8.42486,-15.9203),(20.2202,-19.9376)]
triangle[(18.6645,-1.01642),(1.74354,-13.7264),(18.3005,-35.769)]
triangle[(-16.2604,6.00958),(12.6696,-10.9375),(32.6379,23.15)]
triangle[(18.5634,-16.4652),(-11.8911,13.4721),(-51.1147,-26.4291)]
triangle[(15.8547,-1.04419),(4.94381,-0.115265),(3.88425,-12.5606)]
triangle[(6.46904,-5.04867),(-10.403,-17.3363),(13.8399,-50.624)]
triangle[(12.3774,1.55465),(7.94406,-0.253496),(10.5034,-6.52872)]
triangle[(-0.331287,-17.8967),(14.3004,4.05355),(-15.4631,23.8935)]
triangle[(20.7796,5.02132),(-11.8568,17.7393),(-32.6615,-35.6489)]
triangle[(0.906363,-18.8243),(11.8096,7.44995),(-19.3287,20.3716)]
triangle[(15.995,17.1816),(-0.303512,-8.17955),(31.3076,-28.4946)]
triangle[(2.11704,3.68426),(-12.7419,-18.8086),(16.1495,-37.8944)]
triangle[(-18.1553,-7.44349),(-1.6387,18.2313),(-32.3272,37.9732)]
triangle[(19.2306,-6.11949),(0.848469,-15.7114),(18.9429,-50.3878)]
triangle[(9.9442,-13.112),(-5.10812,-15.4396),(-2.70455,-30.9834)]
triangle[(17.9108,-0.0412931),(14.0795,11.6378),(-0.623706,6.81437)]
triangle[(-1.43434,-6.81171),(-11.1074,4.47675),(-29.3727,-11.1747)]
triangle[(-19.7076,-0.951588),(0.773496,-19.4329),(19.4775,1.29513)]
triangle[(-5.33663,0.138676),(8.24819,16.4762),(-12.4937,33.7233)]
triangle[(7.37594,-9.89953),(9.87338,3.13969),(-4.07351,5.81098)]
triangle[(-14.1573,9.82049),(0.403386,15.9206),(-6.32952,31.9918)]
triangle[(5.04375,11.0916),(16.4942,12.0787),(15.5062,23.5391)]
triangle[(-11.0646,-7.89962),(11.6572,-1.40326),(4.4263,23.8875)]
triangle[(12.8956,10.8262),(-4.9856,-20.7682),(54.2199,-54.2762)]
triangle[(-2.32128,-14.1181),(9.69932,20.3571),(-38.8359,37.2801)]
triangle[(1.27158,11.3752),(-20.4546,-19.6812),(34.2302,-57.9372)]
triangle[(15.4923,-11.2703),(-14.0633,-18.7765),(-5.13382,-53.9363)]
triangle[(-10.5617,-19.6988),(-10.6447,-16.9178),(-14.1916,-17.0236)]
triangle[(-7.50891,15.4882),(1.85286,-13.0872),(43.4595,0.543848)]
triangle[(-19.4198,16.8456),(-20.2908,2.14804),(2.50513,0.797062)]
triangle[(9.7336,17.3339),(12.106,5.63188),(34.7194,10.2165)]
triangle[(2.24599,15.4796),(7.05555,18.752),(0.743568,28.0288)]
triangle[(7.10237,8.45456),(-4.94704,-16.1824),(19.893,-28.3311)]
triangle[(-19.9883,-14.4051),(-12.961,-4.16515),(-28.4717,6.47943)]
triangle[(5.8412,-6.46062),(-4.72757,-9.13318),(0.192531,-28.59)]
triangle[(2.31258,-0.799014),(-9.6705,-19.9344),(16.1815,-36.1236)]
triangle[(-8.48129,5.77142),(-3.09402,-6.00906),(8.7104,-0.610843)]
triangle[(6.64076,20.6571),(-4.03498,9.7152),(12.0749,-6.00281)]
triangle[(4.90316,20.2664),(-13.1869,-5.08646),(21.1244,-29.5686)]
triangle[(0.560559,7.87121),(-2.94723,11.7803),(-7.22117,7.94517)]
triangle[(-16.7119,15.1166),(10.6614,-1.57461),(33.0599,35.1584)]
triangle[(-7.37301,-7.57459),(15.6719,5.6284),(-3.03559,38.2811)]
triangle[(-17.7201,13.4249),(7.35833,-20.8807),(65.613,21.7053)]
triangle[(5.29189,16.3247),(-18.5271,12.4056),(-13.2567,-19.6262)]
triangle[(10.3071,7.26763),(8.08932,-9.74924),(36.8561,-13.4984)]
triangle[(7.17566,7.7498),(11.864,12.8991),(1.59252,22.2511)]
triangle[(8.24457,19.2232),(-17.1099,-13.5787),(23.2511,-44.776)]
triangle[(-11.2959,-6.0187),(-11.7017,1.81598),(-26.5847,1.04521)]
triangle[(15.9763,-13.522),(-4.02179,19.0441),(-64.7612,-18.2546)]
triangle[(5.4249,14.2387),(18.3297,-6.36954),(50.5672,13.8174)]
triangle[(-6.76189,-13.3659),(10.1486,3.99085),(-24.0349,37.2953)]
triangle[(-8.25479,-18.2141),(-12.9539,-15.6858),(-17.1376,-23.4616)]
triangle[(-18.4278,-6.06173),(2.42971,15.4385),(-25.3383,42.3764)]
triangle[(-20.2481,-7.82672),(-19.6585,20.3474),(-57.3376,21.136)]
triangle[(-7.71902,2.16998),(-18.3422,18.7296),(-46.5005,0.665762)]
triangle[(-17.5877,17.1547),(20.3961,-15.4476),(59.1615,29.7167)]
triangle[(-4.16209,11.1895),(-7.71566,-14.1266),(19.6473,-17.9675)]
triangle[(13.7379,-8.01088),(5.1569,-14.8684),(14.5728,-26.6508)]
triangle[(-4.29995,18.3786),(5.67867,-13.6714),(53.6715,1.27098)]
triangle[(-11.4329,-5.86043),(4.29129,10.4845),(-16.3085,30.3019)]
triangle[(-7.55454,-5.8278),(-17.6376,5.16872),(-36.9355,-12.5262)]
triangle[(-0.041384,-13.2505),(-18.733,-16.8538),(-12.4456,-49.469)]
triangle[(-20.3343,18.8752),(14.5436,0.510519),(37.2093,43.5569)]
triangle[(6.75943,-19.9372),(0.319709,12.316),(-52.8904,1.69197)]
triangle[(19.6156,-1.02896),(-13.3434,20.1783),(-42.3307,-24.8718)]
triangle[(-2.54193,15.8025),(-1.25488,-17.6293),(41.3631,-15.9886)]
triangle[(-3.32704,-18.6103),(2.61465,14.501),(-47.6601,23.5225)]
triangle[(-15.1215,15.1728),(-9.05467,-20.61),(38.4863,-12.5496)]
triangle[(-5.09401,0.695645),(-11.9497,-2.521),(-5.78494,-15.66)]
triangle[(-8.12176,-2.84346),(7.91151,-0.124622),(4.43428,20.381)]
triangle[(-8.27142,-6.9543),(-9.99696,3.93021),(-26.3869,1.33189)]
triangle[(-13.1932,-12.7167),(12.9182,2.77013),(-5.18438,33.292)]
triangle[(-8.43755,4.38195),(-15.8066,8.62745),(-24.1023,-5.77164)]
triangle[(1.85694,-3.71),(5.60792,4.7981),(-9.16191,11.3097)]
triangle[(-7.98331,-1.20851),(17.9973,1.39497),(15.3699,27.6135)]
triangle[(19.9193,-5.6346),(6.14795,12.0066),(-28.3033,-14.8874)]
triangle[(-7.5576,8.22505),(11.0508,13.8958),(4.11218,36.6647)]
triangle[(3.32346,-10.0756),(13.9616,-14.8231),(19.9971,-1.29873)]
triangle[(10.3187,-16.0739),(16.4404,-13.3662),(11.6599,-2.55831)]
triangle[(20.0823,20.816),(-16.1755,4.60944),(2.49944,-37.1708)]
triangle[(-6.38658,8.09002),(5.10921,-4.12361),(21.2325,11.0521)]
triangle[(5.80133,-20.629),(20.8351,-19.7122),(19.7561,-2.01939)]
triangle[(-3.99134,-4.37893),(-19.731,-9.86265),(-12.7768,-29.8231)]
triangle[(-12.0894,-12.0753),(3.35182,16.2381),(-27.4626,33.0433)]
triangle[(5.66663,4.16497),(-15.8698,13.3445),(-29.6795,-19.0551)]
triangle[(0.879142,8.65038),(15.0515,1.26734),(28.6457,27.3625)]
triangle[(13.8902,-19.0213),(10.6161,-6.78034),(-12.021,-12.8351)]
triangle[(20.5586,13.964),(-10.9297,-5.70771),(21.3592,-57.3923)]
triangle[(-4.66795,20.7293),(19.7857,17.3156),(23.3007,42.4943)]
triangle[(7.27635,-20.7672),(14.3734,-7.03318),(-5.22792,3.09584)]
triangle[(14.7458,-8.59228),(14.2291,-17.6906),(30.8952,-18.637)]
triangle[(-20.5442,-0.0869874),(-11.111,-17.8451),(15.3482,-3.78981)]
triangle[(17.345,-11.6314),(12.9884,-12.9421),(14.7302,-18.7313)]
triangle[(-13.3996,18.6758),(17.7482,-1.1784),(53.2736,54.555)]
triangle[(-1.78935,-7.21534),(-10.4406,20.5412),(-39.0163,11.6347)]
triangle[(-15.6869,-15.6458),(13.0253,14.1034),(-34.271,59.7511)]
triangle[(1.90664,-19.4904),(19.1999,-3.77802),(-9.76379,28.1)]
triangle[(17.3709,11.8991),(-11.9906,-12.6134),(18.0003,-48.5369)]
triangle[(-13.8902,13.2852),(6.99162,-10.8957),(43.2338,20.4018)]
triangle[(14.2628,-16.3866),(14.7789,-10.4497),(6.63978,-9.74214)]
triangle[(20.4482,-10.1565),(-18.3621,-15.1781),(-12.1336,-63.3157)]
triangle[(-16.3789,-13.6133),(2.98862,5.96935),(-31.3234,39.9043)]
triangle[(16.9461,10.2283),(17.7613,-9.66348),(55.3552,-8.12277)]
triangle[(17.9776,-19.4453),(-5.76226,7.31442),(-46.5458,-28.8667)]
triangle[(9.01751,-2.76873),(18.1309,17.9853),(-16.5597,33.2184)]
triangle[(4.91474,-18.0723),(9.23957,18.695),(-37.3511,24.1753)]
triangle[(3.21923,9.76622),(-15.593,17.1122),(-24.4601,-5.59548)]
triangle[(3.9098,-12.6919),(-7.80799,18.7218),(-55.169,1.05545)]
triangle[(-9.23189,3.48012),(7.10253,-1.14404),(11.8875,15.7585)]
triangle[(15.6956,4.24596),(-4.89409,5.19957),(-6.39242,-27.1514)]
triangle[(-9.68529,18.7751),(9.64414,-17.9393),(54.7078,5.78583)]
triangle[(7.34704,-15.8022),(-12.1471,17.0973),(-51.8554,-6.43136)]
triangle[(-20.7923,14.282),(-12.8233,-15.9501),(21.7065,-6.84825)]
triangle[(14.2564,20.0275),(19.0938,-4.34912),(65.3704,4.83416)]
triangle[(-16.6022,-1.47856),(12.3244,6.85484),(-0.535523,51.4938)]
triangle[(1.25198,-12.7207),(4.97056,-17.6303),(12.2824,-12.0923)]
triangle[(-2.68278,-9.47375),(-1.63914,3.07085),(-20.5433,4.64357)]
triangle[(-1.78133,14.4963),(11.8928,4.7032),(31.2261,31.6984)]
triangle[(-11.3356,1.02593),(-0.657642,-11.4755),(15.7914,2.57421)]
triangle[(18.4865,10.1281),(7.41746,-6.23646),(32.0785,-22.9172)]
triangle[(13.8576,-1.10611),(2.53958,-10.3033),(17.8417,-29.1339)]
triangle[(-7.98265,-5.49236),(0.567693,16.2299),(-29.5967,28.1033)]
triangle[(-15.2459,-9.44439),(-3.11974,-5.8671),(-7.43206,8.75057)]
triangle[(-18.6656,-3.32131),(-19.7529,8.90557),(-35.1825,7.53346)]
triangle[(9.64137,16.3478),(-1.46016,10.9852),(5.19263,-2.78738)]
triangle[(10.5053,-12.8178),(3.87032,-1.11714),(-8.52564,-8.14633)]
triangle[(10.0187,7.28273),(16.3976,9.18427),(14.0808,16.9562)]
triangle[(14.5387,-16.8789),(-13.9318,-9.59247),(-26.5161,-58.7635)]
triangle[(15.6707,8.50212),(-3.26191,2.12801),(5.44579,-23.736)]
triangle[(8.82337,5.16569),(5.82039,-10.9408),(26.3013,-14.7594)]
triangle[(-13.7347,-19.5452),(13.602,20.3794),(-27.8606,48.7691)]
triangle[(15.9889,-0.771003),(14.5671,10.5805),(-7.59877,7.80409)]
triangle[(5.80929,-11.1043),(-20.1431,-5.73908),(-27.2882,-40.3007)]
triangle[(-13.2232,-18.9578),(11.1349,-12.1993),(0.903495,24.6755)]
triangle[(-18.9587,20.1798),(0.471098,-12.8279),(43.039,12.2295)]
triangle[(11.1375,-0.0104498),(1.29993,-17.3087),(28.2739,-32.6489)]
triangle[(16.1538,10.4566),(-19.5777,-19.5336),(21.2824,-68.2161)]
triangle[(-6.7258,-19.9337),(-15.8401,19.1006),(-60.2148,8.73928)]
triangle[(-1.52685,4.72129),(7.63984,-17.1501),(32.4068,-6.76978)]
triangle[(-0.574142,-15.3348),(17.8794,-17.0529),(20.0287,6.03296)]
triangle[(-9.68376,12.3871),(-11.6076,3.69427),(3.92266,0.25723)]
triangle[(-20.9179,13.792),(-14.4467,16.8821),(-19.1507,26.7331)]
triangle[(-13.1278,-13.2409),(-4.62182,2.36062),(-27.0039,14.5634)]
triangle[(-20.9037,-9.02337),(19.589,-16.3197),(33.2912,59.724)]
triangle[(2.33942,6.0822),(20.1533,3.26373),(25.614,37.7777)]
triangle[(-10.0143,4.97328),(-17.6309,-18.3973),(15.2149,-29.1018)]
triangle[(12.4488,13.7002),(15.3673,-11.0517),(43.3353,-7.75413)]
triangle[(14.0171,-4.7077),(-5.62064,-17.9052),(15.7195,-49.6591)]
triangle[(-18.5963,13.9346),(17.3855,-20.3859),(82.0132,47.3701)]
triangle[(10.395,-7.92921),(-13.6288,10.4984),(-49.2619,-35.9557)]
triangle[(9.35168,-1.88964),(-1.5308,9.6175),(-17.8312,-5.79803)]
triangle[(-0.0939961,-17.194),(-8.54527,14.198),(-58.6253,0.715603)]
triangle[(12.9145,9.21151),(15.1697,17.143),(3.72013,20.3985)]
triangle[(-11.477,7.55279),(-4.66959,1.62653),(5.70272,13.541)]
triangle[(-9.8952,-2.62426),(0.462619,-6.0577),(5.10441,7.94542)]
triangle[(5.49199,-15.7727),(9.74642,9.72092),(-19.0458,14.5258)]
triangle[(11.4152,-19.0524),(-10.7124,20.5807),(-50.7986,-1.7999)]
triangle[(13.8501,-5.00202),(17.5065,10.5298),(-12.7434,17.651)]
triangle[(18.9094,9.15675),(12.3662,11.091),(9.18827,0.340498)]
triangle[(-18.1415,6.93622),(-19.6328,18.1703),(-40.8907,15.3483)]
triangle[(10.1871,19.2684),(-6.37838,4.05235),(19.0971,-23.6824)]
triangle[(1.28712,11.2202),(11.3186,-4.58485),(38.0916,12.408)]
triangle[(-3.73341,-9.57924),(12.7941,16.3929),(-35.7654,47.2939)]
triangle[(15.2291,-3.99035),(8.89265,-14.4847),(27.7707,-25.8831)]
triangle[(-7.11129,15.8284),(-6.87266,6.05839),(6.7554,6.39126)]
triangle[(16.1797,0.0892752),(-18.6898,13.3272),(-36.6357,-33.9432)]
triangle[(7.62734,-14.62),(0.754144,-18.7474),(9.0079,-32.4922)]
triangle[(-6.17981,-10.0681),(10.4713,20.5468),(-30.5246,42.844)]
triangle[(20.2782,18.7963),(7.36121,-3.79103),(48.2502,-27.1741)]
triangle[(11.43,-13.0107),(17.7389,9.65086),(-9.56267,17.2515)]
triangle[(-0.230804,-5.44782),(-16.6014,-12.9305),(-7.85468,-32.0666)]
triangle[(17.5899,-19.6676),(15.6961,-9.50142),(3.81066,-11.7155)]
triangle[(11.12,-6.27883),(-9.15565,-15.801),(3.92605,-43.656)]
triangle[(20.3626,-3.44251),(-4.63013,-10.5027),(6.7938,-50.9429)]
triangle[(8.76606,17.6137),(-1.47021,5.00101),(19.7515,-12.2223)]
triangle[(12.7923,7.82281),(-4.0904,-15.4275),(29.1021,-39.5294)]
triangle[(9.43777,-1.64657),(-6.24057,-12.5726),(14.5619,-42.4233)]
triangle[(10.2551,-6.54875),(19.2664,-6.2249),(18.8868,4.33554)]
triangle[(-18.8479,-6.68191),(16.5227,18.9783),(-20.3877,69.8563)]
triangle[(12.3358,-5.42063),(-20.8098,13.6341),(-44.831,-28.1507)]
triangle[(-9.6172,8.37694),(11.7948,7.96941),(12.4871,44.3451)]
triangle[(-18.077,-9.18763),(7.48556,-9.30743),(7.63629,22.8569)]
triangle[(-6.71396,14.1136),(-0.95141,0.581814),(16.9757,8.21608)]
triangle[(-11.7516,-10.7099),(7.99364,6.19707),(-12.037,29.5904)]
triangle[(-3.66491,-2.6636),(20.5234,-9.68521),(28.881,19.1055)]
triangle[(-16.8759,20.0154),(17.7655,2.02608),(35.7995,36.7536)]
triangle[(2.6166,-12.0997),(-1.54893,11.0633),(-40.8835,3.98954)]
triangle[(7.57433,-1.99268),(-17.973,20.2778),(-55.2177,-22.4469)]
triangle[(-20.9449,-5.53113),(3.85154,-5.55377),(3.87604,21.2768)]
triangle[(-8.7929,6.98144),(-0.925074,13.7374),(-14.4259,29.4601)]
triangle[(-11.9323,-4.56388),(-5.69351,-17.8912),(18.4734,-6.57807)]
triangle[(7.6977,2.20057),(-1.13149,-18.7491),(26.925,-30.5735)]
triangle[(-1.07052,-20.2463),(-6.84655,0.577381),(-29.812,-5.79271)]
triangle[(4.67221,14.8822),(-16.9846,3.02896),(-4.52141,-19.7422)]
triangle[(-20.202,20.6578),(13.9832,-6.9434),(65.7823,57.2119)]
triangle[(18.3182,12.7455),(-1.84835,10.2502),(3.12617,-29.9514)]
triangle[(-0.0236887,-0.10282),(-1.04215,3.47653),(-6.39661,1.95298)]
triangle[(-13.75,11.7998),(5.04609,13.7079),(2.53803,38.4144)]
triangle[(-2.29588,7.79074),(4.38944,4.88902),(8.03215,13.2815)]
triangle[(-0.840727,5.61411),(4.32196,-15.4149),(27.9969,-9.60266)]
triangle[(1.81657,17.4786),(-1.02545,-20.4169),(69.4142,-25.6996)]
triangle[(18.1383,18.8239),(10.4684,-4.26411),(35.8441,-12.694)]
triangle[(15.3734,1.52092),(-4.21869,12.6244),(-22.419,-19.4903)]
triangle[(-10.2587,-3.20517),(17.1632,5.232),(5.75304,42.3167)]
triangle[(0.175855,-15.2118),(8.51648,15.3592),(-39.3993,28.432)]
triangle[(16.6419,13.9113),(-4.3562,-0.683097),(13.8218,-26.8373)]
triangle[(-6.01378,-7.27431),(-13.1907,-16.065),(-2.80717,-24.5424)]
triangle[(6.63317,4.10775),(11.925,-19.1692),(56.8337,-8.95962)]
triangle[(-17.3245,-10.2674),(-6.92727,-5.14676),(-15.0942,11.4358)]
triangle[(-10.9679,19.1717),(15.1614,-4.25219),(45.543,29.6384)]
triangle[(4.96052,6.48232),(3.65891,-11.8232),(36.0105,-14.1235)]
triangle[(-15.1059,11.9804),(16.1542,-18.6375),(59.6334,25.7536)]
triangle[(-15.5173,20.4177),(-2.75147,-5.16299),(35.5815,13.9668)]
triangle[(-10.057,-8.04766),(-16.2482,4.59993),(-35.6443,-4.89484)]
triangle[(16.5603,-13.9671),(-11.3247,7.35107),(-43.2489,-34.4072)]
triangle[(5.91466,16.1208),(17.0937,-7.16041),(56.2279,11.6309)]
triangle[(-9.73826,13.281),(-20.4467,-5.77759),(12.2449,-24.1459)]
triangle[(1.74961,16.1584),(-16.4127,-9.88032),(26.881,-40.0783)]
triangle[(-3.05443,1.77659),(19.9509,-0.00183888),(23.487,45.74)]
triangle[(2.85479,17.2159),(-2.42935,-6.83796),(37.8407,-15.6845)]
triangle[(-2.36301,11.07),(8.28605,-7.31964),(34.2643,7.72378)]
triangle[(1.45633,-6.76161),(16.9834,12.908),(-7.3049,32.0811)]
triangle[(11.2459,-16.9061),(16.5936,-2.31707),(-0.413096,3.91675)]
triangle[(4.24222,-4.55404),(-15.7919,-20.6383),(15.8157,-60.0077)]
triangle[(3.00752,3.22346),(-16.3045,-17.1984),(14.2493,-46.0917)]
triangle[(9.46216,3.23972),(-18.2116,-3.04181),(-8.82138,-44.4109)]
triangle[(-16.8184,5.98179),(20.1029,18.6061),(-3.04974,86.3189)]
triangle[(-12.1194,-10.3324),(18.9158,-11.8002),(20.9057,30.2721)]
triangle[(9.3799,8.34811),(2.76789,2.5098),(12.922,-8.98995)]
triangle[(-13.2948,3.59302),(8.54192,6.4263),(5.27166,31.6309)]
triangle[(-15.3233,-7.11764),(-18.0308,16.9164),(-42.927,14.1118)]
triangle[(-16.3106,20.4678),(20.427,-15.1651),(67.1846,33.042)]
triangle[(-15.7241,3.96859),(3.28425,-5.77256),(18.6131,24.1393)]
triangle[(17.6294,9.80904),(-7.82063,5.91301),(-2.24102,-30.5347)]
triangle[(13.8064,-19.2889),(-0.206377,-18.0917),(-2.23065,-41.7844)]
triangle[(16.6071,-4.05544),(13.7553,-6.61018),(16.632,-9.82131)]
triangle[(7.83905,17.2688),(-13.4644,-5.42308),(11.6632,-29.0132)]
triangle[(-14.9647,-8.03034),(-4.53419,12.8552),(-41.3707,31.2519)]
triangle[(-7.33019,3.00013),(13.6745,16.3777),(-3.3868,43.1663)]
triangle[(1.04206,-9.77371),(-18.2027,0.291528),(-34.3039,-30.4941)]
triangle[(-8.4536,-20.2196),(-9.7284,-4.85263),(-30.8069,-6.60124)]
triangle[(-8.01853,14.3556),(1.53902,-8.8387),(29.8059,2.80905)]
triangle[(1.60485,-14.0963),(-9.98072,18.1082),(-55.1727,1.85031)]
triangle[(10.8428,-1.72914),(9.35839,8.30542),(-4.2307,6.2952)]
triangle[(6.12776,-17.9795),(-5.84315,8.89757),(-40.9604,-6.74345)]
triangle[(13.6752,3.44502),(12.4335,-5.58126),(29.9844,-7.99568)]
triangle[(10.7906,13.2611),(-19.5724,20.9268),(-27.3919,-10.0455)]
triangle[(-12.0877,12.7414),(-19.5368,11.1529),(-17.5986,2.06382)]
triangle[(15.1222,-8.41534),(-9.25951,10.7218),(-41.0276,-29.7525)]
triangle[(-6.86262,-13.5952),(-12.3166,-8.99826),(-17.2547,-14.857)]
triangle[(13.1206,-13.523),(-11.87,-2.95946),(-26.7397,-38.1373)]
triangle[(8.40207,2.96015),(-18.0663,4.76541),(-21.4962,-45.5239)]
triangle[(1.97055,-15.152),(-0.105126,-17.1237),(2.88011,-20.2664)]
triangle[(-3.35458,20.0631),(0.547563,-7.22523),(47.0145,-0.580606)]
triangle[(-10.8803,3.8026),(17.3704,13.0943),(5.19692,50.1069)]
triangle[(-20.2569,-14.1607),(1.07838,13.6872),(-43.3505,47.7257)]
triangle[(-15.3174,-8.47422),(-20.7099,18.4769),(-62.0928,10.1969)]
triangle[(0.617771,-5.69229),(-5.88463,10.0142),(-27.2848,1.15464)]
triangle[(-15.771,0.422308),(17.9254,-1.06151),(19.4608,33.8048)]
triangle[(-15.8971,5.92159),(-11.7675,12.2552),(-18.4172,16.5909)]
triangle[(-14.8927,-10.9761),(6.02998,16.0669),(-30.0413,43.9746)]
triangle[(5.10271,2.36955),(4.31578,12.3557),(-7.32402,11.4385)]
triangle[(-3.17551,-11.6445),(10.628,-5.97637),(1.58391,16.0489)]
triangle[(-6.76685,16.0992),(-0.769631,-6.05742),(23.3504,0.471239)]
triangle[(14.2009,15.9688),(-5.9378,15.1408),(-4.84673,-11.3968)]
triangle[(-12.5418,17.9798),(2.45373,-1.66746),(39.8522,26.8764)]
triangle[(-18.0077,-9.71019),(2.37805,0.09967),(-8.15798,21.9945)]
triangle[(11.5891,19.8903),(-0.421185,-17.6749),(41.8603,-31.1931)]
triangle[(11.9556,-6.06811),(15.1977,-10.8737),(22.7819,-5.75696)]
triangle[(7.63532,9.0334),(-5.37241,9.93607),(-6.55615,-7.12199)]
triangle[(-7.38663,-20.1976),(-4.98447,-19.3063),(-6.38727,-15.5254)]
triangle[(13.5458,-19.9634),(-0.576609,7.06774),(-48.1653,-17.7948)]
triangle[(-2.99525,-17.603),(-10.141,-5.62076),(-31.0744,-18.1047)]
triangle[(-17.1497,14.1715),(-4.57538,-10.6475),(44.8706,14.4038)]
triangle[(19.153,7.78319),(-15.9042,-2.83122),(3.5545,-67.0994)]
triangle[(-5.96542,6.2686),(18.1343,-14.0612),(47.7143,21.004)]
triangle[(-1.7188,-3.27786),(-8.63773,11.3606),(-35.057,-1.12668)]
triangle[(1.00972,-10.7929),(-1.48581,6.68918),(-26.1784,3.16437)]
triangle[(-9.88582,1.57922),(-19.0347,-15.5614),(12.0477,-32.1519)]
triangle[(-17.7114,-13.1325),(-10.7154,-2.97429),(-26.6069,7.97033)]
triangle[(6.34271,3.2699),(-16.3952,-5.11619),(-5.9822,-33.3498)]
triangle[(16.7323,7.16686),(-9.62554,-8.51455),(9.77538,-41.1243)]
triangle[(6.03274,19.4376),(17.6687,2.00874),(42.3697,18.4998)]
triangle[(12.5488,8.66177),(-16.8629,-16.3252),(26.3676,-67.2109)]
triangle[(-3.26515,-5.66012),(-0.0687878,0.564339),(-10.6957,6.02142)]
triangle[(-9.468,2.03473),(-8.16741,13.8925),(-25.6783,15.8132)]
triangle[(-20.0777,11.5218),(-4.62684,-4.59066),(23.324,22.2124)]
triangle[(1.04478,7.19365),(-2.39357,-12.1618),(24.2607,-16.8967)]
triangle[(-5.96214,-2.40795),(-11.7786,15.7191),(-41.2927,6.24886)]
triangle[(15.7218,-17.9703),(-8.90651,-16.0668),(-11.9898,-55.9581)]
triangle[(-16.054,-6.00671),(-9.16869,-20.1032),(7.99067,-11.7219)]
triangle[(-12.9543,-12.2216),(-1.6486,-2.21921),(-17.0935,15.2382)]
triangle[(-6.38924,12.2278),(3.02624,-6.11792),(29.856,7.65178)]
triangle[(11.5806,-1.07149),(-1.55281,7.58794),(-10.7481,-6.35816)]
triangle[(-1.8069,16.1545),(-15.6339,16.2086),(-15.7181,-5.31988)]
triangle[(2.78504,-9.53661),(-3.81418,-15.1641),(3.93847,-24.2554)]
triangle[(16.9507,-15.6792),(17.141,-20.5279),(25.6555,-20.1938)]
triangle[(-3.9848,-14.5507),(10.7119,-18.7208),(17.949,6.78549)]
triangle[(13.0335,-6.78529),(3.06914,-15.2924),(13.8748,-27.9491)]
triangle[(2.79426,-2.79891),(15.8547,20.099),(-10.8864,35.3515)]
triangle[(-4.35942,7.13164),(3.88775,12.0553),(-4.79864,26.605)]
triangle[(-12.9287,12.7577),(14.2788,-17.8603),(54.3431,17.7414)]
triangle[(-1.67643,8.69573),(1.09925,-20.1696),(53.8379,-15.0983)]
triangle[(-10.6436,20.2969),(-11.235,-20.7907),(63.3874,-21.8647)]
triangle[(-18.2117,-1.31818),(-11.5382,13.4826),(-32.5742,22.9675)]
triangle[(-15.3022,-9.65426),(1.22779,7.7222),(-19.6705,27.6025)]
triangle[(-3.75394,6.8974),(1.16676,-15.345),(44.452,-5.76901)]
triangle[(16.3375,-20.7758),(5.71672,-20.3336),(5.09559,-35.2522)]
triangle[(10.6438,-8.16237),(6.02139,15.9198),(-18.0743,11.2948)]
triangle[(9.41574,-20.7386),(12.8213,-3.37502),(-13.4344,1.77449)]
triangle[(13.3219,-0.210302),(-4.91979,18.485),(-24.2701,-0.395851)]
triangle[(13.6016,-0.598527),(-7.50079,-11.4717),(10.1163,-45.6627)]
triangle[(13.5914,-3.88037),(3.91972,-18.5072),(23.2652,-31.299)]
triangle[(1.75209,13.869),(2.60097,-10.2433),(28.8933,-9.31771)]
triangle[(18.2959,-2.87034),(-13.1419,9.76249),(-36.9752,-49.5485)]
triangle[(-1.30492,12.8603),(17.6337,4.09857),(34.9078,41.4369)]
triangle[(-11.734,0.979352),(4.33872,17.141),(-15.6467,37.0165)]
triangle[(-19.9947,0.304734),(16.267,10.3971),(0.668451,66.4424)]
triangle[(17.1432,-18.9759),(-16.9117,17.5011),(-66.4417,-28.7401)]
triangle[(-1.36727,-13.8196),(-5.08484,-14.5113),(-4.15912,-19.4868)]
triangle[(19.0113,0.410969),(-15.4633,-2.9782),(-9.19909,-66.6977)]
triangle[(-19.0792,12.8527),(7.15557,16.1573),(3.06082,48.6652)]
triangle[(19.3323,-18.9934),(10.1368,11.9935),(-30.4418,-0.0483249)]
triangle[(-5.42632,3.54001),(-9.11021,-10.6845),(11.9432,-16.137)]
triangle[(2.54277,-1.83599),(-2.99956,12.6942),(-20.5266,6.0088)]
triangle[(-1.74103,-6.63322),(-19.214,10.7187),(-44.1914,-14.4331)]
triangle[(4.84744,13.153),(19.3667,16.8079),(14.4215,36.4525)]
triangle[(-17.5929,4.54202),(7.6909,13.8568),(-1.70332,39.3562)]
triangle[(-6.40737,-17.4743),(-18.6023,18.3196),(-74.8951,-0.859297)]
triangle[(19.9767,15.6049),(2.1193,-7.57208),(39.2918,-36.2127)]
triangle[(18.5303,-20.5856),(8.26878,-17.9103),(4.52881,-32.2558)]
triangle[(20.7301,20.0031),(-14.1459,-14.0441),(22.457,-51.538)]
triangle[(-15.2754,13.4723),(10.8696,-0.196525),(35.6106,47.1268)]
triangle[(11.3337,16.4884),(14.8714,-17.9834),(78.1347,-11.4909)]
triangle[(17.9688,-4.75307),(7.23718,-11.8159),(16.1973,-25.4304)]
triangle[(-8.39131,13.2408),(20.335,17.7676),(14.67,53.7163)]
triangle[(11.6941,11.8774),(7.8564,7.65051),(12.296,3.61971)]
triangle[(7.97956,-14.7624),(-0.801057,19.5511),(-50.9859,6.70913)]
triangle[(11.4624,19.8133),(-19.5776,19.8954),(-19.7151,-32.0993)]
triangle[(17.679,-11.7285),(-13.5013,9.06383),(-53.1924,-50.457)]
triangle[(20.8253,-19.0286),(7.09743,11.6539),(-38.3005,-8.65798)]
triangle[(15.1797,16.2454),(-6.05658,5.73788),(13.501,-33.7889)]
triangle[(-13.555,4.12496),(17.6558,-10.4613),(33.3147,23.0445)]
triangle[(2.15859,-12.7882),(-6.9552,12.2426),(-39.9631,0.2243)]
triangle[(15.1117,-5.20586),(5.81299,-0.847207),(-0.187982,-13.6496)]
triangle[(5.61085,-7.54558),(-5.24682,6.73424),(-25.4923,-8.65945)]
triangle[(-12.0039,-19.613),(-16.339,-14.3843),(-26.4335,-22.7537)]
triangle[(-12.6278,8.80291),(19.9265,2.92776),(30.4369,61.1658)]
triangle[(-7.65555,-5.9154),(2.65043,-0.872259),(-3.81311,12.3364)]
triangle[(19.8602,3.92161),(19.0496,-12.4575),(44.992,-13.7413)]
triangle[(19.7686,8.56301),(1.79545,-9.67303),(23.6274,-31.1902)]
triangle[(10.3078,-9.53287),(-2.30044,-19.184),(8.61412,-33.4428)]
triangle[(-10.1035,11.7633),(-14.5445,-20.8911),(35.5079,-27.6981)]
triangle[(-10.4744,4.59195),(-20.3235,-20.33),(13.4391,-33.673)]
triangle[(-13.7143,-1.53699),(-17.0695,9.46494),(-31.8552,4.95583)]
triangle[(-19.0573,-20.7011),(-15.3787,-11.6952),(-27.7549,-6.63999)]
triangle[(-18.1821,-2.30464),(13.8342,14.6865),(-14.2014,67.5138)]
triangle[(-8.50123,3.90899),(-3.59702,-7.96557),(11.2805,-1.82112)]
triangle[(-1.90529,17.3446),(-7.43136,14.248),(-3.32459,6.91934)]
triangle[(20.2409,-11.836),(10.2953,1.23738),(-3.55119,-9.29639)]
triangle[(15.9978,-16.1424),(-0.93324,-11.6727),(-5.69113,-29.6953)]
triangle[(-15.62,-11.522),(15.2909,0.238748),(-2.84798,47.9137)]
triangle[(-0.161325,-1.37453),(-19.4549,-12.3938),(1.89437,-49.774)]
triangle[(-4.7576,-20.8254),(14.6798,7.80368),(-16.7779,29.1615)]
triangle[(16.087,-4.21982),(13.2935,-19.4451),(42.9842,-24.8925)]
triangle[(12.2068,-14.7342),(14.0338,3.78044),(-22.4768,7.3832)]
triangle[(-13.3607,1.34206),(-15.8563,-4.98872),(-3.75089,-9.76064)]
triangle[(-8.15911,-3.14392),(-6.24553,5.30333),(-21.0121,8.64844)]
triangle[(-1.37126,-16.0969),(20.1357,-9.33737),(6.855,32.918)]
triangle[(0.581495,-1.20966),(-19.2174,3.19453),(-25.0546,-23.0467)]
triangle[(-19.872,14.43),(-5.62104,-20.3019),(34.9978,-3.63549)]
triangle[(12.5945,3.23648),(-19.1469,14.8099),(-33.8621,-25.5483)]
triangle[(-8.85509,5.78439),(12.6961,2.17228),(18.801,38.5968)]
triangle[(7.06346,16.6441),(13.9681,-1.07166),(39.1026,8.72441)]
triangle[(-9.45874,5.22516),(17.8044,19.9342),(-1.27839,55.3042)]
triangle[(0.18471,-14.2867),(-20.3173,-16.326),(-17.1777,-47.8897)]
triangle[(-1.16776,3.32155),(11.9122,-0.47153),(18.7087,22.9654)]
triangle[(14.7381,14.3489),(2.93311,-8.61955),(33.6961,-24.4306)]
triangle[(-11.368,13.2393),(1.22313,-8.5963),(38.0619,12.6462)]
triangle[(-8.22569,-1.6221),(-20.0235,9.58063),(-40.9171,-12.4228)]
triangle[(-3.65179,19.1675),(12.8354,8.24987),(30.5458,34.995)]
triangle[(5.52354,-20.6636),(9.53617,0.50566),(-19.1228,5.93795)]
triangle[(15.8704,10.3454),(3.23057,0.614963),(14.866,-14.4995)]
triangle[(-0.24376,-8.64896),(11.9064,16.7205),(-36.7043,40.0016)]
triangle[(1.87256,-13.6305),(4.77413,17.2368),(-41.9393,21.628)]
triangle[(-12.9629,-1.93311),(2.37352,7.64408),(-11.1414,29.2861)]
triangle[(20.0225,-17.2686),(2.94494,13.2329),(-35.123,-8.08096)]
triangle[(-1.19145,-1.4775),(6.10956,18.0011),(-19.7961,27.7111)]
triangle[(0.223241,10.763),(5.92861,4.37936),(18.174,15.3236)]
triangle[(18.7525,11.4952),(-8.45984,14.2658),(-13.9691,-39.8451)]
triangle[(10.2078,11.015),(0.34017,7.53879),(4.11877,-3.18713)]
triangle[(13.4168,-13.7253),(-5.56175,1.85745),(-36.5009,-35.8238)]
triangle[(-20.1874,11.7705),(-6.14243,-13.1835),(28.2703,6.18528)]
triangle[(0.979681,-8.12255),(11.4108,1.34249),(-0.631685,14.6142)]
triangle[(-3.64499,2.64365),(1.02628,20.1232),(-20.4736,25.8689)]
triangle[(18.0996,-12.9303),(-7.58658,-11.1561),(-10.5177,-53.592)]
triangle[(-1.18621,5.06272),(3.0393,-4.80072),(13.8323,-0.176975)]
triangle[(6.83356,13.2261),(-15.3528,-13.3571),(27.8222,-49.391)]
triangle[(-15.8128,-1.61052),(19.5732,13.6429),(-5.02532,70.7082)]
triangle[(6.68859,-2.50311),(-0.749544,-18.6613),(15.5292,-26.1549)]
triangle[(-11.7494,3.13936),(12.7467,0.357149),(17.2162,39.7089)]
triangle[(-14.8572,3.08645),(13.3094,-8.78064),(33.3418,38.7664)]
triangle[(2.23436,8.51272),(8.02921,-16.6834),(55.3803,-5.79319)]
triangle[(-10.2198,-8.43864),(-14.0044,14.4725),(-38.8214,10.3731)]
triangle[(18.0025,-1.32588),(14.7821,0.192031),(12.3218,-5.02767)]
triangle[(9.68893,5.72115),(-6.48668,-4.04193),(11.7707,-34.2911)]
triangle[(0.325173,-5.30993),(-9.30435,-5.20956),(-9.42806,-17.0788)]
triangle[(-4.11822,13.1412),(10.1978,-10.3828),(45.7386,11.2462)]
triangle[(-15.9946,-17.3824),(-4.70949,20.4309),(-70.6361,40.1063)]
triangle[(-0.947818,-6.32479),(5.54764,4.51429),(-10.736,14.2725)]
triangle[(3.50761,-16.7918),(3.98406,2.56819),(-20.4554,3.16964)]
triangle[(-19.5943,16.1882),(-5.64555,-10.2187),(41.1321,14.4903)]
triangle[(-0.67234,2.25181),(-12.9075,-17.8261),(13.0439,-33.6405)]
triangle[(-1.37046,-20.9443),(11.3716,18.9649),(-32.9144,33.1043)]
triangle[(-17.5728,11.154),(-11.0063,-12.0028),(17.4517,-3.93301)]
triangle[(6.48512,1.21999),(9.02612,2.80053),(6.81732,6.35157)]
triangle[(-20.501,-11.6944),(19.6683,18.5963),(-30.7819,85.4997)]
triangle[(13.4771,-8.28216),(-2.15918,10.0287),(-30.4274,-14.1105)]
triangle[(20.1643,-12.5107),(6.19761,17.2157),(-33.5601,-1.46417)]
triangle[(-1.43222,13.1835),(-11.1732,-20.2089),(35.8334,-33.9214)]
triangle[(-1.72922,10.7313),(-11.547,-0.499155),(3.01678,-13.231)]
triangle[(8.92785,-5.45427),(9.85126,-9.52921),(14.3424,-8.51149)]
triangle[(13.2155,16.2179),(20.7926,19.8104),(13.7285,34.7096)]
triangle[(-5.70876,-16.7322),(2.83005,-19.4347),(6.55391,-7.66865)]
triangle[(9.94269,7.41913),(-15.8589,-15.5064),(29.8525,-66.9523)]
triangle[(3.43202,6.38658),(4.28742,-15.549),(43.5601,-14.0175)]
triangle[(-1.50888,6.54676),(-19.9379,4.75724),(-16.9004,-26.5245)]
triangle[(14.5095,-16.5452),(-4.86672,12.7828),(-58.0931,-22.3825)]
triangle[(7.73362,9.93875),(20.5109,-4.52754),(41.1635,13.7137)]
triangle[(14.5964,19.6169),(4.9118,-12.5303),(67.6363,-31.4265)]
