triangle[(18.3607,10.2673),(-20.8771,-0.330531),(-6.83727,-52.3118)]
triangle[(-10.3074,2.46358),(-9.83186,-11.6715),(7.9288,-11.074)]
triangle[(11.5705,-15.4628),(-10.5953,5.98427),(-46.7307,-31.3621)]
triangle[(-1.84517,10.2447),(8.07266,17.187),(-2.23874,31.918)]
triangle[(-1.22331,14.2981),(-17.8153,1.82347),(6.90673,-31.0583)]
triangle[(18.1945,-17.2867),(-18.3934,9.77229),(-57.1638,-42.6512)]
triangle[(-5.90396,-16.6973),(3.66735,-5.25946),(-10.1656,6.31617)]
triangle[(-6.98431,-9.88849),(5.04566,15.7926),(-23.8007,29.3053)]
triangle[(2.54877,4.53533),(-9.2624,-19.5625),(17.8341,-32.8434)]
triangle[(0.721155,17.8763),(7.84543,7.04041),(26.6977,19.4353)]
triangle[(-4.33156,-10.3445),(-3.38623,-13.1624),(-0.10947,-12.0632)]
triangle[(7.03292,-12.0834),(15.5483,4.80226),(-9.73271,17.5514)]
triangle[(4.51144,-14.9642),(-10.7876,20.7296),(-76.5388,-7.45264)]
triangle[(-7.86914,-12.591),(-20.1045,-10.861),(-22.3925,-27.0437)]
triangle[(-6.1224,-6.69505),(9.64533,3.15353),(-8.76479,32.6284)]
triangle[(-2.85133,8.73452),(20.3224,-12.2206),(46.5174,16.7478)]
triangle[(-4.5831,-20.4886),(3.47382,4.58045),(-36.9192,17.5624)]
triangle[(-19.3522,8.5256),(-3.90484,-14.8392),(27.1676,5.70393)]
triangle[(-7.26782,20.645),(9.91241,8.81494),(29.9688,37.942)]
triangle[(1.90267,1.42513),(7.59822,8.8251),(-3.39661,17.2875)]
triangle[(-17.1323,-2.3587),(15.4457,-18.9208),(37.6392,24.7344)]
triangle[(17.9211,-18.4124),(-7.5793,6.81978),(-55.5069,-41.6172)]
triangle[(3.7564,17.6846),(-16.0664,-14.7018),(45.927,-52.6463)]
triangle[(-3.69544,-17.0653),(2.93849,12.5225),(-27.6809,19.3877)]
triangle[(-18.1903,-4.69015),(-12.6795,-8.89949),(-5.69699,0.241809)]
triangle[(10.6591,-9.68655),(-9.32313,11.518),(-45.0197,-22.1207)]
triangle[(-14.577,-7.83034),(1.45045,-20.301),(14.0015,-4.17023)]
triangle[(-13.9695,6.21684),(-11.1717,1.90907),(-4.97598,5.933)]
triangle[(-11.3667,-17.763),(-18.0724,8.46698),(-69.6485,-4.71856)]
triangle[(-14.0408,5.7183),(3.61582,-0.289224),(12.7762,26.634)]
triangle[(2.79589,6.63421),(-13.5136,-1.71889),(0.420991,-28.9265)]
triangle[(12.773,12.032),(-3.14306,9.60366),(1.49128,-20.7707)]
triangle[(14.1715,18.8814),(-12.5925,14.227),(-3.47563,-38.1971)]
triangle[(-9.51213,-1.82609),(11.7005,7.46522),(-5.0958,45.8122)]
triangle[(19.8156,-3.55387),(-3.80202,-16.8878),(18.3497,-56.1239)]
triangle[(-7.40079,-1.52071),(3.33334,-20.1962),(29.8604,-4.9493)]
triangle[(-16.4202,-19.0091),(6.80485,10.4597),(-42.9121,49.6427)]
triangle[(-13.0314,16.023),(4.60752,16.0915),(4.49106,46.1053)]
triangle[(0.0527679,-5.95795),(-15.3274,-5.03704),(-16.8437,-30.3607)]
triangle[(-20.8057,-15.0696),(-5.49197,-2.90311),(-25.0868,21.7605)]
triangle[(15.3738,-6.99233),(-20.551,-20.7611),(2.73241,-81.5108)]
triangle[(1.52535,-7.28832),(-10.5055,7.32462),(-35.3861,-13.1596)]
triangle[(-3.61629,-10.244),(3.94665,13.7846),(-38.8247,27.2468)]
triangle[(-4.87009,16.0818),(-17.3146,-13.9293),(36.3476,-36.1811)]
triangle[(-11.1153,-10.1862),(5.22836,1.25411),(-7.51458,19.4587)]
triangle[(-5.17652,-13.3213),(18.2231,-11.7968),(16.367,16.6915)]
triangle[(12.721,-5.66791),(-19.0462,8.08511),(-41.8203,-44.5194)]
triangle[(-0.735882,16.0522),(-4.38822,6.85478),(8.34611,1.79792)]
triangle[(-0.796332,-15.7133),(0.311291,8.04359),(-29.7325,9.44433)]
triangle[(1.31817,-5.98416),(20.5144,-17.571),(35.0733,6.54911)]
triangle[(4.19876,10.0198),(19.9408,1.13741),(37.2313,31.781)]
triangle[(-6.70252,-18.1515),(14.9271,13.2358),(-41.2064,51.9185)]
triangle[(-20.0779,7.25443),(-12.9089,20.9855),(-37.5931,33.873)]
triangle[(16.8461,-14.8145),(17.2675,9.26878),(-25.733,10.0213)]
triangle[(-16.6229,-20.2714),(-17.907,-2.59914),(-39.127,-4.141)]
triangle[(-16.3231,12.6779),(-12.2331,15.9622),(-17.7143,22.7882)]
triangle[(-1.8405,-16.6994),(18.6879,18.5207),(-32.9038,48.5914)]
triangle[(-19.6368,0.581825),(-8.27772,-11.6731),(12.939,7.99279)]
triangle[(14.5469,16.9751),(0.599143,12.8143),(5.74642,-4.44019)]
triangle[(-17.4683,13.8377),(2.24082,-17.2029),(42.6764,8.47154)]
triangle[(12.9308,3.42872),(-0.342668,13.1637),(-18.1822,-11.1602)]
triangle[(15.687,-15.8094),(-3.57344,-1.44289),(-19.6847,-23.0424)]
triangle[(9.92309,-14.5457),(13.6783,-10.4264),(5.6452,-3.10319)]
triangle[(-14.9164,3.69556),(-0.49507,-20.3209),(34.6126,0.76054)]
triangle[(10.4107,-18.4132),(-5.79707,-5.59541),(-24.7228,-29.5265)]
triangle[(-20.617,13.5592),(0.324227,18.543),(-6.99936,49.3159)]
triangle[(-4.5258,11.5084),(-8.29737,1.51708),(2.49462,-2.55671)]
triangle[(-20.1328,0.154671),(19.9373,7.56849),(6.86273,78.2338)]
triangle[(-14.9878,16.4363),(19.1909,-20.2969),(82.4449,38.5583)]
triangle[(19.2188,-6.71315),(-3.04547,-17.2813),(14.6571,-54.5759)]
triangle[(16.3255,19.9761),(11.2321,19.4353),(12.005,12.1567)]
triangle[(11.484,20.5485),(-10.7172,-14.8578),(50.0442,-52.9576)]
triangle[(4.9165,9.07898),(-1.81923,-17.997),(48.3048,-30.4664)]
triangle[(9.11745,4.58475),(-7.39323,-14.3601),(19.4992,-37.7972)]
triangle[(-8.78829,13.981),(-9.38614,-6.14172),(15.5129,-6.88148)]
triangle[(-0.735939,3.47111),(-1.66618,-8.58098),(14.9164,-9.86091)]
triangle[(-9.76034,12.9672),(-2.07726,-20.3052),(49.1486,-8.47638)]
triangle[(-12.0498,-20.8121),(-6.72393,3.69142),(-52.9799,13.7452)]
triangle[(7.7841,9.65802),(15.1005,3.34512),(21.5577,10.8288)]
triangle[(15.1477,3.33384),(18.8573,-10.6507),(34.7013,-6.4479)]
triangle[(9.89042,-3.84073),(7.04138,-1.24326),(2.06377,-6.70297)]
triangle[(-16.1615,12.4189),(-15.7127,0.0634695),(8.28142,0.935161)]
triangle[(-4.32823,-19.7515),(-0.648693,-4.4503),(-21.3486,0.5275)]
triangle[(-1.36361,9.37722),(16.3249,-1.34889),(29.7617,20.8098)]
triangle[(-4.57784,14.2947),(10.9612,4.343),(24.1515,24.9389)]
triangle[(12.0772,-11.6852),(15.9402,8.27687),(-7.148,12.7449)]
triangle[(-7.0122,18.6591),(-18.5967,-16.625),(23.5541,-30.464)]
triangle[(-18.3619,-10.6992),(2.50486,8.52472),(-18.3717,31.1855)]
triangle[(-2.89111,8.5846),(-14.3716,-10.5745),(10.8244,-25.6725)]
triangle[(9.8344,10.7826),(-17.9967,12.0274),(-19.9143,-30.8476)]
triangle[(5.93521,-20.9656),(-15.0183,6.26647),(-54.4801,-24.097)]
triangle[(-1.11872,-14.2251),(-0.284566,-9.40796),(-6.14095,-8.39385)]
triangle[(0.159329,5.35911),(2.17766,16.2104),(-15.5497,19.5077)]
triangle[(18.5647,5.57502),(-12.3946,1.18729),(-6.54979,-40.0532)]
triangle[(-15.3717,-12.9248),(15.1597,20.5356),(-26.1803,58.2569)]
triangle[(0.586365,3.76553),(4.28806,-3.3537),(13.9956,1.69379)]
triangle[(-1.33896,-15.0554),(17.9758,-7.76295),(8.75667,16.6549)]
triangle[(6.55047,19.2849),(0.221659,20.1582),(-0.667799,13.7124)]
triangle[(-13.2182,-6.72242),(20.3728,-5.14405),(18.6266,32.0168)]
triangle[(7.89708,-5.9151),(1.80062,3.58204),(-15.3361,-7.41844)]
triangle[(7.55848,-15.9049),(1.01509,4.02178),(-27.6337,-5.38571)]
triangle[(19.3207,0.225323),(-3.03834,-16.2498),(28.8215,-59.488)]
triangle[(-6.22043,-9.8074),(2.89114,-5.819),(-2.31947,6.08474)]
triangle[(-2.95703,13.938),(19.7569,10.5511),(23.6185,36.4485)]
triangle[(-14.9166,10.6455),(11.1157,14.9544),(3.10339,63.3612)]
triangle[(-7.22335,-18.1036),(-8.08064,17.3904),(-70.9694,15.8715)]
triangle[(18.5667,0.218784),(2.41162,-12.8775),(18.6985,-32.9683)]
triangle[(-20.7061,-8.19461),(13.496,-4.88333),(9.4397,37.0143)]
triangle[(3.6634,1.29345),(5.65576,16.4566),(-19.59,19.7738)]
triangle[(-9.94089,16.1849),(11.103,-8.40703),(50.9557,25.6959)]
triangle[(2.03873,-18.1874),(-11.8123,-4.45781),(-28.7931,-21.5888)]
triangle[(-12.9014,-18.791),(15.7082,-12.6033),(3.80244,42.4441)]
triangle[(12.7797,2.31883),(7.58394,-4.84158),(19.5003,-13.4883)]
triangle[(19.5252,-14.6171),(19.3101,4.71968),(-7.68328,4.41936)]
triangle[(-16.7088,20.4176),(8.39355,-14.6738),(72.6935,31.3226)]
triangle[(7.65429,-17.4609),(7.4083,-19.6378),(10.7202,-20.012)]
triangle[(-19.7733,-2.56379),(14.1435,9.58191),(1.54743,44.7564)]
triangle[(-19.2425,-12.9517),(17.307,-5.76528),(9.34351,34.7362)]
triangle[(-0.628079,-12.7103),(-19.197,-3.61781),(-33.0263,-31.8604)]
triangle[(8.52903,-5.14641),(-1.59359,-12.1097),(9.21032,-27.8155)]
triangle[(18.5621,-10.6487),(20.6149,4.19016),(-5.61877,7.81942)]
triangle[(5.82499,16.8144),(6.81953,6.63586),(19.0237,7.82833)]
triangle[(4.76178,0.301556),(17.535,-7.91012),(27.4754,7.55207)]
triangle[(-14.9632,20.8091),(3.05736,-12.9891),(63.3643,19.1655)]
triangle[(2.7751,11.5609),(8.28755,12.5437),(7.16606,18.8339)]
triangle[(16.8232,11.5547),(-16.5233,15.0595),(-21.3169,-30.5492)]
triangle[(-20.1601,15.6106),(0.0872038,10.7656),(8.43601,45.6557)]
triangle[(-13.8913,-2.49584),(16.4893,4.6441),(5.87339,49.8151)]
triangle[(17.7487,-19.729),(18.1468,19.5123),(-41.8773,20.1211)]
triangle[(11.9834,11.4071),(-14.6797,0.784805),(0.145048,-36.4269)]
triangle[(-12.8043,3.40898),(12.8632,-19.3624),(36.9995,7.84371)]
triangle[(19.7485,-9.33198),(4.28006,-18.6579),(18.5838,-42.3829)]
triangle[(-11.5572,-10.7586),(4.33562,-6.32472),(-0.878378,12.3643)]
triangle[(4.38619,-14.5684),(0.512364,-4.07529),(-18.4245,-11.0663)]
triangle[(-2.01414,1.68106),(-9.06007,13.3335),(-23.7483,4.45186)]
triangle[(-19.1039,4.13903),(-6.39856,4.76875),(-7.20964,21.1332)]
triangle[(18.0415,2.99218),(13.7393,12.8602),(1.23436,7.40832)]
triangle[(16.5876,19.6782),(18.1821,17.9955),(20.3751,20.0736)]
triangle[(6.15487,-20.2239),(-15.2049,-1.30164),(-50.3623,-40.988)]
triangle[(-3.73581,8.6481),(16.5068,-18.4696),(55.1711,10.3922)]
triangle[(4.50526,8.41303),(18.6699,-5.40307),(36.4491,12.8247)]
triangle[(5.67073,-11.1983),(-12.3897,-13.7247),(-9.5233,-34.2157)]
triangle[(-20.2784,-7.99962),(13.9523,-16.1151),(28.1593,43.8096)]
triangle[(-13.7705,3.05392),(16.9265,16.9229),(-5.98364,67.6311)]
triangle[(-12.8002,-15.6618),(-17.6342,-20.448),(-10.0387,-28.1194)]
triangle[(17.2409,8.2303),(0.63763,-5.78487),(16.1908,-24.2102)]
triangle[(-2.03203,0.613725),(0.482171,-11.168),(15.4729,-7.96896)]
triangle[(-19.2683,0.472887),(-1.81281,-8.28035),(13.9581,23.1696)]
triangle[(-6.00711,-15.499),(-11.1497,-12.0361),(-16.3337,-19.7346)]
triangle[(10.7433,13.5797),(-17.3782,8.83386),(-10.2428,-33.4469)]
triangle[(2.8732,8.56408),(9.56352,13.1904),(1.18129,25.3123)]
triangle[(-16.474,-9.71555),(-8.48865,-9.37195),(-9.06692,4.06744)]
triangle[(-0.567001,-13.2234),(-15.052,10.7721),(-51.5111,-11.2366)]
triangle[(-5.88026,16.4618),(8.87065,7.05819),(24.5161,31.6004)]
triangle[(-2.42129,3.47375),(-17.4076,-19.2713),(10.3999,-37.5932)]
triangle[(-3.56429,-5.6296),(-6.50289,-5.86474),(-6.17901,-9.91237)]
triangle[(18.3888,11.9244),(2.06684,-9.60517),(32.5388,-32.7065)]
triangle[(5.64072,-11.2212),(-17.2631,-13.2581),(-13.8703,-51.4082)]
triangle[(-3.47327,3.59452),(-13.7261,-10.9687),(3.18185,-22.8722)]
triangle[(-14.0709,2.91534),(4.09774,6.85259),(-1.9866,34.9291)]
triangle[(-1.22137,7.32192),(-0.311815,-3.79775),(21.1162,-2.045)]
triangle[(15.6434,6.45012),(-16.4972,-0.353974),(-3.77086,-60.4698)]
triangle[(15.1392,-7.57863),(15.1906,18.0313),(-10.8364,18.0836)]
triangle[(-10.0411,-8.73186),(16.54,15.2419),(-18.0042,53.5432)]
triangle[(-18.6469,14.0261),(-9.77608,13.2337),(-8.64533,25.8925)]
triangle[(4.45884,-13.9599),(-12.1403,20.9638),(-78.7298,-10.6861)]
triangle[(-0.203387,16.0303),(8.79756,2.74697),(22.4795,12.018)]
triangle[(-19.9765,17.2931),(14.9522,2.06653),(43.6824,67.9718)]
triangle[(7.94272,-18.8634),(1.80666,-9.05093),(-17.6117,-21.1939)]
triangle[(-3.27484,-9.89669),(4.75562,-18.6352),(14.9852,-9.23452)]
triangle[(-1.89211,-20.8655),(14.6571,-1.28289),(-7.67055,17.5862)]
triangle[(-20.7307,17.4927),(-16.5269,3.553),(7.00653,10.65)]
triangle[(18.8332,16.3732),(-7.64194,-4.01312),(33.0104,-56.8072)]
triangle[(-19.6244,11.8678),(11.2308,6.73628),(18.9519,53.1624)]
triangle[(14.0917,-19.1763),(-6.96011,6.35558),(-50.3457,-29.4172)]
triangle[(1.1997,-10.8148),(11.3637,11.1982),(-24.5964,27.8019)]
triangle[(-19.1666,4.12931),(13.8281,-15.5556),(36.8699,23.0657)]
triangle[(-3.29971,13.8814),(12.514,-12.8824),(49.8454,9.17531)]
triangle[(-18.5616,11.7671),(-7.68215,1.24955),(10.8951,20.4659)]
triangle[(6.49237,-20.2422),(-10.8032,-13.1525),(-22.2923,-41.1802)]
triangle[(-6.63134,-12.1482),(2.19911,7.40849),(-27.8321,20.9685)]
triangle[(-12.7598,-15.8833),(19.002,11.4964),(-18.3046,54.7739)]
triangle[(-18.9957,-17.3079),(-6.24497,2.57497),(-29.4299,17.4434)]
triangle[(13.854,-4.49717),(-2.66286,-11.2966),(4.20833,-27.9878)]
triangle[(-3.01705,-9.86286),(-12.0485,10.3144),(-33.1283,0.878955)]
triangle[(-5.31925,17.7124),(7.47334,15.785),(9.42074,28.7103)]
triangle[(16.6764,-13.1756),(12.794,3.02347),(-4.68389,-1.16545)]
triangle[(-6.70036,19.2636),(9.16699,8.05818),(26.0524,31.9686)]
triangle[(-12.642,6.81216),(-0.0781031,-1.69859),(8.64877,11.1843)]
triangle[(7.18204,-7.54338),(16.0978,-5.41767),(12.0925,11.3814)]
triangle[(-3.82305,-14.6441),(5.57061,4.54102),(-25.5783,19.7926)]
triangle[(18.0137,-19.6858),(-1.40918,2.97045),(-27.9534,-19.7856)]
triangle[(-5.00467,-4.30749),(0.281627,-15.9351),(17.77,-7.98433)]
triangle[(12.8662,9.27846),(14.4758,17.2612),(3.96722,19.3801)]
triangle[(-11.0155,-5.852),(7.31556,-9.23353),(13.3499,23.4783)]
triangle[(3.29434,-4.05821),(20.8938,8.16838),(8.20313,26.4358)]
triangle[(-12.8189,18.4778),(-1.80399,-12.5146),(37.4901,1.45076)]
triangle[(-15.3545,17.4663),(-13.298,0.482122),(9.41538,3.23239)]
triangle[(20.0694,16.4469),(17.5791,-10.6237),(61.0703,-14.6246)]
triangle[(-17.0153,15.4933),(13.6049,3.95633),(34.2269,58.6889)]
triangle[(19.4152,-11.8264),(12.3719,0.00932877),(-0.856235,-7.86262)]
triangle[(-1.57498,-6.00725),(5.30913,-1.7507),(-1.40745,9.112)]
triangle[(-4.39211,13.0859),(-15.7252,-11.9004),(31.4101,-33.2796)]
triangle[(15.254,-10.656),(-3.65155,-4.83827),(-12.183,-32.5627)]
triangle[(-6.97844,10.4381),(-10.9391,13.0044),(-15.0766,6.61888)]
triangle[(19.8272,-3.67373),(5.24146,3.22037),(-5.23926,-18.9536)]
triangle[(-19.6279,12.8544),(-16.5811,-17.3478),(20.147,-13.6428)]
triangle[(-9.4403,10.0596),(9.8509,-13.8822),(55.9158,23.2348)]
triangle[(-6.97144,16.8351),(-1.41275,8.2348),(12.1925,17.0284)]
triangle[(-20.799,-18.4121),(3.0142,-16.233),(-1.20781,29.9038)]
triangle[(15.6708,-12.2469),(-8.40116,9.61899),(-31.4866,-15.7956)]
triangle[(6.78548,12.1305),(-10.7419,-5.75747),(19.41,-35.3015)]
triangle[(16.2827,17.3342),(-18.2717,15.9324),(-15.9539,-41.2004)]
triangle[(19.9572,10.6935),(-19.3891,-9.89333),(18.9805,-83.2266)]
triangle[(-16.6593,13.8061),(6.58512,6.17186),(20.2179,47.6804)]
triangle[(20.1457,-6.02416),(-2.25689,12.0799),(-34.1782,-27.4207)]
triangle[(3.84444,-13.672),(-18.4043,-1.57422),(-32.7371,-27.9334)]
triangle[(19.8666,-5.52638),(-2.89258,-5.98803),(-2.23735,-38.2909)]
triangle[(8.8031,-1.15215),(-15.86,7.54615),(-32.0227,-38.2813)]
triangle[(-18.4841,6.68921),(4.87574,-1.14601),(13.9065,25.7782)]
triangle[(7.77724,8.20759),(16.3572,-18.078),(46.1598,-8.35008)]
triangle[(-5.18913,-17.5115),(5.78524,-18.3881),(7.11489,-1.74143)]
triangle[(7.41123,-8.40901),(-5.03734,1.34719),(-17.6944,-14.8027)]
triangle[(-19.3039,3.2336),(-20.7939,20.8393),(-39.572,19.25)]
triangle[(-12.2979,4.14623),(-11.8704,-7.809),(5.77131,-7.17806)]
triangle[(-16.4013,7.86754),(-9.65048,10.2434),(-13.5838,21.4195)]
triangle[(8.32138,-14.5068),(-13.5733,6.49289),(-37.4523,-18.4038)]
triangle[(9.53309,1.95507),(-17.0473,-6.90535),(-5.82895,-40.5593)]
triangle[(7.39614,9.18327),(19.3458,-9.76941),(54.8071,12.5889)]
triangle[(20.3956,-11.764),(-18.668,-20.358),(-4.25998,-85.8487)]
triangle[(6.69256,15.9905),(9.04168,7.31615),(19.3279,10.1018)]
triangle[(10.7568,-12.9057),(-13.2921,-17.0462),(-7.42002,-51.1521)]
triangle[(15.1135,12.3258),(-14.7183,-18.2581),(33.4524,-65.2442)]
triangle[(15.4466,-3.54708),(10.3477,-12.3469),(24.6441,-20.6308)]
triangle[(-4.29708,-13.6106),(17.8171,20.2552),(-28.1375,50.2634)]
triangle[(8.58947,-0.412589),(-12.6601,-12.4097),(0.60164,-35.8993)]
triangle[(2.23329,11.648),(0.557831,-4.04585),(17.8959,-5.89685)]
triangle[(-5.21437,-12.2151),(13.2117,-5.53257),(2.52616,23.9312)]
triangle[(2.51134,8.19858),(2.80092,-15.6942),(48.0603,-15.1456)]
triangle[(7.96635,-2.28472),(13.4854,11.9372),(-11.8535,21.7705)]
triangle[(-10.4086,1.16709),(3.61882,-8.4155),(19.5886,14.9619)]
triangle[(7.62759,14.0949),(-10.9349,9.71119),(-4.49905,-17.5412)]
triangle[(-3.27895,12.1736),(-9.56208,-14.6292),(40.7163,-26.4155)]
triangle[(2.66505,5.8065),(-9.97922,-16.8802),(34.7811,-41.8271)]
triangle[(-20.5064,-7.34457),(-1.33854,-15.6292),(9.09154,8.5026)]
triangle[(13.8386,-20.414),(-18.5045,3.0002),(-51.7568,-42.9328)]
triangle[(20.3616,20.9293),(7.61344,2.76952),(28.8528,-12.1405)]
triangle[(20.5025,-10.7706),(16.9535,-19.9352),(33.0361,-26.1632)]
triangle[(19.8655,-2.62373),(-10.3733,-14.4272),(9.61076,-65.6235)]
triangle[(-7.26961,4.03961),(8.09971,11.5425),(-6.57702,41.6072)]
triangle[(1.21431,4.43921),(-8.14808,8.25921),(-14.8858,-8.25416)]
triangle[(11.5831,12.7307),(18.7331,-4.94627),(53.9457,9.29646)]
triangle[(-8.83295,-0.419624),(-4.26366,-1.72921),(-2.44163,4.62804)]
triangle[(0.848083,-18.0937),(14.581,5.99143),(-16.6508,23.7993)]
triangle[(-8.40936,9.32895),(-11.0853,8.77531),(-10.1535,4.27148)]
triangle[(5.85733,18.162),(-15.9254,16.9439),(-14.2176,-13.5947)]
triangle[(-18.6553,-8.43996),(2.95593,17.7911),(-31.3057,46.0186)]
triangle[(7.32863,-14.149),(-17.5715,18.2549),(-56.2624,-11.4763)]
triangle[(-11.4637,1.85439),(13.9352,20.459),(-15.5469,60.7078)]
triangle[(-6.46897,15.9074),(-3.31896,-2.15389),(21.7935,2.2259)]
triangle[(-16.6281,-12.1061),(8.81872,-9.07303),(5.61022,17.8458)]
triangle[(7.93177,-1.80529),(19.9028,-20.5459),(47.2995,-3.04561)]
triangle[(-10.7131,-0.262165),(14.38,-12.403),(30.4841,20.8816)]
triangle[(-4.86858,-12.302),(-17.9224,14.2887),(-52.7765,-2.82176)]
triangle[(-12.4106,17.0236),(-13.6936,7.01725),(-2.70452,5.60825)]
triangle[(14.9921,15.8986),(-0.698032,0.700298),(28.949,-29.9061)]
triangle[(19.6543,12.7509),(-5.84085,17.5206),(-13.1509,-21.5538)]
triangle[(6.25689,-0.851342),(3.29238,-19.6034),(31.4559,-24.0558)]
triangle[(2.04491,-2.89256),(-19.1393,-11.7352),(-5.64501,-44.0633)]
triangle[(4.80204,14.2613),(-10.4519,13.8045),(-9.94209,-3.21788)]
triangle[(-20.7957,11.0277),(-11.979,8.50452),(-8.50521,20.6426)]
triangle[(2.22764,-15.3368),(-5.12435,10.7402),(-53.4399,-2.88152)]
triangle[(-5.65366,-14.3266),(15.8859,-17.1843),(21.3644,24.1097)]
triangle[(-6.96194,-13.2926),(-0.0655715,-19.5621),(7.33329,-11.4236)]
triangle[(-7.06766,1.25999),(-0.547333,-5.35174),(11.9811,7.00356)]
triangle[(10.4351,10.4475),(6.83085,14.7008),(-1.44917,7.68436)]
triangle[(-0.4503,-8.46105),(18.3732,-2.50919),(6.68472,34.4571)]
triangle[(12.8002,16.9467),(1.23041,-10.4419),(49.1219,-30.6727)]
triangle[(-15.1004,-19.1463),(3.36046,3.52565),(-26.6691,27.9776)]
triangle[(-4.47815,13.9005),(-14.871,-7.73154),(17.6523,-23.3571)]
triangle[(-14.6418,-7.37921),(2.93645,-20.6831),(26.0356,9.8375)]
triangle[(17.9858,-14.6016),(-0.841188,13.2602),(-46.1217,-17.3373)]
triangle[(13.4544,-12.4721),(-18.8103,4.70866),(-43.4731,-41.607)]
triangle[(19.7619,-14.6664),(-13.117,-5.66638),(-28.6531,-62.4228)]
triangle[(11.4075,20.8278),(19.4562,4.77471),(36.2665,13.2031)]
triangle[(-14.2839,-7.30581),(12.674,-8.11731),(14.0515,37.6442)]
triangle[(18.7736,9.46304),(-2.12654,10.8038),(-4.54221,-26.8523)]
triangle[(5.44896,-8.88835),(-6.89433,-17.9418),(10.6942,-41.9216)]
triangle[(6.63866,3.62452),(3.51302,-19.5073),(36.8005,-24.0052)]
triangle[(-6.79355,20.9517),(10.4921,-1.11393),(43.2595,24.5552)]
triangle[(-8.36832,-8.21068),(-11.3828,14.0715),(-34.1685,10.989)]
triangle[(13.806,3.2663),(-9.89718,-11.134),(13.343,-49.3876)]
triangle[(-18.5387,-16.9591),(-0.278136,19.0936),(-58.6692,48.6685)]
triangle[(9.05027,20.1836),(1.48039,-3.92248),(47.4372,-18.354)]
triangle[(-1.06765,2.74761),(17.9474,12.3023),(-0.57397,49.1622)]
triangle[(0.344996,-15.5609),(-8.70737,14.2149),(-42.7609,3.86201)]
triangle[(-17.6196,6.93512),(20.8686,-0.934562),(30.0087,43.7668)]
triangle[(-3.95401,-8.22356),(17.0449,-13.123),(23.8359,15.9834)]
triangle[(-11.4137,-3.50726),(-10.9517,19.8266),(-45.452,20.5098)]
triangle[(16.8001,3.93927),(-1.32203,12.2442),(-16.8246,-21.5839)]
triangle[(1.75959,-1.23944),(8.05175,19.3126),(-17.7159,27.2015)]
triangle[(7.1175,13.6097),(-3.74422,-19.985),(44.3901,-35.5476)]
triangle[(-7.66361,19.2485),(9.04769,-8.13365),(56.502,20.8277)]
triangle[(-8.22977,-6.32866),(15.8581,1.52427),(7.46971,27.2547)]
triangle[(12.306,-14.8095),(1.73414,-16.9445),(4.58715,-31.072)]
triangle[(1.36036,-11.3925),(3.32504,-16.4057),(13.1477,-12.5561)]
triangle[(-7.76403,-9.03047),(-11.0217,13.811),(-36.0719,10.2383)]
triangle[(-15.1233,0.46465),(15.5587,10.6948),(-2.15839,63.8315)]
triangle[(-20.414,18.3217),(-7.73416,12.129),(1.14537,30.3102)]
triangle[(3.35962,-0.851301),(-12.4353,-14.8775),(10.7445,-40.9802)]
triangle[(-4.0182,3.02231),(5.84266,4.70397),(3.56073,18.0846)]
triangle[(0.465726,15.4886),(-2.65452,-13.4383),(32.748,-17.2571)]
triangle[(-6.40407,9.288),(-14.543,9.10179),(-14.3232,-0.505238)]
triangle[(1.70909,2.4861),(-6.53803,-2.70818),(3.5864,-18.783)]
triangle[(-9.0044,-6.36541),(-4.43812,11.486),(-35.7582,19.4975)]
triangle[(20.7678,-10.5485),(-6.79491,14.1648),(-37.4883,-20.0675)]
triangle[(8.19631,13.5173),(10.1012,-3.96499),(44.6377,-0.201918)]
triangle[(-13.781,-11.7122),(1.76987,0.429072),(-21.9527,30.8137)]
triangle[(-1.46767,-12.593),(-0.334382,-6.281),(-12.4266,-4.10988)]
triangle[(1.01791,8.12171),(11.7038,-0.080138),(21.6754,12.9115)]
triangle[(-4.34832,-3.96556),(12.7821,19.1874),(-13.5273,38.6531)]
triangle[(9.46073,-14.1431),(-13.841,13.9232),(-49.7924,-15.925)]
triangle[(2.82232,-19.1752),(-18.0137,20.474),(-73.0902,-8.46911)]
triangle[(3.52322,-9.82461),(-4.23367,10.4451),(-39.2681,-2.96196)]
triangle[(-6.88298,20.3947),(8.97127,-16.3494),(77.9142,13.3978)]
triangle[(12.9989,-0.145456),(-20.1867,-17.7649),(9.44912,-73.5831)]
triangle[(-19.1084,-8.72266),(13.7394,2.25513),(-2.42281,50.6159)]
triangle[(-14.2484,1.49495),(12.6676,-11.9966),(28.6609,19.9106)]
triangle[(15.5687,-4.16339),(-10.5735,-20.0888),(10.7283,-55.0565)]
triangle[(-11.1236,-8.88399),(-4.51169,18.4627),(-42.2692,27.5917)]
triangle[(19.5573,2.31486),(8.05783,19.509),(-13.2708,5.24446)]
triangle[(-6.97187,-3.16409),(14.6497,-16.8493),(30.4237,8.07222)]
triangle[(9.75183,-14.5529),(-16.0627,-9.54619),(-21.3506,-36.8105)]
triangle[(15.4178,-6.31894),(-8.49913,19.6133),(-44.8175,-13.8825)]
triangle[(-10.4222,15.1081),(-8.04247,16.8573),(-10.1748,19.7583)]
triangle[(-17.8089,-13.1202),(13.3211,-12.8196),(12.7282,48.5773)]
triangle[(-2.15372,-0.612969),(4.53061,9.29687),(-10.0449,19.1282)]
triangle[(-13.026,11.819),(6.74898,-11.7444),(51.0021,25.3939)]
triangle[(-10.6173,17.7695),(8.8938,1.30296),(26.0621,21.6456)]
triangle[(-16.9105,0.162295),(9.5669,-11.7472),(29.854,33.3556)]
triangle[(0.191813,17.7981),(7.7201,-13.895),(44.2207,-5.22471)]
triangle[(11.9751,19.3139),(-6.95461,-6.4394),(27.01,-31.4048)]
triangle[(-20.669,-13.8104),(-12.2233,9.99575),(-39.0111,19.4991)]
triangle[(-9.11444,-13.7108),(14.284,4.21837),(-9.87339,35.7448)]
triangle[(10.6838,10.7043),(-3.59008,18.9979),(-14.342,0.492901)]
triangle[(-8.93289,18.7843),(10.521,-8.91695),(49.9601,18.7801)]
triangle[(-20.0767,19.1742),(7.07021,8.37484),(19.8996,40.6248)]
triangle[(-12.9869,0.423899),(-14.4221,14.1103),(-38.2873,11.6078)]
triangle[(-6.57262,4.28118),(-15.5393,17.8258),(-39.3052,2.09254)]
triangle[(1.96657,-12.9557),(-6.75462,0.00508208),(-26.565,-13.3251)]
triangle[(-20.6869,-2.72631),(6.60433,20.2299),(-29.7715,63.4748)]
triangle[(1.91665,13.8763),(15.5332,17.7239),(11.5089,31.9657)]
triangle[(19.2333,7.53444),(0.646543,1.06559),(12.1579,-32.0099)]
triangle[(-15.5335,20.9808),(-4.76409,2.97859),(16.8493,15.9083)]
triangle[(-15.2442,16.3943),(-12.3897,11.9932),(-4.20245,17.3033)]
triangle[(-3.99002,13.1365),(1.56377,-16.3703),(31.7179,-10.6947)]
triangle[(2.11027,-17.0266),(16.6895,-14.2666),(12.149,9.71753)]
triangle[(0.226394,-20.3536),(-8.47872,11.1876),(-44.1255,1.34939)]
triangle[(-9.83694,-19.2206),(18.6938,-19.0919),(18.5555,11.5687)]
triangle[(17.4254,16.187),(4.99407,-17.5073),(58.711,-37.3259)]
triangle[(-5.68248,-11.8957),(0.0650329,13.0071),(-49.0233,24.3366)]
triangle[(-13.0551,3.03626),(15.7398,-1.73105),(20.95,29.739)]
triangle[(16.6875,-9.81555),(8.51198,-0.428371),(-6.72828,-13.7015)]
triangle[(-1.13513,9.86953),(-5.15997,17.3176),(-12.6516,13.2692)]
triangle[(4.59268,13.4801),(-15.1314,-10.0218),(10.5276,-31.5562)]
triangle[(-8.04823,11.5779),(19.2827,-16.1094),(62.6358,26.6857)]
triangle[(-0.0905205,-3.86929),(-17.0442,5.75954),(-29.4309,-16.05)]
triangle[(-12.0691,-14.1133),(4.27562,15.5452),(-39.4063,39.6183)]
triangle[(5.33753,7.76985),(-4.30818,20.9132),(-22.4616,7.59077)]
triangle[(-2.41258,-15.6763),(-6.9377,-12.4477),(-11.931,-19.4461)]
triangle[(-11.1191,-13.8297),(-17.1872,3.96218),(-46.7892,-6.13384)]
triangle[(2.9344,12.7204),(-4.63181,6.3667),(6.26351,-6.60784)]
triangle[(4.00192,-15.3097),(5.15461,-5.90334),(-12.8011,-3.70299)]
triangle[(10.537,14.7361),(-1.4946,0.114714),(27.2743,-23.5586)]
triangle[(3.26149,-16.9968),(-19.0169,14.042),(-62.71,-17.3193)]
triangle[(-15.3932,12.5467),(-12.9691,-8.92212),(26.6831,-4.44481)]
triangle[(-0.966399,-3.07152),(-19.7777,-19.9936),(7.47592,-50.29)]
triangle[(-7.72362,15.2179),(20.2003,-18.2378),(70.9149,24.0914)]
triangle[(13.8789,17.4533),(18.4365,11.5641),(29.4387,20.0785)]
triangle[(6.15902,17.717),(-20.6085,1.61519),(-1.45002,-30.2339)]
triangle[(-2.33008,-8.65804),(11.458,18.014),(-25.093,36.9091)]
triangle[(5.25568,-2.21848),(19.7543,-11.8908),(39.0957,17.1016)]
triangle[(14.6502,-20.868),(19.3114,3.50144),(-19.9881,11.0183)]
triangle[(16.4529,10.4273),(6.53297,-17.7294),(57.9438,-35.842)]
triangle[(0.797562,2.04533),(17.5008,-17.2354),(54.0405,14.4195)]
triangle[(-13.6825,11.632),(-7.52907,13.5625),(-11.1929,25.2406)]
triangle[(-10.8347,11.3761),(-19.4357,-17.7409),(19.1375,-29.1352)]
triangle[(18.4149,-17.1658),(-9.12286,-0.34395),(-32.3349,-38.3425)]
triangle[(15.0244,15.9548),(15.2262,-5.84236),(41.4491,-5.59953)]
triangle[(16.1712,-5.92658),(1.25451,-10.4931),(8.62349,-34.5639)]
triangle[(17.1138,-2.66498),(1.93586,10.2294),(-13.1824,-7.56631)]
triangle[(-16.1497,6.97693),(4.10865,-19.0357),(35.661,5.53699)]
triangle[(-10.5766,-5.17413),(-4.79418,-8.24595),(-1.27212,-1.61598)]
triangle[(-18.8494,7.50743),(0.284341,-10.4912),(28.2875,19.278)]
triangle[(-14.624,-6.09127),(15.611,8.78893),(-7.89431,56.5493)]
triangle[(-7.24254,12.2611),(8.74966,-1.47409),(23.3859,15.5673)]
triangle[(-20.0139,13.2784),(-10.9169,-14.2626),(34.1903,0.636617)]
triangle[(13.5674,-14.6457),(13.0686,-6.03721),(-0.0524037,-6.79741)]
triangle[(-12.2593,-3.43394),(9.33963,16.9321),(-24.4209,52.7364)]
triangle[(0.511917,4.51934),(5.94592,20.1439),(-12.6237,26.6022)]
triangle[(-16.0027,7.8695),(-1.76085,7.68273),(-1.47878,29.1914)]
triangle[(-4.27088,-5.2702),(-0.688251,19.3495),(-45.7151,25.9017)]
triangle[(12.3257,-8.89415),(2.68551,15.3407),(-41.7872,-2.34981)]
triangle[(-13.6015,-17.9249),(-19.2404,-19.7544),(-16.9945,-26.6768)]
triangle[(-13.1102,-3.48552),(17.5944,11.8989),(-11.1451,69.258)]
triangle[(-18.3698,-10.5331),(-6.99206,14.1773),(-31.7409,25.5728)]
triangle[(7.17871,13.9783),(-9.05714,5.77734),(4.60404,-21.2684)]
triangle[(20.001,5.28247),(-0.905235,20.8774),(-17.444,-1.29418)]
triangle[(13.2873,0.166668),(-12.1997,-15.3677),(3.89779,-41.7785)]
triangle[(-2.70086,-2.90534),(14.0747,15.5729),(-15.1268,42.0836)]
triangle[(19.3616,7.6021),(-6.25846,-12.6401),(16.1861,-41.0476)]
triangle[(0.727045,11.2),(19.7852,18.8537),(9.14669,45.3444)]
triangle[(-18.8051,-7.38235),(-4.27616,-4.00114),(-9.6944,19.2808)]
triangle[(-6.56891,-0.429954),(5.79622,-13.713),(23.1878,2.47667)]
triangle[(-17.8428,-19.2894),(20.5108,-7.94881),(1.01722,57.9776)]
triangle[(-9.90839,17.735),(18.3992,13.89),(25.7603,68.0825)]
triangle[(-18.1426,-4.91126),(4.11702,-18.9373),(22.6338,10.4491)]
triangle[(-3.82428,-6.10655),(-13.5384,7.78341),(-27.4813,-1.96772)]
triangle[(-13.4982,18.9197),(-10.9091,-5.6775),(19.9456,-2.42968)]
triangle[(-11.2574,4.91667),(-3.16169,14.6673),(-17.6435,26.6912)]
triangle[(19.1027,-20.225),(14.1579,-2.58748),(-19.8848,-12.1316)]
triangle[(8.21061,12.7701),(-16.7782,-9.46947),(9.59438,-39.1021)]
triangle[(14.8722,-0.141244),(4.31779,3.92649),(-0.0570283,-7.42472)]
triangle[(-7.81749,18.913),(11.7083,16.7874),(14.0821,38.5939)]
triangle[(-20.2003,-0.867752),(-16.2697,-11.4844),(4.81692,-3.67741)]
triangle[(16.6592,8.55621),(18.1223,14.1529),(7.62381,16.8974)]
triangle[(1.18337,1.20069),(-1.06818,-4.53001),(9.21495,-8.57019)]
triangle[(14.227,12.8605),(3.0059,-17.7699),(56.046,-37.2005)]
triangle[(16.7541,-5.18481),(-4.79444,-17.8107),(14.0127,-49.9088)]
triangle[(8.24163,1.38989),(13.3613,-10.2664),(33.3597,-1.48263)]
triangle[(12.7499,-8.81478),(4.57097,5.68184),(-24.1665,-10.5318)]
triangle[(12.7513,-16.5508),(15.0819,20.4144),(-31.861,23.3741)]
triangle[(-9.12409,-7.31467),(-16.8884,-7.80751),(-15.9828,-22.0734)]
triangle[(12.8563,7.0729),(7.06833,-9.52862),(33.5584,-18.7642)]
triangle[(9.14926,-12.3799),(-15.102,-13.6636),(-13.1814,-49.946)]
triangle[(9.17246,-9.02773),(-16.204,-12.2816),(-11.6223,-48.0128)]
triangle[(-5.78073,-15.0713),(8.66968,8.24359),(-25.6565,29.5187)]
triangle[(-4.63071,18.9657),(-10.4983,-9.22527),(36.564,-19.0206)]
triangle[(14.1598,-6.25685),(-10.1544,9.6184),(-26.3245,-15.1473)]
triangle[(-11.2856,19.1343),(11.9797,-7.07455),(49.7852,26.485)]
triangle[(-19.6887,11.9422),(14.601,-12.4208),(53.4269,42.2247)]
triangle[(-2.31754,18.7551),(2.26496,1.70556),(36.1668,10.8176)]
triangle[(20.8119,-8.29974),(15.4456,-11.8485),(21.4548,-20.9351)]
triangle[(-15.608,16.3203),(-11.2611,19.7652),(-17.3732,27.4777)]
triangle[(2.13856,-12.898),(15.5099,12.2998),(-11.5948,26.6831)]
triangle[(-4.37725,-15.6333),(16.0777,1.75621),(-16.8663,40.5076)]
triangle[(13.1849,8.75044),(-7.67863,-12.3339),(26.406,-46.0615)]
triangle[(12.9093,12.6327),(19.1535,6.85077),(26.7328,15.0362)]
triangle[(-7.02317,8.67101),(17.9865,7.91249),(19.3123,51.6261)]
triangle[(10.7544,-0.611544),(20.0452,12.7918),(-2.91421,28.7066)]
triangle[(20.5207,-10.7279),(-3.56058,-9.12939),(-6.68228,-56.1585)]
triangle[(-13.9504,-7.73315),(9.18417,14.9425),(-17.5973,42.266)]
triangle[(-10.5572,-18.6758),(1.08137,7.33456),(-29.1453,20.8597)]
triangle[(4.12504,19.3481),(-11.4296,7.92658),(3.82798,-12.8523)]
triangle[(-17.4158,5.90163),(11.8331,-14.3349),(46.225,35.3736)]
triangle[(14.0929,-15.5256),(11.1372,10.6772),(-21.4177,7.00492)]
triangle[(-2.32504,13.699),(19.8898,20.7703),(7.67105,59.1568)]
triangle[(-17.9019,18.4363),(-19.4355,2.49464),(2.0542,0.427221)]
triangle[(8.70101,15.6669),(3.54481,-1.56526),(21.1927,-6.84586)]
triangle[(14.8351,-9.66847),(20.978,-5.49275),(15.7829,2.14978)]
triangle[(5.02096,11.1504),(10.598,1.33571),(21.5712,7.57103)]
triangle[(-9.66476,-18.7344),(9.27425,20.528),(-31.9297,40.4035)]
triangle[(-3.8765,-4.52252),(18.6173,-16.3531),(39.2906,22.9536)]
triangle[(14.7928,-1.68256),(2.771,16.6777),(-33.2324,-6.89619)]
triangle[(-7.42961,19.0894),(-16.5407,-19.716),(26.6782,-29.8633)]
triangle[(17.2435,12.1869),(-10.8237,-14.3742),(24.1663,-51.3483)]
triangle[(-6.27317,-18.9603),(-9.68169,-20.7391),(-7.43397,-25.0461)]
triangle[(10.3343,-4.18777),(4.39064,-8.0196),(10.9758,-18.234)]
triangle[(-17.2516,0.162075),(0.257043,17.2252),(-17.4905,35.4361)]
triangle[(-3.23909,14.49),(-0.729855,6.20717),(10.7081,9.67221)]
triangle[(-9.53801,12.0451),(-4.92775,-16.7432),(43.8179,-8.93686)]
triangle[(-9.80349,-12.9662),(5.35072,-7.06486),(-3.08242,14.5907)]
triangle[(10.1618,-0.102065),(18.4791,-4.72232),(25.4253,7.782)]
triangle[(-3.54206,-5.7335),(6.92776,2.06887),(-1.56514,13.4653)]
triangle[(-3.10952,-7.33602),(17.7327,20.811),(-13.6158,44.0239)]
triangle[(-5.64017,-14.0943),(7.51291,-11.8025),(3.51192,11.1601)]
triangle[(-6.42689,18.9586),(-8.3779,19.962),(-10.3192,16.1872)]
triangle[(-14.1342,13.7506),(7.78169,10.6915),(12.7188,46.0608)]
triangle[(6.31079,20.4473),(16.1191,-1.95786),(44.6121,10.5155)]
triangle[(2.07327,0.651418),(-6.53373,15.7016),(-32.7724,0.696108)]
triangle[(6.05265,-17.2696),(-18.9742,-17.0392),(-19.2261,-44.4019)]
triangle[(14.2931,-13.8567),(7.555,2.37808),(-17.1571,-7.87854)]
triangle[(-14.5209,-3.34817),(0.0914589,6.03386),(-13.7986,27.6674)]
triangle[(12.8381,19.4811),(-3.45178,17.3941),(-1.08622,-1.07028)]
triangle[(4.84898,15.8948),(-4.34155,20.2847),(-8.79805,10.9549)]
triangle[(0.751195,20.8619),(20.2009,-5.33434),(71.6787,32.886)]
triangle[(-14.855,-9.57047),(-6.3494,4.59737),(-22.9091,14.5389)]
triangle[(12.6689,8.38032),(-20.4555,-8.84156),(3.06226,-54.0753)]
triangle[(-12.71,18.3192),(-11.7353,-5.5237),(18.277,-4.29679)]
triangle[(-14.7872,-5.68367),(6.55194,17.021),(-29.3812,50.793)]
triangle[(-14.9728,-20.502),(-18.2156,13.0217),(-63.4619,8.64495)]
triangle[(-19.7688,-15.3477),(7.25528,-11.9111),(3.24217,19.6462)]
triangle[(-18.4084,20.6642),(10.1333,11.7833),(27.5026,67.6055)]
triangle[(-4.10726,-9.42705),(-10.0158,-1.22778),(-24.0584,-11.3472)]
triangle[(-14.5823,-17.2597),(18.4442,2.06582),(-9.33654,49.542)]
triangle[(6.67426,13.1177),(3.47678,-12.5218),(36.8254,-16.6807)]
triangle[(-15.3093,-8.56262),(-2.93817,-9.81843),(-1.19136,7.38969)]
triangle[(-8.89192,16.9434),(13.2059,18.3363),(11.5618,44.4191)]
triangle[(-0.505205,0.151136),(12.1991,9.17009),(-3.92688,31.8856)]
triangle[(12.9965,-3.5934),(0.730692,11.547),(-21.5073,-6.4687)]
triangle[(0.982499,3.63298),(7.10619,-5.83287),(24.9907,5.73704)]
triangle[(-7.8712,-9.7442),(-20.1667,-0.840758),(-33.1804,-18.8125)]
triangle[(-11.3843,-9.5651),(17.3835,-4.11849),(7.38695,48.681)]
triangle[(-19.9706,9.91533),(9.83406,6.52429),(14.1785,44.709)]
triangle[(-7.90571,-0.602748),(-13.5778,-0.384382),(-13.8124,-6.47788)]
triangle[(6.00373,13.9303),(-8.70881,14.5882),(-9.96344,-13.4684)]
triangle[(-5.32524,-14.9392),(18.4231,-14.4386),(17.5671,26.1778)]
triangle[(9.42899,4.90791),(10.8658,0.311671),(16.4165,2.04683)]
triangle[(17.6147,-1.24081),(-6.66795,-12.5151),(8.02155,-44.1535)]
triangle[(17.7855,4.84372),(-8.44503,3.6024),(-7.02082,-26.4929)]
triangle[(-1.3932,0.533696),(-3.9723,3.62359),(-9.52994,-1.01532)]
triangle[(18.0173,19.173),(-11.9429,20.6783),(-14.9332,-38.8412)]
triangle[(20.7838,-19.2179),(-11.0306,0.500645),(-32.5911,-34.2857)]
triangle[(7.37452,-20.7435),(7.7147,9.13077),(-31.3882,9.57603)]
triangle[(-5.34513,-17.2036),(2.54258,-20.7577),(9.62842,-5.03192)]
triangle[(-7.80351,8.80596),(-15.3707,-0.886874),(-0.448692,-12.5364)]
triangle[(11.5259,12.6831),(13.3627,-0.677114),(32.6362,1.97259)]
triangle[(4.73659,3.19637),(11.4607,12.636),(-2.73403,22.7472)]
triangle[(12.0841,-12.8624),(20.908,-19.9456),(34.508,-3.00329)]
triangle[(2.11913,19.0457),(17.5588,-2.82723),(50.6296,20.5169)]
triangle[(9.32571,-10.5609),(-16.3506,3.06742),(-38.9981,-39.6014)]
triangle[(-7.74119,-1.50722),(-3.1558,7.12265),(-19.8497,15.9928)]
triangle[(-10.9752,6.8952),(-2.53856,-6.34717),(12.989,3.5453)]
triangle[(-6.523,-13.0601),(5.00977,-1.50619),(-12.1344,15.6067)]
triangle[(-11.5913,9.31803),(-20.6871,-18.0863),(15.4332,-30.0751)]
triangle[(6.84437,-12.6464),(7.51033,-20.4809),(21.7989,-19.2663)]
triangle[(6.31613,15.3827),(-19.4011,13.4308),(-17.0738,-17.2324)]
triangle[(2.48591,-13.6223),(4.66219,-5.71289),(-6.11126,-2.74855)]
triangle[(-7.15445,14.7812),(-14.3355,8.52438),(-6.45847,-0.516226)]
triangle[(19.5478,3.68842),(-10.6563,13.2688),(-24.3652,-29.9512)]
triangle[(-6.13223,-14.6813),(-9.26844,-15.2565),(-8.53677,-19.2462)]
triangle[(1.0613,-0.802753),(-18.5114,-3.31791),(-14.2245,-36.6775)]
triangle[(-18.8464,-1.60419),(-17.6791,-13.7766),(2.84809,-11.8082)]
triangle[(20.5026,8.16676),(-5.13515,-10.2404),(31.1449,-60.7717)]
triangle[(-9.45839,7.36695),(-19.9676,1.69444),(-11.5263,-13.9443)]
triangle[(11.1021,1.19232),(-8.01939,20.6705),(-40.3609,-11.0789)]
triangle[(10.7361,6.51376),(7.35896,6.08582),(7.96058,1.33811)]
triangle[(4.72721,-12.6475),(-13.5181,-1.12317),(-34.9106,-34.9918)]
triangle[(-15.298,9.76321),(-10.9404,-3.1316),(3.27475,1.67214)]
triangle[(-4.3012,17.8377),(-4.1253,-12.5874),(44.9849,-12.3035)]
triangle[(-18.5549,-16.5418),(16.5747,5.29652),(-17.3135,59.8096)]
triangle[(14.1717,-8.97),(-2.53698,4.15929),(-28.2787,-28.6002)]
triangle[(16.2894,-18.8207),(14.3612,11.8711),(-32.8385,8.90569)]
triangle[(-10.2122,-7.54463),(18.4906,-0.0311101),(8.72298,37.2825)]
triangle[(2.30065,2.05336),(-13.888,1.72272),(-13.3709,-23.5934)]
triangle[(17.7096,-7.52992),(-13.9271,2.38264),(-29.7756,-48.1991)]
triangle[(-16.6884,10.4744),(13.4336,-4.27538),(38.9173,47.7672)]
triangle[(11.1719,8.47413),(-5.91221,-0.142933),(5.86818,-23.4986)]
triangle[(13.5995,8.45989),(-7.12439,15.7304),(-19.7948,-20.3853)]
triangle[(-6.62566,-13.1516),(11.89,-0.893148),(-11.4215,34.3176)]
triangle[(-11.5246,0.227381),(-11.4097,6.54912),(-20.7424,6.71876)]
triangle[(1.4279,-1.80263),(-16.0543,-15.0092),(9.69698,-49.0975)]
triangle[(-1.85463,-13.7501),(-10.2684,-18.0389),(-5.2637,-27.8571)]
triangle[(-1.68786,-15.4819),(15.5429,-15.3834),(15.3897,11.4042)]
triangle[(5.73802,16.3985),(-11.8952,-2.94055),(17.7761,-29.9945)]
triangle[(-2.00558,-8.85576),(-7.91395,-19.838),(13.4418,-31.3272)]
triangle[(-9.20504,-20.8378),(-3.37883,17.1384),(-61.4847,26.0529)]
triangle[(2.98738,-7.39439),(-13.5885,-14.9732),(-5.87546,-31.8425)]
triangle[(15.9114,16.7145),(3.53761,-11.8645),(38.1587,-26.8543)]
triangle[(-7.28511,14.893),(6.32414,-9.83906),(37.309,7.2109)]
triangle[(-6.7332,-8.97162),(-18.3487,-3.66276),(-25.9243,-20.2378)]
triangle[(-18.1527,-2.20206),(12.4962,20.7521),(-27.4079,74.0329)]
triangle[(17.13,5.39055),(-5.31731,14.4582),(-17.2133,-14.9905)]
triangle[(-8.96341,-3.25848),(-13.2936,7.92168),(-32.5829,0.45079)]
triangle[(14.7563,8.71341),(-15.3901,11.9356),(-19.708,-28.462)]
triangle[(-3.43804,5.99809),(-6.44993,3.07414),(-1.71998,-1.79807)]
triangle[(-7.92106,3.63704),(-7.90629,6.17609),(-12.5589,6.20317)]
triangle[(-18.0311,-9.21433),(18.5341,-15.6927),(28.5994,41.1176)]
triangle[(13.0383,14.334),(12.372,-16.952),(68.1797,-18.1406)]
triangle[(15.33,9.09605),(-3.9175,13.586),(-11.7543,-20.0088)]
triangle[(17.2488,-15.7933),(16.3786,-13.977),(13.9129,-15.1584)]
triangle[(-10.1129,20.2211),(1.37102,-2.55418),(38.8766,16.3571)]
triangle[(-8.8457,15.8554),(-18.4202,-16.573),(20.8113,-28.1562)]
triangle[(-10.501,1.72984),(5.30299,-8.41248),(18.0456,11.4433)]
triangle[(8.32804,8.79611),(-19.2553,-9.85691),(9.83979,-52.8814)]
triangle[(-0.0308295,-6.6734),(-6.31806,9.96982),(-25.6668,2.66052)]
triangle[(6.10269,-16.3341),(16.5125,-4.21303),(-2.96098,12.5111)]
triangle[(-1.0303,-19.313),(-14.9263,-18.0754),(-17.329,-45.0515)]
triangle[(7.49588,-11.7262),(8.06024,2.09887),(-17.1575,3.1283)]
triangle[(6.09702,-19.5927),(-1.40255,-1.96969),(-32.8588,-15.356)]
triangle[(-1.91886,15.5514),(7.8987,-1.88965),(27.4211,9.09946)]
triangle[(-19.2062,7.07884),(-7.33704,-0.369772),(6.66421,21.9408)]
triangle[(0.405167,-15.473),(-9.19993,-3.52439),(-21.6125,-13.5024)]
triangle[(13.0833,4.59619),(9.34035,-5.05013),(21.0739,-9.60299)]
triangle[(5.4429,10.4372),(-0.208564,4.97193),(9.47282,-5.03934)]
triangle[(-4.9334,4.73076),(-3.23526,0.611187),(4.28617,3.71162)]
triangle[(-17.3784,-11.6276),(18.8956,-2.74905),(4.81877,54.7626)]
triangle[(-4.25681,2.23191),(-0.889489,-20.3092),(22.5811,-16.803)]
triangle[(-3.10576,14.8453),(0.0353087,14.1853),(0.747925,17.5763)]
triangle[(18.9989,-1.19744),(1.0838,-13.2432),(24.1552,-47.5561)]
triangle[(-15.6371,-1.88504),(18.2404,8.68296),(5.42432,49.7668)]
triangle[(10.0714,1.73131),(-17.0084,6.75517),(-25.9178,-41.2684)]
triangle[(5.76231,3.1357),(-7.84482,3.3891),(-8.1861,-14.9368)]
triangle[(-8.99355,-0.178261),(12.3918,8.05325),(1.68079,35.8804)]
triangle[(0.989205,13.2881),(3.41366,7.49193),(12.4323,11.2643)]
triangle[(1.30741,-19.3171),(9.44183,-10.266),(-8.03626,5.44202)]
triangle[(-5.87657,-6.49429),(10.2649,18.6893),(-24.3891,40.9009)]
triangle[(1.78236,13.2614),(14.4688,20.8412),(-0.600402,46.0628)]
triangle[(4.8914,0.828778),(1.6172,-11.4724),(22.8092,-17.113)]
triangle[(3.57798,-10.7432),(-7.30484,-20.8052),(6.98623,-36.2621)]
triangle[(-20.8475,-4.00244),(-2.34574,-2.17449),(-4.55248,20.1612)]
triangle[(20.8391,-18.8578),(-2.88859,3.48499),(-35.3543,-30.9931)]
triangle[(-13.3501,-5.40022),(-7.48005,-15.7848),(9.02541,-6.45484)]
triangle[(12.1711,15.7598),(18.4776,-2.6332),(37.9516,4.04394)]
triangle[(-4.06239,15.6629),(-2.22849,-8.41627),(43.6753,-4.92018)]
triangle[(-8.02535,-8.00411),(-0.623976,-9.56582),(2.32103,4.39137)]
triangle[(-1.69242,12.8549),(2.27902,6.12807),(9.48437,10.382)]
triangle[(-15.1646,9.05964),(12.6935,-18.7522),(44.9359,13.5439)]
triangle[(-15.1829,-2.80366),(-10.9429,12.987),(-33.6733,19.0906)]
triangle[(7.77921,-5.65821),(-10.139,4.59695),(-25.4999,-22.2422)]
triangle[(-18.5991,-5.25835),(-18.8217,-11.2156),(-7.22019,-11.649)]
triangle[(5.38444,-11.4102),(-7.65488,1.71837),(-32.6055,-23.0627)]
triangle[(-9.75362,-20.0201),(-18.5679,8.46459),(-62.3896,-5.09553)]
triangle[(-3.94145,17.073),(20.8855,16.3958),(21.6576,44.6985)]
triangle[(-4.45311,-15.5283),(-5.82357,14.6026),(-56.3112,12.3063)]
triangle[(-9.14434,-10.8669),(-19.0699,-2.85204),(-31.6602,-18.4438)]
triangle[(-4.30183,12.6411),(7.23182,8.05673),(11.8331,19.6331)]
triangle[(-9.68617,-12.8084),(-17.2144,20.8988),(-84.1503,5.94911)]
triangle[(-10.168,-5.76359),(1.35919,-16.9482),(19.0389,1.27322)]
triangle[(-8.42028,1.05541),(-2.91329,-16.877),(17.4048,-10.6373)]
triangle[(-7.11725,-0.600116),(11.3381,20.7459),(-10.0816,39.2649)]
triangle[(-20.9839,-13.7315),(-2.50923,14.1103),(-53.6073,48.0169)]
triangle[(-11.1952,-5.50435),(-4.70197,10.9417),(-32.9838,22.108)]
triangle[(-3.94179,-15.8738),(-5.68129,-9.03333),(-13.0477,-10.9066)]
triangle[(10.8351,-17.7807),(-7.34152,-20.5875),(-2.16946,-54.0805)]
triangle[(-11.3409,8.30171),(-3.88521,11.5624),(-7.76454,20.4326)]
triangle[(-12.6382,20.4984),(0.0678446,-6.72816),(49.2774,16.2368)]
triangle[(14.9766,2.44913),(20.9555,-6.15237),(32.588,1.93335)]
triangle[(-10.6841,20.8336),(-9.36839,-5.51069),(38.741,-3.10797)]
triangle[(-4.67533,-4.42664),(-19.1959,-7.83303),(-13.2632,-33.123)]
triangle[(-12.4795,-13.6723),(-18.7435,4.33788),(-42.0379,-3.76399)]
triangle[(20.7622,8.23217),(6.0835,-11.6072),(36.789,-34.3255)]
triangle[(-3.96848,19.4842),(-15.7611,-5.41402),(10.5613,-17.8812)]
triangle[(11.3718,-5.09873),(-15.2209,-18.2266),(3.64875,-56.4502)]
triangle[(7.60654,-20.6256),(14.8717,-14.6514),(7.95627,-6.24154)]
triangle[(10.5853,20.2738),(17.6027,2.5903),(41.3053,11.9963)]
triangle[(11.5184,18.8077),(-8.49706,9.86243),(8.9117,-29.0906)]
triangle[(0.997352,11.5863),(-4.87061,18.6709),(-16.1267,9.34787)]
triangle[(-3.35258,-6.00537),(-0.0826481,1.02936),(-12.6037,6.84946)]
triangle[(19.5153,5.36371),(1.50718,9.22822),(-5.08574,-21.4939)]
triangle[(17.2513,-13.5435),(-11.2602,-13.2608),(-11.6608,-53.6625)]
triangle[(-0.957461,-1.78241),(-0.61338,-15.5198),(26.0473,-14.8521)]
triangle[(-5.99487,17.6829),(13.3709,-10.8306),(67.4011,25.8656)]
triangle[(-3.91921,0.67255),(5.64963,-8.23859),(23.3891,10.8101)]
triangle[(12.429,17.3834),(-12.9921,8.78503),(-4.06403,-17.6106)]
triangle[(13.8848,-17.78),(0.992533,-9.03635),(-15.764,-33.7435)]
triangle[(-17.0531,19.8684),(-4.50945,7.04605),(18.941,29.9868)]
triangle[(-13.8988,-14.8278),(11.5594,7.87384),(-15.1135,37.7855)]
triangle[(-13.899,-17.8248),(11.7277,-4.29632),(-4.63901,26.7068)]
triangle[(12.8116,1.67842),(1.15676,4.76053),(-2.52607,-9.16593)]
triangle[(-11.8123,-16.5213),(18.2116,-11.1237),(7.84571,46.5366)]
triangle[(-12.7204,9.44826),(18.1041,-12.9216),(45.2313,24.4583)]
triangle[(-8.7336,11.1074),(18.5334,-9.39481),(45.8468,26.9307)]
triangle[(-6.99338,6.17122),(-1.8653,-8.07997),(12.9168,-2.76084)]
triangle[(-14.498,-10.0495),(-20.8569,-10.9938),(-19.8205,-17.9728)]
triangle[(12.8886,-0.563274),(9.91444,-1.12514),(10.7378,-5.48382)]
triangle[(12.8145,3.74858),(5.38529,-11.6749),(24.2482,-20.7608)]
triangle[(9.66895,11.2594),(17.5905,-14.295),(54.3655,-2.89519)]
triangle[(0.880871,-3.76778),(9.78511,12.5975),(-21.9887,29.8854)]
triangle[(12.3035,5.2216),(-6.73641,13.8915),(-17.4705,-9.68136)]
triangle[(8.69266,15.3347),(-20.6438,17.2306),(-24.3616,-40.2992)]
triangle[(9.12102,-6.59833),(-19.8574,-11.0088),(-11.6643,-64.8401)]
triangle[(-4.15879,10.3945),(8.02148,1.21531),(21.7661,19.4535)]
triangle[(-12.5851,6.80435),(18.0623,-0.643025),(28.3945,41.8758)]
triangle[(15.4482,10.2873),(-7.39654,-11.9084),(31.1225,-51.5538)]
triangle[(-17.7454,15.0583),(9.92138,-8.0975),(53.9541,44.5132)]
triangle[(-13.8845,-16.2686),(7.03334,-3.87045),(-16.2501,35.4128)]
triangle[(-15.3151,19.7654),(17.6837,-5.15326),(49.1898,36.5691)]
triangle[(18.8501,-18.1331),(18.7985,-4.07651),(-9.03079,-4.1786)]
triangle[(8.97781,-4.81704),(-20.6658,-4.32097),(-21.3903,-47.6157)]
triangle[(-1.41626,8.71823),(8.23204,-13.2402),(35.903,-1.08186)]
triangle[(-9.82217,9.20456),(-17.2671,2.90006),(-5.23672,-11.3066)]
triangle[(-6.16976,-20.6576),(18.1187,-9.32902),(-2.39793,34.6584)]
triangle[(-5.53242,9.66024),(-12.459,14.0477),(-21.2329,0.196254)]
triangle[(-16.3539,6.21278),(-2.28947,-10.4585),(31.0037,17.6288)]
triangle[(4.22098,-20.8523),(0.735436,-19.7693),(-0.630462,-24.1654)]
triangle[(-6.22732,7.68078),(1.7357,19.8277),(-19.7286,33.8988)]
triangle[(-17.2376,-7.04795),(-1.33421,1.10161),(-9.6144,17.2599)]
triangle[(14.5387,-12.6024),(11.4381,3.32218),(-13.1857,-1.47229)]
triangle[(6.55521,-10.9003),(-3.4452,1.00408),(-26.4432,-18.3156)]
triangle[(-19.4452,-14.2941),(-6.54501,-12.2216),(-8.73154,1.38816)]
triangle[(-15.3811,-16.6395),(-15.0906,-8.46008),(-30.8222,-7.90141)]
triangle[(-20.137,15.351),(0.970379,-8.24001),(38.6202,25.4461)]
triangle[(-14.122,5.69843),(11.678,10.4186),(5.36609,44.9189)]
triangle[(19.8731,13.3844),(-3.1108,-6.10333),(18.5935,-31.7016)]
triangle[(-5.49433,9.04029),(-12.5485,20.534),(-29.7932,9.95034)]
triangle[(5.16874,-15.1655),(-9.0664,-10.5933),(-13.7859,-25.2871)]
triangle[(-7.46231,-11.7747),(-15.5085,7.54248),(-49.7896,-6.73664)]
triangle[(7.1471,-7.15488),(-18.7411,-10.0294),(-15.7668,-36.8154)]
triangle[(15.3204,5.37593),(7.7742,16.2248),(-13.3999,1.4965)]
triangle[(11.9801,6.80885),(-1.69136,-8.67115),(24.7258,-32.002)]
triangle[(14.7218,-11.1988),(14.1515,17.3619),(-27.3446,16.5333)]
triangle[(-6.16746,3.73641),(-9.67636,-2.50848),(2.46381,-9.32984)]
triangle[(-4.895,-18.6258),(13.2053,0.747829),(-11.8074,24.1166)]
triangle[(5.21087,10.3048),(17.4886,-20.1023),(64.8983,-0.959186)]
triangle[(-12.0949,19.6806),(-10.5255,9.14868),(6.55265,11.6937)]
triangle[(-2.15332,5.52022),(7.59397,7.83518),(3.992,23.0015)]
triangle[(-12.6814,5.55629),(19.4392,-2.5207),(32.3625,48.8728)]
triangle[(-17.222,-17.5006),(-3.85771,-10.5294),(-14.6857,10.2287)]
triangle[(-4.20742,3.72925),(0.903572,-3.19077),(12.7244,5.53988)]
triangle[(2.1549,15.8383),(-7.95161,-10.2536),(19.5804,-20.9179)]
triangle[(-2.14345,18.4176),(-16.7355,-19.4008),(54.7974,-47.0014)]
triangle[(4.05509,-20.4876),(0.18611,11.1827),(-52.1125,4.79363)]
triangle[(-2.99032,-6.09678),(9.42398,17.7414),(-26.0917,36.237)]
triangle[(19.2491,14.0985),(-0.625339,9.20491),(4.97565,-13.5427)]
triangle[(-4.88876,0.529089),(-14.5625,8.95023),(-23.7119,-1.5601)]
triangle[(5.43761,-8.1442),(4.68466,-4.47652),(-2.60402,-5.97285)]
triangle[(6.5645,-17.3874),(-13.529,-1.09868),(-44.6754,-39.5203)]
triangle[(-2.16978,10.7866),(16.239,-10.0238),(45.8733,16.1905)]
triangle[(14.9993,-16.5838),(17.2376,-19.9325),(22.4054,-16.4784)]
triangle[(-20.528,-10.1884),(0.246011,-17.933),(8.78369,4.96827)]
triangle[(-10.6888,5.55948),(-2.84717,20.9351),(-22.1982,30.8043)]
triangle[(-16.1089,7.83054),(2.2402,-2.22062),(16.6323,24.0532)]
triangle[(-8.18931,-2.85822),(7.6493,5.25372),(-4.11117,28.2161)]
triangle[(14.8081,-12.0014),(3.58951,10.8791),(-23.2161,-2.26395)]
triangle[(1.04475,-4.81857),(-8.27902,11.3006),(-25.76,1.18911)]
triangle[(-5.39166,-0.917588),(-16.8937,16.5019),(-36.6743,3.4408)]
triangle[(11.2711,-20.961),(-16.6741,17.3684),(-67.5827,-19.748)]
triangle[(-4.41077,-0.795688),(3.67776,5.80028),(-4.43386,15.7474)]
triangle[(-11.1319,20.7047),(5.74327,-5.19527),(49.4702,23.2951)]
triangle[(0.803432,5.99519),(15.7093,-3.98912),(35.2479,25.1806)]
triangle[(-11.4849,13.0109),(5.08744,-4.60137),(29.6203,18.483)]
triangle[(18.3535,-8.44687),(3.97281,14.5429),(-25.7419,-4.04445)]
triangle[(11.6556,-4.2029),(-19.1263,-18.0066),(3.52659,-68.522)]
triangle[(11.7458,4.62122),(-7.72539,18.4117),(-32.2322,-16.19)]
triangle[(-11.665,-4.94842),(8.16412,16.3279),(-27.6492,49.7052)]
triangle[(-4.95938,-3.54639),(-0.0887207,-2.69205),(-1.19071,3.59049)]
triangle[(12.3552,-13.872),(-12.7775,-0.233459),(-28.7266,-29.624)]
triangle[(3.77227,17.3801),(17.5424,-7.66933),(59.5434,15.4194)]
triangle[(7.24706,3.42404),(17.1945,17.8816),(-2.34664,31.3267)]
triangle[(4.81968,9.8433),(-10.2014,-7.31176),(9.83927,-24.8595)]
triangle[(6.63968,4.4819),(-12.5036,-19.9918),(17.8808,-43.7585)]
triangle[(13.0083,-7.14484),(-14.7565,15.2846),(-43.1791,-19.8991)]
triangle[(2.17699,11.9703),(6.59507,-8.38679),(33.9172,-2.45708)]
triangle[(-18.5361,-19.0526),(-12.9579,-17.0211),(-16.0523,-8.52427)]
triangle[(13.7109,16.7024),(11.2812,7.47105),(22.6377,4.48199)]
triangle[(-2.83076,1.95648),(20.8857,-1.74134),(28.2544,45.5187)]
triangle[(8.45199,-2.16766),(18.7328,20.5849),(-24.0228,39.9042)]
triangle[(-2.3021,-4.21964),(6.7233,-2.5607),(4.89001,7.41332)]
triangle[(-6.59367,-15.1281),(15.0181,17.9141),(-26.527,45.0873)]
triangle[(9.99837,-12.1996),(-11.0991,8.48098),(-46.5998,-27.7354)]
triangle[(0.0596474,-8.34646),(-14.5502,-14.7127),(-8.01769,-29.7042)]
triangle[(19.7209,17.965),(-10.609,3.89276),(10.1947,-40.9452)]
triangle[(16.3993,-4.94845),(11.3172,-7.94139),(15.2131,-14.5566)]
triangle[(-15.4276,1.50024),(-17.5382,-5.1923),(-10.0644,-7.54919)]
triangle[(10.6126,-10.5221),(0.938569,-5.11245),(-4.74879,-15.283)]
triangle[(14.3484,18.571),(7.07497,10.1692),(23.6896,-4.21399)]
triangle[(20.1526,-12.4408),(9.98216,12.7978),(-34.7551,-5.22995)]
triangle[(17.176,9.23834),(15.7236,16.625),(4.94585,14.5058)]
triangle[(-7.01312,-15.2301),(19.0064,-16.4674),(20.5258,15.4857)]
triangle[(-7.85734,13.086),(-1.11817,-18.442),(34.1308,-10.9075)]
triangle[(-12.6568,18.1403),(20.6044,2.42949),(37.1786,37.5185)]
triangle[(17.1015,-8.79277),(-1.66073,16.1071),(-37.8366,-11.1517)]
triangle[(17.2639,-11.8483),(-8.93256,-3.85769),(-21.1728,-43.9862)]
triangle[(-15.0128,-7.60848),(-16.3177,10.6417),(-36.6203,9.18999)]
triangle[(5.98394,2.06066),(-16.916,-7.59343),(-5.63791,-34.3456)]
triangle[(14.611,-12.2885),(-8.18851,6.86855),(-44.4736,-36.3157)]
triangle[(-10.802,13.0118),(-12.9413,8.31924),(-5.11938,4.7532)]
triangle[(-5.75976,-14.3222),(-12.6757,-6.51855),(-27.7342,-19.864)]
triangle[(4.81302,-0.162533),(-15.0378,-3.31432),(-10.7083,-30.5827)]
triangle[(17.7736,0.704022),(13.6406,10.1861),(3.21075,5.63995)]
triangle[(-2.05922,16.8711),(11.5059,18.3462),(9.01508,41.2527)]
triangle[(-10.1154,-7.25007),(-11.8058,-14.9424),(3.4394,-18.2926)]
triangle[(5.76625,-20.9396),(8.29162,1.07069),(-21.1707,4.45108)]
triangle[(0.537507,10.677),(13.1284,7.65891),(18.0958,28.3819)]
triangle[(-10.1171,-5.07172),(-14.253,16.4256),(-55.963,8.40083)]
triangle[(14.757,11.7489),(-0.827448,-20.8255),(59.8218,-49.8418)]
triangle[(12.0242,-4.26184),(16.5105,11.6958),(-6.10874,18.055)]
triangle[(-15.1893,3.7172),(15.5434,-4.12095),(24.8705,32.4498)]
triangle[(14.8507,-8.31382),(-3.05441,-1.32531),(-15.0462,-32.0491)]
triangle[(-4.29171,-17.7634),(-15.1928,14.1042),(-58.9452,-0.862488)]
triangle[(-15.0816,2.75362),(6.15394,20.4143),(-17.7134,49.1128)]
triangle[(17.9954,7.94025),(-3.78794,7.4653),(-2.96823,-30.1301)]
triangle[(17.5503,16.3348),(9.82483,18.6083),(7.50349,10.72)]
triangle[(-4.32489,-20.8972),(6.55951,-13.7861),(-5.11263,4.07957)]
triangle[(-7.374,10.8417),(0.983047,-8.37092),(31.6242,4.95727)]
triangle[(5.61054,-8.70985),(17.0298,-10.0247),(19.0356,7.39582)]
triangle[(15.2252,-6.64067),(7.80413,-2.54384),(3.11526,-11.0373)]
triangle[(-18.2427,7.7629),(0.518719,-18.6603),(47.5918,14.7631)]
triangle[(-7.23477,-8.38218),(0.172701,-14.9803),(10.2969,-3.61432)]
triangle[(13.4847,17.4849),(17.9758,15.2695),(21.3103,22.0294)]
triangle[(-12.2321,16.0536),(11.7031,-0.846591),(38.3956,36.957)]
triangle[(10.2648,-15.4201),(15.5323,-16.1653),(16.9789,-5.9399)]
triangle[(19.391,8.93833),(11.1511,-17.1492),(55.3239,-31.1013)]
triangle[(-0.500254,-19.6732),(-14.5298,12.5343),(-47.8117,-1.96327)]
triangle[(-2.24021,5.46836),(-5.1226,-7.58218),(11.1804,-11.1829)]
triangle[(0.0897196,9.4537),(12.8924,-7.25296),(32.3863,7.68569)]
triangle[(-8.01389,-13.5515),(2.7954,-7.64995),(-4.66031,6.00598)]
triangle[(20.276,17.3088),(-2.6541,7.88917),(13.129,-30.5316)]
triangle[(8.35918,3.23092),(14.74,5.04467),(12.6093,12.5409)]
triangle[(-18.8933,-2.20888),(9.56378,8.42932),(-10.9166,63.2142)]
triangle[(-17.8988,6.22277),(-6.28109,-5.08061),(11.4346,13.1278)]
triangle[(-16.22,-15.1869),(-20.1083,13.1618),(-57.1562,8.0803)]
triangle[(-20.8638,-5.21835),(19.7351,-19.0092),(46.5311,59.8753)]
triangle[(-11.1072,13.2912),(5.99903,-1.08886),(31.8074,29.6123)]
triangle[(-13.9171,-4.06059),(8.85613,-11.3568),(21.7545,28.9021)]
triangle[(15.4273,19.0318),(17.4905,20.856),(14.3182,24.4438)]
triangle[(-3.04161,-8.03307),(6.17261,16.2112),(-34.3478,31.6113)]
triangle[(11.8396,15.7932),(0.37899,20.2809),(-4.39876,8.07954)]
triangle[(-14.4179,-7.61037),(13.4059,18.7241),(-36.3947,71.341)]
triangle[(8.21084,14.6359),(20.0031,14.645),(19.991,30.3752)]
triangle[(-10.9819,13.5879),(-5.33087,-7.41924),(20.0007,-0.604914)]
triangle[(16.917,7.77945),(-7.17154,-13.3632),(18.2,-42.2698)]
triangle[(2.45783,-8.65251),(13.7404,-12.899),(18.1574,-1.16329)]
triangle[(-9.16423,-4.09624),(-11.6929,14.4182),(-30.7053,11.8216)]
triangle[(-19.6177,13.1079),(-17.4782,15.0547),(-20.5039,18.3799)]
triangle[(17.8872,10.9307),(12.9883,2.34927),(21.8473,-2.70809)]
triangle[(-6.17068,17.3385),(-5.86079,12.9215),(2.41165,13.5018)]
triangle[(-10.4554,-7.94178),(-10.3827,18.8958),(-59.7466,19.0294)]
triangle[(-12.304,8.65716),(-20.2718,-4.72972),(-1.67844,-15.7963)]
triangle[(-10.762,-0.735679),(9.23369,17.6645),(-14.0108,42.9246)]
triangle[(-0.504275,-6.87969),(14.7978,17.3834),(-27.2286,43.8883)]
triangle[(14.6364,1.95033),(-12.0195,14.3187),(-30.2177,-24.9013)]
triangle[(-1.2292,0.350109),(-6.64018,6.84279),(-18.4082,-2.96468)]
triangle[(9.16494,-12.113),(7.25259,-18.9828),(15.7834,-21.3575)]
triangle[(16.4097,6.00883),(-1.52414,-13.4585),(24.778,-37.6888)]
triangle[(11.272,-20.3652),(17.0083,-17.9056),(13.4378,-9.57842)]
triangle[(11.8506,0.930576),(-9.28728,-16.0289),(22.5805,-55.7482)]
triangle[(19.6971,-0.589703),(13.8226,-1.69512),(15.0384,-8.15652)]
triangle[(20.0835,0.660378),(15.0144,-13.9237),(39.7831,-22.5328)]
triangle[(-20.9233,-4.9563),(14.4316,14.898),(-25.0687,85.2367)]
triangle[(-2.47794,-15.3794),(10.651,19.2506),(-52.0506,43.0221)]
triangle[(6.81426,-2.47289),(0.913157,0.718571),(-2.9337,-6.39437)]
triangle[(0.0238249,1.3274),(2.70194,-10.542),(15.9714,-7.54802)]
triangle[(-19.7942,-2.744),(-15.1186,-20.7578),(8.22224,-14.6995)]
triangle[(-19.1517,20.9864),(19.12,17.4553),(24.8979,80.079)]
triangle[(4.67531,-7.83388),(18.4787,7.98725),(-5.5188,28.9243)]
triangle[(7.36055,2.68951),(16.5669,-13.8346),(37.0842,-2.40345)]
triangle[(-11.0391,19.9846),(8.48349,-14.3779),(49.0069,8.64501)]
triangle[(16.9656,19.3715),(-6.47442,-10.3717),(29.9526,-39.0791)]
triangle[(-7.02177,10.1738),(17.4727,11.5984),(15.4319,46.6866)]
triangle[(-12.5884,17.0798),(8.39765,-9.46401),(40.2979,15.7569)]
triangle[(-15.9323,-4.45156),(-19.2452,18.1377),(-42.6147,14.7103)]
triangle[(-2.0459,-10.5104),(7.90417,16.2373),(-18.9811,26.2385)]
triangle[(10.8199,0.513133),(-7.90053,17.6514),(-36.5597,-13.6535)]
triangle[(-12.2665,20.0056),(12.7353,12.8598),(20.9096,41.4605)]
triangle[(-16.5281,20.1692),(-19.57,9.26059),(-7.32182,5.84509)]
triangle[(19.773,13.1345),(-15.1048,-2.82416),(3.83963,-44.2273)]
triangle[(15.7494,-9.18487),(-11.5705,-13.6855),(-2.96987,-65.8938)]
triangle[(-1.26824,16.1675),(-20.9646,15.8414),(-20.4637,-14.4114)]
triangle[(-14.3039,-6.43156),(-2.62168,4.68193),(-17.8256,20.6638)]
triangle[(15.3566,6.33896),(18.9067,-7.78168),(36.3385,-3.39913)]
triangle[(-4.74297,3.90124),(3.82931,10.2699),(-7.06986,24.9403)]
triangle[(17.8275,-6.26271),(1.35272,-2.70479),(-5.07891,-32.4862)]
triangle[(10.6134,0.795654),(14.8522,-1.32447),(18.3512,5.67125)]
triangle[(1.35344,-1.26036),(-19.5254,0.00862856),(-21.8118,-37.6099)]
triangle[(15.5601,-13.4324),(17.2962,3.49677),(-6.96303,5.98465)]
triangle[(6.07845,-0.619656),(13.1349,8.07644),(1.92614,17.1718)]
triangle[(9.62941,11.8585),(-10.2269,-11.7338),(18.0566,-35.5383)]
triangle[(-18.4681,-19.9624),(-7.32359,16.5243),(-79.3557,38.5258)]
triangle[(-14.111,-7.88593),(7.87331,-20.5218),(31.5296,20.636)]
triangle[(-5.79688,-11.3629),(-15.0235,-0.755891),(-27.503,-11.6113)]
triangle[(-18.0769,15.2376),(14.9574,-5.24479),(49.3137,50.1657)]
triangle[(7.45142,14.0537),(-11.4564,-19.4186),(26.5409,-40.8825)]
triangle[(5.01368,7.07732),(12.7855,-4.23265),(31.3064,8.49422)]
triangle[(16.3134,-16.5638),(-16.4136,-10.484),(-28.1009,-73.3965)]
triangle[(-10.8962,7.14994),(-9.61611,-12.4488),(27.0483,-10.0541)]
triangle[(-13.4564,20.3023),(19.2338,-6.05264),(52.4435,35.1401)]
triangle[(-6.21897,8.07867),(7.91868,-12.427),(29.1067,2.18119)]
triangle[(8.70658,0.893372),(-15.6758,1.2162),(-16.0342,-25.8479)]
triangle[(1.03828,-15.9358),(-0.962073,2.46426),(-25.2139,-0.172277)]
triangle[(-17.6247,7.09283),(-3.98665,2.31327),(4.85739,27.5489)]
triangle[(8.14951,-1.25417),(-6.88705,-6.67293),(0.960104,-28.4481)]
triangle[(-7.3555,2.15968),(1.00772,2.56964),(0.240391,18.2233)]
triangle[(15.6572,1.49048),(14.2198,-14.4723),(36.3098,-16.4615)]
triangle[(-15.2669,15.029),(-5.28208,15.9421),(-6.63986,30.7897)]
triangle[(-16.4965,-19.5259),(3.63434,-19.5172),(3.61834,17.36)]
triangle[(5.70092,-17.2201),(-8.67685,10.6488),(-58.3107,-14.9576)]
triangle[(-1.63643,-14.5177),(-7.65241,-10.489),(-13.9217,-19.8507)]
triangle[(1.5465,17.2357),(7.41174,10.9544),(14.7155,17.7743)]
triangle[(5.61694,7.30516),(11.0005,-16.3156),(53.5243,-6.62383)]
triangle[(8.25627,-7.93621),(-11.8447,6.30256),(-37.1146,-29.3712)]
triangle[(-9.04289,-12.3385),(-7.37271,16.6734),(-58.0498,19.5908)]
triangle[(-16.7105,-17.9878),(-4.46864,0.886502),(-33.3944,19.6477)]
triangle[(17.2458,-15.6656),(17.9331,-12.5962),(12.12,-11.2945)]
triangle[(-18.1572,-11.167),(15.1835,-7.23738),(7.76967,55.6659)]
triangle[(13.5748,-8.00526),(-19.2797,-10.9989),(-15.0628,-57.2791)]
triangle[(-20.7167,-7.17399),(-2.12671,-4.90692),(-4.98198,18.5063)]
triangle[(9.38569,11.5398),(19.0119,18.3502),(10.6749,30.1342)]
triangle[(15.9835,9.84836),(-2.6812,13.4758),(-8.38277,-15.8608)]
triangle[(20.4961,-6.00109),(-1.85171,-1.68185),(-6.74444,-26.9969)]
triangle[(-10.74,-8.29565),(-15.3746,5.74619),(-42.6757,-3.26471)]
triangle[(-13.6357,11.3038),(9.83738,0.29935),(27.2791,37.5035)]
triangle[(-1.5062,-14.5445),(7.53458,-17.2278),(11.9976,-2.19059)]
triangle[(12.8092,-10.0453),(0.457736,3.26403),(-19.7658,-15.5041)]
triangle[(14.6613,-15.7422),(-6.53336,13.5446),(-61.986,-26.5861)]
triangle[(8.92621,-6.37782),(-3.478,17.5489),(-30.9758,3.2933)]
triangle[(4.15863,3.79452),(8.76664,-10.3294),(28.2724,-3.96549)]
triangle[(14.2949,19.6732),(-8.31343,9.91718),(5.59801,-22.3207)]
triangle[(-0.373824,-11.565),(6.44109,10.5893),(-35.602,23.5222)]
triangle[(2.10464,-20.1617),(7.35202,1.94332),(-25.3888,9.71547)]
triangle[(-15.5075,-16.1869),(12.0895,20.4299),(-40.855,60.3327)]
triangle[(12.5927,12.8969),(6.03179,18.127),(-3.2404,6.49554)]
triangle[(18.4459,12.9284),(-2.93851,-19.47),(38.6801,-46.9402)]
triangle[(19.061,3.1895),(-5.10388,-2.87494),(3.6905,-37.9177)]
triangle[(8.18163,-8.67636),(-1.55875,0.960467),(-16.5745,-14.2166)]
triangle[(-7.00847,20.6327),(19.3441,4.80083),(50.5716,56.7799)]
triangle[(-17.3084,-7.30433),(-6.098,3.33615),(-26.1419,24.4537)]
triangle[(-16.5099,-9.07554),(5.18259,8.58442),(-25.4715,46.2382)]
triangle[(-6.61861,1.36751),(-19.5129,2.09133),(-20.8267,-21.3128)]
triangle[(-19.5307,16.7492),(20.6962,0.887531),(49.055,72.8085)]
triangle[(-14.1432,-7.49797),(-2.91263,15.5774),(-38.5543,32.9239)]
triangle[(-13.3141,20.9535),(17.8363,-2.83353),(53.3566,43.6821)]
triangle[(1.28896,-10.5917),(18.8545,-0.63753),(1.48365,30.0161)]
triangle[(-0.229835,-5.97655),(-10.2348,11.4805),(-29.2702,0.570921)]
triangle[(12.6333,-5.85702),(-1.16106,-19.6454),(19.7168,-40.5324)]
triangle[(18.0047,-20.565),(-7.78479,3.97489),(-46.0044,-36.1908)]
triangle[(15.2587,-3.26225),(5.85372,20.5294),(-39.929,2.43133)]
triangle[(-0.401209,0.541876),(-1.97431,-10.0945),(13.1251,-12.3277)]
triangle[(-7.71208,-17.4426),(-1.56418,-4.20565),(-23.1017,5.79747)]
triangle[(16.7917,-20.5198),(-8.9787,-7.40473),(-29.1675,-47.0746)]
triangle[(-18.8115,3.93388),(9.80055,4.39399),(9.25661,38.2195)]
triangle[(7.30267,2.75176),(16.9534,6.05457),(13.0805,17.3709)]
triangle[(20.8092,5.69035),(-19.1555,-12.0471),(1.65391,-58.9334)]
triangle[(7.31181,17.7296),(4.2125,10.6727),(11.8529,7.31715)]
triangle[(-9.27143,-1.91961),(-15.0846,-4.42345),(-11.7544,-12.1553)]
triangle[(-7.75255,-16.4172),(-7.44528,14.575),(-62.808,15.1239)]
triangle[(-13.5987,-9.40261),(1.58407,-4.30188),(-6.20546,18.8843)]
triangle[(8.15569,0.991906),(19.8487,-6.50572),(31.6665,11.925)]
triangle[(6.02374,10.3549),(-8.59434,6.48657),(-4.11062,-10.4569)]
triangle[(-4.64953,-12.0061),(15.7479,19.4683),(-47.013,60.1415)]
triangle[(-5.9983,13.2685),(16.8732,11.8556),(19.1128,48.1104)]
triangle[(2.44632,19.3952),(18.7518,-15.6671),(65.9269,6.27129)]
triangle[(8.58217,-12.4987),(-20.1115,-18.6219),(-8.0162,-75.3014)]
triangle[(-10.4853,4.28799),(-11.95,18.0925),(-30.771,16.0955)]
triangle[(-3.68552,20.5134),(20.3239,13.773),(33.7172,61.4801)]
triangle[(-10.2934,-7.60005),(14.5265,-8.77668),(16.6093,35.1569)]
triangle[(16.9901,8.80617),(-4.27274,5.1351),(2.01927,-31.3083)]
triangle[(8.59117,7.43612),(14.695,-6.33055),(41.9778,5.76604)]
triangle[(-17.4632,-6.44761),(-2.12548,0.998299),(-16.9613,31.5583)]
triangle[(-11.297,-12.4585),(0.46849,7.67877),(-39.076,30.7832)]
triangle[(-8.00711,-7.53167),(8.85444,-18.0598),(26.1731,9.67715)]
triangle[(4.2603,-10.1883),(-14.4384,-4.70806),(-20.4633,-25.2649)]
triangle[(4.31764,-14.1491),(19.5976,18.6383),(-17.2431,35.8072)]
triangle[(-18.6704,-7.33345),(8.1005,15.5988),(-18.4698,46.6168)]
triangle[(-3.97632,0.711737),(19.154,-4.83129),(28.151,32.7121)]
triangle[(15.3853,0.435562),(-1.88728,-0.162631),(-1.11196,-22.5498)]
triangle[(-14.1614,-7.44612),(-8.11255,5.02543),(-24.0378,12.7493)]
triangle[(-18.8058,16.2198),(11.5619,-17.3757),(59.531,25.9846)]
triangle[(-3.19773,-4.26464),(19.7522,1.92498),(7.76938,46.3551)]
triangle[(7.66551,18.1914),(-2.89757,1.67821),(19.6393,-12.7381)]
triangle[(6.96266,-14.0828),(10.2557,-11.6209),(6.09951,-6.06155)]
triangle[(2.11635,-16.2245),(-2.77477,-16.6293),(-2.19273,-23.6609)]
triangle[(-18.0773,-12.542),(-20.6097,-9.89599),(-24.7114,-13.8216)]
triangle[(20.3837,-0.585923),(-14.097,16.4172),(-32.0771,-20.0449)]
triangle[(20.1196,3.83579),(7.07572,-4.12846),(22.2811,-29.0318)]
triangle[(9.02169,20.1014),(-16.6263,-5.90086),(25.2482,-47.2048)]
triangle[(2.10254,9.33048),(-6.89831,8.94366),(-6.23453,-6.50171)]
triangle[(11.3697,19.5692),(-9.35323,-8.44206),(21.898,-31.5619)]
triangle[(3.2214,-11.8522),(4.89627,-5.44228),(-4.50697,-2.9853)]
triangle[(3.96343,12.339),(8.90637,9.1061),(14.5963,17.8056)]
triangle[(5.44345,-5.15738),(-6.4657,8.62479),(-21.8217,-4.64429)]
triangle[(3.84676,-12.8872),(-3.12349,-15.985),(2.85539,-29.4378)]
triangle[(-13.8175,3.6618),(-15.9634,15.9571),(-33.2759,12.9357)]
triangle[(-5.21674,-18.3853),(-17.9324,15.8799),(-63.497,-1.02893)]
triangle[(8.7043,9.93856),(5.96815,9.45064),(6.74396,5.10008)]
triangle[(5.32627,-1.5655),(-2.16237,-20.1284),(27.8707,-32.2443)]
triangle[(-14.1601,-20.5886),(-8.34536,14.1627),(-45.2451,20.337)]
triangle[(4.67098,-16.0406),(3.13056,19.4037),(-40.8885,17.4906)]
triangle[(18.7247,-15.5827),(-15.5558,19.4949),(-65.2247,-29.0453)]
triangle[(12.5764,-4.87048),(-15.1202,-18.3245),(6.19465,-62.2036)]
triangle[(-0.73496,-20.0756),(11.7257,-0.531113),(-22.2418,21.125)]
triangle[(7.03274,-4.64475),(-8.26329,-1.81765),(-13.7741,-31.6339)]
triangle[(7.12829,-9.22667),(-6.69598,12.2828),(-31.9655,-3.95813)]
triangle[(-13.8426,5.29943),(8.98102,1.73082),(15.9735,46.4526)]
triangle[(8.77215,-9.86402),(20.8051,7.24543),(2.85101,19.8725)]
triangle[(15.9017,6.44227),(-17.7106,-9.73307),(10.3441,-68.0307)]
triangle[(0.4237,-2.34172),(-0.65659,6.0647),(-9.95717,4.8695)]
triangle[(10.7011,15.7192),(12.9141,10.843),(18.4769,13.3676)]
triangle[(-4.05967,2.48221),(-20.8143,10.873),(-36.277,-20.0028)]
triangle[(12.9731,7.14889),(2.33485,0.797183),(11.8931,-15.2116)]
triangle[(14.9531,3.99726),(20.6984,10.0885),(13.2924,17.0738)]
triangle[(13.8274,13.3294),(4.16651,16.9544),(-1.27418,2.45457)]
triangle[(-14.6216,13.4772),(-11.7427,-18.9814),(21.4466,-16.0377)]
triangle[(10.7524,9.12362),(2.30606,-0.859175),(15.28,-11.8363)]
triangle[(-9.26244,8.01705),(-12.8945,-15.8665),(16.4593,-20.3304)]
triangle[(20.4376,-20.6002),(-1.35819,-7.43809),(-23.9908,-44.9165)]
triangle[(-11.7083,2.50856),(-0.0542934,13.6886),(-18.091,32.49)]
triangle[(-20.0611,3.54651),(16.1357,16.8502),(2.29038,54.5207)]
triangle[(-0.682851,18.4221),(0.263476,-17.5689),(67.6802,-15.7963)]
triangle[(-17.7833,-9.07906),(-8.46274,20.5226),(-54.8049,35.1142)]
triangle[(-4.86359,-19.4939),(1.47521,12.7735),(-43.8366,21.6748)]
triangle[(10.3157,18.8436),(19.4345,0.720766),(45.7781,13.976)]
triangle[(-2.66592,17.6076),(12.9219,-1.62702),(34.5636,15.9114)]
triangle[(11.8729,13.0649),(-9.69641,-16.2216),(26.0173,-42.5245)]
triangle[(-1.21902,-9.16071),(-20.4676,-10.0372),(-19.4785,-31.7582)]
triangle[(2.1187,18.2111),(11.484,-7.50539),(56.9759,9.06162)]
triangle[(5.08553,5.33748),(-14.5177,12.0666),(-21.9871,-9.69315)]
triangle[(12.8056,3.17422),(0.748012,2.68807),(1.41829,-13.9364)]
triangle[(7.16609,-6.80011),(-12.4307,6.74082),(-33.6219,-23.9277)]
triangle[(-10.3112,-10.4778),(16.5175,-20.7173),(35.1663,28.1449)]
triangle[(20.8442,11.9642),(17.7316,-4.4427),(36.3315,-7.97131)]
triangle[(4.4944,7.1448),(-1.99203,-4.50065),(12.2978,-12.46)]
triangle[(17.4041,-17.8952),(-20.7826,11.6947),(-68.23,-49.5376)]
triangle[(18.0868,-8.36801),(16.0518,0.455451),(3.11299,-2.52867)]
triangle[(-19.2764,18.2886),(-4.89298,16.8132),(-2.62533,38.9211)]
triangle[(10.9704,-2.77869),(9.19724,-15.4649),(25.4718,-17.7397)]
triangle[(3.45107,7.53625),(-17.735,13.4556),(-25.8645,-15.6412)]
triangle[(-16.4534,17.6827),(15.0077,0.971183),(42.3624,52.4691)]
triangle[(-20.8438,17.8806),(-2.04691,-16.4181),(32.8757,2.7208)]
