triangle[(9.78127,4.36351),(-6.06696,-7.7524),(14.5663,-34.7418)]
triangle[(-15.4295,-6.14894),(-17.5569,-18.8979),(-3.31802,-21.2738)]
triangle[(-6.24025,20.3453),(9.24094,-20.0286),(77.0653,5.9784)]
triangle[(-20.4841,16.8821),(3.27796,-3.88678),(33.5749,30.7764)]
triangle[(3.81327,12.1088),(15.3733,-1.4116),(35.7401,16.0021)]
triangle[(-8.37973,10.2318),(1.30195,-4.55923),(20.6148,8.08229)]
triangle[(-15.2789,-6.38348),(-18.691,20.3316),(-56.4736,15.5059)]
triangle[(18.4515,10.401),(3.41226,18.3009),(-10.3996,-7.99285)]
triangle[(19.152,18.3324),(-17.0974,4.46425),(-1.40614,-36.5508)]
triangle[(10.3599,-13.8011),(6.86164,7.25658),(-34.004,0.467674)]
triangle[(20.8555,1.48472),(-14.4862,-11.4778),(8.7713,-74.8882)]
triangle[(-5.34287,-5.24484),(0.604186,-7.43427),(4.73772,3.7935)]
triangle[(15.5613,20.7961),(15.7809,-1.22403),(46.1298,-0.921366)]
triangle[(-18.1847,8.61909),(-19.6229,-12.3486),(13.1073,-14.5937)]
triangle[(-1.24125,2.2039),(9.75731,8.90153),(-1.95102,28.1284)]
triangle[(-13.9473,19.7096),(-6.57904,0.483301),(13.9152,8.33746)]
triangle[(3.39351,-15.5178),(-1.63899,-11.3954),(-7.4673,-18.5105)]
triangle[(12.3118,12.203),(-19.9687,-13.3929),(10.2862,-51.5491)]
triangle[(-9.11822,-20.0043),(-16.4642,-8.69118),(-35.2376,-20.8814)]
triangle[(3.05244,15.9938),(-13.4942,-5.03322),(15.1068,-27.5399)]
triangle[(10.5956,11.353),(-9.95181,-4.79452),(11.8639,-32.5545)]
triangle[(-16.8367,-9.63369),(1.56537,-9.44002),(1.34389,11.6048)]
triangle[(-18.0115,-10.056),(1.15114,13.3459),(-22.5099,32.7207)]
triangle[(-20.9421,8.20956),(-19.4756,10.3614),(-21.9651,12.058)]
triangle[(-2.88383,20.5104),(-5.20061,8.84271),(10.103,5.80397)]
triangle[(-0.369521,16.9743),(-5.59483,-19.537),(36.4612,-25.5558)]
triangle[(-7.13918,8.78349),(-1.0331,-10.4154),(28.0189,-1.17562)]
triangle[(-14.0199,2.96476),(17.6874,13.6713),(4.44265,52.8957)]
triangle[(20.8857,-18.5266),(-0.225014,14.3834),(-47.5738,-15.9893)]
triangle[(17.04,16.5313),(16.8697,-20.9543),(69.2174,-21.1921)]
triangle[(16.8888,-7.67674),(-9.31858,-6.71817),(-10.3749,-35.5974)]
triangle[(-10.9845,3.50893),(3.18307,-18.6371),(44.7309,7.94243)]
triangle[(-10.0957,11.5827),(19.8066,8.59996),(23.5457,46.0846)]
triangle[(-11.7753,9.62557),(-17.8681,-4.7964),(-1.33375,-11.7816)]
triangle[(10.6661,-10.8873),(3.41105,-20.0515),(14.418,-28.7654)]
triangle[(-3.36256,2.3941),(-16.1019,5.07558),(-20.1027,-13.9321)]
triangle[(3.19455,-13.1721),(-15.9614,-4.61567),(-24.8193,-24.4466)]
triangle[(-1.47858,-17.1812),(-14.742,18.1111),(-62.6209,0.117535)]
triangle[(6.85657,-3.14612),(-10.6222,9.21149),(-23.1755,-8.54411)]
triangle[(1.17636,8.08629),(3.74131,-18.9692),(33.2094,-16.1755)]
triangle[(-18.8078,-16.3801),(-19.8838,-11.473),(-26.674,-12.9619)]
triangle[(13.943,-19.4291),(17.9763,8.2213),(-12.2845,12.6354)]
triangle[(11.5094,-10.5708),(-17.6733,5.87858),(-37.1592,-28.6912)]
triangle[(19.4466,12.1116),(-13.3892,7.86314),(-6.4272,-45.945)]
triangle[(15.225,-15.1635),(11.0325,-19.2854),(16.667,-25.0164)]
triangle[(17.8307,15.5819),(-13.0794,-14.0172),(18.354,-46.8429)]
triangle[(-6.22881,2.40599),(5.95433,8.95923),(-6.56028,32.2252)]
triangle[(-2.09483,-11.6697),(-19.4776,-0.81938),(-32.3168,-21.3883)]
triangle[(-1.57944,0.675344),(4.13036,12.5321),(-11.3283,19.9765)]
triangle[(16.6766,16.1239),(-12.6802,-11.3884),(35.7566,-63.0724)]
triangle[(-9.65376,-6.24349),(-19.7876,-5.70558),(-20.7723,-24.2565)]
triangle[(-0.322077,4.67772),(20.6751,-1.90337),(31.1033,31.3683)]
triangle[(-12.5219,-17.4202),(5.96398,-1.63325),(-10.255,17.3585)]
triangle[(-9.58611,-0.851205),(-1.07332,-19.2013),(25.2618,-6.98424)]
triangle[(-9.21601,-11.9241),(-0.910412,-10.0827),(-4.51421,6.17226)]
triangle[(0.392106,12.6865),(-6.42998,13.2123),(-7.03161,5.40573)]
triangle[(-17.1562,12.5125),(-5.74297,-20.9349),(39.228,-5.58961)]
triangle[(-13.3202,15.5766),(-12.0731,20.9967),(-21.4317,23.1501)]
triangle[(-12.6002,-1.04408),(-0.910453,8.97287),(-17.2784,28.0742)]
triangle[(13.6879,-12.8366),(6.85544,3.52194),(-17.8606,-6.80115)]
triangle[(2.21421,14.5856),(15.3782,-20.6435),(67.5209,-1.1594)]
triangle[(-4.77019,18.9328),(-6.48338,9.47447),(6.57099,7.10993)]
triangle[(-16.8555,-12.9102),(-0.142934,15.5168),(-47.9213,43.6062)]
triangle[(-11.7284,-17.5897),(-3.41072,9.39282),(-54.7834,25.229)]
triangle[(2.0916,16.9449),(-5.17189,5.75615),(10.983,-4.73127)]
triangle[(15.4028,18.9934),(1.5771,11.8882),(15.4355,-15.0782)]
triangle[(11.2111,-3.41881),(5.57659,-16.2797),(21.0271,-23.0487)]
triangle[(12.8852,-19.8435),(-8.51904,-19.9582),(-8.35835,-49.9415)]
triangle[(7.39232,-8.67701),(7.52709,-16.2849),(22.3538,-16.0223)]
triangle[(-4.28548,-1.47653),(7.84322,-7.53147),(15.9713,8.75001)]
triangle[(-18.4442,4.09337),(-4.72545,-14.0387),(27.6532,10.459)]
triangle[(-18.4551,18.1586),(-6.07967,19.2867),(-7.94263,39.7241)]
triangle[(-8.01742,4.41091),(6.1509,0.217358),(14.4492,28.2538)]
triangle[(-2.79823,20.7807),(-0.646922,18.125),(3.19179,21.2347)]
triangle[(-11.9632,-12.6122),(-3.34984,20.9601),(-58.7785,35.181)]
triangle[(12.3104,6.92033),(-13.1613,16.6229),(-28.453,-23.5219)]
triangle[(-7.28107,6.65324),(-10.5102,-6.75257),(10.2615,-11.756)]
triangle[(-2.57361,8.76253),(11.8867,3.82092),(19.092,24.9053)]
triangle[(-2.37031,-14.0649),(6.18476,-19.8713),(12.5912,-10.4321)]
triangle[(-7.14289,10.7579),(-7.57599,6.36773),(-0.820045,5.70123)]
triangle[(0.660394,9.11013),(7.99246,2.74346),(17.3372,13.5051)]
triangle[(-6.36311,0.119942),(0.738589,-1.16465),(2.08233,6.26404)]
triangle[(-0.652484,-20.8075),(-9.53987,17.4513),(-75.5255,2.12314)]
triangle[(-18.3686,-0.518285),(-10.8502,13.8736),(-32.4491,25.157)]
triangle[(20.6717,3.88405),(5.38883,-0.737352),(10.5067,-17.662)]
triangle[(15.7774,-19.5767),(15.7851,-14.3261),(9.31058,-14.3166)]
triangle[(19.4825,14.1071),(6.12635,-1.33197),(28.6695,-20.8338)]
triangle[(3.7878,1.42517),(10.3126,-20.5245),(46.4706,-9.77619)]
triangle[(-4.21944,-1.76641),(15.3406,-4.62385),(20.0287,27.4676)]
triangle[(-5.42715,1.097),(1.95328,-19.6781),(41.843,-5.50719)]
triangle[(-5.46812,13.3959),(-10.1546,8.59089),(-2.02005,0.656995)]
triangle[(-2.59667,18.9467),(-19.7857,16.904),(-16.2292,-13.0233)]
triangle[(13.1566,-8.54385),(10.008,-11.4657),(15.7469,-17.6499)]
triangle[(14.4032,0.341631),(1.12981,8.52111),(-7.33272,-5.21158)]
triangle[(10.6541,-2.98336),(-20.973,9.53259),(-39.0046,-36.0321)]
triangle[(6.62343,18.124),(-7.89817,3.577),(20.9579,-25.2288)]
triangle[(-20.456,3.43172),(-12.8111,11.7518),(-29.1227,26.7396)]
triangle[(-19.7903,17.6547),(16.2476,3.51501),(43.0369,71.7932)]
triangle[(-1.4122,-12.0159),(12.9945,15.5487),(-34.6912,40.4718)]
triangle[(16.7602,-6.9446),(5.96014,0.722112),(-4.46358,-13.9617)]
triangle[(-1.03743,-0.245847),(11.1368,11.3089),(-6.708,30.1104)]
triangle[(3.49886,1.30057),(9.86934,-4.6543),(16.2593,2.18167)]
triangle[(-19.6472,-4.64719),(-10.4553,10.4044),(-34.3153,24.9755)]
triangle[(-18.2797,-11.4575),(-13.6991,3.54461),(-37.8911,10.9311)]
triangle[(18.0055,13.3031),(1.73163,-8.77973),(35.8572,-33.9285)]
triangle[(-6.40257,4.52789),(0.919227,-18.5925),(34.5457,-7.94361)]
triangle[(-16.0336,-18.2056),(5.50513,19.9244),(-36.1951,43.4798)]
triangle[(12.2018,17.0301),(2.91921,-15.328),(41.7834,-26.477)]
triangle[(3.14983,0.926473),(-8.03835,4.78514),(-13.1957,-10.1685)]
triangle[(1.9195,3.77393),(15.5959,-4.0441),(28.4788,18.4925)]
triangle[(18.3625,-6.36287),(-5.19557,-10.749),(2.15311,-50.2193)]
triangle[(-17.9285,-16.7483),(0.246654,-19.4434),(3.18444,0.368128)]
triangle[(-8.26974,17.1108),(4.88455,7.17978),(21.527,29.2238)]
triangle[(1.2686,0.431465),(12.0163,-2.66501),(17.6743,16.9737)]
triangle[(8.39705,-2.58271),(-13.2876,9.79054),(-29.1171,-17.9513)]
triangle[(9.28318,-10.6078),(-19.4003,7.37213),(-53.2724,-46.664)]
triangle[(7.335,18.3451),(17.9031,-2.70109),(51.0495,13.943)]
triangle[(12.6463,-8.15154),(-14.6406,-2.77995),(-24.3922,-52.3166)]
triangle[(18.9272,14.7278),(-13.8547,17.2183),(-18.638,-45.7432)]
triangle[(9.44012,-6.75158),(6.10219,16.2862),(-27.9658,11.3501)]
triangle[(8.39522,19.9005),(-15.7338,4.11096),(9.89628,-35.0561)]
triangle[(-10.6879,1.47687),(-9.91222,10.384),(-24.1225,11.6215)]
triangle[(0.581585,-5.83027),(8.61837,13.3428),(-29.5994,29.3625)]
triangle[(-12.5184,-0.666353),(-17.3575,15.5488),(-41.8727,8.23258)]
triangle[(7.24845,2.12442),(7.47893,20.2707),(-18.1694,20.5964)]
triangle[(-1.88229,16.3348),(8.89856,-1.04776),(32.7245,13.7293)]
triangle[(18.3966,11.9554),(-0.453068,-13.6343),(27.9308,-34.5422)]
triangle[(14.2613,16.4196),(-20.1088,-3.81444),(8.97486,-53.217)]
triangle[(2.31948,-3.17307),(8.25249,19.2463),(-16.2802,25.7386)]
triangle[(-18.7236,-13.6212),(-15.981,10.9013),(-58.3407,15.6389)]
triangle[(15.1192,-4.44862),(-9.7388,1.20137),(-19.3768,-41.2025)]
triangle[(6.90334,-15.1726),(19.6849,-12.7399),(17.1004,0.839791)]
triangle[(-5.00513,7.14073),(9.48103,-12.7954),(41.6745,10.5972)]
triangle[(18.2817,-5.54692),(-13.382,0.0120376),(-20.9665,-43.1893)]
triangle[(-3.23097,5.97219),(10.3918,-8.6608),(36.5015,15.6463)]
triangle[(8.47889,-6.39469),(5.7702,2.58992),(-7.88461,-1.52675)]
triangle[(1.34605,3.19177),(18.7869,1.93193),(20.5078,25.7553)]
triangle[(-7.77501,2.65672),(8.35683,16.1741),(-10.8282,39.0698)]
triangle[(-16.8216,10.6),(7.50956,-9.8685),(36.7737,24.9181)]
triangle[(9.40259,-16.7783),(-11.6059,-17.3648),(-10.7055,-49.6166)]
triangle[(12.0697,19.9457),(19.4308,-15.3749),(61.4741,-6.61282)]
triangle[(8.93852,4.18675),(-18.2311,11.3808),(-31.3358,-38.1119)]
triangle[(-15.4479,4.38564),(-20.2695,-17.2052),(17.6877,-25.6816)]
triangle[(2.00797,-17.8299),(11.7474,-12.8749),(2.87132,4.57173)]
triangle[(-1.14771,-4.60384),(7.25122,-9.14468),(13.0316,1.54697)]
triangle[(-9.00643,14.9523),(-4.28434,-6.32758),(18.5405,-1.26265)]
triangle[(-7.35438,-17.3601),(-16.7388,4.85089),(-49.3997,-8.94877)]
triangle[(-17.7348,4.13417),(9.21373,10.4456),(-1.45299,55.9904)]
triangle[(18.2536,12.1944),(3.22279,4.1445),(11.6386,-11.5695)]
triangle[(2.48817,12.5966),(1.56428,-4.59682),(32.8459,-6.27775)]
triangle[(-19.3043,11.2436),(-13.8598,1.86772),(0.221194,10.0444)]
triangle[(-13.3863,4.43101),(5.34774,-2.43463),(16.3357,27.5478)]
triangle[(-2.20658,-13.0268),(2.47191,-1.33301),(-15.2642,5.7629)]
triangle[(-5.32467,-20.7182),(-10.055,18.1815),(-84.5371,9.12424)]
triangle[(-2.41814,-20.7243),(4.47636,14.9535),(-57.7083,26.9703)]
triangle[(3.16734,-3.71632),(-10.386,5.70781),(-21.5601,-10.3622)]
triangle[(-20.4177,16.917),(-12.2825,-12.3987),(27.9407,-1.23663)]
triangle[(11.8406,10.5637),(-6.55888,19.4426),(-16.2125,-0.562347)]
triangle[(18.5178,-9.48027),(5.75922,-2.2822),(-1.53586,-15.2128)]
triangle[(-17.0234,-11.5235),(16.5484,20.1935),(-43.2569,83.4961)]
triangle[(-0.966004,-16.9858),(-4.79573,-6.60881),(-21.8267,-12.8942)]
triangle[(-8.04201,0.621497),(-11.1773,-3.33597),(-3.27757,-9.59436)]
triangle[(14.4111,6.88915),(19.5236,-14.454),(42.3493,-8.98639)]
triangle[(3.90933,-19.5031),(6.30436,16.1751),(-44.0884,19.5579)]
triangle[(-13.0345,15.2035),(-8.37439,19.5587),(-16.215,27.9482)]
triangle[(13.7044,-12.7832),(-9.92067,-14.1619),(-7.21344,-60.5541)]
triangle[(-18.2054,14.7861),(-1.33951,-2.92008),(18.9329,16.3903)]
triangle[(-4.12409,-9.77623),(-19.8903,-0.411708),(-32.7393,-22.0445)]
triangle[(-6.71074,2.23395),(6.23294,20.0778),(-12.3474,33.5557)]
triangle[(7.02348,2.47694),(17.2074,-16.2756),(52.6161,2.95386)]
triangle[(19.6175,-8.48605),(9.31903,12.1722),(-30.168,-7.51271)]
triangle[(10.1394,-5.96566),(0.323408,-14.0337),(10.9911,-27.0125)]
triangle[(-16.9205,9.94126),(-6.57013,3.66296),(3.98724,21.0677)]
triangle[(-11.296,20.5032),(7.53264,-15.1705),(55.2552,10.0175)]
triangle[(20.9607,13.8019),(11.0541,4.38763),(24.527,-9.79002)]
triangle[(6.04111,16.9964),(-17.0528,-4.37127),(16.8102,-40.9701)]
triangle[(17.3659,15.5372),(-2.81977,-4.06027),(27.4653,-35.2543)]
triangle[(-14.9695,-16.0062),(-2.90115,-20.8919),(3.74224,-4.48185)]
triangle[(20.7071,-1.6175),(16.7812,-17.6033),(33.9652,-21.8234)]
triangle[(-16.2261,3.47514),(20.899,-3.0765),(30.6552,52.2075)]
triangle[(-2.66279,-9.0788),(2.43029,-0.849762),(-11.3514,7.67995)]
triangle[(19.1649,-14.737),(1.05244,-13.2513),(-1.05895,-38.9923)]
triangle[(13.3304,3.7324),(-2.39301,-17.2984),(18.7169,-33.0809)]
triangle[(11.213,-7.77523),(19.4445,-15.3711),(31.0178,-2.82933)]
triangle[(8.23401,13.6314),(-5.609,9.71478),(1.67565,-16.032)]
triangle[(13.7192,-15.6374),(-1.32691,9.5169),(-29.9849,-7.62488)]
triangle[(19.5629,8.5151),(-3.42543,-7.23946),(25.5596,-49.533)]
triangle[(-10.9582,5.91489),(-5.37436,7.78256),(-9.02213,18.6885)]
triangle[(16.3914,19.7755),(-7.04245,12.2312),(1.83127,-15.3322)]
triangle[(0.647981,18.7257),(-5.50767,4.52241),(14.2304,-4.03201)]
triangle[(5.74684,19.7542),(7.06347,13.3964),(13.5653,14.7428)]
triangle[(14.6998,9.97888),(-17.1978,-9.48226),(15.2475,-62.6613)]
triangle[(12.379,17.4832),(4.6091,-11.6143),(41.8002,-21.5455)]
triangle[(-9.72082,16.4186),(-13.1648,16.7121),(-13.5354,12.3647)]
triangle[(-2.96903,5.80029),(-18.7274,-5.38386),(-1.01912,-30.3347)]
triangle[(17.0647,-14.1274),(-17.8006,-1.92019),(-35.7845,-53.2847)]
triangle[(-12.6148,-9.20356),(5.99536,-13.6451),(12.4046,13.2097)]
triangle[(-16.2069,-8.19923),(6.8249,-2.45032),(0.5237,22.7941)]
triangle[(-5.71534,7.24774),(10.6781,-11.4562),(44.3495,18.0559)]
triangle[(-11.0002,4.2419),(-20.1098,1.6555),(-16.1239,-12.3837)]
triangle[(-16.6497,-16.7091),(9.70055,-19.1313),(14.0123,27.7751)]
triangle[(16.4218,10.4311),(5.57156,-14.6557),(32.0672,-26.1152)]
triangle[(-15.3649,-14.1008),(-2.19586,-12.3118),(-4.22181,2.60179)]
triangle[(3.09782,-5.97921),(0.0187717,-7.38967),(1.96216,-11.6321)]
triangle[(-2.08856,11.2506),(13.3152,8.82492),(17.0419,32.4913)]
triangle[(-13.0782,-9.69513),(4.78988,-3.63946),(-4.26623,23.0818)]
triangle[(-14.0379,7.16048),(12.192,5.57665),(14.1699,38.332)]
triangle[(14.438,-12.5545),(18.0963,-14.646),(21.9181,-7.96152)]
triangle[(16.0823,-14.5907),(-20.8396,2.23893),(-43.9335,-48.426)]
triangle[(8.11673,-6.77881),(1.48043,-6.14148),(0.275473,-18.6884)]
triangle[(1.38999,-20.0647),(-6.64617,5.485),(-42.9427,-5.9314)]
triangle[(-15.8892,18.1908),(13.8728,0.0997655),(38.7125,40.9642)]
triangle[(-5.68994,-14.646),(-2.70098,4.2115),(-38.1826,9.83543)]
triangle[(-2.01204,5.53345),(-17.2467,-20.8657),(27.851,-46.8912)]
triangle[(-1.7481,6.31033),(-15.7749,-17.0794),(26.0185,-42.1429)]
triangle[(18.2165,20.5403),(-5.58508,-1.71947),(37.818,-48.1288)]
triangle[(0.469562,6.93728),(1.03822,12.549),(-5.33412,13.1947)]
triangle[(0.596201,-16.7251),(-7.04176,18.0401),(-73.9845,3.33265)]
triangle[(-2.5289,-5.74464),(10.8515,-15.6831),(26.4974,5.3814)]
triangle[(7.61965,-6.66155),(20.6793,-17.4215),(39.0763,4.90745)]
triangle[(-16.0206,-18.3402),(-11.5707,11.5317),(-51.8953,17.5386)]
triangle[(-4.58672,-15.0193),(6.10276,-8.47479),(-4.5875,8.98612)]
triangle[(15.3765,9.98287),(-7.33061,9.90128),(-7.23131,-17.7339)]
triangle[(17.3224,-20.7559),(5.34692,-17.9632),(1.89403,-32.7696)]
triangle[(9.63194,19.9391),(2.81254,6.91231),(26.7907,-5.63999)]
triangle[(0.558331,-7.38649),(7.49299,7.18529),(-17.4804,19.07)]
triangle[(-9.87989,-18.5623),(7.73183,20.6936),(-68.9453,55.094)]
triangle[(14.0169,-9.65308),(3.27299,3.66254),(-18.9622,-14.2782)]
triangle[(-6.25309,-2.61291),(-7.74006,-11.0289),(7.23115,-13.6741)]
triangle[(-8.86175,5.90806),(4.46484,2.98635),(8.58256,21.7682)]
triangle[(-18.5103,-13.6634),(17.4957,-18.7778),(24.5947,31.1999)]
triangle[(4.61146,18.1795),(-4.10352,-3.04563),(36.4687,-19.7045)]
triangle[(6.19498,9.07063),(17.8159,-11.2444),(40.2127,1.56739)]
triangle[(-15.0497,-11.9276),(3.42643,9.81925),(-19.207,29.0486)]
triangle[(3.39969,12.8916),(-3.6091,-12.0082),(23.8674,-19.7423)]
triangle[(-4.3176,-18.3494),(-18.6447,0.479703),(-39.0931,-15.0795)]
triangle[(14.1236,17.8345),(1.51382,10.7613),(12.7788,-9.32116)]
triangle[(-19.1779,16.82),(7.29812,-12.0939),(45.0173,22.4451)]
triangle[(17.8255,-19.6323),(13.7641,10.145),(-35.461,3.4311)]
triangle[(13.1932,8.68188),(20.809,1.88278),(33.3587,15.9401)]
triangle[(3.31699,6.64169),(-3.27595,-11.1982),(30.1246,-23.5418)]
triangle[(-5.70725,-2.37897),(-10.6937,-6.40778),(-4.65517,-13.8815)]
triangle[(12.41,19.3278),(-19.4988,-17.0454),(39.3518,-68.6727)]
triangle[(-8.42872,5.47521),(-6.94883,6.85292),(-9.44018,9.52903)]
triangle[(20.2754,-2.41073),(-2.11504,10.5761),(-24.0567,-27.2533)]
triangle[(13.822,20.4461),(-19.6648,6.57247),(-0.590985,-39.4659)]
triangle[(8.7113,12.5479),(-17.6231,-4.73289),(15.0347,-54.5005)]
triangle[(13.8887,17.3242),(14.0142,-14.0393),(49.6654,-13.8967)]
triangle[(-10.4484,16.846),(0.219467,-7.10513),(34.2636,8.05811)]
triangle[(-3.25187,-10.607),(-19.2341,11.062),(-51.8144,-12.968)]
triangle[(-11.048,-5.16207),(-4.43681,20.6088),(-30.5291,27.3025)]
triangle[(17.2258,-0.0924142),(6.55832,7.1867),(-4.87566,-9.56976)]
triangle[(-10.6345,-5.16311),(-11.2563,-10.0416),(-5.21675,-10.8114)]
triangle[(-16.0001,13.7744),(20.0525,7.35553),(30.9636,68.6389)]
triangle[(5.85537,11.2065),(3.70254,9.47816),(7.00266,5.36758)]
triangle[(-5.43888,-3.59176),(7.85019,7.2293),(-2.99011,20.542)]
triangle[(2.10787,-6.52056),(15.0324,-5.89567),(14.3504,8.21058)]
triangle[(14.1887,5.7104),(-11.7697,-11.9574),(15.5951,-52.1631)]
triangle[(19.6787,-11.8473),(-2.52829,13.946),(-52.2853,-28.8929)]
triangle[(9.91728,13.9872),(19.6946,-3.02215),(39.7916,8.52999)]
triangle[(2.82163,12.3742),(-16.5311,-20.7978),(38.5661,-52.9419)]
triangle[(-16.639,-15.1401),(9.71946,20.3344),(-35.0446,53.5952)]
triangle[(-9.24301,-1.09124),(7.19395,20.8546),(-17.087,39.0405)]
triangle[(-0.474353,4.28823),(10.1603,-11.0617),(35.0689,6.19529)]
triangle[(-11.5821,14.0127),(-8.57891,8.66089),(-2.17884,12.2523)]
triangle[(10.4744,-16.0431),(8.4194,-2.42508),(-9.5577,-5.13793)]
triangle[(10.5136,7.11649),(-8.67467,-17.6911),(19.0756,-39.1555)]
triangle[(-7.98405,9.03867),(17.7705,14.9473),(7.41944,60.0654)]
triangle[(14.796,2.6463),(0.07053,-9.77153),(15.2504,-27.7723)]
triangle[(-9.80178,10.7993),(18.5519,-6.80828),(41.6281,30.3515)]
triangle[(-10.0648,-20.8659),(-16.0773,-4.92086),(-37.4361,-12.9748)]
triangle[(15.5996,-4.55107),(9.18601,7.45652),(-13.6786,-4.75602)]
triangle[(9.72393,15.6514),(-10.6996,6.42103),(3.78909,-25.6372)]
triangle[(-12.5084,-8.69399),(2.071,6.77731),(-27.4223,34.5703)]
triangle[(14.4133,2.43566),(19.7523,-4.54942),(28.094,1.82658)]
triangle[(9.8055,2.07757),(-7.21898,-17.312),(13.2382,-35.2739)]
triangle[(15.9411,14.2961),(2.50257,2.91561),(16.1721,-13.2259)]
triangle[(14.3039,-4.09209),(-11.9498,-4.74539),(-10.709,-54.6099)]
triangle[(-16.0297,-3.87817),(-1.22744,4.0748),(-12.44,24.9439)]
triangle[(-14.3135,-10.3041),(8.20086,-20.3586),(20.1599,6.42057)]
triangle[(0.47093,-3.5065),(18.6334,-15.7615),(39.843,15.6722)]
triangle[(-1.94597,13.4681),(5.01856,-8.83449),(41.3549,2.51244)]
triangle[(17.8872,-6.54829),(14.4227,2.04083),(1.40656,-3.20933)]
triangle[(4.06721,-2.69586),(-1.50757,-10.0851),(11.8134,-20.135)]
triangle[(12.0984,19.6248),(2.48331,-13.1342),(47.8662,-26.4546)]
triangle[(3.70175,14.9457),(-17.8007,-15.1582),(37.1415,-54.402)]
triangle[(-19.462,-10.8857),(4.72997,-11.0793),(5.02492,25.7782)]
triangle[(9.45941,0.211905),(10.259,-18.3858),(29.106,-17.5755)]
triangle[(-16.6696,12.3058),(-8.73465,14.8628),(-13.1366,28.5228)]
triangle[(-20.1743,-16.2444),(-5.45441,-3.35661),(-30.0693,24.7573)]
triangle[(-14.4695,5.68805),(-9.20513,-7.62746),(13.6938,1.42583)]
triangle[(5.64794,20.0084),(15.1706,0.763108),(44.1047,15.0799)]
triangle[(5.29766,12.569),(11.134,-12.8832),(56.7955,-2.41266)]
triangle[(-20.198,1.74853),(1.44281,16.141),(-22.6043,52.2987)]
triangle[(-9.88673,-20.6551),(-3.80964,14.7154),(-53.2026,23.2017)]
triangle[(-7.39025,16.9596),(-11.7981,18.0547),(-13.8095,9.95922)]
triangle[(15.5228,6.56172),(8.37567,-19.9887),(42.1471,-29.0797)]
triangle[(-16.0491,-20.8241),(-1.17826,17.2439),(-49.3327,36.0549)]
triangle[(-11.4694,-16.7154),(-8.73054,-1.74856),(-37.9123,3.59152)]
triangle[(-1.52508,16.116),(9.01539,-19.2246),(74.2126,0.220763)]
triangle[(-13.2233,-16.6798),(16.0582,8.14351),(-24.7789,56.3148)]
triangle[(5.93946,17.1566),(-7.28452,-15.9693),(46.1536,-37.302)]
triangle[(-10.068,15.6741),(-18.4272,-8.52733),(12.0911,-19.0684)]
triangle[(18.8283,-5.02866),(-4.1261,-7.74004),(0.816215,-49.5814)]
triangle[(-4.85717,19.3709),(-7.27102,-7.06713),(28.5862,-10.341)]
triangle[(-12.631,-4.91841),(13.1059,17.3693),(-22.8194,58.8544)]
triangle[(-6.813,13.6032),(5.4567,-15.1979),(51.9327,4.60148)]
triangle[(-13.9986,17.9047),(-3.84163,14.0354),(2.55689,30.8319)]
triangle[(-5.55577,8.19986),(15.0112,-11.1225),(48.8027,24.8456)]
triangle[(-0.577746,-4.115),(20.0464,-5.57573),(21.929,21.0042)]
triangle[(-18.5454,5.8397),(15.3475,12.7067),(4.91722,64.187)]
triangle[(-4.65499,18.6686),(-16.0078,8.63289),(-1.79547,-7.44467)]
triangle[(-19.3428,-4.57389),(13.135,6.37512),(-7.72444,68.2501)]
triangle[(-12.6995,-16.1394),(-12.2849,16.82),(-69.7937,17.5434)]
triangle[(9.94525,-12.1455),(12.307,-8.81385),(8.54491,-6.147)]
triangle[(-10.3638,-6.40831),(-5.65592,10.9783),(-28.6285,17.1988)]
triangle[(8.78969,11.8312),(5.1778,1.03947),(26.3003,-6.03002)]
triangle[(19.7095,13.5788),(-0.326955,11.4086),(1.97961,-9.88736)]
triangle[(14.4488,18.2929),(-2.23936,-2.18921),(18.4868,-19.0762)]
triangle[(18.3075,-20.0449),(-14.7294,-0.103178),(-40.819,-43.3252)]
triangle[(9.9291,0.283951),(-6.95475,-4.07332),(-1.05517,-26.9334)]
triangle[(-5.8129,4.94769),(-4.55825,18.2774),(-29.4595,20.6212)]
triangle[(-11.4025,-6.74641),(9.35913,9.1731),(-20.0637,47.5452)]
triangle[(-2.49088,16.384),(14.0245,13.2591),(17.7953,33.1881)]
triangle[(-9.45339,-19.5151),(-2.3878,3.44412),(-31.5487,12.4182)]
triangle[(-9.22158,-13.1186),(-16.3844,13.2736),(-43.4775,5.92062)]
triangle[(-14.28,0.183276),(10.7903,-15.986),(31.3587,15.9052)]
triangle[(10.3984,-7.91605),(13.2448,7.55598),(-12.0209,12.2041)]
triangle[(-8.4331,-2.38079),(-13.7681,0.947125),(-19.297,-7.91622)]
triangle[(11.327,-7.33224),(-5.99054,-18.847),(11.6961,-45.4466)]
triangle[(4.99724,10.5043),(-20.4124,18.7565),(-35.4121,-27.4302)]
triangle[(-18.4498,-11.025),(14.3432,-2.65361),(5.49939,31.9901)]
triangle[(-9.15622,2.96111),(-6.16632,7.54077),(-11.6147,11.0978)]
triangle[(-17.1325,-20.7615),(-5.42271,-13.7956),(-16.7853,5.30531)]
triangle[(5.77177,18.2781),(0.0760358,9.79273),(14.8266,-0.108508)]
triangle[(17.0136,-7.50532),(-12.2542,-9.25547),(-9.14846,-61.193)]
triangle[(-11.7101,-15.3304),(-20.6146,-15.0092),(-21.0573,-27.2799)]
triangle[(6.10906,-3.08466),(-9.01581,3.02754),(-19.6166,-23.2045)]
triangle[(4.40952,0.0576814),(-1.46489,-6.33972),(6.70773,-13.8442)]
triangle[(-14.6806,19.5795),(4.07136,16.2118),(9.05819,43.9787)]
triangle[(4.9634,3.13035),(2.32132,5.91468),(-2.67808,1.1707)]
triangle[(-16.8837,18.8231),(3.26679,8.91175),(19.4302,41.773)]
triangle[(19.0101,-17.5222),(-4.95806,-3.06452),(-28.5224,-42.1301)]
triangle[(15.4235,3.57318),(19.1726,6.64987),(14.2321,12.6702)]
triangle[(-17.6698,10.5334),(-19.3286,18.9529),(-34.4706,15.9697)]
triangle[(14.6291,-9.10703),(13.8823,-5.20736),(8.11358,-6.31208)]
triangle[(11.1976,0.880256),(11.8858,20.302),(-12.5047,21.1663)]
triangle[(-13.1504,3.82801),(12.999,5.64728),(9.78878,51.7899)]
triangle[(-10.0384,6.50648),(1.61466,4.12199),(6.28344,26.9386)]
triangle[(-7.29564,-12.8851),(-13.7795,-17.8439),(-4.59849,-29.8486)]
triangle[(4.48659,8.84286),(-10.7376,-1.80488),(8.35993,-29.1107)]
triangle[(-0.0763249,-0.813035),(-15.9836,11.9005),(-37.137,-14.5669)]
triangle[(-5.99339,-14.7291),(-17.775,-14.219),(-18.3093,-26.5582)]
triangle[(9.59037,17.758),(-16.0275,8.92792),(-3.82801,-26.4654)]
triangle[(4.69238,-7.14424),(0.117647,-2.01692),(-9.98109,-11.0273)]
triangle[(-20.8895,6.08849),(-6.02753,-13.0722),(25.3753,11.2854)]
triangle[(-18.4619,14.6941),(-20.0921,3.06036),(-1.74254,0.489112)]
triangle[(-20.9518,20.5034),(-8.29868,-1.81838),(26.6567,17.9962)]
triangle[(-19.23,10.3386),(3.28978,-11.9341),(35.0393,20.1678)]
triangle[(-14.9593,-19.0728),(2.45617,-6.99968),(-12.0137,13.8733)]
triangle[(0.13988,-5.31733),(5.98543,-17.4996),(24.4342,-8.64708)]
triangle[(-6.26583,16.3988),(5.31073,-11.117),(33.2963,0.657278)]
triangle[(-15.0818,-16.0801),(19.6164,7.46417),(-26.2453,75.0526)]
triangle[(14.6974,-11.3042),(-3.43283,-15.5221),(2.16698,-39.5919)]
triangle[(-5.52503,7.47049),(1.32954,-11.7641),(21.9035,-4.43229)]
triangle[(5.26808,7.65905),(5.08905,-18.5581),(51.7502,-18.8767)]
triangle[(-15.1001,-15.4056),(10.0108,6.24534),(-22.5281,43.9843)]
triangle[(-7.50064,-0.0518715),(-14.6906,-10.1163),(2.80547,-22.6153)]
triangle[(-4.10212,17.0305),(-11.3169,-16.5833),(30.9922,-25.6645)]
triangle[(-12.3892,3.3829),(-14.8401,13.6205),(-31.9074,9.53453)]
triangle[(-18.1048,9.65228),(19.8193,-16.9572),(63.1508,44.7993)]
triangle[(-6.45396,-3.24576),(-20.745,-1.79318),(-22.8345,-22.3508)]
triangle[(-11.2397,12.0577),(-19.2519,-13.9587),(7.36681,-22.1564)]
triangle[(8.28211,-0.4895),(1.31534,19.9181),(-37.7773,6.57266)]
triangle[(-9.85145,4.9189),(-2.68965,-11.2014),(26.2862,1.67178)]
triangle[(-13.3732,-2.44858),(-10.2699,2.03238),(-18.8369,7.96554)]
triangle[(8.45729,7.16709),(-14.5469,-2.03578),(-0.579964,-36.9486)]
triangle[(16.3618,-1.27736),(20.7918,-2.95734),(23.8495,5.10578)]
triangle[(5.12322,-7.94006),(6.00448,-4.15508),(0.569862,-2.88972)]
triangle[(-5.95662,-20.5015),(17.255,-0.00968676),(-7.63597,28.1851)]
triangle[(-3.96964,13.1915),(-2.77978,17.7625),(-7.46406,18.9818)]
triangle[(12.4598,2.35591),(7.10642,10.1472),(-2.13938,3.79442)]
triangle[(-17.9027,-12.213),(12.7731,-14.2349),(15.43,26.0739)]
triangle[(13.639,1.4388),(-7.19803,-17.1173),(14.3273,-41.2886)]
triangle[(11.1371,18.7058),(-6.35706,0.550233),(29.4635,-33.9653)]
triangle[(1.19782,9.74231),(-9.80023,5.22863),(-4.80032,-6.95418)]
triangle[(-6.96829,-19.5433),(18.8942,-5.98867),(-7.23344,43.8632)]
triangle[(-7.72509,15.1025),(18.0075,-9.44411),(63.3156,38.0531)]
triangle[(13.3602,-10.2764),(-18.7322,0.528593),(-35.0848,-48.0412)]
triangle[(17.8354,-11.9245),(-16.1221,-3.84094),(-31.8083,-69.736)]
triangle[(-14.2513,-5.26813),(-7.45413,-19.6947),(7.07451,-12.8494)]
triangle[(3.2854,5.09619),(17.1607,10.3605),(7.29754,36.3572)]
triangle[(16.6642,12.9679),(8.29318,-20.9279),(65.2197,-34.9867)]
triangle[(-5.27273,-12.1112),(-1.99259,10.6853),(-37.1003,15.7369)]
triangle[(3.64801,-14.7547),(-16.1747,15.6711),(-66.9334,-17.3986)]
triangle[(14.9775,-17.0459),(15.1192,-5.14891),(-0.70946,-4.96037)]
triangle[(-10.7791,3.50806),(-1.09143,-10.0053),(21.3555,6.08669)]
triangle[(10.9316,-3.5664),(-10.562,3.48195),(-24.4847,-38.9747)]
triangle[(18.9885,-11.1115),(-19.5758,-14.1835),(-15.3746,-66.923)]
triangle[(16.0399,17.4432),(6.95786,-19.1683),(77.2536,-36.6062)]
triangle[(-7.55792,-11.6585),(-3.7203,1.66257),(-26.4105,8.19933)]
triangle[(5.72336,-5.63483),(16.7253,-11.2201),(23.7095,2.53746)]
triangle[(-14.3105,-17.3426),(9.76625,-6.04022),(-2.58931,20.2801)]
triangle[(-13.5003,5.97319),(11.7602,-17.8681),(36.6966,8.55253)]
triangle[(11.1655,16.0171),(-7.8073,5.69458),(9.12741,-25.4313)]
triangle[(-16.1091,-7.15759),(-8.59655,-20.3314),(6.59046,-11.6708)]
triangle[(-11.7516,-13.44),(0.520878,-2.81804),(-14.1387,14.1193)]
triangle[(11.1315,18),(12.4213,-14.5928),(51.2617,-13.0558)]
triangle[(-15.4011,11.4647),(-16.3594,0.448829),(4.60249,-1.37475)]
triangle[(2.73079,3.10423),(-16.0986,14.9869),(-34.1523,-13.6212)]
triangle[(13.367,3.41348),(-14.152,9.20049),(-20.8959,-22.8687)]
triangle[(-9.86539,9.47901),(-9.43098,-10.6955),(22.5193,-10.0075)]
triangle[(-4.89327,3.89163),(-9.48695,4.72278),(-10.5782,-1.30855)]
triangle[(20.6117,-9.677),(-18.703,-1.67214),(-34.3395,-78.4681)]
triangle[(17.9707,14.5588),(-17.711,-8.87542),(19.0039,-64.7786)]
triangle[(-20.4163,-0.599005),(-9.52443,-7.18007),(-2.02032,5.23944)]
triangle[(12.9803,-14.1885),(10.7597,-5.81416),(-1.96172,-9.18746)]
triangle[(7.35756,4.71445),(2.54753,16.1235),(-19.3639,6.88574)]
triangle[(8.28498,3.20845),(0.257806,-3.8452),(11.9567,-17.1588)]
triangle[(-19.8479,-17.5864),(11.032,8.47509),(-18.8151,43.8404)]
triangle[(13.7698,-6.74628),(-19.433,-17.5733),(6.68207e-05,-77.1681)]
triangle[(5.03656,-0.192944),(0.444624,-18.1585),(28.0857,-25.2235)]
triangle[(6.82941,-9.41798),(-0.320866,-16.1348),(6.54326,-23.4419)]
triangle[(-11.8479,-16.8335),(-19.3601,-14.5812),(-21.6154,-22.1036)]
triangle[(-12.5965,5.12704),(-1.06327,3.29093),(2.23775,24.0258)]
triangle[(-12.4553,2.44035),(20.5915,16.6627),(6.27857,49.9199)]
triangle[(-10.8832,-7.12788),(5.3105,-0.408243),(-5.4856,25.6093)]
triangle[(12.4989,-5.76915),(-7.49096,-13.7975),(7.3273,-50.6936)]
triangle[(-1.58228,-10.7005),(9.25553,16.098),(-32.0659,32.8091)]
triangle[(-16.9475,-20.9921),(-20.7798,9.05205),(-78.3491,1.70874)]
triangle[(2.29582,-6.99461),(-13.0456,2.72036),(-31.8044,-26.9027)]
triangle[(4.90801,11.2442),(-18.5444,-11.2628),(18.3908,-49.7494)]
triangle[(9.52877,-4.04053),(-1.38288,9.03275),(-22.4803,-8.57629)]
triangle[(15.7467,10.0014),(-20.8803,20.6065),(-32.0589,-18.0008)]
triangle[(1.75801,-15.665),(19.8465,14.0039),(-19.1599,37.7852)]
triangle[(6.49458,11.8376),(-3.25469,14.9813),(-8.03617,0.153113)]
triangle[(8.93224,-12.0923),(-1.85597,-7.8679),(-8.61815,-25.1373)]
triangle[(1.22028,13.7666),(8.51253,13.3881),(9.11846,25.0629)]
triangle[(-14.0337,-7.53924),(-18.6495,17.6595),(-57.0872,10.6187)]
triangle[(5.50732,17.7622),(-14.4464,11.9306),(-6.33122,-15.8364)]
triangle[(-10.4354,2.93344),(-1.17917,-5.53045),(12.7766,9.73186)]
triangle[(-6.37804,8.24499),(16.5184,-7.32094),(41.718,29.746)]
triangle[(10.6015,5.82242),(-17.8158,1.93084),(-13.2164,-31.6547)]
triangle[(1.06436,-8.3312),(13.1251,12.1247),(-13.9859,28.1092)]
triangle[(17.7291,3.78111),(-2.34795,19.532),(-28.1364,-13.3395)]
triangle[(-4.09321,-16.528),(-20.1753,-10.2411),(-32.6399,-42.1259)]
triangle[(-2.88099,19.3774),(-5.87475,-17.8771),(64.2759,-23.5144)]
triangle[(-19.5538,-11.3657),(3.26664,-17.7535),(13.2252,17.8233)]
triangle[(4.80816,-15.0412),(-12.8736,-20.2466),(-6.84361,-40.7297)]
triangle[(-4.89897,-15.1013),(-0.410617,7.55572),(-39.651,15.3293)]
triangle[(5.71246,-12.6826),(4.23369,-6.5628),(-4.62688,-8.70386)]
triangle[(16.5508,4.81978),(-13.4676,14.8782),(-23.5439,-15.1937)]
triangle[(18.2863,13.6264),(1.99939,-19.1595),(40.1328,-38.1028)]
triangle[(-18.3024,3.55385),(-20.7847,-8.54103),(-0.62878,-12.6778)]
triangle[(20.5799,13.0527),(5.68954,-12.9799),(38.3856,-31.6816)]
triangle[(-10.3492,19.1355),(11.7179,-8.34905),(41.9181,15.8984)]
triangle[(-16.2458,-4.92862),(-12.4279,15.1908),(-32.9423,19.0836)]
triangle[(12.8595,9.73843),(-2.37227,-6.10333),(26.1418,-33.5194)]
triangle[(-6.13299,-12.3814),(4.86027,-15.8068),(10.2326,1.43466)]
triangle[(19.4714,8.95896),(17.4141,-19.3472),(47.6205,-21.5426)]
triangle[(6.77772,17.9369),(10.1909,-20.0578),(55.3717,-15.9991)]
triangle[(-4.54136,3.12492),(10.3354,9.4478),(-1.50273,37.301)]
triangle[(8.55508,-15.1588),(-11.7954,18.4194),(-46.0657,-2.35055)]
triangle[(3.7679,7.13033),(-5.36644,-4.76883),(12.3566,-18.3739)]
triangle[(1.5514,0.94421),(-0.765988,-5.31628),(5.5827,-7.66632)]
triangle[(-0.423426,-8.58638),(15.3543,-1.24085),(1.20331,29.1547)]
triangle[(-6.82088,14.2146),(20.7747,15.3862),(18.9147,59.1976)]
triangle[(20.4511,-15.1941),(1.00317,-17.5378),(3.57926,-38.9137)]
triangle[(6.3964,1.22454),(6.83815,12.2128),(-11.8803,12.9653)]
triangle[(8.11992,-12.0316),(-1.31309,-3.10618),(-13.5921,-16.0834)]
triangle[(-7.89659,2.55999),(-2.22094,-12.6804),(17.6098,-5.29525)]
triangle[(-4.81601,-1.15488),(-7.28424,6.79008),(-20.74,2.60983)]
triangle[(-8.88097,19.6556),(-3.93217,19.9639),(-4.41795,27.7614)]
triangle[(19.4444,7.23172),(-18.8791,8.75126),(-20.682,-36.7183)]
triangle[(8.10388,6.64381),(-9.04986,-6.59192),(9.22022,-30.2703)]
triangle[(13.0628,-1.01106),(-20.1944,17.2832),(-55.7024,-47.267)]
triangle[(8.75409,-20.0375),(-16.9625,4.24794),(-46.2019,-26.7145)]
triangle[(9.04516,6.21258),(-16.2266,-15.385),(14.8447,-51.7421)]
triangle[(3.0108,5.26762),(-1.66281,14.2688),(-10.7659,9.54228)]
triangle[(4.26629,19.1209),(8.30914,-0.966809),(44.2234,6.26132)]
triangle[(1.13365,4.90318),(-2.54005,-1.03261),(4.53092,-5.40888)]
triangle[(11.2131,-9.76824),(-0.944216,2.4227),(-17.002,-13.5907)]
triangle[(-15.2069,18.9939),(1.57096,-2.49488),(33.8266,22.6893)]
triangle[(-16.8354,-12.3194),(14.2331,17.8445),(-25.7166,58.9921)]
triangle[(-7.47186,-3.65734),(-13.3575,-6.93251),(-7.53956,-17.3877)]
triangle[(-12.8458,-18.7841),(17.968,16.9531),(-49.5292,75.1513)]
triangle[(-16.3927,-17.426),(2.99162,-15.3371),(-0.932796,21.0797)]
triangle[(0.356077,-6.90233),(-16.0009,4.62319),(-27.8768,-12.2311)]
triangle[(-15.9499,7.17669),(-20.9352,-15.4523),(20.4886,-24.5782)]
triangle[(-14.7773,9.85576),(-6.85611,4.28687),(0.981706,15.4354)]
triangle[(4.20029,5.48566),(15.6778,-11.2207),(41.6951,6.65341)]
triangle[(18.7075,15.3366),(13.8991,-2.10704),(44.7815,-10.6198)]
triangle[(-10.0063,6.08299),(0.374425,-9.43056),(30.521,10.7417)]
triangle[(-2.16621,-3.19889),(-5.42694,-7.96947),(0.485281,-12.0105)]
triangle[(-5.73034,10.6299),(-18.6073,15.9443),(-26.6686,-3.58835)]
triangle[(15.8328,-5.65797),(5.70969,11.0954),(-26.1203,-8.13773)]
triangle[(3.86826,-12.7788),(-12.2388,8.93817),(-51.3396,-20.0621)]
triangle[(-1.03905,9.36872),(-12.4752,3.30675),(-2.24421,-15.9943)]
triangle[(-13.6538,17.9891),(14.3942,-20.9727),(80.6673,26.7363)]
triangle[(-15.1341,11.0116),(12.7991,-13.4886),(46.0034,24.3683)]
triangle[(14.0584,19.0999),(-13.4807,10.9701),(-3.13128,-24.0876)]
triangle[(-11.7838,14.0388),(0.361752,13.1928),(1.38252,27.849)]
triangle[(18.1333,8.45014),(15.6305,-2.19545),(29.5426,-5.4662)]
triangle[(13.4982,0.230399),(13.626,19.2271),(-6.66864,19.3636)]
triangle[(-14.7648,17.5498),(-10.1586,19.5306),(-14.0938,28.6818)]
triangle[(-5.75583,4.12807),(-14.5841,9.49214),(-22.8801,-4.16156)]
triangle[(8.18518,14.7845),(6.28204,-4.92073),(33.4372,-7.54339)]
triangle[(-6.77432,-8.36975),(2.16079,11.2931),(-31.1257,26.419)]
triangle[(4.58886,18.1925),(-16.7903,16.8921),(-14.6179,-18.8253)]
triangle[(5.14123,7.78033),(-6.40754,16.0108),(-15.2332,3.62682)]
triangle[(2.69376,1.83704),(-14.6443,-7.85541),(1.37683,-36.5143)]
triangle[(-6.78851,-14.2139),(9.04418,10.7116),(-17.283,27.4347)]
triangle[(6.38506,-2.81884),(-13.7621,1.29065),(-20.6141,-32.3019)]
triangle[(14.5513,13.8398),(-4.52506,-14.247),(37.0672,-42.4962)]
triangle[(3.89045,17.4191),(14.1326,8.18353),(31.4125,27.3468)]
triangle[(3.9527,15.0833),(-18.0398,-2.61646),(9.80687,-37.2169)]
triangle[(17.7606,18.8286),(-5.90862,-11.64),(43.5143,-50.0336)]
triangle[(7.10141,-0.526089),(-9.67768,-18.8271),(10.9757,-37.763)]
triangle[(18.2095,-7.43743),(18.3793,-16.5217),(28.746,-16.3279)]
triangle[(-9.39708,11.7848),(0.138034,-12.3398),(25.9527,-2.13664)]
triangle[(-6.88153,7.77535),(-6.65966,20.3668),(-19.493,20.5929)]
triangle[(1.5565,-8.05152),(-11.1851,11.47),(-45.5811,-10.9802)]
triangle[(4.2468,20.9098),(-1.7715,9.90808),(17.6815,-0.733301)]
triangle[(13.4181,-13.5352),(-4.28673,18.0957),(-59.3508,-12.7254)]
triangle[(7.24714,9.10108),(-4.67304,12.7572),(-9.84801,-4.11519)]
triangle[(11.6937,-19.8936),(15.454,-13.7787),(9.16358,-9.91046)]
triangle[(-10.5153,-7.66036),(-3.83405,-0.840348),(-15.9989,11.077)]
triangle[(3.07689,13.0341),(-17.0891,-3.61066),(0.389847,-24.7873)]
triangle[(-12.3266,-5.62678),(20.4981,12.587),(0.295953,48.9953)]
triangle[(-14.069,-18.3644),(13.3234,-7.13035),(-7.30947,43.1795)]
triangle[(16.0488,-6.13164),(13.5701,4.05191),(-0.562993,0.611817)]
triangle[(17.5511,8.21083),(10.8178,-12.6805),(40.9677,-22.3979)]
triangle[(19.5276,-14.7676),(-2.15299,8.50152),(-44.0392,-30.5253)]
triangle[(17.7739,-19.9962),(17.9967,6.61171),(-18.2438,6.91519)]
triangle[(-3.85834,-18.4627),(-13.6139,1.68095),(-45.0114,-13.5248)]
triangle[(4.64322,0.354283),(-7.4739,-1.12455),(-4.9122,-22.1143)]
triangle[(-6.76158,-9.93923),(-2.02722,-3.1388),(-12.199,3.94262)]
triangle[(4.80315,-13.6511),(3.34212,19.0515),(-36.2237,17.2838)]
triangle[(-13.0341,11.6447),(-16.5125,3.0963),(-2.13923,-2.75225)]
triangle[(19.8309,0.270538),(7.01399,-1.11964),(8.94954,-18.9647)]
triangle[(0.329769,10.5934),(-0.49665,-16.5816),(33.1436,-17.6047)]
triangle[(10.5346,-4.27799),(0.105755,17.9269),(-41.5756,-1.64929)]
triangle[(3.56988,11.3779),(-7.52989,-9.55598),(24.8869,-26.7444)]
triangle[(17.3195,14.795),(4.0513,-15.812),(56.3924,-38.5021)]
triangle[(-18.7318,10.6833),(14.4313,0.239567),(25.4646,35.2748)]
triangle[(-8.50792,-20.8313),(17.6196,11.5949),(-18.3636,40.5884)]
triangle[(-4.09878,4.44148),(-18.6017,-5.55856),(1.10518,-34.1391)]
triangle[(-8.29459,-20.8524),(3.97656,-5.48727),(-22.8976,15.9754)]
triangle[(-3.4499,-4.5057),(-4.40887,14.2831),(-34.738,12.7351)]
triangle[(16.3951,12.5826),(1.65208,-5.01462),(25.8513,-25.2889)]
triangle[(1.32453,3.52876),(10.7172,1.94036),(13.1853,16.5352)]
triangle[(3.82634,0.457399),(4.3989,-19.1006),(28.5401,-18.3938)]
triangle[(-6.59907,14.7505),(-8.08156,-0.530684),(14.7361,-2.74433)]
triangle[(-7.41345,-4.9003),(-0.614854,-12.3218),(8.80852,-3.68938)]
triangle[(15.5684,-15.3192),(-1.17865,-12.8414),(-6.01755,-45.5473)]
triangle[(-12.8011,-10.5071),(-9.77855,-2.64165),(-21.4119,1.8288)]
triangle[(-0.610675,-1.50068),(1.98358,0.316264),(-0.388779,3.70355)]
triangle[(0.811744,-15.8143),(-4.59276,3.86084),(-28.4717,-2.69838)]
triangle[(-10.4927,-4.0393),(-20.5754,7.58152),(-34.2412,-4.27556)]
triangle[(-6.05513,0.379939),(4.95203,-9.86012),(19.5843,5.86831)]
triangle[(7.91643,16.8917),(12.3979,17.4306),(11.6475,23.671)]
triangle[(-9.57219,-5.90008),(13.4157,18.792),(-23.6143,53.2662)]
triangle[(-15.7691,9.51005),(-19.9139,4.80845),(-11.0343,-3.01938)]
triangle[(6.09326,-13.5455),(9.70671,20.364),(-37.9473,25.4421)]
triangle[(7.02999,-9.59204),(-20.7758,-11.711),(-18.2053,-45.4417)]
triangle[(17.372,-17.808),(-10.9255,7.42581),(-57.7077,-45.0362)]
triangle[(-17.499,0.167738),(13.682,-20.5519),(39.8707,18.8597)]
triangle[(-11.1663,16.4387),(11.7421,5.12819),(25.826,33.6536)]
triangle[(-12.6822,-11.7013),(15.4155,10.6512),(-9.72167,42.2494)]
triangle[(-8.02164,-11.9782),(7.79564,-14.2958),(10.2028,2.13218)]
triangle[(-17.7391,-8.77997),(2.82652,-9.12789),(3.48802,29.9732)]
triangle[(5.58457,-0.610309),(5.98309,12.6375),(-12.7865,13.2021)]
triangle[(18.0397,-18.473),(20.0184,-1.0815),(-8.31473,2.14216)]
triangle[(-17.7508,-4.2878),(13.1155,-20.6925),(44.7029,38.741)]
triangle[(4.76864,-12.3623),(-1.4275,5.65898),(-24.9715,-2.43599)]
triangle[(-11.4203,-15.2223),(12.6812,0.379355),(-7.11412,30.9592)]
triangle[(12.5703,17.9945),(-12.1486,-9.30498),(32.4584,-49.6955)]
triangle[(16.8148,18.9293),(-10.488,-16.2345),(26.4613,-44.9236)]
triangle[(0.208608,15.4474),(-19.9101,-14.6383),(26.6758,-45.7908)]
triangle[(-5.25767,-10.5021),(-16.8102,15.0363),(-45.6318,1.9986)]
triangle[(8.92537,2.14818),(4.97192,-8.44967),(19.5991,-13.9062)]
triangle[(-20.7993,20.0732),(18.6386,-3.61652),(44.5972,39.5986)]
triangle[(19.846,13.8852),(20.3473,16.0283),(16.7932,16.8596)]
triangle[(-14.8889,5.15389),(9.43752,-13.4593),(44.0981,31.8401)]
triangle[(3.2634,-0.509564),(16.2762,7.71344),(0.0709268,33.358)]
triangle[(-15.3142,-12.7863),(19.7863,-11.605),(18.2332,34.5395)]
triangle[(9.56885,20.7003),(-2.8787,8.60984),(16.2591,-11.0933)]
triangle[(-19.0375,10.8219),(4.9435,-7.60687),(40.8537,39.1225)]
triangle[(9.16381,-20.6905),(-4.42389,20.1102),(-64.1191,0.230157)]
triangle[(14.6741,-4.36529),(12.2313,4.0826),(2.12308,1.15975)]
triangle[(-10.9769,20.0215),(-2.47968,-4.58114),(45.3283,11.9307)]
triangle[(16.3641,10.2505),(11.1842,-7.70918),(29.4969,-12.9908)]
triangle[(-4.66067,-9.88487),(-12.1441,11.5474),(-34.3783,3.78388)]
triangle[(12.0002,-8.24),(13.962,-5.49997),(9.79375,-2.51569)]
triangle[(7.66011,-2.97958),(17.5995,-5.21229),(19.976,5.36719)]
triangle[(-3.59696,7.07501),(-15.0166,-8.73469),(3.40319,-22.0396)]
triangle[(18.51,-5.86274),(-4.00326,-5.03705),(-5.51814,-46.3421)]
triangle[(-2.59861,20.464),(9.44191,-0.129906),(36.628,15.7648)]
triangle[(-3.31929,-1.0847),(-6.51728,13.0117),(-23.8038,9.08993)]
triangle[(9.87242,0.289303),(19.5516,4.12097),(12.9424,20.8165)]
triangle[(-0.839334,7.37962),(15.7857,18.4356),(-2.15824,45.4182)]
triangle[(17.3943,-4.7842),(18.6186,19.7213),(-10.2365,21.1629)]
triangle[(16.9645,8.74322),(18.8772,19.0896),(0.408787,22.5039)]
triangle[(2.8772,4.87137),(-14.5121,18.4718),(-34.7611,-7.41825)]
triangle[(-11.2037,1.38275),(-13.2423,13.5222),(-30.0799,10.6946)]
triangle[(11.7338,1.6061),(-0.32392,7.31051),(-11.343,-15.9813)]
triangle[(8.88698,-0.695297),(-14.4656,19.3652),(-52.1283,-24.4781)]
triangle[(-9.14782,5.02233),(6.75678,-12.5885),(33.4038,11.4769)]
triangle[(-20.2783,20.8913),(-4.63403,1.36989),(31.4753,30.3075)]
triangle[(-3.33588,5.90527),(-9.1957,-16.5463),(32.861,-27.523)]
triangle[(2.14798,-8.11119),(4.55087,6.55069),(-19.1544,10.4357)]
triangle[(15.185,-8.61053),(-14.8805,-13.693),(-7.66616,-56.3699)]
triangle[(-17.5174,15.7605),(10.5374,-5.19159),(42.9491,38.2077)]
triangle[(0.802569,-13.8533),(7.61278,16.3657),(-47.7404,28.8402)]
triangle[(-17.7221,-12.0594),(0.187091,14.062),(-40.8734,42.2137)]
triangle[(-7.55587,-17.1762),(-6.87104,5.42769),(-37.3358,6.35068)]
triangle[(-15.9137,8.05834),(13.3804,13.7687),(5.31176,55.161)]
triangle[(5.65824,16.4953),(18.0364,-5.65135),(43.5116,8.58725)]
triangle[(8.97049,15.4929),(-0.767248,10.9793),(5.74037,-3.06048)]
triangle[(16.414,-10.0204),(-3.07583,13.5701),(-28.2633,-7.23906)]
triangle[(-8.87271,20.2807),(2.20218,-1.57959),(30.8856,12.952)]
triangle[(-2.07864,17.2216),(-2.71674,-4.94336),(37.5099,-6.10145)]
triangle[(-2.96848,4.91125),(-1.32912,10.9933),(-10.7408,13.5301)]
triangle[(14.71,-1.7654),(-6.83444,11.239),(-20.8315,-11.9499)]
triangle[(-10.4919,9.41735),(-5.13851,15.5144),(-15.8167,24.8903)]
triangle[(-5.91781,-13.2183),(-20.9524,-8.49953),(-29.8452,-36.833)]
triangle[(-4.029,19.2541),(20.6267,18.5118),(21.9574,62.7141)]
triangle[(13.1178,-2.74932),(-6.84304,17.0763),(-30.6488,-6.89179)]
triangle[(-7.19461,-9.45514),(16.235,14.6794),(-30.4966,60.0461)]
triangle[(-4.98356,-3.465),(17.5457,16.1815),(-16.9986,55.7944)]
triangle[(-10.3778,-9.56163),(-20.3558,13.8334),(-61.2108,-3.59127)]
triangle[(13.2613,0.552774),(10.7951,9.6436),(-3.44411,5.78068)]
triangle[(-3.89463,9.64364),(-10.8767,-19.051),(25.6488,-27.9385)]
triangle[(-15.905,8.46038),(-0.0552119,-3.4955),(12.2253,12.7847)]
triangle[(-19.2323,-18.4488),(16.8719,2.10482),(-12.5339,53.7586)]
triangle[(-13.7104,-3.83451),(-4.44055,-13.6583),(13.0857,2.87959)]
triangle[(17.6571,-8.92057),(-9.04599,16.048),(-46.2384,-23.728)]
triangle[(0.85002,9.6687),(-15.3245,-8.60839),(13.0814,-33.7465)]
triangle[(-12.6634,-2.19331),(11.503,12.6118),(-3.35649,36.867)]
triangle[(10.8727,-8.94416),(1.05632,2.20733),(-14.3452,-11.3502)]
triangle[(-14.4635,9.32931),(12.2352,6.13509),(17.3808,49.1448)]
triangle[(8.47134,-13.114),(16.655,9.52915),(-10.5652,19.367)]
triangle[(-8.27775,-3.78363),(10.7755,1.22415),(1.28018,37.351)]
triangle[(12.1412,11.0427),(20.0344,20.3248),(7.91152,30.6337)]
triangle[(-13.4394,-9.57139),(-4.36887,-0.158047),(-20.1307,15.0298)]
triangle[(19.5005,16.3254),(18.8383,-13.5529),(52.0167,-14.2883)]
triangle[(20.8721,-7.58502),(-9.07122,-5.26419),(-13.1536,-57.9354)]
triangle[(-10.4461,-12.918),(-14.5956,1.2392),(-35.7159,-4.95118)]
triangle[(8.26463,-6.99834),(-6.56079,-0.766663),(-12.9777,-16.0327)]
triangle[(1.97352,-10.7327),(-8.90098,-16.3096),(-1.32741,-31.0775)]
triangle[(5.80038,2.81528),(-6.25396,12.8684),(-17.6724,-0.823013)]
triangle[(5.21756,12.3555),(-2.73068,2.68189),(8.47751,-6.52726)]
triangle[(-13.0011,14.2186),(-12.5695,-11.4208),(27.9167,-10.7393)]
triangle[(9.27462,19.962),(-7.61085,18.8408),(-5.49091,-13.084)]
triangle[(6.86799,20.0829),(-17.2789,11.1366),(-1.91785,-30.324)]
triangle[(13.1106,4.67872),(-5.5794,18.5728),(-29.9136,-14.161)]
triangle[(15.603,18.7061),(9.30905,-5.78873),(46.042,-15.2274)]
triangle[(13.3422,16.7626),(-4.67907,15.1437),(-2.10932,-13.4628)]
triangle[(17.4845,-7.27079),(-0.807947,2.95763),(-13.8672,-20.3974)]
triangle[(-4.50091,-14.6346),(2.1462,18.2833),(-48.6412,28.5388)]
triangle[(-17.7483,-8.89081),(15.1798,-18.8517),(33.9032,43.043)]
triangle[(-1.16696,-13.9834),(14.4478,-15.6384),(17.0723,9.1232)]
triangle[(14.7744,-17.3047),(6.49885,-17.1091),(6.17503,-30.8096)]
triangle[(8.75277,-1.48616),(-8.63279,-8.54389),(-0.242129,-29.2129)]
triangle[(10.9765,17.7069),(13.8162,15.1668),(18.3169,20.1984)]
triangle[(8.27194,10.6268),(-4.70029,-20.5018),(32.7259,-36.0984)]
triangle[(3.18036,8.01546),(-2.71101,-6.08595),(24.9935,-17.6605)]
triangle[(14.5319,13.7816),(-11.8598,-5.63973),(8.03936,-32.6807)]
triangle[(-17.5746,15.9389),(-14.5583,14.4137),(-12.5233,18.4382)]
triangle[(15.5248,1.94254),(10.266,-7.24461),(26.6347,-16.6142)]
triangle[(-17.6208,10.605),(12.4401,-15.4771),(61.8442,41.4638)]
triangle[(1.57832,-7.31885),(0.322045,-14.0334),(10.6348,-15.9629)]
triangle[(4.72404,19.98),(6.7602,18.5148),(8.68931,21.1956)]
triangle[(16.5847,-0.257204),(-5.1671,-10.0086),(7.39266,-38.0249)]
triangle[(12.8363,2.61301),(-17.242,-10.0429),(2.77578,-57.6178)]
triangle[(7.24007,16.863),(-9.37949,-0.675123),(16.2837,-24.9943)]
triangle[(-5.81258,10.3083),(-0.605157,12.5535),(-2.87895,17.8273)]
triangle[(-17.2083,2.29463),(5.9797,-8.50433),(23.6366,29.4093)]
triangle[(-9.91735,-12.7969),(-10.3844,13.8784),(-43.0244,13.3069)]
triangle[(-3.37352,-13.447),(7.24617,3.71108),(-15.9298,18.0554)]
triangle[(17.9031,4.04269),(-17.9877,4.41154),(-18.3997,-35.685)]
triangle[(6.52688,-2.89191),(-10.126,2.31689),(-18.3828,-24.0806)]
triangle[(5.1227,-19.3339),(15.332,13.6499),(-38.034,30.168)]
triangle[(-13.2577,-2.13971),(-6.02044,13.0795),(-21.4196,20.4023)]
triangle[(6.66966,-12.5722),(9.18167,-16.4043),(13.6305,-13.4881)]
triangle[(15.1275,-3.98381),(-1.88483,-7.13711),(2.2421,-29.4022)]
triangle[(4.45778,-6.35105),(-6.25862,6.13943),(-25.7538,-10.5868)]
triangle[(14.377,-16.1142),(-3.7009,7.41348),(-32.735,-14.8954)]
triangle[(-5.77695,-4.91001),(-12.3244,-18.0354),(6.01085,-27.1817)]
triangle[(7.27317,-19.3678),(2.05496,-6.02359),(-12.2107,-11.6021)]
triangle[(10.991,-8.60029),(-0.615186,-10.5813),(2.0499,-26.1956)]
triangle[(1.47597,1.88383),(-16.5924,12.2083),(-32.4735,-15.5845)]
triangle[(-18.5124,-2.10214),(2.13023,-0.758189),(0.204945,28.8137)]
triangle[(-2.57879,9.54161),(4.94919,-20.9732),(60.9785,-7.15082)]
triangle[(-0.353175,19.0219),(17.6944,-17.6395),(88.9884,17.4569)]
triangle[(-10.7378,-6.50981),(18.6444,1.68391),(8.53463,37.9371)]
triangle[(-11.2565,-2.89458),(2.91547,17.5027),(-32.5803,42.1651)]
triangle[(1.28654,-10.0982),(9.43535,19.1427),(-40.8683,33.1612)]
triangle[(15.6693,-4.9327),(-9.49337,15.302),(-49.0652,-33.9074)]
triangle[(2.1979,-10.4511),(-8.59411,16.8107),(-59.1689,-3.21013)]
triangle[(3.04037,-18.051),(10.9704,4.23569),(-21.1072,15.6494)]
triangle[(7.58058,6.52166),(-7.15529,20.1909),(-30.2909,-4.75011)]
triangle[(13.3796,-11.9695),(-14.6889,-14.7174),(-10.3004,-59.546)]
triangle[(1.62351,-13.4606),(0.482826,16.0245),(-44.0528,14.3016)]
triangle[(-4.49681,-14.3582),(4.34888,-9.62936),(-0.389387,-0.765966)]
triangle[(14.4123,-19.8276),(0.685821,12.0147),(-32.7488,-2.39824)]
triangle[(-4.33559,11.0243),(7.23817,-16.512),(51.6314,2.14694)]
triangle[(10.2152,-12.113),(18.4175,-11.2898),(16.7829,4.99733)]
triangle[(-14.3839,14.3721),(0.68838,11.2861),(4.81446,31.4388)]
triangle[(6.05729,2.87339),(-16.4994,11.675),(-29.1911,-20.8514)]
triangle[(-17.9375,1.45566),(-5.08306,13.1944),(-22.2439,31.9862)]
triangle[(14.3611,-2.25764),(8.73828,17.0775),(-13.7604,10.5346)]
triangle[(10.4655,-4.48048),(-4.07825,-2.18287),(-7.66184,-24.8668)]
triangle[(-14.0249,-11.2624),(7.73753,19.7848),(-41.0614,53.9903)]
triangle[(5.96907,2.7995),(7.20059,9.93005),(-1.7984,11.4843)]
triangle[(3.62721,19.9115),(4.90932,-11.912),(49.4501,-10.1176)]
triangle[(13.9087,13.4939),(-0.437687,-9.18979),(29.6145,-28.1964)]
triangle[(6.61242,-13.546),(-15.8448,2.54824),(-34.3937,-23.3341)]
triangle[(19.5496,-7.3804),(13.9913,-15.1249),(28.9873,-25.8876)]
triangle[(-20.7284,19.7884),(4.62487,15.5884),(9.26897,43.6227)]
triangle[(-11.5578,-15.1748),(12.2142,19.6974),(-31.5367,49.5219)]
triangle[(-9.28909,-15.4181),(0.695582,-7.43152),(-10.8937,7.0572)]
triangle[(5.97577,19.3074),(15.8049,-19.8697),(56.3125,-9.7068)]
triangle[(-14.1032,-10.0438),(16.6582,-13.0056),(22.2371,44.9383)]
triangle[(-3.92747,20.4746),(-11.5828,-5.15113),(18.2428,-14.0611)]
triangle[(-3.23529,8.2234),(-14.3793,16.278),(-22.747,4.70064)]
triangle[(0.285967,3.86079),(11.1453,3.0278),(12.2634,17.6042)]
triangle[(-17.3018,-11.1711),(-1.87033,9.05226),(-36.6354,35.5799)]
triangle[(-16.6739,13.4468),(-1.67575,-19.6572),(35.9878,-2.59332)]
triangle[(-16.354,-4.33196),(-11.7414,18.881),(-41.5877,24.8118)]
triangle[(-7.60875,13.1838),(9.85714,-5.56489),(37.3748,20.0701)]
triangle[(-8.68184,-7.91391),(14.2213,10.762),(-5.98104,35.5371)]
triangle[(-13.7581,-1.91992),(-2.52875,17.5927),(-22.836,29.2794)]
triangle[(20.8929,-9.77505),(-3.66507,-4.77107),(-12.201,-46.6629)]
triangle[(-9.36721,-12.2523),(-18.7857,14.6651),(-62.1612,-0.512162)]
triangle[(17.0665,-0.835449),(10.001,-17.4174),(32.0242,-26.8013)]
triangle[(2.10435,4.06347),(-17.8641,-15.2329),(2.90752,-36.7279)]
triangle[(-17.8177,-16.5271),(-12.4862,-8.84128),(-25.1246,-0.0741911)]
triangle[(-5.85815,1.11361),(19.2216,14.4571),(-6.10825,62.0656)]
triangle[(-4.47687,-7.56235),(18.1657,-3.34681),(11.4135,32.9206)]
triangle[(6.14422,-9.80294),(-1.87198,-5.65714),(-9.48614,-20.3797)]
triangle[(19.2559,-17.2256),(-10.3758,8.10014),(-40.7818,-27.4757)]
triangle[(16.1297,-11.8743),(-13.8227,-5.2945),(-23.4513,-49.1251)]
triangle[(-2.40679,-0.369918),(-13.111,-18.7001),(5.27647,-29.4378)]
triangle[(-8.41329,-8.18719),(7.8904,-20.8031),(23.9603,-0.0356816)]
triangle[(-17.0618,20.9483),(-19.4944,-4.95628),(10.5465,-7.77736)]
triangle[(-10.1773,0.23475),(19.1907,-18.3461),(46.1556,24.2734)]
triangle[(18.231,3.74905),(-1.91784,-1.4932),(3.83097,-23.5891)]
triangle[(-19.6421,-1.73192),(-9.00953,-2.26628),(-8.4323,9.21946)]
triangle[(5.20214,5.53947),(-13.3204,-14.8909),(26.3961,-50.8986)]
triangle[(-9.47564,10.591),(-4.55811,-16.1707),(39.0647,-8.15493)]
triangle[(4.07831,-2.79512),(-2.93523,-6.24524),(2.90614,-18.1198)]
triangle[(0.00310119,14.9161),(-17.3253,-5.33989),(13.53,-31.7356)]
triangle[(1.94843,-20.2967),(18.6477,7.39226),(-13.6583,26.876)]
triangle[(15.6582,19.2579),(5.3762,-11.5465),(66.5913,-31.979)]
triangle[(-15.2375,-7.84301),(9.84263,-15.7843),(18.6329,11.9771)]
triangle[(4.5777,3.25116),(-10.7246,19.8817),(-36.1393,-3.50328)]
triangle[(-8.7048,-9.40028),(10.1046,-8.50553),(8.92542,16.2835)]
triangle[(17.3409,17.8528),(4.94894,-14.2782),(40.5129,-27.9942)]
triangle[(2.47739,-12.9456),(-3.37694,-17.4528),(3.79826,-26.7725)]
triangle[(-5.49955,5.18551),(10.8806,-5.59315),(25.0679,15.967)]
triangle[(16.6885,3.12097),(0.0517803,-0.459075),(3.8298,-18.0158)]
triangle[(-10.2935,-18.8372),(5.10459,9.69812),(-42.98,35.6453)]
triangle[(10.4713,16.7302),(9.83225,-2.84852),(40.1857,-3.83922)]
triangle[(-9.9123,8.69171),(4.97456,16.7434),(-7.72067,40.2157)]
triangle[(13.246,0.485932),(-20.8716,-5.79837),(-10.5374,-61.9025)]
triangle[(5.34369,-5.11264),(-11.4858,-8.60336),(-4.7077,-41.2821)]
triangle[(2.25839,1.32479),(-16.7918,15.8938),(-36.8264,-10.3031)]
triangle[(7.18739,6.17692),(-0.380279,-8.01347),(22.8347,-20.3939)]
triangle[(-0.351166,-9.3747),(-17.0311,-14.0375),(-11.5078,-33.7955)]
triangle[(1.1407,8.50446),(17.5192,-1.35843),(28.893,17.5292)]
triangle[(7.15314,-14.8545),(1.90348,-16.5367),(3.63338,-21.9351)]
triangle[(2.24682,-10.5688),(-9.39733,-18.127),(-1.15848,-30.8198)]
triangle[(-15.3952,3.42345),(12.844,7.75457),(5.69443,54.3702)]
triangle[(16.6555,16.3982),(-0.0395661,-20.3056),(71.8885,-53.0227)]
triangle[(-20.4974,-10.2084),(1.03349,-10.1034),(0.883639,20.6355)]
triangle[(9.8375,12.7557),(14.5926,4.58792),(25.7915,11.1077)]
triangle[(-4.03619,-5.07926),(9.92725,-18.0649),(24.8769,-1.98956)]
triangle[(-6.86876,20.6119),(11.1274,15.6662),(16.8399,36.4526)]
triangle[(-2.05246,-1.82717),(-13.8527,6.62128),(-30.5619,-16.717)]
triangle[(-13.0594,-5.74725),(11.5879,11.6715),(-11.9865,45.029)]
triangle[(5.21153,-11.6183),(3.21309,7.62922),(-21.581,5.0549)]
triangle[(-17.9448,-5.33184),(-15.5459,0.842381),(-25.8814,4.85806)]
triangle[(-2.25304,0.0180662),(10.7536,15.4387),(-13.8026,36.1507)]
triangle[(-16.0636,-2.34061),(-5.81378,0.855803),(-11.8954,20.3575)]
triangle[(4.01466,4.81058),(0.907678,6.34671),(-1.92611,0.615093)]
triangle[(13.1677,14.5129),(-14.7216,-12.4418),(23.9645,-52.4693)]
triangle[(-1.05605,-14.0695),(2.62338,-9.14497),(-2.80899,-5.08614)]
triangle[(11.192,6.06548),(11.2789,-0.735507),(23.3747,-0.580959)]
triangle[(15.8064,20.1581),(-12.0556,-5.35694),(33.72,-55.3434)]
triangle[(-8.95644,-12.0702),(5.17927,-19.9292),(17.4455,2.13355)]
triangle[(-4.03952,2.19672),(3.07765,12.1938),(-14.2518,24.531)]
triangle[(1.7011,3.63879),(-14.4425,6.43655),(-17.3673,-10.44)]
triangle[(3.89761,-13.931),(14.7952,12.9815),(-23.2636,28.3925)]
triangle[(-1.70597,-9.21965),(9.84176,-11.6149),(13.9725,8.29944)]
triangle[(14.267,-3.25965),(3.9717,12.9786),(-16.5916,-0.0588106)]
triangle[(-5.58104,15.1241),(17.1516,-5.59486),(49.1804,29.5469)]
triangle[(5.04469,4.20665),(0.227374,0.230676),(7.04572,-8.03047)]
triangle[(-19.7334,9.23974),(6.78281,0.679908),(18.6649,37.4876)]
triangle[(14.7764,14.2153),(-2.25729,10.6173),(3.93875,-18.7164)]
triangle[(-20.5324,-15.6506),(9.5164,9.35487),(-40.3895,69.3261)]
triangle[(19.11,-1.80372),(7.36229,-14.7133),(24.0027,-29.856)]
triangle[(13.4847,6.37663),(17.1894,16.0764),(2.06404,21.8532)]
triangle[(-7.05093,-17.7368),(-3.69639,16.0342),(-52.2206,20.8542)]
triangle[(3.27537,9.32164),(-10.5312,2.86166),(-1.19287,-17.0966)]
triangle[(-16.543,14.7121),(-19.8064,19.32),(-25.072,15.5909)]
triangle[(-14.0004,7.83155),(10.0818,0.0483914),(23.7232,42.2568)]
triangle[(5.0018,-11.5051),(-18.8067,19.7913),(-74.5574,-22.6205)]
triangle[(-18.2973,13.8396),(19.5018,-5.1229),(41.1827,38.0949)]
triangle[(-2.31181,3.03834),(-9.11075,-20.4361),(37.475,-33.9288)]
triangle[(19.8763,9.1103),(-1.72307,-0.691586),(8.38169,-22.9583)]
triangle[(16.7457,7.98501),(-12.107,-8.62812),(11.3615,-49.3868)]
triangle[(-5.90636,-6.1912),(2.01033,3.11146),(-13.3925,16.2195)]
triangle[(6.97797,16.1755),(1.75466,-7.35244),(38.0332,-15.4065)]
triangle[(-9.93557,11.9086),(11.5155,13.4753),(8.41512,55.9239)]
triangle[(-6.78697,15.6765),(-19.454,-20.4745),(28.5214,-37.2847)]
triangle[(4.17256,13.9255),(-19.9824,-4.9674),(15.018,-49.7162)]
triangle[(3.44903,11.7402),(9.52799,-15.1323),(54.3016,-5.00389)]
triangle[(20.5809,-6.23989),(-12.1057,0.0125565),(-20.39,-43.2963)]
triangle[(-7.20836,-18.1723),(-4.78416,2.75963),(-45.3813,7.46133)]
triangle[(19.7028,-6.16245),(16.1978,-20.1638),(43.828,-27.0806)]
triangle[(15.6713,-18.8865),(9.45906,1.4637),(-10.9795,-4.77553)]
triangle[(6.02105,-9.5028),(11.8434,-18.8702),(25.365,-10.4658)]
triangle[(-15.2671,-10.3224),(9.59005,-15.4371),(17.819,24.5556)]
triangle[(2.19064,15.5214),(14.2911,20.1302),(7.20917,38.724)]
triangle[(-5.48653,-14.0992),(-8.91221,14.4645),(-44.6112,10.1831)]
triangle[(-16.0779,-9.39489),(16.5556,14.1962),(-7.40727,47.344)]
triangle[(-11.4138,6.3161),(6.23852,7.9096),(4.50346,27.1301)]
triangle[(9.47842,6.64571),(10.0794,-2.37744),(24.2905,-1.43091)]
triangle[(15.2592,1.50468),(6.50409,19.1851),(-28.3898,1.90609)]
triangle[(-7.03849,14.7423),(-15.9103,14.5091),(-15.5733,1.6864)]
triangle[(-6.14218,-20.1557),(-3.57301,3.1282),(-47.6154,7.98789)]
triangle[(2.33044,9.53725),(-18.2692,2.60825),(-7.20326,-30.2905)]
triangle[(8.05801,-13.0931),(-1.32178,15.4015),(-53.2311,-1.68594)]
triangle[(0.724738,2.90548),(4.26364,0.977697),(7.17072,6.31433)]
triangle[(7.48668,19.6972),(-9.57479,19.737),(-9.63551,-6.27167)]
triangle[(5.5969,11.7857),(-6.33834,6.50558),(-0.907634,-5.76996)]
triangle[(5.57136,-14.2814),(-17.8788,12.66),(-59.3144,-23.4061)]
triangle[(17.4085,-8.79895),(-17.4811,12.7664),(-57.6255,-52.1815)]
triangle[(20.1022,-14.9493),(3.65997,15.1095),(-49.9832,-14.2334)]
triangle[(-10.8835,14.0256),(-18.8195,-12.7865),(12.0554,-21.925)]
triangle[(9.98344,1.79295),(-6.93826,-6.91697),(4.79991,-29.722)]
triangle[(16.9525,0.729035),(-11.0295,17.1212),(-41.9432,-35.6496)]
triangle[(20.0131,-8.59923),(-18.0106,-1.95037),(-26.8875,-52.716)]
triangle[(10.3588,-9.60698),(2.71169,15.6681),(-26.7331,6.75948)]
triangle[(-15.1512,16.6125),(-12.2009,4.23342),(11.4036,9.85899)]
triangle[(-16.2095,1.3607),(10.3081,3.38209),(7.80502,36.2181)]
triangle[(-18.677,5.74318),(0.55654,-14.8766),(41.6542,23.4581)]
triangle[(12.258,7.49916),(19.8749,9.14734),(17.5222,20.0201)]
triangle[(-6.21864,10.3229),(-16.1561,12.7029),(-20.6853,-6.20853)]
triangle[(-6.37797,17.2499),(-14.1923,7.18062),(5.24821,-7.9062)]
triangle[(-5.32423,-8.62288),(-2.32462,7.73202),(-34.8461,13.6967)]
triangle[(6.25778,-12.3846),(0.246345,2.35908),(-18.7745,-5.39626)]
triangle[(11.6476,9.87382),(-18.6351,-11.8641),(5.82677,-45.9415)]
triangle[(-0.00636817,13.0052),(-17.7589,-10.637),(19.045,-38.2724)]
triangle[(-0.718832,5.61254),(-18.4161,-14.9395),(20.8964,-48.7914)]
triangle[(6.97818,-14.5295),(-4.2402,1.59819),(-21.682,-10.5343)]
triangle[(3.50781,4.27531),(8.33082,19.917),(-16.2689,27.5022)]
triangle[(-0.471588,-10.1774),(7.97834,-2.88255),(-0.947842,7.45705)]
triangle[(7.27585,-1.9183),(-9.61817,-20.7169),(16.3366,-44.0421)]
triangle[(-8.36984,2.58508),(-0.772357,20.4349),(-30.9194,33.2665)]
triangle[(-10.5843,18.2926),(7.86491,19.1542),(6.7627,42.7558)]
triangle[(-15.8322,-17.0745),(-8.79828,-2.45454),(-29.4521,7.48241)]
triangle[(-11.6364,13.204),(-11.2141,-18.515),(30.7966,-17.9557)]
triangle[(-4.29622,-16.9917),(-14.19,17.0596),(-80.5788,-2.23009)]
triangle[(-15.3452,12.6281),(8.21254,3.64847),(17.2921,27.4684)]
triangle[(17.0238,1.66632),(-20.7367,-3.48953),(-14.3298,-50.412)]
triangle[(10.3049,-8.34083),(2.6335,-11.6637),(6.44692,-20.4676)]
triangle[(9.38537,-11.7372),(-10.9105,-0.0501822),(-25.5523,-25.4774)]
triangle[(20.953,-12.0139),(-18.5762,10.2122),(-60.747,-64.7886)]
triangle[(-3.80125,-11.2693),(-14.0008,-6.46045),(-23.0742,-25.7049)]
triangle[(20.9276,-10.5842),(18.2691,15.6313),(-30.9205,10.6429)]
triangle[(-19.5935,-13.7491),(-7.23659,-20.5061),(4.36692,0.713773)]
triangle[(3.40096,19.84),(-6.32317,2.85162),(11.2386,-7.20071)]
triangle[(-6.48443,10.442),(-6.31809,19.9246),(-22.5755,20.2098)]
triangle[(9.26798,-15.6382),(7.65108,20.5163),(-37.5625,18.4943)]
triangle[(15.5451,-14.1375),(-4.78715,18.4903),(-43.6553,-5.73067)]
triangle[(5.41177,-10.8034),(-18.2961,6.2953),(-51.2469,-39.392)]
triangle[(0.867508,2.47183),(9.95784,14.3256),(-4.61535,25.5014)]
triangle[(-12.6703,12.2231),(11.4337,1.05646),(27.2218,35.1361)]
triangle[(-3.61316,19.9722),(5.0936,-13.0905),(56.6863,0.496002)]
triangle[(9.97752,9.29425),(6.75741,2.59182),(17.5553,-2.59594)]
triangle[(17.9556,-6.22935),(2.09814,1.51124),(-12.8274,-29.0654)]
triangle[(17.8663,-19.1138),(-1.81087,4.51374),(-31.1394,-19.9112)]
triangle[(20.5043,19.0884),(-1.18951,-13.5841),(32.5069,-35.9577)]
triangle[(6.43045,13.2378),(-4.20412,-5.24684),(28.5005,-24.0625)]
triangle[(-18.4034,3.90378),(-15.0929,9.23389),(-23.104,14.2094)]
triangle[(9.55566,-18.9883),(-16.9002,-10.6491),(-32.848,-61.2432)]
triangle[(0.0313415,-13.1609),(6.39382,-4.40319),(-9.69281,7.28379)]
triangle[(7.56086,7.98465),(-13.8546,5.11021),(-8.32354,-36.0983)]
triangle[(-4.72639,20.2722),(10.6002,-4.24897),(35.2006,11.1271)]
triangle[(12.1841,-5.80963),(16.0269,-8.65902),(19.5774,-3.87071)]
triangle[(2.34754,-14.6817),(5.70352,-4.59367),(-14.0989,1.994)]
triangle[(-5.88522,7.12335),(-16.8795,1.55364),(-7.83095,-16.3075)]
triangle[(-1.22554,-11.0747),(5.79844,-7.37351),(0.554883,2.57766)]
triangle[(-13.9695,-7.32071),(1.9261,-7.93105),(2.60344,9.70958)]
triangle[(-5.32049,-7.10914),(-6.34449,-2.63012),(-12.3658,-4.00672)]
triangle[(-8.29969,-2.07009),(-0.116895,-7.01892),(5.50292,2.27333)]
triangle[(-11.2097,20.8384),(-20.2444,14.1431),(-10.2787,0.695362)]
triangle[(5.24194,-7.13343),(-19.4701,-18.6211),(2.24134,-65.3263)]
triangle[(-8.21023,-6.27171),(3.51627,-2.4581),(-1.788,13.852)]
triangle[(-1.60905,-3.19804),(-13.1502,-5.34092),(-10.6298,-18.9154)]
triangle[(18.2255,17.5806),(2.82436,8.17733),(12.7408,-8.0643)]
triangle[(0.395971,18.0814),(19.2771,17.1429),(21.123,54.2812)]
triangle[(12.4099,-10.5129),(-12.8021,18.8059),(-65.9879,-26.9299)]
triangle[(16.0723,5.44919),(7.61727,-12.452),(30.3585,-23.1931)]
triangle[(0.381455,-8.58041),(-5.67791,17.8959),(-48.1054,8.1859)]
triangle[(-5.84707,-2.81675),(17.2389,-11.686),(26.3547,12.0415)]
triangle[(16.9232,10.6391),(-1.92931,-0.353675),(12.0159,-24.2696)]
triangle[(-7.55493,14.9394),(-20.3227,-9.34069),(24.0985,-32.6999)]
triangle[(15.368,-19.0365),(-5.21513,18.5762),(-53.3324,-7.75542)]
triangle[(-2.21034,-8.65073),(9.42984,7.75953),(-12.4171,23.2561)]
triangle[(19.4085,-6.29381),(12.2376,-2.83117),(6.67438,-14.3522)]
triangle[(-1.74068,-15.0808),(-11.5519,5.87436),(-47.0597,-10.7504)]
triangle[(-5.13836,20.0813),(20.5209,13.499),(29.8068,49.6978)]
triangle[(-2.06525,5.42058),(-11.8556,11.3038),(-19.929,-2.13114)]
triangle[(-13.0196,-13.7718),(18.686,-14.7885),(20.0805,28.6997)]
triangle[(19.7947,-1.45724),(-5.81754,19.7403),(-46.4669,-29.3748)]
triangle[(-17.792,-2.47458),(-4.18441,17.7166),(-35.9894,39.1511)]
triangle[(-3.88501,17.3841),(10.5586,8.80094),(25.049,33.1852)]
triangle[(3.25314,-14.7381),(20.7634,-5.66965),(6.25181,22.3508)]
triangle[(4.74914,5.132),(11.2089,2.23157),(15.0342,10.7512)]
triangle[(-9.58745,-16.9359),(-15.6374,20.355),(-82.2698,9.54485)]
triangle[(10.4162,-6.29304),(-2.37407,17.4743),(-28.6871,3.31407)]
triangle[(3.41472,16.3912),(-11.7352,15.1795),(-10.2576,-3.2949)]
triangle[(8.40264,-7.68656),(6.1362,19.6007),(-33.6202,16.2985)]
triangle[(-14.8323,5.51499),(-10.1494,17.9847),(-22.6438,22.677)]
triangle[(-2.41684,-13.5354),(-0.817155,10.0058),(-33.1522,12.203)]
triangle[(-6.61569,-15.1725),(-18.9004,-2.70827),(-37.7115,-21.2484)]
triangle[(13.045,15.7278),(4.20877,14.4208),(5.97563,2.47545)]
triangle[(-19.8776,19.5193),(-0.19062,5.03161),(23.3987,37.0865)]
triangle[(3.47889,-2.45904),(-17.0598,6.81188),(-28.0128,-17.4534)]
triangle[(-13.5616,19.4284),(8.18652,-0.278665),(31.8301,25.8137)]
triangle[(14.2921,11.5373),(-8.58279,-3.4042),(15.2736,-39.9276)]
triangle[(2.43548,-2.69434),(-8.77837,0.444481),(-12.4105,-12.5319)]
triangle[(20.122,-2.09426),(-6.21699,3.40825),(-14.8586,-37.9567)]
triangle[(20.6323,8.54691),(20.1358,10.8837),(16.4443,10.0993)]
triangle[(-15.9887,16.3503),(2.21916,12.4005),(6.7798,33.4242)]
triangle[(11.8242,-5.21065),(-7.32224,7.19727),(-21.0348,-13.9623)]
triangle[(-19.2221,-5.84683),(13.2435,-13.1337),(26.5472,46.1392)]
triangle[(1.5029,19.3242),(-2.17097,12.9232),(5.50759,8.51611)]
triangle[(-16.9846,-5.36368),(12.7017,-17.2363),(30.3567,26.908)]
triangle[(13.1368,-8.97018),(16.2938,-12.0079),(21.7676,-6.31924)]
triangle[(-17.7656,-13.3079),(-17.6403,-0.08594),(-37.1905,0.0993072)]
triangle[(-14.0434,-3.72607),(-14.4834,13.9322),(-34.1586,13.442)]
triangle[(5.54781,-5.74121),(-2.43904,1.97428),(-15.2594,-11.297)]
triangle[(-15.2231,-3.94185),(11.7425,-13.0994),(23.1256,20.4199)]
triangle[(14.9595,19.1951),(-13.5552,-16.4088),(33.6415,-54.2081)]
triangle[(-8.36535,-15.2491),(-9.81739,-13.6101),(-12.9747,-16.4072)]
triangle[(-0.165236,12.746),(-16.7703,-13.2407),(33.3604,-45.2734)]
triangle[(-5.42726,-14.41),(-13.104,-8.37735),(-22.9428,-20.8975)]
triangle[(17.054,19.5743),(20.4612,15.7053),(26.4343,20.9654)]
triangle[(-16.8864,-7.99653),(19.9758,19.5694),(-21.8093,75.4462)]
triangle[(-0.621901,-17.1857),(1.23061,12.7563),(-57.1559,16.3687)]
triangle[(5.27756,3.45419),(-19.6902,14.6725),(-33.5921,-16.2681)]
triangle[(18.2388,5.7664),(-3.78366,12.9432),(-13.7012,-17.4892)]
triangle[(-7.50614,-0.305693),(6.63729,5.41288),(-2.68683,28.4737)]
triangle[(-18.3957,1.11252),(-2.01836,-13.3141),(22.9234,15.0003)]
triangle[(17.0406,18.8966),(4.01921,-14.6081),(59.5302,-36.182)]
triangle[(0.198699,-1.75536),(-13.2421,-14.0297),(7.21237,-36.4281)]
triangle[(4.65913,13.7989),(18.1661,-17.7722),(74.878,6.49075)]
triangle[(8.05629,-19.4967),(-4.80034,7.22739),(-42.5999,-10.9575)]
triangle[(3.48429,11.2534),(11.051,3.10036),(20.7092,12.0639)]
triangle[(18.6047,13.9771),(9.68221,-14.9976),(52.6645,-28.2335)]
triangle[(7.9112,19.2184),(1.03413,-8.08888),(53.4268,-21.2835)]
triangle[(-8.49399,18.3165),(18.215,-2.84144),(52.1764,40.0301)]
triangle[(9.40491,-9.60052),(16.0111,19.3118),(-40.7666,32.285)]
triangle[(19.8656,15.6712),(-3.26009,10.7125),(2.89561,-17.9957)]
triangle[(4.33629,19.4883),(-3.4936,7.79372),(14.4465,-4.21777)]
triangle[(1.84116,15.3348),(3.92726,5.83697),(18.9349,9.13326)]
triangle[(17.0599,-2.74155),(-8.32172,-13.6379),(6.55226,-48.2848)]
triangle[(-0.678207,-10.7476),(-9.51934,-19.5182),(5.34237,-34.4994)]
triangle[(3.28416,-8.46463),(4.99848,18.8178),(-36.9709,21.455)]
triangle[(-3.87617,6.31144),(-7.01485,7.43449),(-8.95935,2.00001)]
triangle[(19.245,7.73519),(6.25076,-5.23627),(30.9686,-29.9976)]
triangle[(18.0845,-4.30743),(17.5334,-17.3209),(33.8829,-18.0133)]
triangle[(14.8267,4.50777),(-9.53832,-17.5961),(16.8312,-46.6631)]
triangle[(11.4817,11.1661),(20.1482,-0.220438),(32.7645,9.38205)]
triangle[(5.75819,-3.89109),(-8.64721,-8.20411),(-2.34446,-29.2552)]
triangle[(1.75281,-9.98147),(-8.06885,-20.1769),(10.4472,-38.0141)]
triangle[(9.23532,-11.5088),(17.8406,-16.155),(23.8231,-5.07448)]
triangle[(-12.6394,6.58684),(-20.6234,19.0513),(-37.3784,8.31907)]
triangle[(14.7488,-17.5581),(19.4002,0.962672),(-12.6818,9.01998)]
triangle[(4.27389,-16.2333),(18.0188,4.4371),(-5.83092,20.2961)]
triangle[(19.2217,-9.85359),(0.745903,8.93627),(-30.753,-22.0361)]
triangle[(-17.5308,7.42593),(-6.95653,-1.10547),(6.86199,16.0219)]
triangle[(-14.5762,-14.8087),(-11.4257,4.97216),(-49.4762,11.0325)]
triangle[(10.0495,-18.9319),(14.2461,13.331),(-49.8823,21.6723)]
triangle[(11.8512,-13.8178),(4.97144,-20.457),(12.3677,-28.1213)]
triangle[(-15.8366,-11.7792),(-7.27043,-0.651328),(-19.7782,8.97709)]
triangle[(-8.70622,-15.7195),(-13.8524,-8.2916),(-27.4107,-17.6851)]
triangle[(-19.273,-16.1005),(3.96641,0.199062),(-21.0521,35.8695)]
triangle[(-10.8123,18.1015),(14.0582,-14.279),(75.4322,32.8606)]
triangle[(14.0907,-4.97077),(18.9755,7.98275),(2.63914,14.1432)]
triangle[(11.876,-2.5356),(8.04135,17.7766),(-24.5128,11.6309)]
triangle[(-3.64492,-3.46553),(-4.45194,11.7973),(-24.8723,10.7176)]
triangle[(-15.3033,13.003),(-0.117354,-12.8158),(47.8406,15.3918)]
triangle[(8.07342,7.36287),(9.86733,2.18388),(15.2735,4.05648)]
triangle[(7.15112,-3.24322),(15.71,-14.2074),(35.2131,1.01722)]
triangle[(-11.3245,12.3634),(-7.32695,8.26312),(-2.5393,12.9309)]
