triangle[(4.16981,-8.0042),(0.603058,-10.5528),(4.41908,-15.8933)]
triangle[(-6.69054,8.07088),(-8.92773,-0.794134),(0.416528,-3.15227)]
triangle[(-14.9947,14.7375),(-16.3842,18.9718),(-22.2444,17.0486)]
triangle[(-6.80748,1.96831),(-13.1791,6.70181),(-18.3228,-0.221951)]
triangle[(-13.9799,4.61525),(-20.512,4.60551),(-20.4942,-7.33903)]
triangle[(9.69548,3.00787),(-8.88044,6.22882),(-12.4561,-14.3929)]
triangle[(-0.525669,5.12538),(-18.1809,16.9923),(-38.3515,-13.0169)]
triangle[(-18.0947,5.76189),(19.2178,12.988),(7.02594,75.9412)]
triangle[(-20.1706,-13.0806),(-0.203345,-13.0746),(-0.209936,8.74756)]
triangle[(-13.9679,8.01005),(14.907,12.0972),(8.65705,56.252)]
triangle[(-6.70677,-8.74913),(-15.5433,2.66792),(-30.4219,-8.84777)]
triangle[(-13.8715,-0.829247),(6.68574,0.352261),(4.60616,36.5352)]
triangle[(0.984502,-17.5823),(20.6496,13.3503),(-18.0242,37.9368)]
triangle[(-5.751,-2.05499),(20.9629,19.4411),(-20.5886,71.0786)]
triangle[(-3.71955,3.93866),(-20.5383,-19.8187),(7.42989,-39.6185)]
triangle[(-18.1119,-6.47229),(-12.9347,-4.6417),(-14.9709,1.11725)]
triangle[(-4.4335,-11.1882),(-15.0609,-12.7244),(-12.8603,-27.9486)]
triangle[(-12.2494,2.19412),(-17.81,-20.3983),(17.3624,-29.0552)]
triangle[(2.23981,16.4957),(-10.5177,9.66962),(2.08029,-13.8754)]
triangle[(-7.30673,4.53944),(7.66791,-2.42971),(21.3241,26.9135)]
triangle[(3.34701,11.2695),(20.9392,17.9555),(13.0763,38.6446)]
triangle[(-14.4773,-20.3182),(-7.08403,2.31431),(-34.0521,11.1238)]
triangle[(-2.95933,-20.4397),(-9.91867,-13.1474),(-19.1313,-21.9394)]
triangle[(10.8451,-6.94322),(-11.7306,-11.946),(-3.55102,-48.8578)]
triangle[(10.3444,-13.2598),(-4.35646,-5.70863),(-15.5154,-27.4332)]
triangle[(-19.8435,13.1418),(-12.3087,8.80334),(-7.61577,16.9538)]
triangle[(11.2772,18.0021),(7.8955,-16.0931),(62.8324,-21.5419)]
triangle[(-2.52471,19.2053),(15.3578,-16.2249),(82.7267,17.7779)]
triangle[(17.6351,-5.18509),(-7.25806,3.72391),(-22.0718,-37.6679)]
triangle[(-16.5977,-6.75274),(5.67694,17.6486),(-38.5034,57.9784)]
triangle[(9.47843,-15.3725),(16.1664,-3.76508),(-0.389089,5.77381)]
triangle[(-4.30794,-1.17311),(-20.251,18.9085),(-50.5305,-5.13088)]
triangle[(8.50478,-5.87437),(-14.7723,-12.3268),(-4.42516,-49.654)]
triangle[(-6.08926,19.0994),(-5.39587,16.9865),(-2.40122,17.9692)]
triangle[(10.0785,-2.13377),(12.2474,-5.28838),(17.5773,-1.62384)]
triangle[(10.0034,3.03526),(-4.67636,18.4566),(-28.4449,-4.16896)]
triangle[(-13.0349,9.79285),(0.500538,-1.02707),(21.5958,25.3626)]
triangle[(-16.1087,-11.3944),(0.441091,1.19783),(-12.4518,18.1428)]
triangle[(-9.08302,5.07441),(14.6689,-1.84935),(23.6433,28.9374)]
triangle[(-20.9292,3.50804),(-4.51393,-17.4482),(20.3769,2.04917)]
triangle[(3.44046,16.5409),(-16.0104,0.363095),(5.50913,-25.5102)]
triangle[(3.50338,16.3143),(-11.2762,13.4855),(-8.17788,-2.70188)]
triangle[(-18.3739,2.78717),(-18.0327,-9.26945),(-0.442236,-8.77164)]
triangle[(11.2765,4.42073),(6.20437,8.63242),(0.962432,2.31957)]
triangle[(18.8032,-10.3674),(-0.0561456,7.19167),(-28.3474,-23.1946)]
triangle[(8.88607,-5.02764),(9.58301,-17.09),(32.7856,-15.7494)]
triangle[(10.7785,16.363),(-9.28153,19.2671),(-14.5536,-17.1491)]
triangle[(13.1727,1.7819),(10.2669,11.9903),(-4.90504,7.67162)]
triangle[(-8.81795,18.3623),(0.0693722,-5.80338),(38.5716,8.35645)]
triangle[(-16.7264,6.07962),(-18.6075,-3.8603),(-1.94608,-7.01344)]
triangle[(1.62194,-9.31277),(-15.8093,-15.7484),(-6.60963,-40.6659)]
triangle[(-11.982,-19.1943),(18.342,-7.73703),(6.28394,24.177)]
triangle[(3.92992,-15.6116),(2.57376,6.6565),(-34.3379,4.40853)]
triangle[(-9.63492,0.659218),(-2.91873,-3.41846),(3.99816,7.97409)]
triangle[(11.9034,-12.4537),(5.152,-15.085),(9.79132,-26.9887)]
triangle[(12.923,-10.3815),(-1.82213,-10.2148),(-2.15149,-39.3558)]
triangle[(-14.6514,17.5825),(-11.7339,-18.2889),(36.182,-14.3918)]
triangle[(-0.00957265,9.98228),(5.41819,-2.48071),(25.4766,6.25493)]
triangle[(14.9505,13.4113),(1.04697,-6.01771),(31.9026,-28.0981)]
triangle[(11.1744,0.229234),(-13.831,14.2225),(-33.7191,-21.3168)]
triangle[(4.54404,10.0626),(11.7674,11.8006),(8.31944,26.1303)]
triangle[(14.4308,-6.68068),(4.05157,-18.1648),(22.5954,-34.9245)]
triangle[(19.8934,1.58867),(4.61717,-8.33808),(15.4482,-25.0059)]
triangle[(-20.2716,20.9502),(16.4346,-4.67712),(51.7056,45.8418)]
triangle[(7.69719,-4.32553),(-2.48458,16.8408),(-27.2237,4.94041)]
triangle[(-3.41583,-6.18372),(19.1009,5.92903),(-3.10186,47.2023)]
triangle[(-7.07901,16.8555),(15.8217,0.776458),(37.2184,31.2509)]
triangle[(-11.0825,-10.9889),(8.51911,20.1764),(-28.6042,43.5254)]
triangle[(6.8281,-8.62281),(-19.68,17.744),(-54.3176,-17.0791)]
triangle[(12.1696,-16.9921),(-8.48577,4.45551),(-42.3087,-28.1181)]
triangle[(14.4863,-2.44066),(-19.7561,3.7372),(-27.8345,-41.0393)]
triangle[(7.91217,-6.27671),(-18.8487,-8.3011),(-16.2196,-43.0551)]
triangle[(-6.0683,6.65386),(-2.52567,15.9463),(-20.4188,22.7678)]
triangle[(-8.04981,-7.97811),(-12.2196,14.6325),(-38.6001,9.76746)]
triangle[(-2.58971,-3.38808),(-13.0693,-13.9306),(3.92201,-30.8204)]
triangle[(-8.36193,-14.834),(-9.56625,-12.19),(-13.7784,-14.1086)]
triangle[(-9.26356,5.04436),(-6.16748,-16.1797),(29.8281,-10.9288)]
triangle[(-14.5797,-8.57469),(-7.09772,-4.93656),(-11.2368,3.57567)]
triangle[(-4.37706,-1.49913),(8.98738,-15.1678),(29.9376,5.31602)]
triangle[(5.75531,2.1831),(2.75194,-18.0425),(32.8708,-22.515)]
triangle[(17.4286,-6.20853),(-4.98187,3.04099),(-17.2532,-26.6909)]
triangle[(-16.2749,14.4726),(2.86067,-17.032),(53.15,13.5131)]
triangle[(-19.3213,11.32),(-16.123,10.3935),(-14.8496,14.7895)]
triangle[(1.08859,6.87629),(-14.3156,9.72992),(-18.7615,-14.2694)]
triangle[(-11.9071,-8.16683),(5.58837,-9.53346),(7.84222,19.3201)]
triangle[(1.35006,-11.6815),(-7.80412,15.7385),(-42.8722,4.03097)]
triangle[(4.52076,-9.8989),(-14.9467,5.37644),(-40.8073,-27.5812)]
triangle[(-6.77512,17.9191),(16.0342,-13.6354),(54.9087,14.4652)]
triangle[(19.4702,-17.0239),(-13.4224,7.09418),(-54.9835,-49.5875)]
triangle[(6.81575,9.2606),(-8.97492,7.21565),(-4.98891,-23.5635)]
triangle[(4.59121,3.49796),(-1.95181,-9.88023),(21.0655,-21.1376)]
triangle[(-16.9386,12.4236),(-5.97764,-0.866852),(19.6746,20.2891)]
triangle[(17.7274,3.19386),(17.7059,-19.5685),(50.6815,-19.5996)]
triangle[(17.3062,-5.17331),(3.81587,12.752),(-17.9083,-3.59739)]
triangle[(19.2295,13.8457),(1.40997,6.93894),(10.7065,-17.0463)]
triangle[(-16.284,-12.2481),(-0.571754,-4.28254),(-15.0783,24.3319)]
triangle[(-13.8241,1.31817),(-19.6899,-4.07935),(-13.5626,-10.7381)]
triangle[(-19.0735,16.0168),(8.78461,13.6601),(11.4484,45.149)]
triangle[(17.5285,-2.01479),(16.0287,-19.0197),(45.0885,-21.5827)]
triangle[(-12.95,1.12341),(12.4077,-6.57048),(20.3141,19.4876)]
triangle[(-2.57146,-3.03256),(7.56618,11.3494),(-11.537,24.815)]
triangle[(-9.63836,13.6725),(-7.69944,-2.10862),(9.09107,-0.0456967)]
triangle[(-20.9679,4.86456),(19.3081,16.0091),(4.39578,69.9019)]
triangle[(16.6555,-6.89045),(-2.403,16.053),(-44.5984,-18.9976)]
triangle[(-8.97393,-12.3975),(4.51034,1.99368),(-15.4241,20.6719)]
triangle[(-2.65607,-7.52468),(-7.45254,17.318),(-41.6455,10.7162)]
triangle[(6.87992,-3.14539),(4.88529,-12.3797),(18.1277,-15.2401)]
triangle[(11.106,-3.41097),(-14.9287,0.866732),(-20.8129,-34.9456)]
triangle[(-8.52982,-9.95912),(-3.43767,-1.09228),(-13.8958,4.91371)]
triangle[(1.62166,-19.8918),(-17.6107,-10.4872),(-31.8064,-39.5172)]
triangle[(9.18061,4.7131),(-13.7487,-3.56947),(0.00400171,-41.6424)]
triangle[(-17.8129,12.9192),(-16.7183,-0.0076649),(2.15074,1.59011)]
triangle[(-12.7061,4.02388),(12.154,1.67183),(16.3169,45.6721)]
triangle[(13.7288,-2.84004),(-0.000298373,13.6615),(-17.54,-0.931406)]
triangle[(7.06158,3.3311),(-8.71391,1.82851),(-6.33206,-23.1783)]
triangle[(6.66542,-18.4665),(-8.89369,-2.56676),(-28.3877,-21.6431)]
triangle[(18.3974,-15.1506),(-0.550769,-8.91217),(-9.31651,-35.5365)]
triangle[(-15.8439,-17.6471),(-17.8118,8.57256),(-48.7526,6.25034)]
triangle[(5.90153,14.7168),(13.6836,-1.55152),(32.5337,7.46559)]
triangle[(14.675,12.7899),(2.55785,-10.4589),(48.8918,-34.6079)]
triangle[(5.82465,13.6215),(-3.31871,-11.7826),(41.3422,-27.8568)]
triangle[(6.16213,18.639),(6.07055,-0.482473),(39.9185,-0.644583)]
triangle[(0.0163105,-0.955176),(-4.76303,-3.89316),(0.387364,-12.2715)]
triangle[(-15.611,14.0465),(18.7926,-13.1634),(60.1982,39.1889)]
triangle[(-15.9586,-10.5651),(-2.66515,17.7015),(-55.0814,42.3522)]
triangle[(-9.88297,15.5091),(-9.78993,0.86149),(15.8306,1.02422)]
triangle[(-6.41756,-19.2899),(11.5752,-20.2139),(13.1672,10.7847)]
triangle[(2.35702,-7.96874),(13.4621,-10.0528),(16.3253,5.20391)]
triangle[(-18.4924,7.90342),(-1.4157,-20.4506),(29.8885,-1.59722)]
triangle[(7.74413,12.5389),(-7.7902,0.837323),(8.57034,-20.8819)]
triangle[(-1.28158,20.6335),(3.35957,2.95873),(27.0267,9.17338)]
triangle[(2.50854,-2.73974),(-6.67019,11.6876),(-27.477,-1.54979)]
triangle[(-14.5835,-4.61384),(-12.9865,-11.6878),(-0.573323,-8.88547)]
triangle[(13.8186,20.4317),(17.785,14.1399),(27.4867,20.2558)]
triangle[(-8.88405,-18.8297),(-6.96098,-20.2288),(-4.2354,-16.4825)]
triangle[(-11.095,-18.7053),(-2.7354,-3.03943),(-26.2287,9.49708)]
triangle[(12.2475,-7.55861),(0.449125,-9.22378),(2.43003,-23.2592)]
triangle[(-16.2689,-9.79949),(-14.6081,-13.7531),(-7.93893,-10.9515)]
triangle[(11.2139,3.79749),(5.9245,17.4657),(-10.295,11.1891)]
triangle[(20.854,-14.8748),(-18.8203,-18.1922),(-14.7173,-67.2614)]
triangle[(12.8979,-11.495),(20.7691,-4.05325),(7.78776,9.67727)]
triangle[(2.97733,-5.65731),(10.344,-13.9197),(23.7202,-1.99355)]
triangle[(-16.7354,-11.2565),(-9.93004,19.7812),(-43.0814,27.0501)]
triangle[(-4.65689,0.736263),(8.8225,17.0564),(-13.7653,35.7125)]
triangle[(-2.48496,-11.4932),(18.2756,1.89114),(-6.79538,40.7788)]
triangle[(13.7298,8.05224),(6.30222,9.73975),(3.85747,-1.0209)]
triangle[(-12.5367,0.548072),(14.1378,-2.4846),(17.3391,25.6737)]
triangle[(12.1227,7.04118),(9.03455,-7.42108),(28.436,-11.5639)]
triangle[(-6.44809,8.03125),(6.86691,6.97288),(8.33935,25.4971)]
triangle[(12.891,17.7071),(1.49541,-9.48685),(38.0099,-24.7882)]
triangle[(-11.182,11.8231),(4.2887,5.25095),(16.5269,34.0595)]
triangle[(-8.9596,2.8011),(-2.23137,4.37939),(-4.32728,13.3142)]
triangle[(7.92936,-19.4766),(-10.3175,-6.19823),(-25.7404,-27.3921)]
triangle[(-1.33971,17.4872),(-1.21461,2.19795),(19.1473,2.36455)]
triangle[(9.14594,-20.1379),(2.42109,-12.8348),(-8.10423,-22.5268)]
triangle[(11.7264,14.9619),(13.2572,17.7409),(9.74961,19.6729)]
triangle[(-10.9917,-10.0603),(4.47569,9.04212),(-27.3772,34.8336)]
triangle[(4.97466,-7.7644),(-0.743211,-16.9642),(10.8355,-24.1606)]
triangle[(8.74157,13.94),(-7.63199,14.2985),(-8.20891,-12.0464)]
triangle[(1.85059,-5.48718),(-4.07926,-9.09036),(2.81017,-20.4285)]
triangle[(0.934163,-15.7341),(-3.1625,-20.0259),(3.91154,-26.7782)]
triangle[(10.5352,-16.0861),(7.28959,-6.38135),(-9.75427,-12.0815)]
triangle[(11.7812,12.2631),(14.6029,8.13914),(22.2497,13.3713)]
triangle[(-3.09546,-16.6192),(-3.38738,-12.9163),(-8.26198,-13.3006)]
triangle[(19.2355,5.59163),(5.80781,10.3898),(-3.72746,-16.2945)]
triangle[(-5.66096,-11.43),(19.2133,-15.6513),(25.9025,23.7648)]
triangle[(-0.663684,0.945918),(-20.1973,20.8401),(-52.526,-10.9027)]
triangle[(-6.2446,-6.18658),(16.8113,-0.839673),(6.13965,45.1768)]
triangle[(3.43177,14.1471),(-3.2868,-11.2039),(38.3679,-22.2433)]
triangle[(-1.66684,4.48965),(-1.35658,17.6859),(-16.5709,18.0436)]
triangle[(-12.6848,9.60023),(15.3954,3.74094),(27.1036,59.8517)]
triangle[(10.22,14.2603),(-4.40517,6.96666),(7.38866,-16.6823)]
triangle[(-14.8172,-6.68408),(17.174,10.4862),(-13.9938,68.5571)]
triangle[(5.68589,4.64082),(1.66495,11.3312),(-7.87071,5.60017)]
triangle[(15.6419,-17.6385),(18.3876,-6.95069),(2.84104,-2.95668)]
triangle[(2.76049,-10.8889),(4.38467,-6.95471),(-1.61965,-4.47587)]
triangle[(4.60066,20.7056),(-13.9133,13.0114),(-5.16713,-8.03372)]
triangle[(-11.3349,-10.4025),(7.34673,2.60671),(-6.31422,22.2244)]
triangle[(-11.1525,3.5095),(0.257639,10.9351),(-8.65257,24.6265)]
triangle[(17.9083,12.0938),(-15.187,8.05589),(-8.91325,-43.3646)]
triangle[(16.4304,0.835057),(1.51952,-13.6543),(24.1641,-36.9576)]
triangle[(-5.08747,-0.492306),(-7.09784,-9.47457),(8.32438,-12.9263)]
triangle[(-10.0812,19.5765),(14.5625,-7.94258),(64.9098,37.1441)]
triangle[(10.6515,14.8366),(9.30417,1.94197),(29.2635,-0.143598)]
triangle[(2.66779,6.75454),(6.28671,17.1194),(-4.76419,20.9779)]
triangle[(8.51713,12.2578),(-2.70143,-0.782654),(21.6482,-21.7304)]
triangle[(-11.3789,-16.2864),(-5.14224,4.88538),(-32.9583,13.0793)]
triangle[(-12.5425,-17.2178),(-19.7729,-15.967),(-21.4684,-25.7685)]
triangle[(-7.56051,-7.17113),(-16.9509,-13.0291),(-6.17198,-30.308)]
triangle[(-2.19007,-4.59528),(-20.9906,13.1611),(-40.7124,-7.72041)]
triangle[(-16.129,-8.06359),(-19.4753,14.1165),(-57.7031,8.34912)]
triangle[(6.69221,1.27424),(-16.992,-15.5369),(2.02018,-42.3219)]
triangle[(7.36021,20.858),(12.3978,19.7232),(14.5743,29.3849)]
triangle[(17.627,14.8851),(-12.455,5.3415),(-1.67055,-28.6516)]
triangle[(-8.79606,17.1164),(8.33365,-6.65662),(44.5724,19.4553)]
triangle[(-6.4589,0.0849329),(-10.6658,2.65123),(-15.0883,-4.59858)]
triangle[(-18.313,-19.8664),(3.2983,-14.8587),(-5.63869,23.7097)]
triangle[(-14.4745,1.91759),(-6.25455,16.6333),(-27.5969,28.5548)]
triangle[(19.7942,-4.00639),(16.5189,-18.7481),(35.3583,-22.9338)]
triangle[(20.0588,0.273618),(-12.0747,-14.8191),(3.75613,-48.524)]
triangle[(0.402175,8.04463),(-11.2614,9.49227),(-13.0583,-4.98516)]
triangle[(16.1334,-13.5939),(7.2865,6.97121),(-23.5952,-6.31385)]
triangle[(8.52784,-15.1901),(9.97297,16.4813),(-31.9942,18.3962)]
triangle[(-19.3932,20.3002),(-20.2912,-9.5242),(27.7611,-10.971)]
triangle[(-4.85735,11.9727),(-18.7268,0.50642),(1.69134,-24.191)]
triangle[(2.66038,-9.18374),(3.39994,10.3272),(-19.9465,11.2121)]
triangle[(18.1372,17.3832),(17.9468,-7.53415),(48.2696,-7.76594)]
triangle[(-5.194,-16.765),(-10.4737,-1.02016),(-38.2947,-10.3493)]
triangle[(4.82575,-8.0738),(17.2866,-5.14888),(13.3885,11.4581)]
triangle[(5.5069,3.76191),(-4.01406,-7.31294),(11.7867,-20.8967)]
triangle[(-17.7853,11.2611),(7.1864,-4.2923),(31.8405,35.291)]
triangle[(12.8678,-12.7569),(-2.90978,-3.37747),(-15.0841,-23.8563)]
triangle[(20.0956,7.30831),(0.508126,-11.8379),(30.4068,-42.4257)]
triangle[(-3.04116,-13.0226),(-8.69623,8.70011),(-40.1293,0.517123)]
triangle[(-15.8658,-13.8327),(5.43967,-5.72915),(-9.0372,32.3329)]
triangle[(6.53494,9.01082),(12.1629,5.25224),(16.9858,12.4739)]
triangle[(8.02679,-15.7958),(-17.5223,12.8072),(-60.2309,-25.3414)]
triangle[(-2.72441,-2.41487),(-11.8273,-10.5851),(1.0692,-24.9538)]
triangle[(-5.73457,13.0625),(-8.2176,-1.72497),(19.6372,-6.4022)]
triangle[(-0.280954,16.1905),(19.7483,3.04792),(36.7065,28.8921)]
triangle[(-19.836,3.57244),(-12.4488,12.4119),(-23.8303,21.9235)]
triangle[(-11.413,3.87036),(10.9752,-13.4787),(28.7183,9.41801)]
triangle[(1.37695,-14.7116),(8.27807,14.3404),(-48.0752,27.7267)]
triangle[(-14.4575,17.2917),(4.1594,6.75644),(20.4448,35.5344)]
triangle[(11.2527,18.9478),(-3.77863,-12.3189),(50.5074,-38.4167)]
triangle[(-14.2001,-10.8771),(-16.4697,14.0953),(-50.0969,11.0391)]
triangle[(0.914817,-2.32821),(-3.00064,10.7647),(-23.5405,4.62226)]
triangle[(-8.51175,-7.95227),(4.14532,20.207),(-48.1384,43.7076)]
triangle[(8.78443,-9.50911),(10.3067,10.8632),(-23.1283,13.3615)]
triangle[(-20.4584,-9.02116),(-3.18301,-15.4379),(6.02839,9.36139)]
triangle[(16.2263,2.45559),(-5.87681,-10.3742),(13.4334,-43.6418)]
triangle[(-0.228397,-19.2016),(-6.96105,-5.5299),(-21.1991,-12.5414)]
triangle[(-4.11137,-18.439),(8.20428,6.08849),(-25.3823,22.9529)]
triangle[(-13.9712,-10.9797),(-18.9339,-0.233655),(-39.0373,-9.51765)]
triangle[(15.8737,12.1478),(0.775088,14.5147),(-3.66764,-13.8268)]
triangle[(8.79644,15.611),(15.693,-19.5098),(79.5105,-6.97812)]
triangle[(9.94356,10.8397),(-0.417727,0.488542),(18.7569,-18.705)]
triangle[(7.58936,19.6061),(12.7076,-17.6431),(82.0207,-8.1191)]
triangle[(20.071,19.4147),(16.1456,8.18923),(34.1673,1.88734)]
triangle[(2.48145,1.99296),(13.0438,-11.2103),(33.9252,5.49445)]
triangle[(-0.167083,13.5105),(-11.4492,-17.3149),(32.0993,-33.2537)]
triangle[(-10.277,-13.0911),(3.28335,-10.8787),(-0.475324,12.1589)]
triangle[(-18.4631,8.6352),(12.5752,0.688696),(25.5292,51.2857)]
triangle[(-5.40542,8.85852),(18.8601,-15.2797),(53.3789,19.4212)]
triangle[(17.6339,14.6933),(16.4287,-14.7639),(73.5917,-17.1027)]
triangle[(9.78734,14.675),(14.8329,10.1185),(21.4568,17.4534)]
triangle[(17.0256,-19.1156),(-2.1709,-17.481),(-4.72957,-47.5302)]
triangle[(-9.66592,-6.97931),(12.2137,-1.0889),(4.85067,26.2606)]
triangle[(-3.49181,-4.22368),(-8.13508,-19.8412),(19.9651,-28.1957)]
triangle[(17.6469,-8.99929),(7.2772,19.2969),(-39.373,2.20096)]
triangle[(-12.3238,-0.461342),(15.8742,-5.29926),(22.8092,35.1217)]
triangle[(5.53436,-8.32393),(-0.718275,-16.0321),(13.8004,-27.8092)]
triangle[(3.18801,18.9667),(-17.3399,-16.0547),(48.3971,-54.5866)]
triangle[(5.96665,0.767811),(17.703,-18.5657),(52.3223,2.44978)]
triangle[(-17.6811,1.37407),(17.92,8.93772),(5.31953,68.2465)]
triangle[(10.4153,8.59045),(6.38583,-18.8901),(52.5277,-25.6559)]
triangle[(17.549,19.2098),(-12.2709,-8.16853),(34.3022,-58.895)]
triangle[(-9.47972,-4.9821),(5.63428,-5.85259),(7.1326,20.1624)]
triangle[(10.9812,5.05855),(-6.70187,-18.2535),(31.9192,-47.5491)]
triangle[(-1.26845,-18.6198),(16.949,-6.11467),(-3.7014,23.9689)]
triangle[(-12.8397,-12.8738),(-14.7563,12.5677),(-40.9363,10.5955)]
triangle[(4.64316,-12.1612),(19.2425,11.9808),(-27.2727,40.11)]
triangle[(4.50455,-12.2472),(-17.5929,5.11092),(-43.2513,-27.553)]
triangle[(10.755,9.43168),(3.12712,-2.66444),(27.2247,-17.8604)]
triangle[(5.45106,12.8148),(-13.1061,-14.5578),(14.6511,-33.3757)]
triangle[(4.60068,7.6056),(-15.4118,-15.0128),(9.87535,-37.3865)]
triangle[(5.78545,-6.96169),(0.702345,-10.5559),(5.1793,-16.8875)]
triangle[(6.86632,15.7369),(3.949,18.3348),(-0.170688,13.7086)]
triangle[(-17.839,-13.1931),(-20.7242,3.33732),(-50.4364,-1.84873)]
triangle[(-20.9674,-20.5889),(-16.1654,12.1256),(-72.7036,20.4246)]
triangle[(-11.6304,14.7878),(-14.4803,-20.1248),(53.2375,-25.6525)]
triangle[(-9.76374,18.1056),(9.2265,1.18374),(30.869,25.4717)]
triangle[(18.7679,-12.1496),(10.5854,7.1069),(-24.9169,-7.97867)]
triangle[(-7.35013,20.368),(15.0286,-20.6317),(73.0729,11.0503)]
triangle[(19.9351,9.96451),(-13.8664,1.73526),(-1.60038,-48.6471)]
triangle[(5.00382,-15.6579),(2.7789,-13.936),(0.492058,-16.891)]
triangle[(15.6674,17.201),(-0.791935,-19.6803),(47.3443,-41.1625)]
triangle[(-4.08049,20.1516),(16.2219,-19.2586),(78.9412,13.0517)]
triangle[(0.289925,11.028),(-6.97572,-15.8059),(33.7093,-26.8219)]
triangle[(19.0978,-20.7556),(11.714,4.78611),(-28.9816,-6.97861)]
triangle[(16.7902,-7.25799),(19.4503,-17.5659),(30.4202,-14.735)]
triangle[(-6.29892,6.38196),(2.79797,-4.97044),(17.7762,7.03191)]
triangle[(1.69241,1.37634),(4.26988,9.95186),(-10.8627,14.5001)]
triangle[(-2.81233,-3.73271),(-1.63933,6.37889),(-20.7178,8.5921)]
triangle[(0.622741,-10.5851),(13.3166,-0.561193),(-2.38008,19.3164)]
triangle[(1.01018,9.64378),(9.85543,13.5892),(5.31213,23.7748)]
triangle[(12.6375,-9.4931),(-18.3302,17.6864),(-59.4294,-29.1412)]
triangle[(-5.1807,0.955316),(20.779,1.80865),(19.4421,42.4796)]
triangle[(-17.9012,-6.31149),(-15.4698,20.9572),(-52.0635,24.22)]
triangle[(14.9552,-20.8388),(19.1392,12.3933),(-35.873,19.3194)]
triangle[(-18.0156,-7.33293),(-3.86663,2.17889),(-20.8373,27.4229)]
triangle[(-9.05314,-20.6194),(8.73961,18.7707),(-46.2252,43.5986)]
triangle[(10.0342,-17.9622),(13.3439,-14.3091),(6.21159,-7.84736)]
triangle[(17.5406,-9.9633),(11.2988,19.452),(-25.3183,11.682)]
triangle[(9.99048,-15.1932),(-16.0613,-17.5817),(-13.0365,-50.574)]
triangle[(-14.8427,-6.35534),(18.9371,-5.06255),(16.5609,57.0252)]
triangle[(8.59251,4.40748),(16.2449,-2.60808),(28.7556,11.0383)]
triangle[(-15.3054,-2.67903),(15.0212,-2.38714),(14.6234,38.9447)]
triangle[(18.7474,8.14365),(-17.6327,-1.50432),(-4.92396,-49.4258)]
triangle[(11.0318,-8.90018),(19.9089,10.206),(-11.3298,24.7201)]
triangle[(0.183041,-4.86134),(7.49878,17.1642),(-32.6332,30.4939)]
triangle[(18.2948,-2.30362),(-10.129,-4.44496),(-6.75734,-49.2)]
triangle[(-7.20033,20.7845),(-3.57119,12.7782),(6.96334,17.5534)]
triangle[(-0.642065,7.64316),(-6.66988,19.099),(-25.6257,9.12493)]
triangle[(-10.6758,-12.7767),(11.5731,-7.71854),(2.65382,31.5142)]
triangle[(6.80895,2.62065),(-13.2751,-0.957412),(-9.65397,-21.2829)]
triangle[(-17.9266,-5.25354),(17.9662,-10.8985),(24.8212,32.6883)]
triangle[(8.31885,-5.09397),(-10.9014,-4.98841),(-11.0466,-31.4323)]
triangle[(13.4999,-1.01383),(-8.85959,16.2915),(-31.6604,-13.1686)]
triangle[(-1.30249,2.59466),(16.7113,17.9201),(-2.07062,39.9967)]
triangle[(8.68749,18.6678),(-13.2113,12.4251),(-3.76619,-20.7074)]
triangle[(-11.1921,-16.785),(5.84309,-5.5763),(-5.51121,11.6802)]
triangle[(0.210171,-18.863),(-13.1587,0.0208496),(-40.0647,-19.0274)]
triangle[(-12.4966,2.10272),(-18.0243,-7.1793),(-3.32947,-15.9305)]
triangle[(4.85998,6.55011),(-14.4791,-12.5694),(21.7218,-49.186)]
triangle[(12.1978,-13.154),(5.74216,-17.4803),(12.6699,-27.8177)]
triangle[(-18.12,10.9571),(-9.37634,19.849),(-20.2592,30.5504)]
triangle[(-5.68837,-7.48186),(20.0244,-16.9176),(35.942,26.4585)]
triangle[(3.13147,-17.4612),(18.1905,-15.4701),(14.4389,12.9043)]
triangle[(-11.4894,3.8646),(14.614,10.0172),(5.82217,47.3183)]
triangle[(-19.2808,8.56431),(-18.6531,-2.42887),(1.36924,-1.28561)]
triangle[(4.95866,3.16746),(13.5933,14.8114),(1.4696,23.8017)]
triangle[(7.8503,-18.2639),(-6.80638,5.78052),(-31.9243,-9.53055)]
triangle[(-6.80652,16.6706),(-1.20195,20.1661),(-5.5876,27.1979)]
triangle[(5.76984,10.4975),(-5.93148,-18.9951),(33.3593,-34.5839)]
triangle[(1.7005,1.33915),(-19.5976,-13.3686),(9.64435,-55.7137)]
triangle[(-1.18211,-8.84087),(5.54167,14.8915),(-31.413,25.3614)]
triangle[(1.97016,18.4012),(-20.1179,-13.4582),(42.1786,-56.6483)]
triangle[(11.0148,-12.6483),(-5.17468,-5.51063),(-14.8954,-27.5588)]
triangle[(-15.9212,-0.654026),(3.87652,-3.49829),(9.24898,33.897)]
triangle[(14.5935,14.8824),(17.2049,-18.5688),(61.4133,-15.1177)]
triangle[(-1.6678,-14.8031),(-15.5297,-18.5424),(-9.86961,-39.5251)]
triangle[(-7.23855,-0.364233),(17.1136,-18.4125),(39.6559,12.0034)]
triangle[(-0.662335,-13.3145),(13.9886,11.4029),(-31.0708,38.1114)]
triangle[(15.9397,-5.51069),(20.8153,19.5991),(-6.45471,24.8942)]
triangle[(19.355,4.17851),(-8.18674,0.952484),(-2.19145,-50.2315)]
triangle[(16.7258,16.2732),(20.8755,-1.171),(41.0401,3.62588)]
triangle[(1.9965,16.3914),(-15.4452,-16.1512),(18.9955,-34.6102)]
triangle[(-7.14845,-17.7968),(18.6111,13.9071),(-13.9347,40.3507)]
triangle[(-3.3767,15.5753),(7.24424,8.7021),(16.7767,23.4323)]
triangle[(0.433785,-12.8879),(16.4282,-3.2421),(0.327026,23.4563)]
triangle[(0.583886,17.3012),(11.7842,17.0253),(12.3091,38.3391)]
triangle[(-9.48471,-17.743),(14.4413,10.763),(-28.4234,46.7408)]
triangle[(-9.71571,-14.9383),(13.3853,8.54869),(-21.4266,42.7885)]
triangle[(15.7522,-12.0113),(11.047,-19.6185),(22.9474,-26.9792)]
triangle[(-9.20497,-14.898),(-13.2688,0.178553),(-34.4731,-5.537)]
triangle[(6.78194,6.9146),(1.35856,-1.04624),(14.9563,-10.3098)]
triangle[(-7.96444,-11.7848),(-5.69939,3.37366),(-26.2834,6.44943)]
triangle[(0.382755,-0.800329),(-5.02192,17.8184),(-24.7827,12.0822)]
triangle[(-1.55886,0.830315),(16.1308,15.2843),(-8.70884,45.6844)]
triangle[(14.2639,14.6466),(5.77215,17.6609),(0.924969,4.0053)]
triangle[(10.8252,-4.31765),(18.2652,7.49193),(-1.55276,19.9773)]
triangle[(2.60438,-13.3676),(-13.2373,-8.38976),(-22.5828,-38.1311)]
triangle[(-9.36201,6.16217),(0.306098,-10.4221),(27.6205,5.50135)]
triangle[(4.72056,-0.737594),(3.86136,2.89235),(-1.69763,1.57654)]
triangle[(-0.594912,7.78557),(10.7733,16.355),(-4.02427,35.9853)]
triangle[(-16.6456,16.3496),(17.8083,18.5997),(13.7112,81.3359)]
triangle[(19.2065,1.46381),(-20.6876,-7.66678),(-4.77329,-77.2006)]
triangle[(-18.7021,-13.79),(-12.2196,-1.19641),(-30.123,8.01925)]
triangle[(-2.25398,9.63973),(12.2277,0.0424927),(24.6857,18.841)]
triangle[(-2.26583,-19.2916),(-18.5098,17.6544),(-63.0842,-1.94363)]
triangle[(18.6041,4.31358),(-14.5792,-3.15086),(-6.67102,-38.3066)]
triangle[(-14.8695,-11.8281),(-18.713,-3.18404),(-29.4729,-7.9683)]
triangle[(-2.57932,5.59188),(-9.47691,0.577478),(0.310327,-12.8854)]
triangle[(-20.492,-9.89551),(-16.0346,-2.83217),(-23.9714,2.17644)]
triangle[(-17.5643,18.8332),(17.7895,-18.057),(55.7154,18.2894)]
triangle[(9.90876,-19.0236),(-19.0253,-11.1253),(-29.6832,-50.1683)]
triangle[(-6.13831,4.22112),(-12.8406,-9.30228),(2.77551,-17.0417)]
triangle[(11.6462,-2.91072),(-14.6573,-13.0194),(-3.22214,-42.7743)]
triangle[(7.74404,2.6511),(-12.2717,-8.87469),(6.56887,-41.5934)]
triangle[(-18.691,13.8729),(2.06924,-19.1771),(63.5809,19.4613)]
triangle[(-16.2979,20.7522),(-8.77229,20.4112),(-8.37451,29.1911)]
triangle[(-3.83482,18.0189),(-17.3117,-18.741),(48.1026,-42.7232)]
triangle[(1.86115,-1.97518),(-12.8436,-13.7282),(9.42014,-41.5835)]
triangle[(5.0914,19.811),(-1.73774,-16.6236),(67.6486,-29.6291)]
triangle[(15.6763,2.09232),(-4.31471,-11.7689),(12.7279,-36.3482)]
triangle[(13.4107,-20.2202),(-1.0524,7.11323),(-45.6585,-16.4896)]
triangle[(6.63098,12.2543),(-13.4721,-19.9137),(36.1978,-50.9544)]
triangle[(8.89821,-13.6331),(16.9092,-12.0296),(14.6194,-0.589322)]
triangle[(-0.582337,15.9316),(10.0203,20.271),(1.43071,41.2585)]
triangle[(17.7036,-2.64839),(3.40423,5.36161),(-8.49199,-15.8754)]
triangle[(-13.5852,-6.22207),(-16.4526,-17.6846),(3.59028,-22.6984)]
triangle[(-18.2587,14.0386),(-11.3353,3.81015),(7.99371,16.8935)]
triangle[(-3.16021,-13.6797),(-11.5258,20.1492),(-45.9301,11.6413)]
triangle[(8.63042,14.4884),(1.50634,-11.6568),(48.0646,-24.3431)]
triangle[(7.80426,-14.0396),(-13.9486,-14.9419),(-12.9242,-39.6357)]
triangle[(-11.7554,-13.6676),(7.81356,14.0292),(-33.5479,43.2529)]
triangle[(-20.7904,-13.3618),(18.3578,16.6923),(-26.0442,74.5299)]
triangle[(14.5088,-0.817998),(-14.9442,19.5873),(-35.5935,-10.218)]
triangle[(-9.20614,-2.55165),(-4.37987,-16.5681),(15.7374,-9.64113)]
triangle[(-20.7621,-19.6833),(-17.9876,-11.148),(-27.6081,-8.02077)]
triangle[(0.767819,-13.9047),(-9.98301,-2.81214),(-25.5719,-17.9207)]
triangle[(3.58689,-6.56374),(17.6127,-20.5213),(41.1827,3.16388)]
triangle[(-10.9927,20.9672),(-0.967018,19.5663),(1.43533,36.7591)]
triangle[(13.1117,-5.56553),(-2.64788,-17.3642),(11.783,-36.6397)]
triangle[(18.5115,19.6711),(-15.0116,-0.535294),(19.7349,-58.181)]
triangle[(-7.15685,14.0266),(-17.6481,-9.97704),(15.3449,-24.3973)]
triangle[(-12.9257,5.51434),(-11.5502,-6.28104),(10.3215,-3.73042)]
triangle[(-5.64367,16.4203),(15.8548,-2.21215),(48.3243,35.2517)]
triangle[(-2.9994,14.6046),(11.5577,-3.68244),(42.9133,21.2776)]
triangle[(6.00537,-16.9654),(8.0742,6.01155),(-19.7999,8.52132)]
triangle[(-3.97711,-7.60662),(2.42524,-5.69896),(0.0286037,2.34446)]
triangle[(-11.5701,-19.4988),(-3.56567,7.27363),(-53.9144,22.327)]
triangle[(0.180585,-19.9195),(-4.0917,-9.69896),(-17.2116,-15.1832)]
triangle[(5.64263,4.3319),(0.962788,-6.01889),(11.5319,-10.7974)]
triangle[(16.1528,2.52822),(1.27846,9.85509),(-12.3976,-17.9087)]
triangle[(12.5343,-14.9138),(16.2418,-13.5138),(13.7502,-6.91557)]
triangle[(11.9143,-16.2936),(-2.92603,-13.9648),(-6.36131,-35.856)]
triangle[(3.85014,-1.1378),(20.1888,-0.035737),(18.1177,30.6697)]
triangle[(15.0556,-0.0695849),(-3.03218,0.161817),(-3.29945,-20.7299)]
triangle[(-18.5144,-19.8585),(20.0633,-3.3083),(2.99708,36.4723)]
triangle[(-20.1871,-16.768),(4.00096,18.2496),(-48.1293,54.2582)]
triangle[(16.6375,-20.246),(-8.19296,15.3682),(-62.173,-22.2671)]
triangle[(-3.33934,-16.3232),(-17.9655,-16.6149),(-17.5525,-37.3226)]
triangle[(-18.3248,-1.33224),(-12.4357,-10.851),(4.54383,-0.346159)]
triangle[(3.34791,15.1788),(-13.3673,-4.54883),(9.98655,-24.3365)]
triangle[(-12.2467,7.12695),(19.5567,-17.3613),(66.8039,43.9997)]
triangle[(0.764997,-6.49566),(14.1843,-17.2308),(30.0148,2.55794)]
triangle[(15.022,17.8633),(17.7154,2.75511),(44.7067,7.56688)]
triangle[(-2.70902,16.3555),(20.0647,-1.90016),(49.8431,35.248)]
triangle[(-16.755,14.9089),(19.9658,3.7841),(41.0485,73.3738)]
triangle[(-20.4458,-17.4633),(5.12831,-3.96714),(-12.2545,28.9718)]
triangle[(-16.4269,12.4384),(-16.8671,-16.469),(20.3876,-17.0363)]
triangle[(-6.89516,-2.27128),(1.61094,-18.6072),(25.5006,-6.16789)]
triangle[(15.0289,-0.419781),(5.20357,6.87407),(-4.08294,-5.63547)]
triangle[(0.8844,10.3518),(14.9534,16.3933),(4.77127,40.1049)]
triangle[(-1.99293,8.88643),(8.57192,3.44977),(15.8423,17.578)]
triangle[(-18.7103,2.82214),(5.11445,3.08797),(4.75075,35.6847)]
triangle[(-18.7328,-13.9369),(10.978,-1.56162),(-5.70109,38.4815)]
triangle[(18.3716,-19.5768),(20.3545,-7.01044),(1.81696,-4.08537)]
triangle[(-1.82916,19.7545),(-0.216126,15.8117),(7.57474,18.999)]
triangle[(-4.28823,-5.09556),(-11.6357,14.2543),(-31.6172,6.667)]
triangle[(9.63341,-4.68589),(1.03076,-11.1684),(9.49708,-22.4037)]
triangle[(9.61196,7.0498),(20.3399,-5.4647),(43.4422,14.3395)]
triangle[(2.03484,-12.0365),(3.95815,0.836527),(-17.3042,4.01327)]
triangle[(13.8692,-3.45159),(-8.81499,6.52183),(-22.4239,-24.4311)]
triangle[(19.2712,-18.7865),(-15.4232,-11.13),(-26.2005,-59.9659)]
triangle[(-3.63096,11.1679),(14.4437,3.41008),(29.6902,38.9325)]
triangle[(7.88802,-2.15268),(4.46966,7.03526),(-9.3215,1.90428)]
triangle[(-10.3751,10.6613),(-15.1188,-13.2757),(31.6417,-22.5423)]
triangle[(-5.20259,1.79259),(-4.56973,-8.08911),(10.0666,-7.15175)]
triangle[(4.92921,-4.84563),(18.9896,9.47151),(-9.38958,37.3416)]
triangle[(1.5204,13.6015),(-2.72046,5.47497),(5.98457,0.932208)]
triangle[(-9.46626,20.4505),(1.19661,-1.39581),(26.9017,11.1505)]
triangle[(18.5923,1.68353),(-6.29917,-7.49606),(7.93601,-46.0963)]
triangle[(-5.62246,15.9044),(-13.883,-10.8624),(31.8778,-24.9847)]
triangle[(-19.9197,-15.0517),(10.0024,4.41011),(-23.5797,56.0421)]
triangle[(-14.0353,0.505383),(-10.3922,2.41069),(-13.0756,7.54166)]
triangle[(-15.2431,1.02748),(-13.344,13.2226),(-33.1065,16.3002)]
triangle[(10.3478,-14.9245),(-1.36878,14.3671),(-52.8123,-6.21029)]
triangle[(0.230486,-10.6335),(10.0936,16.9675),(-27.013,30.2275)]
triangle[(10.8524,-19.9471),(2.89384,-2.32351),(-24.7046,-14.7865)]
triangle[(3.29064,-0.675339),(6.52467,8.02814),(-2.67346,11.446)]
triangle[(-10.8434,-16.9906),(-9.75769,9.35494),(-37.9604,10.5172)]
triangle[(0.0182398,-20.0605),(18.012,5.72212),(-17.1305,30.2482)]
triangle[(17.1793,6.82342),(-7.84203,-1.58943),(8.22057,-49.3623)]
triangle[(11.4472,18.5918),(-6.52821,13.0506),(2.83847,-17.3349)]
triangle[(-12.143,16.5854),(-4.03783,-13.1986),(51.4053,1.88932)]
triangle[(-13.4243,8.97545),(2.60158,-16.0591),(44.0973,10.5042)]
triangle[(-5.91234,-14.2705),(-20.7569,-5.73581),(-35.08,-30.6484)]
triangle[(-3.03255,-6.33659),(-2.08066,6.80015),(-21.7955,8.2287)]
triangle[(-10.858,-18.7727),(14.6619,-6.40706),(1.48479,20.7875)]
triangle[(-15.0078,-8.32725),(14.5562,11.6114),(-14.4756,54.6583)]
triangle[(-2.34844,-8.99787),(-14.355,-5.03458),(-18.9167,-18.854)]
triangle[(-8.85665,-9.28362),(11.6927,12.3086),(-11.6983,34.5699)]
triangle[(5.37029,20.33),(12.4586,14.0243),(20.5916,23.1667)]
triangle[(-10.6078,-12.3727),(-6.90481,8.64966),(-33.7535,13.3789)]
triangle[(5.58978,-11.7383),(13.7753,-10.9805),(12.4087,3.78079)]
triangle[(-12.4969,-16.3579),(18.5241,12.5204),(-22.4766,56.5632)]
triangle[(-14.2138,0.949829),(-17.7441,-8.05458),(-6.01964,-12.6512)]
triangle[(-4.35695,-13.7456),(-8.15755,-10.6998),(-14.1585,-18.1878)]
triangle[(-17.9472,-20.3979),(17.4524,14.8635),(-31.455,63.9626)]
triangle[(13.7891,-4.06711),(3.94275,17.7244),(-34.4474,0.377899)]
triangle[(17.7816,0.894061),(-10.2755,-2.42316),(-4.32515,-52.7519)]
triangle[(-5.89622,13.8115),(7.19092,13.0495),(8.63358,37.8294)]
triangle[(-6.33989,-18.663),(16.8806,-9.39628),(0.50944,31.6262)]
triangle[(-0.401965,-19.9792),(7.1629,16.6175),(-57.4597,29.9756)]
triangle[(9.13806,-6.069),(5.50112,-7.808),(7.54769,-12.0882)]
triangle[(-13.3313,12.6252),(-14.6789,-7.44829),(20.7422,-9.82621)]
triangle[(10.4466,-20.0084),(10.5841,19.4189),(-38.2051,19.589)]
triangle[(-6.17506,12.8104),(20.4768,-15.3583),(76.0778,37.2486)]
triangle[(-0.203521,2.42829),(17.5776,1.74078),(18.6996,30.7584)]
triangle[(1.21962,6.80418),(-0.567671,20.5372),(-17.7937,18.2953)]
triangle[(7.92685,3.60518),(-14.7546,7.24287),(-18.8833,-18.5006)]
triangle[(-4.9588,-16.1126),(-16.8694,17.5938),(-70.5345,-1.3694)]
triangle[(5.64724,-8.11034),(-14.4843,0.675076),(-26.7623,-27.4596)]
triangle[(-10.0115,6.90545),(2.87429,-13.6556),(31.9106,4.54163)]
triangle[(15.5443,-1.3941),(-17.2271,-17.3941),(9.22566,-71.575)]
triangle[(13.0337,-4.08661),(20.8971,-10.7401),(28.0859,-2.24412)]
triangle[(18.7753,17.6547),(-5.65367,-1.55504),(14.6594,-27.3872)]
triangle[(-5.86574,17.6461),(0.766986,12.2093),(7.42891,20.3366)]
triangle[(20.608,-2.21473),(4.31457,9.47884),(-9.50737,-9.78015)]
triangle[(-7.85981,10.6536),(13.6833,-13.9253),(58.2383,25.1267)]
triangle[(-7.27151,-3.31788),(12.3501,-0.285821),(7.81374,29.0708)]
triangle[(5.74429,16.4979),(15.9061,-8.03391),(63.4332,11.6532)]
triangle[(-15.0643,-17.6144),(5.88543,18.4174),(-41.7959,46.1404)]
triangle[(-11.6667,-16.1973),(-12.0769,-1.65898),(-37.3843,-2.37292)]
triangle[(-2.61879,9.39415),(9.60843,13.423),(4.90154,27.7079)]
triangle[(0.824568,-11.9695),(-0.625866,-3.86006),(-10.9071,-5.69893)]
triangle[(-0.32491,16.3343),(-6.07927,-17.1201),(52.3255,-27.1661)]
triangle[(7.33543,8.459),(-20.5767,0.290186),(-4.43609,-54.861)]
triangle[(-2.47701,-12.6236),(-1.26296,0.718484),(-26.4679,3.01197)]
triangle[(5.36459,15.9112),(-2.79842,14.4992),(-0.0819364,-1.20525)]
triangle[(6.89791,-7.42126),(11.2405,2.31743),(-6.83025,10.3754)]
triangle[(6.09239,-9.96731),(-12.303,-16.8169),(-2.56256,-42.9759)]
triangle[(7.65506,10.4017),(2.8203,-1.97367),(20.5143,-8.88629)]
triangle[(18.5408,-20.0941),(7.43909,3.93451),(-20.6582,-9.04701)]
triangle[(11.6811,0.889264),(7.00007,9.9938),(-6.51624,3.04442)]
triangle[(-3.28186,-6.07622),(-11.6142,19.4642),(-37.9215,10.8817)]
triangle[(-15.2067,20.6482),(-8.77673,13.1398),(3.80802,23.9169)]
triangle[(-10.611,20.8026),(9.88559,12.5888),(21.9995,42.8176)]
triangle[(-6.14969,-17.3735),(8.26461,-12.8146),(0.133793,12.8932)]
triangle[(-11.8402,13.0629),(-16.6664,-13.7395),(33.6807,-22.8052)]
triangle[(4.82001,12.8246),(-5.19211,2.62698),(11.4927,-13.7544)]
triangle[(-4.68222,5.53732),(4.26204,20.6705),(-21.4933,35.8929)]
triangle[(16.6164,12.0367),(-8.43416,-11.5428),(20.3893,-42.1645)]
triangle[(-1.08948,7.11646),(15.4456,-11.9576),(51.6346,19.4143)]
triangle[(19.2818,3.97023),(-5.18466,-1.96438),(4.56589,-42.1627)]
triangle[(19.1965,17.3363),(15.8312,13.8378),(19.7354,10.0822)]
triangle[(18.6017,-16.4596),(-13.6815,6.90694),(-56.8584,-52.7461)]
triangle[(18.4563,2.80948),(4.78553,3.17329),(4.37024,-12.432)]
triangle[(19.9521,7.10027),(-3.65909,-1.23104),(7.66052,-33.3112)]
triangle[(-1.59915,2.26972),(3.41978,12.5338),(-16.5105,22.2793)]
triangle[(-2.96912,-13.6114),(-13.7452,-11.723),(-16.732,-28.7666)]
triangle[(-2.45355,-6.77103),(7.80318,9.65419),(-22.8849,28.8174)]
triangle[(-5.6781,7.41805),(-3.477,5.40868),(-1.35038,7.73821)]
triangle[(19.0195,-18.7697),(19.6869,7.89238),(-16.6858,8.80284)]
triangle[(-13.5013,6.13008),(1.98432,4.44615),(3.69829,20.2079)]
triangle[(-16.722,20.4311),(14.2451,12.5025),(23.6444,49.2139)]
triangle[(-15.9516,-16.9764),(9.63187,-13.215),(4.57211,21.1997)]
triangle[(-12.0061,-14.5972),(-2.90978,8.86859),(-47.6548,26.2135)]
triangle[(13.085,-18.8199),(14.3959,9.57222),(-36.665,11.9298)]
triangle[(-3.65897,12.4879),(16.1277,7.63296),(25.8121,47.1025)]
triangle[(-10.5472,13.4729),(15.4894,-0.357348),(34.3788,35.2035)]
triangle[(17.4572,-15.2204),(-14.3925,0.629527),(-43.9055,-58.6755)]
triangle[(20.3336,-20.8385),(13.6844,-2.49424),(-13.3348,-12.2878)]
triangle[(18.6172,6.80537),(-15.5561,0.7269),(-7.60665,-43.9648)]
triangle[(-13.8326,-13.2874),(1.81188,15.4426),(-34.9335,35.4517)]
triangle[(12.8761,-7.08937),(7.97014,-13.4847),(15.5109,-19.2693)]
triangle[(17.682,3.73994),(16.2295,-13.7295),(35.6314,-15.3427)]
triangle[(-17.5055,7.35457),(3.19996,-7.75768),(32.3363,32.1624)]
triangle[(-5.10765,-1.51278),(-9.46635,7.49751),(-23.091,0.906617)]
triangle[(-12.1063,-18.4221),(18.7842,6.58863),(-16.6521,50.3557)]
triangle[(2.81915,9.05886),(-11.9483,18.9714),(-31.6502,-10.38)]
triangle[(-4.70774,9.10718),(20.3072,-16.3904),(65.9693,28.4074)]
triangle[(7.33656,5.65882),(0.601199,10.0989),(-5.53128,0.796348)]
triangle[(-12.4063,-16.9378),(5.96296,7.69011),(-30.7559,35.0776)]
triangle[(9.3998,-19.7182),(13.4161,3.80438),(-18.7878,9.30303)]
triangle[(-5.0146,-4.42543),(-12.4512,-18.2649),(14.1223,-32.5441)]
triangle[(17.1643,-12.4551),(-1.83858,-2.13166),(-20.5186,-36.5168)]
triangle[(17.6429,11.4721),(-9.46285,2.34346),(3.00928,-34.6901)]
triangle[(6.17332,13.6419),(3.35527,18.4847),(-2.22464,15.2377)]
triangle[(7.12287,-12.3787),(-17.8298,9.24332),(-51.2549,-29.3306)]
triangle[(18.5575,-20.8014),(11.3453,-1.90535),(-22.2546,-14.7297)]
triangle[(-10.418,-15.7712),(5.29245,4.59806),(-28.886,30.9593)]
triangle[(18.87,17.8189),(-18.6402,-1.39428),(15.143,-67.3499)]
triangle[(-5.17484,-10.1577),(-14.9038,13.2645),(-54.5383,-3.19865)]
triangle[(15.5281,-18.0026),(-18.7138,-5.45229),(-42.2516,-69.6722)]
triangle[(-17.9216,2.9537),(-3.33414,6.55037),(-8.5008,27.5055)]
triangle[(7.97962,0.686746),(-12.327,-19.1751),(13.4367,-45.5156)]
triangle[(-17.9843,13.3441),(-4.45329,2.15684),(11.745,21.7488)]
triangle[(13.0253,7.73264),(5.99394,0.791262),(16.162,-9.50857)]
triangle[(-17.7433,9.97808),(-7.82563,19.4835),(-25.4655,37.8884)]
triangle[(17.5527,-9.78854),(-14.6838,19.0529),(-68.2706,-40.8419)]
triangle[(16.9313,-10.381),(-8.62205,9.36502),(-30.2745,-18.6555)]
triangle[(19.5791,-6.10447),(7.46447,4.19037),(-11.0573,-17.6054)]
triangle[(-15.6404,8.88698),(-1.7608,4.47838),(6.72584,31.1969)]
triangle[(-9.93032,11.9388),(7.26611,15.3601),(3.78609,32.8518)]
triangle[(-6.88582,-0.847862),(-12.5312,20.5643),(-42.792,12.586)]
triangle[(13.003,-8.68599),(-16.378,-13.0464),(-9.59036,-58.7826)]
triangle[(-1.01734,-14.7692),(8.74523,-9.19087),(-2.32321,10.18)]
triangle[(-9.72174,13.6115),(-6.53892,11.4816),(-2.93951,16.8604)]
triangle[(-9.60866,-3.64845),(-20.3731,-1.6762),(-23.9682,-21.2984)]
triangle[(-6.93457,6.86513),(-12.289,7.55188),(-13.2253,0.251978)]
triangle[(-7.16239,7.13927),(-6.07696,16.2723),(-23.2738,18.3161)]
triangle[(-19.0831,1.30656),(-13.7905,20.7068),(-44.1912,29.0005)]
triangle[(18.0502,9.11589),(7.55015,6.41567),(10.7085,-5.86595)]
triangle[(7.64458,-2.41599),(20.9384,-10.2054),(34.2876,12.5769)]
triangle[(2.24072,19.0255),(-2.70642,17.8014),(-0.763315,9.94829)]
triangle[(-9.90907,10.7437),(17.0275,7.32638),(23.3171,56.9032)]
triangle[(-20.6442,-14.9122),(-18.4482,-7.58296),(-27.3509,-4.91553)]
triangle[(12.8036,14.3178),(17.1826,14.1137),(17.5823,22.6906)]
triangle[(6.67813,12.3311),(-20.0233,-9.1989),(10.3993,-46.9291)]
triangle[(-17.3017,4.48176),(-5.67848,19.6901),(-32.7208,40.3577)]
triangle[(-7.50461,18.864),(17.5844,14.5399),(24.3271,53.6618)]
triangle[(2.02829,-12.7168),(6.97182,-7.0745),(-1.13071,0.0245672)]
triangle[(12.9225,-19.3381),(-8.96762,19.353),(-58.8665,-8.87813)]
triangle[(-9.5118,2.2207),(-2.23419,18.9185),(-33.786,32.6701)]
triangle[(-12.593,-4.74224),(4.36032,-10.535),(11.8838,11.4833)]
triangle[(18.777,9.08329),(-15.5427,-0.0104325),(-2.66831,-48.5982)]
triangle[(-14.3365,-1.57962),(19.5061,-12.0369),(36.6527,43.4544)]
triangle[(-0.29634,-19.8105),(-15.8775,17.3628),(-59.3559,-0.861173)]
triangle[(7.11176,-5.83519),(2.78259,-5.82433),(2.76979,-10.9257)]
triangle[(17.1319,-8.11665),(16.1267,20.9266),(-28.9631,19.3661)]
triangle[(12.6197,-8.93387),(8.24941,-9.51802),(8.89508,-14.3486)]
triangle[(11.7972,-0.86547),(14.16,-13.2068),(34.4084,-9.33012)]
triangle[(19.739,9.06072),(-15.8292,-14.3776),(26.8095,-79.0829)]
triangle[(5.43361,4.6782),(-15.6962,14.0853),(-28.9912,-15.7774)]
triangle[(5.90332,0.239938),(14.6737,11.4173),(0.732955,22.356)]
triangle[(5.56237,3.40485),(-7.7524,-13.9156),(10.1451,-27.674)]
triangle[(17.5039,20.4616),(-16.3081,20.0165),(-15.4328,-46.4859)]
triangle[(-9.75134,-8.63816),(-9.31,-18.2259),(9.55907,-17.3573)]
triangle[(-3.41674,3.53255),(-5.13899,-9.21331),(13.5857,-11.7434)]
triangle[(9.41116,-9.93866),(16.4086,-9.59745),(16.0479,-2.20015)]
triangle[(-4.26734,14.1257),(-13.0884,9.03339),(-3.90861,-6.8681)]
triangle[(-10.4031,4.11298),(-19.6157,16.8669),(-44.7366,-1.27891)]
triangle[(17.9767,-12.3855),(-16.0693,12.8138),(-49.0109,-31.6924)]
triangle[(-10.1601,12.8329),(15.3413,-6.55731),(42.1784,28.738)]
triangle[(-19.9676,14.9114),(-10.1581,5.35229),(5.03861,20.9471)]
triangle[(-17.9106,7.67997),(-5.20317,2.98115),(-0.42465,15.9041)]
triangle[(20.5267,12.8295),(-0.0276928,16.7044),(-5.81025,-13.9696)]
triangle[(-8.9243,-12.5449),(-2.90956,-13.1665),(-1.84872,-2.9022)]
triangle[(14.0909,-9.55585),(16.8374,-4.41567),(10.3023,-0.923783)]
triangle[(-20.3827,-17.6345),(-2.90755,3.8305),(-29.5344,25.508)]
triangle[(-18.1399,19.4646),(-15.8536,-5.09835),(25.6294,-1.23712)]
triangle[(-16.5584,6.42858),(15.1703,-4.12982),(29.3897,38.6004)]
triangle[(1.92527,13.6582),(3.85643,-18.1232),(38.9604,-15.9902)]
triangle[(-2.19071,20.3417),(7.61568,-4.79371),(57.3227,14.5991)]
triangle[(-16.9985,8.75581),(-8.50355,-12.187),(32.0714,4.27115)]
triangle[(-18.0056,8.16189),(-4.38868,15.5006),(-14.5491,34.3532)]
triangle[(1.04647,4.78146),(-19.6324,-17.9816),(10.7208,-45.5556)]
triangle[(12.5888,-15.9969),(-7.49108,-4.54964),(-30.2723,-44.5107)]
triangle[(-16.1381,1.02634),(14.4739,-16.8574),(41.1129,28.741)]
triangle[(9.32527,16.6215),(7.85745,5.61753),(24.7155,3.36884)]
triangle[(11.685,-20.4626),(10.8747,10.9499),(-41.4568,9.59997)]
triangle[(13.5272,5.26342),(-19.103,10.0033),(-27.6014,-48.5012)]
triangle[(-3.73286,16.4978),(12.565,3.34005),(28.311,22.8439)]
triangle[(6.85853,7.33435),(-9.11014,-4.07335),(6.47032,-25.8831)]
triangle[(-16.1494,9.56409),(-8.84841,-12.3438),(23.1823,-1.6693)]
triangle[(-17.2793,13.8125),(7.03403,-19.1745),(51.9675,13.944)]
triangle[(-5.16001,9.22448),(12.4666,10.5513),(10.3375,38.8342)]
triangle[(18.7106,-20.1366),(16.9817,-1.61093),(-12.5922,-4.3709)]
triangle[(1.05845,-5.8145),(6.65836,-4.37734),(3.92975,6.25472)]
triangle[(6.54726,10.6717),(-19.859,-9.42294),(4.0379,-40.8257)]
triangle[(-15.0362,10.2494),(9.56088,-13.0682),(34.4266,13.1619)]
triangle[(-10.0339,-15.9116),(10.1082,-4.94632),(-4.57643,22.0277)]
triangle[(6.24489,-1.66192),(-5.7885,1.98132),(-12.4775,-20.1121)]
triangle[(13.9593,18.6052),(-12.2502,-2.5782),(10.1849,-30.3363)]
triangle[(12.5805,-19.9053),(-17.6683,13.312),(-58.5302,-23.8983)]
triangle[(-4.74185,18.3317),(-13.259,-2.9211),(11.9181,-13.0108)]
triangle[(-8.02904,-3.01575),(7.16384,16.994),(-22.9966,39.894)]
triangle[(6.2686,10.8072),(-1.46466,2.59046),(11.4203,-9.53636)]
triangle[(16.7891,-12.9083),(3.22977,-9.8344),(-1.99452,-32.8794)]
triangle[(-4.14058,8.37861),(-14.8757,1.27374),(-5.74004,-12.5298)]
triangle[(-6.07195,-3.95403),(15.9769,-20.0814),(45.1516,19.8052)]
triangle[(4.28635,-5.02092),(16.1217,-6.81041),(19.6567,16.5695)]
triangle[(-14.7692,16.2628),(-11.5389,11.7386),(-6.31865,15.466)]
triangle[(-7.69046,8.35357),(7.83155,-14.0819),(33.4066,3.61232)]
triangle[(-0.660678,15.9178),(19.8699,-6.56965),(63.2454,33.0313)]
triangle[(-13.9543,-4.7498),(18.7907,1.18989),(9.88348,50.2948)]
triangle[(11.4921,16.8037),(15.4379,-12.1947),(68.6949,-4.94797)]
triangle[(-16.8033,-3.81689),(2.81858,20.7711),(-26.3973,44.0862)]
triangle[(5.65072,-19.1319),(-8.99155,-13.8036),(-14.8674,-29.9506)]
triangle[(10.9207,-5.64399),(-20.037,-14.7063),(-6.45091,-61.1175)]
triangle[(-13.1965,7.62919),(-4.40108,9.96528),(-8.86068,26.7558)]
triangle[(7.16954,14.954),(-20.7674,10.1651),(-14.8446,-24.3867)]
triangle[(3.31947,0.0902792),(7.51362,-17.6195),(40.1781,-9.88371)]
triangle[(15.9898,1.94924),(-9.37304,14.595),(-30.7303,-28.24)]
triangle[(1.97186,7.28236),(17.3577,15.8384),(2.34355,42.8375)]
triangle[(2.7998,-9.74869),(15.701,-18.9834),(25.3281,-5.5341)]
triangle[(15.1557,-11.9187),(-15.7984,-20.7931),(-1.53517,-70.5437)]
triangle[(13.4256,20.4208),(18.5899,13.0068),(33.2888,23.2454)]
triangle[(-20.9188,-14.1942),(-18.4363,-14.7486),(-17.3518,-9.8923)]
triangle[(5.40347,-7.01278),(4.33941,14.9514),(-21.2419,13.7121)]
triangle[(-16.9591,5.8232),(-14.8394,12.2337),(-26.7563,16.1741)]
triangle[(-1.71915,6.82642),(12.7057,-19.4103),(64.9677,9.32313)]
triangle[(3.9801,-4.86181),(-3.83717,11.0749),(-34.1007,-3.76999)]
triangle[(3.03423,-2.68014),(8.52357,-16.8002),(34.6384,-6.64766)]
triangle[(2.34922,19.2357),(-11.9332,0.451623),(15.6893,-20.551)]
triangle[(-16.2828,2.1233),(20.0802,1.72595),(20.7582,63.7733)]
triangle[(2.01463,14.4057),(15.6258,-7.00495),(52.1872,16.2379)]
triangle[(17.207,-17.5411),(2.56091,-3.13596),(-24.2364,-30.3816)]
triangle[(13.9301,14.1357),(11.8133,-6.82179),(44.6956,-10.1431)]
triangle[(-15.4624,6.97334),(-15.8706,-15.1738),(14.4531,-15.7328)]
triangle[(-12.8213,16.789),(19.8162,-17.4483),(60.0726,20.9269)]
triangle[(13.719,1.55895),(10.0573,4.43887),(4.30173,-2.87901)]
triangle[(-5.37206,5.9476),(-4.05266,-4.54923),(10.0035,-2.78244)]
triangle[(3.37349,11.6812),(14.3165,-17.2061),(69.5799,3.72858)]
triangle[(-4.81119,3.36832),(13.6717,11.5696),(4.99141,31.1319)]
triangle[(7.34669,7.81069),(3.80688,-17.5462),(54.4019,-24.6092)]
triangle[(-6.33032,-11.5861),(-11.3627,-20.6963),(2.62654,-28.4238)]
triangle[(6.52934,-6.14436),(-0.471186,1.80885),(-9.04493,-5.73787)]
triangle[(-20.4423,-20.8594),(-19.9718,-15.3082),(-25.7396,-14.8193)]
triangle[(-16.2533,6.20283),(0.431726,17.7132),(-14.8253,39.8294)]
triangle[(-16.1581,4.5728),(-19.9322,19.5315),(-42.5228,13.8319)]
triangle[(-15.8127,-7.45694),(1.3914,12.2063),(-20.3674,31.2439)]
triangle[(-3.98868,0.0729876),(-19.2055,-9.21061),(-7.69325,-28.0803)]
triangle[(1.6682,3.42843),(-14.2641,3.05958),(-13.7745,-18.0866)]
triangle[(-6.64121,-5.07822),(15.4697,-15.5995),(33.227,21.7183)]
triangle[(1.70544,17.9101),(19.2699,-12.5981),(79.9175,22.3184)]
triangle[(16.8628,19.8212),(19.1834,10.8019),(35.1013,14.8973)]
triangle[(13.4972,-15.3837),(-0.861355,-14.6974),(-2.10009,-40.6141)]
triangle[(-10.4308,-5.77231),(9.6427,-11.1073),(19.5431,26.144)]
triangle[(15.27,-0.444677),(5.11756,1.14196),(3.19294,-11.1731)]
triangle[(-8.66846,17.7459),(9.73503,-16.0701),(43.8003,2.46913)]
triangle[(-11.6143,-3.24644),(-13.622,14.5409),(-39.7556,11.5911)]
triangle[(18.967,-15.6501),(-14.3762,8.92428),(-42.8683,-29.7346)]
triangle[(9.37991,8.8224),(19.8744,-0.845877),(34.617,15.1566)]
triangle[(-6.45271,-13.754),(-7.46763,20.7303),(-75.1971,18.7369)]
triangle[(1.36815,-20.892),(7.56068,-11.2655),(-8.96121,-0.637267)]
triangle[(-19.0588,-13.0362),(-7.94198,18.6656),(-52.3887,34.2517)]
triangle[(-1.08228,-11.5355),(2.2292,16.502),(-39.5949,21.4418)]
triangle[(-12.1838,-16.563),(6.50123,-3.53161),(-7.52931,16.586)]
triangle[(18.2575,-12.953),(18.5686,-5.42914),(4.96324,-4.86657)]
triangle[(13.1804,4.84369),(-5.42329,15.3443),(-20.1943,-10.8251)]
triangle[(13.0748,7.12005),(-1.44467,-14.5225),(39.3021,-41.8584)]
triangle[(-1.15271,-16.1167),(9.95166,3.75255),(-28.1001,25.0187)]
triangle[(18.6693,-5.82661),(17.4382,1.84591),(7.15709,0.196248)]
triangle[(-1.25772,-4.44737),(-13.1971,14.7588),(-37.2815,-0.213121)]
triangle[(16.9963,-10.7833),(-0.612678,-1.31827),(-18.9666,-35.4642)]
triangle[(-12.1374,14.4153),(-18.1338,-13.7203),(35.0029,-25.0451)]
triangle[(-6.81727,-15.4984),(3.8347,-18.2292),(7.27147,-4.82306)]
triangle[(5.63626,-4.99841),(-18.4026,11.2368),(-50.3782,-36.1082)]
triangle[(1.98448,13.5523),(-14.941,3.77402),(3.08706,-27.4311)]
triangle[(20.9373,9.06606),(-10.1074,18.6513),(-28.3702,-40.4982)]
triangle[(-17.0039,2.68449),(11.6153,-3.1064),(20.1699,39.1715)]
triangle[(-2.31926,-0.631568),(-13.8691,15.7332),(-40.1355,-2.80502)]
triangle[(5.92095,-6.0608),(-2.99563,-1.80597),(-7.77292,-11.8174)]
triangle[(2.71536,-0.201273),(19.3059,11.8072),(-2.29038,41.6441)]
triangle[(-20.4479,16.5392),(-6.06615,-9.60032),(31.2427,10.9268)]
triangle[(15.7931,9.69253),(8.33839,-4.29997),(31.273,-16.5187)]
triangle[(17.8381,-8.53806),(3.34747,-4.70348),(-1.63184,-23.52)]
triangle[(20.593,12.4793),(-16.4667,1.43642),(-4.66245,-38.1781)]
triangle[(10.408,4.43055),(-10.3015,18.4034),(-24.5088,-2.65371)]
triangle[(12.1404,-0.055687),(8.66086,-15.8677),(31.2508,-20.8387)]
triangle[(-19.2173,1.58782),(-7.16707,0.0529246),(-5.46739,13.3969)]
triangle[(-4.98673,-1.59129),(-19.6663,13.8354),(-37.9586,-3.57093)]
triangle[(-7.29051,15.0833),(-9.20967,-6.75329),(14.1493,-8.80624)]
triangle[(9.97294,-11.2507),(-11.0949,11.5151),(-40.5759,-15.767)]
triangle[(-0.500239,-14.3312),(-8.10388,-15.0365),(-7.06965,-26.1867)]
triangle[(9.5576,-16.1779),(-13.9092,-1.01572),(-44.1133,-47.7633)]
triangle[(-5.60929,-18.5837),(17.3287,-3.5205),(-12.6528,42.1348)]
triangle[(-4.31019,11.6375),(19.9535,-13.4152),(58.6743,24.0862)]
triangle[(1.06727,16.5744),(-2.50908,17.2833),(-3.69085,11.3212)]
triangle[(-9.99865,19.5226),(18.1212,14.0483),(28.1194,65.4059)]
triangle[(-11.2918,13.5025),(9.50389,-12.2932),(51.0842,21.2277)]
triangle[(-17.1928,-11.8354),(-18.553,14.936),(-70.2204,12.3108)]
triangle[(7.82889,6.76109),(4.57324,-1.98385),(17.3777,-6.75084)]
triangle[(15.8808,16.4573),(15.6268,-14.715),(68.9299,-15.1493)]
triangle[(-15.9631,16.0782),(7.36265,17.9997),(4.5711,51.8881)]
triangle[(-19.538,5.44475),(-12.5571,-4.57165),(2.27165,5.76323)]
triangle[(-14.0257,12.4277),(20.127,0.923455),(39.8282,59.4107)]
triangle[(-7.89285,10.2697),(18.1122,-15.5785),(62.8543,29.4351)]
triangle[(3.41613,4.66254),(-19.7363,17.7589),(-39.1065,-16.4847)]
triangle[(3.71996,-8.57742),(14.1984,-5.0147),(8.04785,13.075)]
triangle[(12.0939,-9.80283),(4.24259,-0.120947),(-8.16603,-10.1835)]
triangle[(-7.05387,0.722655),(-5.32584,15.3832),(-34.6095,18.8349)]
triangle[(2.60485,-16.7516),(-5.94923,10.7992),(-40.5459,0.0574655)]
triangle[(10.9182,9.95697),(9.5768,-19.8393),(41.257,-21.2655)]
triangle[(0.254294,-10.5575),(-11.9651,7.27352),(-43.9746,-14.6622)]
triangle[(16.7228,9.665),(-1.02384,9.56032),(-0.853256,-19.3606)]
triangle[(-13.9097,-4.16394),(-2.35731,-8.08366),(4.85886,13.1841)]
triangle[(-14.1975,15.4038),(4.46579,-13.1452),(42.8979,11.9788)]
triangle[(-20.4275,10.2077),(-3.01128,-20.8144),(39.2364,2.90405)]
triangle[(4.58813,-20.6102),(-17.2971,-12.0544),(-31.8303,-49.229)]
triangle[(8.23648,3.40923),(2.90597,2.10542),(4.47682,-4.31685)]
triangle[(7.83407,12.7692),(-0.186734,-6.85544),(38.8337,-22.8035)]
triangle[(8.72447,-6.02334),(-0.565389,-3.21349),(-3.8692,-14.1365)]
triangle[(-13.0319,-0.654881),(-7.90772,4.89271),(-18.4767,14.6549)]
triangle[(-12.1216,-7.65913),(-18.896,-0.0562515),(-27.4951,-7.71832)]
triangle[(-16.6555,4.60575),(19.7452,-0.136516),(26.4536,51.3562)]
triangle[(6.15023,-5.43124),(-13.0822,-12.8264),(-0.429449,-45.7322)]
triangle[(5.91643,-2.50118),(-9.93689,-4.41001),(-6.19806,-35.4619)]
triangle[(-5.42018,-10.6997),(-1.61301,-1.59296),(-18.7967,5.59087)]
triangle[(6.9176,-5.78236),(-13.178,-20.312),(9.12674,-51.1612)]
triangle[(0.246013,2.90275),(7.31486,-19.0417),(31.9917,-11.0927)]
triangle[(-11.4225,-6.59353),(1.80182,-2.60511),(-3.85285,16.1439)]
triangle[(16.9407,8.0025),(13.5809,-5.74349),(34.9456,-10.9655)]
triangle[(-8.60023,-19.5761),(19.2738,-19.5374),(19.2322,10.3784)]
triangle[(-8.7092,-16.7452),(10.0947,-2.93857),(-9.68261,23.9971)]
triangle[(11.0025,-14.5497),(-12.5734,-13.0279),(-15.2447,-54.4153)]
triangle[(14.758,13.5482),(-2.36565,8.23806),(6.23974,-19.5117)]
triangle[(-16.4153,-3.90442),(-15.0846,0.728071),(-20.8244,2.37688)]
triangle[(10.7939,2.00813),(5.58763,-19.2536),(46.1361,-29.1825)]
triangle[(-18.8536,-0.971162),(-2.12921,16.2699),(-29.4778,42.799)]
triangle[(-6.86622,15.0012),(16.7188,1.41779),(43.2049,47.406)]
triangle[(20.0231,-0.913696),(-20.4538,18.0916),(-49.1571,-43.0398)]
triangle[(20.3776,18.1496),(6.31585,-12.1643),(42.4335,-28.9182)]
triangle[(-12.1436,-20.2925),(-5.5036,4.76989),(-46.2466,15.5643)]
triangle[(6.1215,8.49297),(14.7619,-18.6859),(43.2332,-9.63457)]
triangle[(-16.6628,-12.9025),(6.72765,-14.1754),(8.363,15.8736)]
triangle[(12.1725,8.27084),(4.1436,-1.96751),(21.1568,-15.3093)]
triangle[(-13.6285,5.50354),(3.28769,-8.525),(27.8264,21.0648)]
triangle[(-13.7815,-8.99165),(-13.1967,-15.9119),(0.153134,-14.7837)]
triangle[(8.02523,20.6455),(-20.1617,1.17715),(15.7486,-50.8147)]
triangle[(4.34119,-19.5072),(14.1802,-14.9887),(7.5017,-0.446626)]
triangle[(1.47001,-8.49459),(2.83673,12.4212),(-27.5069,14.404)]
triangle[(19.4222,9.98431),(-1.65384,-20.9398),(47.1961,-54.233)]
triangle[(9.96432,14.7877),(2.75824,-18.9797),(50.6605,-29.2022)]
triangle[(-17.4667,15.4839),(-14.4916,17.6716),(-17.7515,22.1047)]
triangle[(-7.48084,10.9783),(-7.26465,-16.1131),(25.2442,-15.8537)]
triangle[(-1.799,-13.1966),(10.8269,0.443619),(-12.8434,22.3538)]
triangle[(16.1375,-20.7103),(-1.90862,-3.0023),(-34.9647,-36.6895)]
triangle[(-1.47471,0.591041),(0.525295,-11.8866),(25.0245,-7.95962)]
triangle[(6.77072,17.2615),(7.91098,-4.46849),(40.6731,-2.74933)]
triangle[(10.0324,-11.2868),(16.4834,-7.05597),(9.77685,3.16993)]
triangle[(-7.97686,-15.4808),(16.173,10.6486),(-17.4835,41.7554)]
triangle[(19.6916,-0.332465),(-0.0402322,-16.6931),(20.4678,-41.4269)]
triangle[(8.39993,-0.738547),(10.6662,20.019),(-30.2411,24.4851)]
triangle[(-12.3882,4.99302),(-6.95027,0.17634),(0.587685,8.68661)]
triangle[(-9.92908,-12.304),(3.65809,-15.58),(8.91546,6.22521)]
triangle[(-6.92225,-14.178),(-18.4594,-13.635),(-19.199,-29.3489)]
triangle[(17.4439,-16.7533),(15.5619,-18.0937),(17.1712,-20.3533)]
triangle[(-8.95317,20.3848),(-17.8066,9.96003),(0.222958,-5.35175)]
triangle[(11.1782,-19.2176),(13.8809,2.87157),(-19.1143,6.90878)]
triangle[(20.0271,4.73483),(0.143041,13.696),(-11.1779,-11.4243)]
triangle[(-1.82156,-3.41934),(11.0705,-14.3361),(27.6277,5.21697)]
triangle[(7.45749,-9.45366),(14.7739,-12.9931),(19.7918,-2.62065)]
triangle[(-13.6063,15.5304),(-8.99989,-8.39969),(17.5054,-3.2975)]
triangle[(5.39257,19.087),(-18.5724,-9.21355),(22.0464,-43.6096)]
triangle[(-2.55519,-9.12149),(12.6389,-1.36349),(-1.43231,26.195)]
triangle[(4.91163,19.5464),(-14.5852,-13.9156),(19.9687,-34.0486)]
triangle[(-16.7877,6.74884),(-4.85353,-4.44571),(11.5283,13.0185)]
triangle[(5.78851,13.1328),(2.65534,8.86816),(8.03254,4.9176)]
triangle[(-12.2727,4.19963),(-15.4597,-5.11957),(-0.780459,-10.1395)]
triangle[(13.6021,-19.6656),(-8.37275,-12.0084),(-16.6324,-35.712)]
triangle[(6.85999,-16.5168),(7.89496,19.4832),(-60.6918,21.4551)]
triangle[(-7.56522,-1.43467),(-12.9895,-1.28472),(-13.1787,-8.12893)]
triangle[(-8.0453,12.8742),(4.72435,9.81784),(9.3696,29.2258)]
triangle[(-20.1398,7.34641),(6.6898,-6.4791),(22.9065,24.9907)]
triangle[(-12.8524,-5.40793),(12.1043,-10.5293),(17.2852,14.7172)]
triangle[(-7.46995,-18.7266),(-4.6331,-6.59505),(-22.8941,-2.32491)]
triangle[(18.4451,-5.16208),(11.9911,13.2641),(-9.14382,5.86137)]
triangle[(-13.5738,1.98749),(18.4091,3.66689),(16.4337,41.288)]
triangle[(20.8908,-0.833549),(-15.3949,6.71873),(-25.7666,-43.113)]
triangle[(-14.4574,11.3717),(-10.7469,-1.06175),(8.08409,4.55795)]
triangle[(-16.7653,-16.8052),(-11.7433,15.6765),(-69.7808,24.6497)]
triangle[(-20.4889,0.646215),(20.117,17.7891),(1.43456,62.0416)]
triangle[(-19.1555,17.3561),(-5.82635,-10.3554),(33.4214,8.52265)]
triangle[(10.6372,17.9118),(-13.7213,12.099),(-6.89262,-16.5163)]
triangle[(-7.46836,-18.2695),(-10.9992,12.7983),(-55.1496,7.78064)]
triangle[(-8.03449,-6.671),(15.9293,-16.7597),(28.0327,11.9897)]
triangle[(-18.761,-0.134568),(13.2726,2.85267),(9.96421,38.3299)]
triangle[(15.0427,20.0968),(7.30264,-8.52341),(48.9737,-19.793)]
triangle[(14.3259,-0.916875),(-16.8577,-8.12042),(-7.59399,-48.2221)]
triangle[(-18.5665,-7.54838),(12.8317,-15.3924),(25.369,34.7923)]
triangle[(12.0128,-17.8134),(17.2229,17.9151),(-38.3939,26.0254)]
triangle[(17.8634,-1.76442),(-13.6103,-13.596),(9.62119,-75.3954)]
triangle[(-10.1531,-5.32785),(-8.2696,16.1531),(-38.2323,18.7804)]
triangle[(17.4003,-11.6587),(-19.1013,-7.46391),(-23.6515,-47.0575)]
triangle[(-9.5796,-11.1978),(13.9434,20.2892),(-30.3057,53.3464)]
triangle[(1.75323,2.62489),(6.47086,-19.1537),(31.5457,-13.722)]
triangle[(20.5212,11.3499),(-0.0362162,1.92403),(15.3938,-31.7282)]
triangle[(16.9463,14.6126),(14.8864,14.9863),(14.1877,11.1351)]
triangle[(9.40549,-6.9869),(-2.00758,6.96628),(-25.352,-12.1284)]
triangle[(8.86485,-7.93423),(-10.1221,13.6805),(-48.5578,-20.0825)]
triangle[(5.80613,-1.42921),(-10.8451,-15.9211),(9.96169,-39.8283)]
triangle[(18.6392,-7.38931),(14.4023,4.15364),(-2.58401,-2.08137)]
triangle[(-12.208,-15.2624),(-16.2626,-2.08913),(-38.3606,-8.89068)]
triangle[(19.4348,11.43),(-13.8345,11.78),(-14.2238,-25.2154)]
triangle[(-3.16055,6.61978),(-11.5828,14.7361),(-27.1747,-1.44365)]
triangle[(-4.87679,4.9014),(5.36119,-18.5567),(30.8271,-7.4424)]
triangle[(-14.8182,8.55016),(-7.53718,-1.20044),(7.2361,9.83112)]
triangle[(-0.492346,20.8102),(-12.6235,9.23054),(5.66178,-9.92562)]
triangle[(7.31933,-0.0208121),(-1.25809,-16.2733),(27.2939,-31.3419)]
triangle[(19.1135,4.52893),(-16.8335,3.77487),(-15.5366,-58.051)]
triangle[(3.64422,12.6906),(-9.39347,20.8095),(-24.6716,-3.7248)]
triangle[(4.95997,8.23979),(-20.6665,13.6909),(-30.5202,-32.6331)]
triangle[(-10.5283,6.34024),(-5.88402,-7.90182),(20.7715,0.790399)]
triangle[(-11.03,5.48695),(-13.886,15.6257),(-31.9029,10.5506)]
triangle[(-17.6954,14.659),(-9.36012,9.30888),(-2.01264,20.7561)]
triangle[(17.0327,-0.379079),(-12.4638,17.6176),(-43.2353,-32.8166)]
triangle[(14.9079,-0.0194337),(-10.3591,11.5012),(-21.8824,-13.7716)]
triangle[(-6.70623,11.0518),(2.73439,-11.2464),(47.0976,7.53608)]
triangle[(-14.4929,14.4084),(-20.2813,-14.2963),(32.0199,-24.8429)]
triangle[(13.7154,4.58984),(9.48265,-15.7542),(45.2051,-23.1866)]
triangle[(-18.4642,9.25977),(0.171224,13.9067),(-8.06603,46.9404)]
triangle[(-4.37632,17.0735),(8.57549,-8.14191),(38.9479,7.45877)]
triangle[(16.5378,-3.2412),(-18.868,-14.14),(1.29582,-79.6441)]
triangle[(10.9188,-7.3166),(1.75713,11.4567),(-33.0032,-5.50692)]
triangle[(11.5131,0.671687),(-20.7889,-16.6544),(0.354512,-56.0733)]
triangle[(-5.12491,-7.02426),(-15.6341,11.036),(-47.5989,-7.56414)]
triangle[(13.6416,14.9337),(13.9963,8.23982),(21.0456,8.61335)]
triangle[(-1.88303,-0.500975),(-4.54383,-8.29138),(8.76068,-12.8355)]
triangle[(12.06,-11.1767),(-0.977268,-11.747),(0.0821373,-35.9643)]
triangle[(-8.00845,-17.092),(12.6153,3.66622),(-9.93385,26.0694)]
triangle[(-20.1671,4.00292),(-9.87631,16.1882),(-30.9162,33.957)]
triangle[(13.3974,13.9117),(1.14901,6.72796),(13.6612,-14.6055)]
triangle[(-15.2113,-16.7688),(17.5773,-13.1437),(13.3411,25.1708)]
triangle[(-20.1465,-12.7889),(5.24823,0.701702),(-19.9071,48.0539)]
triangle[(-7.01071,17.3438),(18.8653,-16.4674),(78.3468,29.0544)]
triangle[(-9.67515,16.3509),(-14.2004,-19.4921),(47.9496,-27.3387)]
triangle[(-12.1499,17.04),(-20.9439,-4.92867),(19.9954,-21.3166)]
triangle[(6.91289,13.4627),(-14.606,-12.4403),(25.7518,-45.9674)]
triangle[(5.88235,-11.427),(-5.15831,10.4831),(-36.7205,-5.42132)]
triangle[(5.9196,-13.096),(-19.1563,-15.8039),(-16.4194,-41.1484)]
triangle[(15.4954,-8.42878),(11.5989,15.6752),(-13.0992,11.6826)]
triangle[(-18.3102,2.90937),(3.22869,-17.3542),(24.1437,4.87721)]
triangle[(-6.64872,12.0153),(-9.00359,19.9351),(-24.7026,15.2672)]
triangle[(-18.9809,-14.6531),(-15.2103,-8.78137),(-24.1551,-3.0375)]
triangle[(-19.7318,-10.394),(2.89801,14.3507),(-25.7715,40.5699)]
triangle[(13.9404,-6.34541),(-19.0771,-2.07194),(-27.455,-66.8005)]
triangle[(1.05834,4.38193),(4.93452,16.3555),(-16.008,23.1352)]
triangle[(-16.5502,-14.9777),(-12.0776,3.45776),(-43.5001,11.0811)]
triangle[(4.9841,-20.7337),(2.6088,-18.0427),(-0.368978,-20.6712)]
triangle[(8.38999,9.3098),(-15.7587,-12.6657),(14.4894,-45.9051)]
triangle[(-7.03002,-11.404),(-1.51862,-8.73113),(-4.62245,-2.33121)]
triangle[(10.2808,2.16837),(-1.12322,11.6444),(-13.2968,-3.00613)]
triangle[(-8.74708,10.0868),(-9.02626,20.7298),(-20.3701,20.4322)]
triangle[(1.70992,9.78234),(-3.4279,17.214),(-16.7526,8.002)]
triangle[(12.7311,-15.4692),(-17.4662,-15.2971),(-17.7356,-62.5735)]
triangle[(6.21519,13.0538),(-14.3335,1.87542),(-2.44321,-19.9819)]
triangle[(-6.74284,-3.56081),(10.5632,18.1943),(-30.1162,50.5544)]
triangle[(16.5677,-3.00554),(10.8109,-10.7518),(21.8541,-18.9587)]
triangle[(-2.5847,-6.43493),(-16.2905,-17.6135),(-3.79191,-32.9379)]
triangle[(6.7886,-12.4394),(7.73273,-8.80742),(3.73991,-7.76948)]
triangle[(-9.82974,-4.52794),(-16.9596,-17.8311),(1.0221,-27.4685)]
triangle[(-11.8071,-8.41893),(-14.1391,14.2054),(-41.2095,11.4151)]
triangle[(-15.8179,-7.38599),(-17.6575,-2.40876),(-22.8352,-4.32247)]
triangle[(-7.07695,11.0093),(18.699,-12.1641),(64.106,38.3424)]
triangle[(-7.87024,-10.3531),(-12.9403,-11.8273),(-10.2626,-21.0363)]
triangle[(14.1979,3.66131),(-20.5267,-18.9755),(16.0407,-75.0694)]
triangle[(2.14131,-15.1321),(-20.2464,6.61208),(-57.0127,-31.2424)]
triangle[(-4.86262,0.273136),(-9.2451,3.64609),(-15.4147,-4.37)]
triangle[(11.7115,11.4611),(1.70666,-4.82187),(18.1962,-14.9537)]
triangle[(-17.092,-10.5919),(20.1196,7.75489),(-9.22745,67.2776)]
triangle[(20.3678,20.3874),(0.293217,8.4962),(12.6419,-12.3506)]
triangle[(-0.246297,17.7975),(-11.671,-19.3839),(48.3182,-37.8167)]
triangle[(13.2216,-0.072659),(-18.682,19.2703),(-51.8009,-35.3548)]
triangle[(10.3007,-15.6069),(-17.9128,-8.07434),(-30.6834,-55.9072)]
triangle[(-20.872,8.57576),(-8.95496,-18.2532),(38.5207,2.83478)]
triangle[(4.44355,-0.926666),(-0.308461,-8.45397),(7.24563,-13.2229)]
triangle[(-8.08546,-2.16673),(14.8328,-15.6428),(35.092,18.8112)]
triangle[(-19.8319,-2.06989),(-5.47579,14.0561),(-35.2931,40.6009)]
triangle[(-13.8903,-10.9508),(-9.90825,-14.4507),(-3.11666,-6.72346)]
triangle[(5.48222,5.98707),(9.85002,-2.79423),(22.1942,3.34573)]
triangle[(-11.8656,-18.7205),(6.60468,-8.03918),(-10.2839,21.1648)]
triangle[(-14.745,-5.55954),(6.03706,-13.5017),(19.6415,22.0971)]
triangle[(-16.3729,-7.01603),(12.1765,2.08314),(-4.06292,53.0354)]
triangle[(6.1257,10.6219),(14.2767,8.03468),(17.9628,19.6476)]
triangle[(-8.20729,-9.81414),(-8.0699,19.397),(-49.6879,19.5927)]
triangle[(-2.1518,-8.53774),(-12.1789,10.387),(-47.0916,-8.11124)]
triangle[(12.7387,-13.7501),(-1.33574,-8.47857),(-10.2761,-32.3483)]
triangle[(19.0429,12.4367),(11.2341,-3.04255),(34.2774,-14.667)]
triangle[(-14.4709,-15.673),(-6.20072,4.04079),(-42.5028,19.27)]
triangle[(-8.28748,16.2972),(9.31652,16.3521),(9.2276,44.8364)]
triangle[(-8.66092,-1.7782),(-13.5841,-15.6268),(2.98815,-21.5182)]
triangle[(16.5569,-0.107595),(4.41047,0.579996),(3.20208,-20.7665)]
triangle[(12.7295,-2.13259),(10.0451,-0.426358),(8.03899,-3.5825)]
triangle[(3.64368,-14.8973),(-15.0353,7.41616),(-57.0408,-27.7475)]
triangle[(10.0373,-4.34873),(6.40932,1.51424),(-5.1347,-5.62923)]
triangle[(16.1547,-19.3427),(4.55458,-8.99809),(-9.19964,-24.4216)]
triangle[(15.7333,-1.4706),(-19.2825,0.949438),(-23.8159,-64.6449)]
triangle[(7.94386,-19.7296),(-2.88653,2.16355),(-24.836,-8.69471)]
triangle[(9.93214,-9.73287),(-7.69388,19.9217),(-37.4715,2.22256)]
triangle[(-10.6771,-19.3822),(-16.5951,0.98369),(-41.2872,-6.1915)]
triangle[(17.3576,18.4593),(-15.2571,4.7047),(9.20524,-53.2998)]
triangle[(6.98097,-19.3766),(-16.6263,-4.87874),(-44.675,-50.5511)]
triangle[(-16.952,-10.7044),(-1.67836,-4.01821),(-8.80677,12.2656)]
triangle[(-11.2835,2.95363),(-9.14256,-19.5709),(17.8738,-17.003)]
triangle[(-11.7648,-4.64754),(-4.61302,-18.4763),(19.0111,-6.25872)]
triangle[(12.4473,-8.14052),(1.20717,-6.39338),(-2.26014,-28.7002)]
triangle[(8.69421,19.9447),(-10.2175,-6.42803),(17.168,-26.066)]
triangle[(-11.6288,3.18806),(-13.8458,6.78684),(-18.6625,3.81953)]
triangle[(-2.74638,17.5002),(-12.2158,1.43283),(13.001,-13.4288)]
triangle[(15.2082,-3.98134),(12.2025,-2.31668),(9.00906,-8.08267)]
triangle[(-1.63574,-11.9198),(-20.4935,16.934),(-71.5131,-16.4105)]
triangle[(5.93454,14.1889),(6.74452,-20.3585),(46.3048,-19.431)]
triangle[(-13.929,-12.6304),(-14.9739,1.2579),(-34.1778,-0.186974)]
triangle[(20.8798,-9.54461),(7.37341,-0.749436),(-5.93826,-21.1916)]
triangle[(3.49385,-0.177353),(-7.11104,4.80571),(-13.5818,-8.96527)]
triangle[(10.6284,-0.112556),(17.3675,-2.13373),(20.4818,8.2502)]
triangle[(-17.2711,6.78199),(-10.207,-10.9435),(10.9216,-2.52312)]
triangle[(18.2332,1.88639),(2.38361,1.22854),(3.61456,-28.4285)]
triangle[(1.69168,8.44147),(-5.97918,-16.1832),(19.3664,-24.0786)]
triangle[(4.55544,0.852226),(10.3233,13.6441),(-8.64328,22.1962)]
triangle[(-19.8773,-9.4277),(16.8406,-15.6385),(24.0165,26.7849)]
triangle[(-9.47525,13.776),(8.16893,1.13208),(24.8899,24.4656)]
triangle[(-10.6277,10.1467),(-9.37337,-9.81328),(27.6765,-7.48505)]
triangle[(-4.48428,16.1713),(-18.8163,-14.7916),(39.8565,-41.9499)]
triangle[(-2.75275,8.77559),(-8.48582,-11.5849),(26.326,-21.3872)]
triangle[(6.34225,11.7187),(-4.3807,-4.8968),(14.2327,-16.9092)]
triangle[(20.0983,-9.89275),(-9.20459,18.9606),(-63.3447,-36.0229)]
triangle[(4.06786,2.72675),(9.41008,-15.3931),(41.1175,-6.04492)]
triangle[(4.38241,-13.9288),(-18.7987,17.2881),(-74.6409,-24.1794)]
triangle[(16.9068,-12.8277),(-15.7708,2.34717),(-44.6632,-59.8698)]
triangle[(3.85343,11.3788),(0.55341,9.8102),(2.57313,5.56108)]
triangle[(-18.4661,-8.08801),(11.2165,-20.5403),(35.5449,37.4517)]
triangle[(6.62729,4.40544),(4.79481,8.78641),(-3.78944,5.19577)]
triangle[(-11.0998,-10.1941),(-4.18722,-8.33585),(-7.8117,5.14694)]
triangle[(0.669278,-10.1659),(12.5316,4.85039),(-15.5033,26.9968)]
triangle[(14.1672,0.880175),(-10.8393,9.27314),(-25.9539,-35.7601)]
triangle[(-8.36409,-1.6594),(-5.36353,-8.35464),(7.95248,-2.38689)]
triangle[(2.83738,-1.45218),(-17.0021,20.6259),(-52.1551,-10.9627)]
triangle[(-15.0391,-4.55554),(-12.4914,6.87715),(-29.7678,10.7271)]
triangle[(-1.47617,4.67195),(-17.4378,16.4243),(-35.6045,-8.24916)]
triangle[(-14.3248,11.5452),(-8.49398,20.6591),(-19.0088,27.3861)]
triangle[(8.66748,12.8508),(19.1531,8.51902),(24.9807,22.6255)]
triangle[(-13.3974,-8.48961),(4.41711,1.09876),(-7.64626,23.5117)]
triangle[(-3.52958,-4.29324),(-5.31091,-17.5769),(9.82366,-19.6064)]
triangle[(-0.779765,-4.48727),(-11.3606,-19.2811),(14.2747,-37.6161)]
triangle[(2.56736,7.14955),(4.44403,-4.29624),(16.7416,-2.27992)]
triangle[(17.5913,10.3121),(3.42588,-8.79923),(39.5251,-35.5562)]
triangle[(-14.9455,11.639),(-16.8452,2.9606),(-7.31428,0.874243)]
triangle[(-2.89624,9.89582),(-19.6195,-11.2989),(21.3566,-43.6301)]
triangle[(-16.3819,-15.1869),(-11.5764,-14.9788),(-11.9139,-7.18471)]
triangle[(6.8437,7.39398),(12.5056,14.0667),(3.72458,21.5174)]
triangle[(18.0287,15.3559),(-0.112385,16.6358),(-2.36254,-15.2581)]
triangle[(-14.7274,19.8276),(-12.4353,-5.92256),(19.1557,-3.11054)]
triangle[(-15.8263,-13.5332),(-3.70193,0.688596),(-30.6101,23.6284)]
