triangle[(1.17839,2.68544),(-10.5664,-6.97812),(6.59843,-27.8399)]
triangle[(8.78426,-12.2367),(0.187121,-7.40177),(-5.14904,-16.8901)]
triangle[(-18.9017,-8.62011),(-8.13482,-14.013),(1.73851,5.69926)]
triangle[(2.82668,4.24029),(-11.612,-9.86109),(13.7458,-35.8254)]
triangle[(12.3286,0.225932),(7.1941,-0.595923),(8.49091,-8.6977)]
triangle[(-0.338897,-19.4922),(6.74754,11.2016),(-51.0571,24.5473)]
triangle[(-6.89348,16.9406),(2.31884,15.7138),(3.97322,28.1374)]
triangle[(15.7661,6.60026),(-10.6912,19.291),(-34.2462,-29.816)]
triangle[(5.56249,-9.49934),(1.05567,6.30856),(-22.5054,-0.408677)]
triangle[(17.9345,-16.932),(19.9411,8.48317),(-20.4134,11.6692)]
triangle[(10.6641,7.15379),(19.2566,6.19368),(20.323,15.7378)]
triangle[(20.314,1.72964),(20.7112,9.97745),(7.31391,10.6227)]
triangle[(8.78187,-7.5837),(-14.7052,17.0672),(-60.4432,-26.5115)]
triangle[(-19.3472,-17.429),(11.0076,9.60214),(-35.0659,61.3407)]
triangle[(16.936,3.21531),(2.97081,5.93737),(-0.413664,-11.4263)]
triangle[(-15.1286,0.354214),(20.6679,15.4125),(3.70084,55.7466)]
triangle[(10.2236,-7.73812),(6.28998,8.37718),(-22.4384,1.36483)]
triangle[(9.75637,10.999),(-5.49096,15.5134),(-10.7935,-2.3958)]
triangle[(8.59523,-11.7727),(0.474249,13.7609),(-37.5065,1.68103)]
triangle[(3.64343,10.2397),(3.07436,-16.3565),(51.0432,-17.3829)]
triangle[(-10.5482,-15.5185),(12.3802,-15.327),(12.0151,28.4093)]
triangle[(8.75992,15.2796),(17.2427,10.3206),(23.3876,20.8318)]
triangle[(16.6461,-11.6773),(8.55606,-20.1978),(19.6156,-30.6986)]
triangle[(13.4639,-19.4203),(-6.53145,17.4429),(-75.1041,-19.7523)]
triangle[(-13.9538,-14.5347),(16.3315,10.1757),(-19.4002,53.9687)]
triangle[(18.9866,-18.6595),(16.426,20.1054),(-57.7379,15.2065)]
triangle[(-20.195,17.3195),(2.87075,-5.28276),(37.9385,30.5042)]
triangle[(9.78045,6.60557),(-18.5214,6.27183),(-18.0059,-37.445)]
triangle[(-3.94398,3.322),(7.44825,8.61474),(1.89414,20.5695)]
triangle[(-10.428,-19.5153),(19.399,17.0244),(-42.3974,67.4683)]
triangle[(4.65944,20.7505),(-14.8697,-3.65241),(13.9255,-26.6965)]
triangle[(17.0049,-8.60766),(3.80018,-3.97172),(-1.0123,-17.6793)]
triangle[(5.18573,-17.2191),(9.63058,0.906161),(-16.6563,7.35247)]
triangle[(-18.7669,12.5839),(5.14,17.4491),(0.213045,41.6598)]
triangle[(7.30887,-9.67876),(12.3253,7.21023),(-11.43,14.2661)]
triangle[(-14.2145,5.05106),(-13.1518,-17.6566),(24.9244,-15.8747)]
triangle[(3.34897,-11.3975),(-9.12852,-8.50705),(-13.3278,-26.6343)]
triangle[(-15.3456,18.2667),(13.6141,1.45525),(39.1382,45.4236)]
triangle[(-18.2751,4.68619),(-7.47085,14.365),(-20.2297,28.6074)]
triangle[(-16.9579,-2.36358),(12.7986,-8.33096),(22.3864,39.479)]
triangle[(9.48025,-18.4283),(8.45285,10.485),(-37.2679,8.86039)]
triangle[(19.7926,0.827254),(-19.5377,-3.39695),(-11.2765,-80.3146)]
triangle[(-12.6628,0.69753),(-19.3923,-4.71281),(-9.17143,-17.4258)]
triangle[(-11.9764,1.06898),(17.7161,-6.31626),(29.5721,41.3511)]
triangle[(-12.2615,-13.0948),(-8.59496,-0.826585),(-29.9393,5.55253)]
triangle[(19.8218,10.062),(16.0211,17.262),(5.83872,11.8869)]
triangle[(4.33772,10.6422),(-3.15273,5.06756),(7.90318,-9.78801)]
triangle[(-8.02107,-15.7721),(2.29499,-0.585153),(-23.5365,16.9615)]
triangle[(-19.451,-8.49538),(13.3545,-20.4168),(31.4536,29.3884)]
triangle[(-9.81619,15.0871),(19.3936,-19.823),(70.1816,22.6721)]
triangle[(-16.2161,-4.66942),(9.48458,-20.0739),(37.8432,27.2393)]
triangle[(-2.72714,0.78219),(-8.71208,-4.75231),(1.79338,-16.1128)]
triangle[(-0.333886,-5.9653),(19.3162,-6.8924),(20.6385,21.1338)]
triangle[(0.0283578,0.781683),(-18.0261,1.83866),(-20.011,-32.0663)]
triangle[(-18.3779,-0.438674),(11.7516,0.0325932),(11.0572,44.43)]
triangle[(12.6851,2.69338),(-0.00521373,-17.1919),(36.1564,-40.2694)]
triangle[(10.5264,16.9825),(4.21905,-11.5993),(54.2226,-22.634)]
triangle[(10.8196,-7.82583),(-14.1582,-8.94799),(-12.7285,-40.7701)]
triangle[(2.64628,19.155),(10.951,15.3502),(16.2251,26.8622)]
triangle[(6.54701,-11.9931),(-6.95148,-10.3561),(-8.62912,-24.1898)]
triangle[(15.1612,13.9151),(9.62958,1.14321),(24.9182,-5.47844)]
triangle[(-3.0551,-6.7913),(-11.2862,-19.5528),(1.97331,-28.1052)]
triangle[(18.8298,-5.06031),(-2.74448,8.15259),(-23.7452,-26.1378)]
triangle[(12.59,3.63635),(20.4466,-19.5094),(60.7568,-5.82649)]
triangle[(0.0372366,-8.11657),(19.9499,-17.9296),(32.1163,6.75855)]
triangle[(13.134,-13.7349),(16.6187,14.8658),(-20.8917,19.4359)]
triangle[(19.9374,-20.4275),(17.6663,-9.61909),(4.08172,-12.4736)]
triangle[(6.6812,-17.0185),(5.68326,6.47946),(-29.4397,4.98781)]
triangle[(18.397,-1.77631),(-14.6337,-5.48245),(-9.49823,-51.2518)]
triangle[(-0.597787,3.28487),(0.752316,-15.2317),(22.6479,-13.6352)]
triangle[(11.3581,1.14456),(1.9817,11.6268),(-9.82038,1.06978)]
triangle[(4.77303,-2.01793),(-4.23269,3.01233),(-11.3965,-9.81319)]
triangle[(-3.03222,19.4144),(1.92469,-3.59523),(25.5995,1.50496)]
triangle[(10.0392,20.0357),(-1.82504,-17.0213),(45.331,-32.1188)]
triangle[(-0.91855,6.27337),(2.28943,-19.7474),(42.6503,-14.7715)]
triangle[(0.0961834,8.44174),(10.847,16.8199),(-2.5415,34.0001)]
triangle[(-2.43954,-10.5218),(3.35758,-13.7611),(8.21165,-5.07412)]
triangle[(-12.2397,17.6402),(14.1725,3.98882),(35.8066,45.8459)]
triangle[(12.1007,0.195158),(11.6678,-5.2341),(18.8756,-5.80875)]
triangle[(10.5066,-6.22017),(-7.3727,-10.9351),(1.40531,-44.2219)]
triangle[(-13.8355,-19.2767),(0.476984,7.38176),(-30.8383,24.1945)]
triangle[(0.123314,18.7352),(11.3492,-15.968),(58.0999,-0.844901)]
triangle[(17.8543,3.6704),(12.8866,-1.52652),(21.1989,-9.47209)]
triangle[(-8.49091,13.5392),(10.2046,-7.78674),(31.731,11.0844)]
triangle[(0.340544,-14.4542),(6.00196,-2.38336),(-10.3073,5.26598)]
triangle[(19.193,8.71893),(15.3692,11.2662),(10.4306,3.85269)]
triangle[(-16.3815,1.39763),(4.32949,-8.6588),(20.6359,24.9238)]
triangle[(9.70576,8.80701),(4.36623,18.4246),(-6.26885,12.5202)]
triangle[(-6.78448,-3.76339),(-10.3486,10.9115),(-33.1651,5.37006)]
triangle[(11.3926,-3.2172),(-11.8392,-7.55792),(-3.82902,-50.4288)]
triangle[(9.57387,0.88259),(-9.87307,17.7147),(-34.1665,-10.3526)]
triangle[(-14.3487,-1.26439),(15.4177,-12.762),(30.472,26.2126)]
triangle[(-15.7839,-20.5284),(-3.5211,-2.99922),(-33.3874,17.8942)]
triangle[(10.3972,-20.8423),(16.4695,-0.547459),(-8.22768,6.84197)]
triangle[(0.791168,16.7841),(-2.97967,11.0395),(6.51749,4.8054)]
triangle[(-19.9182,20.2621),(6.74695,18.4258),(8.82165,48.5523)]
triangle[(0.391419,-13.9437),(-2.77099,-10.4016),(-8.43271,-15.4565)]
triangle[(8.29113,7.81937),(8.79155,15.803),(0.0119638,16.3533)]
triangle[(7.81633,9.02177),(-10.9453,-14.0623),(32.9489,-49.7374)]
triangle[(16.9755,0.54423),(-11.0641,-18.8525),(24.7019,-70.5553)]
triangle[(4.69837,11.1959),(-16.5212,18.7293),(-30.5871,-20.8908)]
triangle[(-7.12639,-17.9061),(-10.0163,11.4752),(-46.9241,7.84502)]
triangle[(-9.42037,7.33159),(8.15784,7.31037),(8.18335,28.438)]
triangle[(-15.2294,16.0653),(18.2824,-0.0520044),(42.1762,49.6291)]
triangle[(-13.0142,-15.5532),(-12.7914,4.28205),(-38.8889,4.57523)]
triangle[(-11.6659,-1.02611),(16.9488,-1.91589),(18.028,32.7897)]
triangle[(-2.57237,8.9461),(-6.57286,14.3185),(-15.1602,7.92414)]
triangle[(5.13876,4.41377),(-8.67331,-7.90477),(10.5366,-29.4437)]
triangle[(-14.374,4.64555),(1.35062,12.9359),(-9.69218,33.8812)]
triangle[(-2.07576,11.4758),(-20.1439,-20.3992),(37.3195,-52.972)]
triangle[(-1.49355,14.1957),(13.6985,2.76778),(31.6883,26.6832)]
triangle[(10.8192,-6.19313),(17.2622,7.22441),(-3.17424,17.038)]
triangle[(-13.3109,12.3439),(-10.4056,8.86307),(-6.91397,11.7774)]
triangle[(-9.66017,17.596),(6.98384,-9.30012),(59.8197,23.396)]
triangle[(15.589,20.8881),(-18.6995,5.75493),(7.67305,-53.9994)]
triangle[(9.68609,4.98588),(17.8241,16.3402),(2.39413,27.3994)]
triangle[(12.2362,8.41535),(-2.03796,-2.08018),(12.1006,-21.309)]
triangle[(14.9831,13.3915),(-1.78759,9.03263),(5.28096,-18.1632)]
triangle[(-12.6047,-19.9179),(-14.6115,-10.8626),(-24.7872,-13.1177)]
triangle[(-20.5523,-18.5063),(-12.3136,-1.83443),(-36.5036,10.1194)]
triangle[(-12.1938,-13.0089),(15.7196,-9.29822),(11.0679,25.6942)]
triangle[(1.51781,15.1038),(4.00979,-5.2806),(31.3109,-1.94306)]
triangle[(13.8018,8.82847),(-16.0104,-6.17577),(6.28057,-50.4662)]
triangle[(14.4773,-2.72211),(-0.447643,15.3525),(-20.9945,-1.6138)]
triangle[(20.1722,-11.2762),(10.4571,-6.47601),(2.45751,-22.6663)]
triangle[(4.4875,-2.54459),(9.35093,0.0962743),(5.78125,6.67022)]
triangle[(-0.782196,-18.451),(-7.6035,11.083),(-52.9563,0.608171)]
triangle[(-6.70924,-9.31332),(-8.60736,-19.9507),(6.42453,-22.633)]
triangle[(-5.58003,13.1791),(-8.06684,-7.37624),(27.402,-11.6673)]
triangle[(-0.512672,6.91026),(5.72631,3.14896),(10.2802,10.7027)]
triangle[(-2.97813,-11.3821),(10.4958,-0.688005),(-5.47842,19.4386)]
triangle[(13.7829,18.238),(-9.39035,-15.6635),(57.6511,-61.4894)]
triangle[(-9.51735,-16.3214),(-10.2849,15.0486),(-68.2687,13.6298)]
triangle[(-18.567,-15.2569),(-0.420353,10.4571),(-45.9691,42.6012)]
triangle[(-18.475,8.04277),(-13.6421,-5.50613),(7.39075,1.99634)]
triangle[(-5.64399,-10.1847),(-5.22448,1.76143),(-23.4226,2.40048)]
triangle[(-17.2302,19.4507),(5.82685,-19.2143),(48.1304,6.01257)]
triangle[(1.3596,11.6775),(17.4734,-11.85),(53.8135,13.039)]
triangle[(-18.1594,4.1911),(8.0235,16.687),(-10.5115,55.5238)]
triangle[(5.88157,-7.68188),(-9.15302,7.8378),(-27.8673,-10.2915)]
triangle[(7.3927,-13.0819),(20.8732,17.3336),(-38.0647,43.4554)]
triangle[(4.1549,5.14884),(3.98265,-12.1292),(35.9671,-12.4481)]
triangle[(-9.55833,-10.43),(-9.87477,-14.6261),(-3.26898,-15.1243)]
triangle[(-6.40666,14.1839),(7.33854,4.51336),(25.7087,30.6237)]
triangle[(-19.5924,17.1672),(-5.08633,-0.621504),(28.921,27.1103)]
triangle[(-13.4512,-6.77147),(6.88843,4.43919),(-14.5707,43.3727)]
triangle[(-18.6877,-8.28339),(11.8372,-13.8114),(18.252,21.6098)]
triangle[(14.1134,17.0043),(13.6071,-19.6551),(79.2224,-20.5613)]
triangle[(14.6545,-9.58161),(-11.0154,-11.5972),(-7.61597,-54.891)]
triangle[(18.5996,-10.482),(-10.57,-7.07021),(-16.1155,-54.4815)]
triangle[(13.7043,-17.8034),(-0.109247,-17.6261),(-0.451702,-44.3038)]
triangle[(9.22193,-13.3624),(9.23422,-8.46821),(2.58247,-8.45149)]
triangle[(-3.77124,3.47354),(-10.3263,12.6535),(-22.634,3.86513)]
triangle[(-15.7813,-2.62569),(7.0319,8.3548),(-12.9787,49.9289)]
triangle[(-13.2781,4.57141),(-8.25477,20.684),(-39.3919,30.3915)]
triangle[(-19.9757,10.2267),(5.5246,-9.17353),(34.4046,28.7872)]
triangle[(7.19483,-13.317),(-11.7312,1.51756),(-36.7437,-30.3935)]
triangle[(3.6624,4.77824),(-12.9633,16.3969),(-34.8621,-14.9391)]
triangle[(-18.6281,-6.10951),(-19.0088,10.669),(-37.66,10.2459)]
triangle[(-17.4554,-19.9174),(-1.8448,1.95744),(-41.9566,30.5825)]
triangle[(-0.862336,15.7022),(11.7134,-19.6053),(50.7574,-5.6986)]
triangle[(7.94061,-13.8777),(3.26769,5.1142),(-17.5162,0.000383457)]
triangle[(4.5956,-6.5336),(13.1897,-14.3861),(27.0732,0.808732)]
triangle[(15.6357,-16.3307),(5.08355,-14.1558),(0.926857,-34.3229)]
triangle[(9.7342,8.38727),(-9.24858,5.42103),(-6.21567,-13.9884)]
triangle[(-5.8789,17.7241),(10.9363,-11.4483),(59.0144,16.2642)]
triangle[(-18.1479,19.4126),(-8.2141,-13.6662),(25.4049,-3.57017)]
triangle[(5.66442,10.3632),(9.4585,4.3379),(16.3103,8.65244)]
triangle[(12.7344,11.234),(-17.6667,-5.31535),(8.56699,-53.5065)]
triangle[(-12.357,9.77549),(6.51375,-15.885),(39.4059,8.30386)]
triangle[(6.34773,9.08999),(7.94949,-15.1204),(33.0932,-13.4569)]
triangle[(-2.4286,-5.75875),(-8.80866,-2.50187),(-13.8725,-12.4217)]
triangle[(-3.92471,19.649),(-13.1654,14.2378),(-3.57502,-2.13956)]
triangle[(-16.4255,-17.4839),(4.03922,8.96521),(-36.8376,40.5932)]
triangle[(-0.565839,-7.60197),(8.87699,-10.6721),(12.4285,0.251233)]
triangle[(9.49914,-6.68026),(0.0841691,-19.415),(25.3273,-38.0776)]
triangle[(-9.56289,-20.8967),(4.02945,11.429),(-58.4383,37.6955)]
triangle[(-6.56924,0.113712),(-20.073,-2.40237),(-15.7989,-25.3417)]
triangle[(-10.6302,-14.0189),(-3.95037,-10.5476),(-8.55692,-1.68323)]
triangle[(-17.2088,-5.62543),(-12.4014,8.86533),(-38.9923,17.6871)]
triangle[(-8.32669,-9.5479),(6.05183,-3.45284),(-1.50213,14.3673)]
triangle[(-8.29328,17.55),(14.134,1.33702),(43.8762,42.4791)]
triangle[(-10.8266,-15.547),(15.4643,-18.2338),(20.1723,27.8335)]
triangle[(-4.47776,-20.6526),(6.0801,15.6295),(-53.8378,33.0653)]
triangle[(12.3056,-3.41252),(4.08495,6.51043),(-11.8674,-6.7052)]
triangle[(19.7769,-5.65662),(-19.1256,-18.1388),(-4.67865,-63.1648)]
triangle[(-11.8463,-20.2666),(11.4591,-5.97144),(-10.9597,30.5779)]
triangle[(-5.88543,-5.63131),(-9.90697,-12.1584),(-1.73303,-17.1946)]
triangle[(11.0369,16.7336),(12.649,10.9034),(20.8172,13.162)]
triangle[(9.22679,9.64624),(5.55194,17.3338),(-4.18533,12.6792)]
triangle[(-19.1728,19.2597),(13.9607,-16.7839),(81.7366,45.5197)]
triangle[(-0.914859,-17.157),(-13.4228,-4.76067),(-31.7416,-23.2444)]
triangle[(-2.54226,-6.42357),(16.733,0.628473),(5.77623,30.5763)]
triangle[(-10.6754,9.71091),(-14.1138,8.81315),(-13.0693,4.81272)]
triangle[(17.6977,-13.5234),(-8.83013,0.958094),(-30.5506,-38.8304)]
triangle[(12.9706,-19.082),(-14.3598,-16.4251),(-19.5435,-69.7475)]
triangle[(-19.3679,-2.30044),(-10.8571,12.9632),(-33.8941,25.8084)]
triangle[(-17.5659,8.0718),(12.1242,14.0818),(5.50565,46.7785)]
triangle[(16.9424,18.2739),(7.31723,5.24204),(22.9326,-6.29133)]
triangle[(-7.08725,-18.968),(15.1356,-0.489419),(-19.2355,40.8463)]
triangle[(-3.4675,-20.7999),(-20.0958,15.7188),(-83.1813,-13.0064)]
triangle[(-17.3102,15.9593),(-12.0228,3.03453),(12.7507,13.1692)]
triangle[(-17.0249,-1.57389),(6.64298,-7.36225),(16.2498,31.9191)]
triangle[(18.9576,-8.38793),(-7.82887,6.03942),(-27.8365,-31.1076)]
triangle[(-14.9849,-9.82463),(16.3104,-11.81),(19.2584,34.6585)]
triangle[(-8.88586,-9.56341),(0.251326,-20.1585),(13.2897,-8.9143)]
triangle[(20.8252,6.36996),(18.6925,7.72737),(16.1823,3.78349)]
triangle[(-7.67374,3.5223),(-12.763,-5.15709),(-1.35369,-11.8471)]
triangle[(-4.02743,9.10741),(0.548942,2.44418),(9.93918,8.89348)]
triangle[(16.5038,-2.38162),(-6.27863,20.6326),(-36.9517,-9.73157)]
triangle[(-16.2111,13.2587),(-8.32269,-15.9116),(49.8535,-0.179269)]
triangle[(15.614,8.39178),(12.0781,-2.52855),(32.0398,-8.99196)]
triangle[(-0.0520921,7.01608),(4.32377,-7.69882),(21.4821,-2.59633)]
triangle[(-2.56166,-10.3864),(-12.5624,-8.40412),(-15.3075,-22.2538)]
triangle[(9.8192,9.4086),(-5.81655,19.5033),(-17.6362,1.19574)]
triangle[(8.49627,16.9007),(12.2418,12.7184),(18.7196,18.5198)]
triangle[(-15.406,12.7656),(-16.3717,7.85859),(-8.98463,6.40479)]
triangle[(18.4487,-13.3234),(11.2688,-14.4922),(13.5242,-28.3464)]
triangle[(-2.35792,0.928646),(17.6707,14.5545),(-9.30655,54.2083)]
triangle[(15.7519,-17.6058),(-12.592,11.6536),(-51.6363,-26.1693)]
triangle[(-17.8575,-4.83952),(-14.7209,17.6911),(-48.6259,22.4112)]
triangle[(-6.16479,-1.84657),(10.53,1.58078),(5.96283,23.8279)]
triangle[(6.26271,13.5643),(-10.5108,8.28092),(-0.78016,-22.6116)]
triangle[(-2.00893,-4.26523),(6.8777,17.3497),(-35.1978,34.6484)]
triangle[(-18.7652,-16.5604),(-16.7855,15.5111),(-71.0321,18.8597)]
triangle[(4.33398,0.670081),(8.41332,-10.1457),(29.1738,-2.31566)]
triangle[(-14.5402,2.87515),(16.3079,-16.1318),(38.0978,19.2332)]
triangle[(10.1693,3.07125),(-8.42611,-3.50797),(4.63391,-40.4206)]
triangle[(-0.965596,-15.5088),(14.0772,-17.3756),(16.041,-1.5511)]
triangle[(-2.73158,-20.7349),(-11.0111,7.53521),(-60.9096,-7.07865)]
triangle[(11.6092,-11.5352),(-12.5746,1.53078),(-32.3443,-35.0609)]
triangle[(-10.1869,11.7391),(16.7583,9.60543),(19.5086,44.3382)]
triangle[(17.7431,-2.4291),(-4.87756,18.3819),(-26.1866,-4.7802)]
triangle[(14.3678,-14.8757),(-3.43365,-0.0342121),(-27.4408,-28.8294)]
triangle[(16.462,-8.05632),(-14.6139,5.86167),(-28.681,-25.5472)]
triangle[(3.25475,8.05778),(-13.025,20.0258),(-28.8949,-1.5614)]
triangle[(-8.73706,7.71512),(-6.34563,-5.76312),(14.4843,-2.0673)]
triangle[(4.5921,11.932),(-16.0567,3.83828),(0.101676,-37.385)]
triangle[(-18.1342,-9.06045),(17.5413,-11.3869),(20.3472,31.6396)]
triangle[(-20.9908,8.47064),(7.10896,-7.51244),(29.8825,32.5255)]
triangle[(18.4829,-11.1059),(-2.34868,-1.69719),(-20.9667,-42.9189)]
triangle[(9.52259,3.4343),(17.3744,-4.42102),(28.5054,6.70497)]
triangle[(-20.9522,3.635),(10.9375,-8.89992),(33.1891,47.7098)]
triangle[(11.8307,-3.545),(13.5799,-18.7746),(34.4128,-16.3818)]
triangle[(-8.82337,7.21175),(-16.2602,19.0125),(-34.11,7.76367)]
triangle[(-15.9173,20.9783),(11.9904,10.1998),(33.3729,65.5631)]
triangle[(5.47459,-8.47465),(20.4846,-7.21857),(17.973,22.7956)]
triangle[(-7.95992,19.54),(18.9674,18.9377),(19.9336,62.1329)]
triangle[(-3.49325,-13.9654),(2.46507,2.49284),(-16.1053,9.21581)]
triangle[(1.14031,-6.40105),(3.17582,6.67847),(-19.1642,10.1552)]
triangle[(1.8124,-3.11467),(18.9784,-13.5629),(39.0137,19.3541)]
triangle[(10.4686,-1.47081),(17.2755,20.1795),(-10.3695,28.8712)]
triangle[(14.4547,-18.7652),(-2.38044,-17.0852),(-5.29678,-46.3087)]
triangle[(7.88267,-0.641941),(-15.4418,-1.31556),(-14.0974,-47.8654)]
triangle[(10.8593,-2.5364),(-3.07938,-8.15386),(5.63413,-29.7747)]
triangle[(-3.2092,-13.7801),(6.41387,-1.13356),(-8.68625,10.3565)]
triangle[(-2.78108,-8.44516),(-11.3936,18.9402),(-39.0269,10.2497)]
triangle[(-0.628087,-20.8402),(-17.6789,-12.4876),(-32.9532,-43.6683)]
triangle[(4.60316,-5.12731),(-11.8294,19.9582),(-46.445,-2.71718)]
triangle[(-4.07602,-8.56368),(6.34181,0.214592),(-5.53779,14.313)]
triangle[(10.4229,15.7395),(-16.5064,-3.12919),(12.889,-45.0823)]
triangle[(-17.0586,8.2514),(1.46567,-5.66664),(25.2819,26.0316)]
triangle[(-6.62616,-13.8614),(-7.93061,3.77033),(-42.3114,1.22673)]
triangle[(4.76998,17.2967),(-10.2585,-9.22881),(36.4033,-35.6657)]
triangle[(0.669172,0.358946),(4.77966,0.288926),(4.90101,7.41289)]
triangle[(8.22039,-11.7119),(15.0567,-4.85371),(2.34536,7.81699)]
triangle[(-17.7449,-11.0888),(-3.19884,-18.2208),(9.52789,7.7359)]
triangle[(11.7603,-10.5711),(-1.6358,-2.40258),(-17.2498,-28.0089)]
triangle[(-3.71659,-1.04894),(-14.0011,4.13135),(-23.0251,-13.7842)]
triangle[(-1.71765,-2.06433),(-16.0675,3.9194),(-23.3478,-13.5399)]
triangle[(-14.9556,5.44452),(16.2652,-7.85709),(39.5453,46.7846)]
triangle[(14.6016,4.84706),(2.72099,18.3764),(-16.73,1.29577)]
triangle[(-6.86958,-13.3587),(-12.0862,-14.9488),(-9.72001,-22.7119)]
triangle[(3.61074,-10.4949),(1.89614,-7.22475),(-3.81957,-10.2216)]
triangle[(20.8393,8.87961),(0.917697,-17.0578),(43.0124,-49.3893)]
triangle[(-6.59572,-11.6099),(20.0455,-15.7979),(27.5478,31.9275)]
triangle[(-11.731,0.617748),(-16.9018,-0.691613),(-14.7873,-9.04202)]
triangle[(15.5913,8.79228),(-2.37699,14.9154),(-9.66899,-6.48296)]
triangle[(16.3495,8.94261),(10.7103,15.1731),(-0.50713,5.02039)]
triangle[(-12.8446,-15.4986),(10.3905,-10.2594),(0.224875,34.8232)]
triangle[(9.16401,4.16439),(-8.95953,4.87304),(-9.98236,-21.2857)]
triangle[(-15.392,19.641),(7.4514,-14.1237),(59.6904,21.2185)]
triangle[(-13.4418,-4.68453),(0.424813,-1.23726),(-4.78565,19.7218)]
triangle[(-8.48667,-11.5829),(0.812212,10.2271),(-23.1539,20.4453)]
triangle[(13.3547,-12.6678),(20.7491,7.28803),(-10.4363,18.8434)]
triangle[(-16.2103,-2.20689),(-5.94428,12.0734),(-27.026,27.2289)]
triangle[(-5.90586,-8.94064),(-17.3147,5.7397),(-45.9891,-16.5446)]
triangle[(15.0228,3.79162),(-4.87822,6.96037),(-10.8926,-30.8126)]
triangle[(13.8352,9.83666),(0.183182,-12.9491),(33.6986,-33.0298)]
triangle[(-8.51158,-17.3393),(-5.31778,18.5648),(-56.396,23.1084)]
triangle[(-8.19981,-9.29735),(20.9578,-0.746954),(11.9504,29.969)]
triangle[(6.75689,-17.9172),(-8.40613,18.7738),(-74.245,-8.43494)]
triangle[(-18.5808,-19.2799),(14.1303,18.0459),(-25.3743,52.6665)]
triangle[(-9.60648,0.173791),(1.47206,-2.96318),(5.89464,12.6556)]
triangle[(-7.42112,-1.97767),(-7.70064,-16.6916),(13.6364,-17.0969)]
triangle[(6.54381,10.8188),(-6.4522,-19.6855),(43.0701,-40.7839)]
triangle[(-16.3289,11.9089),(-20.0959,5.0282),(-6.66739,-2.32361)]
triangle[(-9.90931,-4.25102),(-13.5439,-16.525),(10.3462,-23.5993)]
triangle[(-2.13197,-4.34599),(0.0959014,12.3711),(-26.0616,15.8571)]
triangle[(-8.818,7.97786),(-11.1021,10.3311),(-13.492,8.01152)]
triangle[(-5.63358,-0.715949),(-9.37982,19.7702),(-30.1272,15.9762)]
triangle[(10.713,-3.3851),(17.579,14.5621),(-5.60968,23.4334)]
triangle[(17.2034,-15.4575),(-12.5502,20.7574),(-55.2825,-14.3507)]
triangle[(-19.466,0.0105738),(7.63147,7.19244),(-0.123602,36.4527)]
triangle[(-1.03241,-17.9181),(-16.5997,-11.7008),(-29.0105,-42.7759)]
triangle[(-0.754529,16.2994),(-4.63311,15.6859),(-3.62353,9.30372)]
triangle[(7.99733,-6.7898),(-13.5212,17.9878),(-51.4079,-14.9155)]
triangle[(7.09682,14.4045),(-3.85497,7.92653),(7.30562,-10.9417)]
triangle[(1.81335,17.9005),(2.15145,15.5913),(4.92733,15.9978)]
triangle[(18.2371,-9.63544),(1.18303,-3.99176),(-6.02882,-25.7845)]
triangle[(-10.8954,1.33953),(14.2609,15.7085),(-1.26915,42.8976)]
triangle[(5.47396,-6.21274),(-16.7661,-17.9724),(3.06542,-55.4779)]
triangle[(-20.6979,7.56692),(8.95493,4.3727),(13.0358,42.2564)]
triangle[(4.15427,13.1981),(-2.02718,16.4778),(-5.40322,10.1147)]
triangle[(13.8814,1.45824),(12.8564,13.4502),(-0.158343,12.3378)]
triangle[(-2.6726,11.8349),(-17.982,-5.284),(0.144798,-21.4947)]
triangle[(-1.80205,-20.8335),(-2.42568,-17.5112),(-5.98395,-18.1791)]
triangle[(17.0859,-7.15583),(-19.8546,13.7443),(-50.4668,-40.3622)]
triangle[(15.3205,8.57906),(12.6769,-15.4908),(46.578,-19.2143)]
triangle[(10.6456,20.9295),(-11.1739,-13.6259),(51.6484,-53.2942)]
triangle[(16.3757,-0.590109),(17.6731,10.7121),(0.306455,12.7055)]
triangle[(5.74874,15.9166),(-16.8481,-15.1066),(25.189,-45.7258)]
triangle[(-16.0358,-15.3064),(-10.0319,5.00454),(-34.5213,12.2435)]
triangle[(-12.6809,-16.5325),(6.82537,-13.9498),(2.39863,19.4835)]
triangle[(11.4602,9.33531),(18.2636,-18.0696),(61.8992,-7.23681)]
triangle[(-20.235,8.53107),(2.23879,8.77098),(1.77578,52.1434)]
triangle[(4.42235,3.11421),(8.56933,-20.5543),(53.3963,-12.7001)]
triangle[(4.72551,-8.18446),(8.69259,14.3283),(-26.4487,20.5207)]
triangle[(-3.48351,18.2804),(-11.4877,-14.1951),(38.1854,-26.4379)]
triangle[(3.92513,12.9247),(16.6463,20.5415),(8.64381,33.9068)]
triangle[(16.9131,6.09218),(1.09878,-1.27734),(12.0096,-24.6909)]
triangle[(-3.75824,-19.8394),(-18.6572,1.10476),(-58.5349,-27.263)]
triangle[(8.25733,16.7341),(20.7806,-7.58654),(49.7067,7.3082)]
triangle[(-0.30357,17.9771),(-17.09,-4.40358),(17.2481,-30.1585)]
triangle[(-20.676,5.59184),(-14.4537,19.8263),(-33.7995,28.283)]
triangle[(-18.0353,-8.77476),(8.53507,-15.5682),(20.1793,29.9742)]
triangle[(15.4837,-0.455027),(-8.40948,4.79094),(-17.9326,-38.583)]
triangle[(3.07118,-13.2347),(11.4324,-16.6127),(16.2212,-4.75935)]
triangle[(-20.1599,8.53587),(-12.1031,11.5445),(-17.0046,24.67)]
triangle[(3.0303,4.82136),(18.5972,-0.0705971),(27.506,28.2786)]
triangle[(1.04686,-15.066),(-17.0258,18.1037),(-53.6047,-1.8264)]
triangle[(-13.5987,17.9497),(4.51184,10.3993),(14.7827,35.0351)]
triangle[(-15.785,13.3028),(19.9146,4.19696),(33.6423,58.017)]
triangle[(-4.72642,-17.5749),(-14.6075,-5.30088),(-28.9035,-16.8098)]
triangle[(17.914,5.48568),(18.1004,-2.83954),(32.0381,-2.52735)]
triangle[(8.94722,-5.45394),(-9.39717,-3.56193),(-11.4856,-23.8111)]
triangle[(-14.244,17.4073),(-3.43684,15.1221),(-0.985072,26.7172)]
triangle[(-5.09275,-20.9931),(-1.18771,-13.4724),(-13.8081,-6.91945)]
triangle[(11.5116,-17.447),(16.1742,10.8768),(-27.4939,18.0654)]
triangle[(4.13331,14.9886),(16.5423,2.37227),(33.9812,19.5246)]
triangle[(-9.12371,-12.2596),(-2.6432,0.625524),(-26.3198,12.5336)]
triangle[(-5.77554,20.0338),(-9.6056,18.9712),(-7.91911,12.8925)]
triangle[(-17.9762,-9.03973),(11.1339,14.9091),(-23.6678,57.211)]
triangle[(9.06923,18.9697),(17.3366,0.976165),(40.9072,11.806)]
triangle[(5.083,-14.6607),(-17.1566,17.1368),(-52.324,-7.45972)]
triangle[(-2.95795,-17.7545),(1.46654,0.279034),(-27.4682,7.37811)]
triangle[(15.6448,-1.04544),(-8.56577,-5.42893),(-0.419955,-50.4193)]
triangle[(-14.3524,3.40998),(4.37932,3.94849),(3.69066,27.9028)]
triangle[(8.25759,-4.06076),(8.85074,-11.4148),(20.0363,-10.5126)]
triangle[(-4.79508,-7.51353),(-13.4928,6.10368),(-40.4785,-11.1329)]
triangle[(1.85684,-12.4154),(-4.00105,-6.71048),(-13.7715,-16.7429)]
triangle[(0.630828,5.14875),(-5.83949,-9.6428),(9.3186,-16.2735)]
triangle[(12.4189,-9.72825),(19.2875,17.5476),(-21.5662,27.8354)]
triangle[(-6.88339,14.2471),(-11.2379,20.2559),(-19.8155,14.0398)]
triangle[(-20.5769,16.5446),(16.8929,4.89695),(29.7342,46.2066)]
triangle[(-19.9566,11.697),(-19.937,-6.57898),(4.53036,-6.55279)]
triangle[(-3.9046,0.155548),(-18.5736,16.5836),(-49.5511,-11.0771)]
triangle[(-8.59984,-1.75129),(-10.3381,-18.0514),(8.95954,-20.1094)]
triangle[(-12.7801,15.165),(-14.3119,-13.3497),(25.2365,-15.4742)]
triangle[(-14.2426,-5.87374),(-17.3626,-11.048),(-9.79837,-15.6092)]
triangle[(6.40602,14.6866),(-6.48014,8.88442),(1.68438,-9.24814)]
triangle[(1.22562,19.6198),(5.53016,-9.9129),(49.0331,-3.57212)]
triangle[(-17.5672,-0.204878),(-20.1953,9.5428),(-37.2006,4.95792)]
triangle[(1.27539,-10.3195),(14.3023,-0.287178),(-1.37698,20.0721)]
triangle[(-18.0804,-2.56071),(10.1033,-11.3444),(23.7851,32.5557)]
triangle[(-19.1399,-18.2534),(-2.84779,-0.492322),(-28.028,22.6052)]
triangle[(0.508443,-3.41218),(-14.2806,-19.3036),(13.8468,-45.4798)]
triangle[(7.77771,-11.0131),(-5.06058,0.330955),(-17.241,-13.4538)]
triangle[(-14.9176,-10.4643),(-16.018,-17.8496),(-4.57305,-19.555)]
triangle[(4.4935,-8.89362),(-4.41393,-8.75981),(-4.66602,-25.5418)]
triangle[(8.51483,7.69974),(8.04597,11.0705),(1.92576,10.2192)]
triangle[(20.7251,-2.2738),(18.5625,18.5972),(-8.24125,15.8198)]
triangle[(19.3434,-6.59835),(-12.8877,-9.86897),(-9.52968,-42.9609)]
triangle[(2.05559,-9.28531),(20.0893,6.7714),(0.858294,28.3703)]
triangle[(11.4396,14.6471),(-1.05669,2.9491),(15.3418,-14.5685)]
triangle[(14.5102,-10.4669),(16.3182,3.51109),(-6.88308,6.51208)]
triangle[(-1.06115,12.6311),(-8.11715,-10.2866),(19.5875,-18.8164)]
triangle[(-2.56348,8.7834),(10.9803,15.1467),(-0.756474,40.1278)]
triangle[(3.87897,-4.22559),(6.06579,20.3615),(-38.0392,24.2843)]
triangle[(-13.1526,-0.513133),(-13.0666,-5.6542),(-7.0642,-5.55388)]
triangle[(16.5325,-9.8905),(-7.22953,1.55162),(-27.731,-41.0241)]
triangle[(10.385,10.4907),(17.5254,4.25109),(29.1657,17.572)]
triangle[(4.3997,15.3154),(-5.12923,6.94748),(8.06242,-8.07447)]
triangle[(10.6351,11.6446),(-16.5046,0.507505),(2.51719,-45.8462)]
triangle[(9.27195,13.5762),(17.7347,16.783),(13.5645,27.788)]
triangle[(11.9741,0.101229),(20.0124,-7.27022),(29.2001,2.74855)]
triangle[(-3.76144,18.8093),(10.5479,-7.44463),(61.5077,20.3303)]
triangle[(6.77595,11.4755),(-19.8709,-13.6572),(13.488,-49.0257)]
triangle[(-8.70632,11.1821),(6.20246,13.1124),(4.04312,29.7902)]
triangle[(-10.1389,3.71944),(-10.2503,-14.981),(17.5795,-15.1469)]
triangle[(14.2697,-18.5268),(10.3879,3.18286),(-15.6527,-1.47333)]
triangle[(-17.3358,-6.64857),(15.5825,1.89721),(6.34923,37.4634)]
triangle[(12.4727,-0.776894),(12.5222,-5.79072),(19.2622,-5.72416)]
triangle[(-1.36075,-14.6279),(3.81061,19.5088),(-31.507,24.8591)]
triangle[(-12.321,8.12783),(-3.63033,-7.93056),(13.5471,1.3658)]
triangle[(-1.58948,-2.96633),(-10.0659,-15.6719),(15.2952,-32.5914)]
triangle[(18.4641,19.9331),(-19.7239,-2.67855),(22.8318,-74.5494)]
triangle[(-5.74036,-0.572777),(2.10707,17.7686),(-20.5064,27.4439)]
triangle[(-18.7711,12.9801),(-14.2964,-2.99549),(2.99179,1.84685)]
triangle[(-5.93916,6.81416),(14.8536,-1.39044),(30.1587,37.3969)]
triangle[(-6.83221,-19.831),(-11.0859,16.1454),(-64.347,9.84803)]
triangle[(-6.91914,19.6143),(10.6762,2.42409),(42.2946,34.7876)]
triangle[(15.1812,4.22387),(-15.4688,20.975),(-47.9998,-38.5478)]
triangle[(-13.7077,1.22309),(19.1803,-1.27967),(24.0553,62.7816)]
triangle[(-5.28295,11.259),(14.9744,6.37048),(24.5231,45.9385)]
triangle[(1.87326,20.4727),(11.6531,16.3091),(18.8149,33.1315)]
triangle[(15.2143,18.6262),(3.84569,-7.14664),(49.0241,-27.0753)]
triangle[(-3.67394,-13.9062),(-2.1433,20.0508),(-69.2783,23.0769)]
triangle[(-16.3632,-17.3102),(-0.877202,2.20977),(-24.2459,20.7491)]
triangle[(-18.1617,-5.71679),(14.9338,12.9952),(-8.45698,54.3658)]
triangle[(12.8822,17.2563),(5.4357,18.8427),(3.6015,10.2333)]
triangle[(13.4698,5.06584),(14.0107,19.3433),(-2.06163,19.9523)]
triangle[(-13.02,9.40355),(7.23628,10.7521),(4.74106,48.2309)]
triangle[(-18.8176,-20.1122),(14.0153,17.0595),(-41.5029,66.0975)]
triangle[(4.20333,-6.66217),(10.8266,9.74515),(-21.6556,22.8574)]
triangle[(14.0167,-4.50572),(19.069,7.21849),(-1.57294,16.1137)]
triangle[(15.6146,6.44386),(-15.8451,18.0746),(-36.7017,-38.3395)]
triangle[(-3.39459,0.473824),(-1.77925,11.7441),(-14.9926,13.638)]
triangle[(-5.06322,11.1535),(-3.38132,-5.94717),(24.2595,-3.22862)]
triangle[(10.624,11.4365),(-14.1685,-7.44107),(19.4448,-51.5866)]
triangle[(15.3732,15.6521),(-14.0138,18.0849),(-16.5998,-13.1541)]
triangle[(-15.4734,-19.0184),(15.9919,16.0481),(-44.8638,70.6541)]
triangle[(-14.5617,8.10874),(-10.1509,15.3743),(-22.5681,22.9125)]
triangle[(9.18864,17.7181),(-20.701,15.7089),(-17.7912,-27.5776)]
triangle[(1.77242,4.07948),(-13.8132,-18.7906),(20.5902,-42.236)]
triangle[(-17.1895,3.38106),(-0.683848,-17.2908),(25.8185,3.87029)]
triangle[(-16.3317,9.06493),(-1.1113,-20.1737),(52.9647,7.97617)]
triangle[(11.0789,-6.59662),(11.4323,19.5789),(-35.5715,20.2136)]
triangle[(11.8823,-11.2085),(-17.4374,19.2585),(-67.5785,-28.9944)]
triangle[(20.3003,-6.74704),(-2.8874,20.2502),(-38.7362,-10.5401)]
triangle[(-16.1479,-8.52867),(5.10595,-5.13905),(-0.878824,32.3873)]
triangle[(3.02022,5.5297),(9.17646,14.2968),(-2.08338,22.2034)]
triangle[(-14.7454,-8.92713),(-19.5273,16.4285),(-64.5275,7.9417)]
triangle[(12.8738,20.5804),(8.37593,-10.0298),(49.9061,-16.1322)]
triangle[(2.10669,-5.51508),(-18.8744,-0.912145),(-24.5023,-26.5653)]
triangle[(12.7476,-3.70977),(-7.77178,18.823),(-39.4871,-10.0583)]
triangle[(14.6111,-1.00005),(8.08204,10.0785),(-12.0654,-1.79522)]
triangle[(-17.2841,-15.4735),(9.54652,0.786833),(-17.7775,45.8735)]
triangle[(-17.3895,7.48254),(19.6402,-9.2373),(50.7889,59.7482)]
triangle[(12.0504,-3.3366),(14.0504,20.7571),(-26.5013,24.1231)]
triangle[(-16.153,-20.3398),(-16.1973,0.140275),(-41.8564,0.0847438)]
triangle[(-10.6124,-17.2925),(-1.18029,9.87317),(-39.9298,23.3273)]
triangle[(7.22105,-3.69961),(-2.05156,10.6061),(-27.0148,-5.57435)]
triangle[(-3.76646,16.66),(-11.5222,3.74763),(11.3517,-9.99142)]
triangle[(11.519,0.322769),(-20.5073,17.7052),(-43.9857,-25.5527)]
triangle[(1.65143,13.4637),(-12.967,-12.2589),(27.2741,-35.1282)]
triangle[(-9.86242,-20.789),(-5.96922,20.782),(-87.2392,28.3931)]
triangle[(-7.03635,1.34169),(-0.387758,-4.66238),(9.89647,6.72583)]
triangle[(-19.3958,16.161),(20.3328,4.29803),(34.0676,50.2952)]
triangle[(13.9245,-11.915),(-18.8016,-5.6034),(-28.4245,-55.4988)]
triangle[(6.55142,-19.4049),(4.55441,-8.33211),(-11.4945,-11.2266)]
triangle[(3.63545,-5.10119),(-20.2954,-14.3465),(-9.20444,-43.0547)]
triangle[(16.2354,-17.6769),(-16.618,7.94781),(-67.7746,-57.6401)]
triangle[(-19.4502,-15.3279),(-12.3785,3.89422),(-41.9138,14.76)]
triangle[(10.6873,-9.08956),(-9.37728,11.0944),(-42.5115,-21.8438)]
triangle[(7.00313,11.712),(17.3749,2.22985),(28.0131,13.8662)]
triangle[(-5.20052,2.0254),(-8.18241,20.2084),(-28.9319,16.8056)]
triangle[(-18.2981,0.842818),(4.02563,18.7322),(-31.5729,63.1545)]
triangle[(13.1618,9.71691),(8.55407,-17.6072),(49.0264,-24.4322)]
triangle[(-0.93979,20.1232),(11.2116,-8.62108),(59.7361,11.8923)]
triangle[(14.3544,15.5578),(-18.1218,-19.9452),(35.3588,-68.8664)]
triangle[(19.9555,-2.2778),(-8.62996,-20.8062),(15.0119,-57.2807)]
triangle[(14.4666,2.87575),(-11.3435,-15.3883),(14.4528,-51.8426)]
triangle[(2.84756,3.34838),(16.8595,13.2234),(3.9166,31.5885)]
triangle[(13.399,-10.3203),(-2.34305,-3.48099),(-11.182,-23.8256)]
triangle[(-4.157,-10.1324),(-0.846399,16.2727),(-50.5947,22.51)]
triangle[(-6.94097,-0.508944),(-0.968459,-7.81464),(6.6467,-1.58914)]
triangle[(6.34234,-19.0652),(10.1609,6.0314),(-20.6219,10.7151)]
triangle[(15.4605,13.7585),(10.1329,2.85558),(27.601,-5.68003)]
triangle[(-2.82675,-7.72063),(19.586,4.55581),(0.326122,39.718)]
triangle[(0.854173,-5.96514),(20.7667,17.0421),(-16.5783,49.3639)]
triangle[(-2.04715,10.3901),(3.20953,20.695),(-15.4,30.188)]
triangle[(0.424897,8.97902),(15.9618,-12.5319),(57.2584,17.2958)]
triangle[(-4.50875,5.13367),(-2.0843,-15.8423),(28.4262,-12.3158)]
triangle[(10.6046,1.32896),(-18.9682,-2.25291),(-14.0347,-42.9857)]
triangle[(0.07718,-0.714278),(0.965114,-7.08787),(13.5876,-5.32938)]
triangle[(-6.26627,-10.3364),(-2.08069,15.1494),(-40.9483,21.5327)]
triangle[(7.60722,-1.38819),(-0.185078,-15.0984),(21.8796,-27.639)]
triangle[(-15.0252,9.68495),(8.11451,-9.38186),(28.1969,14.9904)]
triangle[(19.7144,-2.68382),(-16.2131,8.85067),(-35.1463,-50.1223)]
triangle[(-9.12928,-18.4532),(-13.4254,-8.88537),(-31.1568,-16.847)]
triangle[(18.1363,-10.1932),(-15.2541,8.31343),(-40.551,-37.3285)]
triangle[(-6.67065,-7.02674),(-2.76978,13.4424),(-29.3051,18.4993)]
triangle[(19.7049,-18.7446),(-4.37879,18.2462),(-61.3245,-18.8296)]
triangle[(11.0218,-7.41802),(-12.7249,-17.7893),(-0.567058,-45.6267)]
triangle[(-16.0787,17.8425),(-19.3579,-17.4437),(20.3786,-21.1365)]
triangle[(17.1518,20.4057),(19.5873,-15.2804),(82.4336,-10.9912)]
triangle[(2.53594,-19.4227),(16.695,16.4638),(-48.3559,42.1296)]
triangle[(11.6603,20.1575),(4.45856,0.821651),(28.0639,-7.97025)]
triangle[(12.095,10.3716),(8.9578,5.47981),(14.6099,1.85498)]
triangle[(-12.4262,17.1129),(14.5387,5.37978),(37.5585,58.2835)]
triangle[(13.9877,3.19607),(-14.3783,12.9324),(-29.5976,-31.4078)]
triangle[(16.5437,1.13172),(-10.4016,16.0659),(-38.1494,-33.9987)]
triangle[(-9.04054,-2.72351),(3.77126,-18.8872),(24.8912,-2.14693)]
triangle[(3.52603,-13.9859),(5.61568,9.0923),(-25.3156,11.893)]
triangle[(-10.5791,10.6751),(19.6513,9.92927),(20.5162,44.9827)]
triangle[(0.290792,1.7939),(-10.2181,-2.90355),(-3.57444,-17.7665)]
triangle[(-19.2446,-0.587718),(13.02,-16.3956),(43.9082,46.6486)]
triangle[(16.1745,16.3621),(-8.03928,7.75102),(7.39839,-35.6584)]
triangle[(-10.7287,12.5843),(-9.00691,-9.57829),(31.541,-6.42819)]
triangle[(10.6248,10.9247),(6.69709,14.5764),(1.83002,9.34144)]
triangle[(-11.592,-1.22718),(6.5095,-17.612),(33.7002,12.4274)]
triangle[(-16.0102,-8.11878),(8.18041,16.5808),(-39.6054,63.382)]
triangle[(11.7303,10.2851),(-15.0577,10.2803),(-15.0528,-17.1942)]
triangle[(20.2066,-6.26539),(-11.0465,11.1251),(-36.3739,-34.3916)]
triangle[(-6.95855,10.5715),(0.829375,16.2943),(-5.47155,24.869)]
triangle[(-4.76694,-3.08421),(6.68461,-10.9619),(21.1346,10.0437)]
triangle[(-16.6783,16.0856),(13.7849,2.78779),(40.3289,63.5959)]
triangle[(-7.09161,9.14036),(-17.7562,14.9357),(-28.03,-3.97003)]
triangle[(-12.283,-20.056),(-11.7766,17.3748),(-77.8064,18.2683)]
triangle[(-8.04767,-17.2625),(-11.6075,-20.4194),(-8.07208,-24.4061)]
triangle[(-5.88138,12.3579),(10.5472,18.6893),(2.22985,40.2712)]
triangle[(5.41798,6.73159),(-1.36669,-19.0587),(43.9266,-30.974)]
triangle[(3.87755,3.02952),(0.71378,3.24397),(0.476685,-0.253902)]
triangle[(-18.0448,-13.2542),(18.5857,-5.71039),(9.45808,38.6104)]
triangle[(1.9155,-4.84511),(-9.89425,11.1439),(-32.1162,-5.2695)]
triangle[(20.9743,-7.88277),(2.78864,14.3762),(-34.0851,-15.7497)]
triangle[(9.62691,15.5787),(19.4902,-20.3221),(86.86,-1.81298)]
triangle[(-5.98655,-14.6359),(-4.35685,3.81228),(-37.2435,6.71747)]
triangle[(-12.3689,17.6559),(-10.104,10.3519),(-0.786768,13.2412)]
triangle[(18.4169,-7.34225),(4.44532,-5.04018),(0.535464,-28.7696)]
triangle[(5.39728,-8.68211),(8.40739,12.7981),(-23.8396,17.317)]
triangle[(-7.49822,-18.8415),(9.93878,-8.41137),(-1.33916,10.443)]
triangle[(17.0127,10.6693),(-2.04024,1.17765),(8.57715,-20.1351)]
triangle[(-16.1433,12.9137),(8.32275,-0.458485),(32.5724,43.9094)]
triangle[(6.16125,-0.501283),(-7.23345,-9.03151),(5.69726,-29.3361)]
triangle[(15.0795,-20.472),(-20.8414,-12.7609),(-35.1579,-79.4518)]
triangle[(-4.4557,-12.515),(6.77764,-11.7067),(5.47144,6.44599)]
triangle[(17.4169,20.7749),(-3.3499,-5.8667),(27.3325,-29.7833)]
triangle[(15.9383,-1.81731),(4.6205,8.40376),(-6.26051,-3.64483)]
triangle[(-19.1958,-4.75467),(-13.2017,-11.5368),(-0.723105,-0.508037)]
triangle[(1.38722,17.2876),(-17.4783,-1.41539),(19.42,-38.6344)]
triangle[(-12.9571,1.52138),(-11.4049,11.6491),(-28.7096,14.3012)]
triangle[(4.2213,-8.96734),(-18.9865,-1.32355),(-30.4177,-36.0305)]
triangle[(-14.0928,-16.7179),(4.38204,-4.51039),(-8.20604,14.5404)]
triangle[(-18.6069,-11.8728),(3.11351,-12.1566),(3.5608,22.0729)]
triangle[(-1.48109,4.22938),(18.6696,18.3111),(-2.79562,49.0276)]
triangle[(19.0218,2.82192),(-17.3099,13.416),(-37.1671,-54.6827)]
triangle[(3.77698,8.6442),(16.3961,19.666),(5.12319,32.5726)]
triangle[(11.0527,-16.2797),(19.7583,-18.0508),(22.4747,-4.69905)]
triangle[(-0.918981,7.89823),(-5.70139,-4.69074),(7.53725,-9.71995)]
triangle[(12.8334,-9.09007),(13.5878,14.1923),(-31.5266,15.6542)]
triangle[(-8.15459,-1.44171),(7.98147,-13.0609),(28.6461,15.6369)]
triangle[(7.10083,14.1711),(11.215,5.91622),(19.9161,10.2528)]
triangle[(-17.2558,-17.6867),(2.87942,-2.04942),(-16.9357,23.4655)]
triangle[(7.52586,5.10434),(-3.57615,-4.47855),(14.2572,-25.1389)]
triangle[(-6.53661,17.791),(0.521539,-14.8232),(60.4428,-1.85541)]
triangle[(-14.8001,-12.6725),(1.94217,-4.74199),(-11.2216,23.0482)]
triangle[(18.4985,19.1632),(-10.7338,-18.6976),(57.2464,-71.1851)]
triangle[(8.56144,9.53392),(19.1693,5.29937),(26.4738,23.5976)]
triangle[(-0.897249,10.2009),(15.9365,19.0526),(6.3248,37.3317)]
triangle[(16.9084,-18.5967),(-16.4581,5.18867),(-61.2955,-57.7101)]
triangle[(20.7418,3.3529),(-11.455,-0.955762),(-2.88801,-64.973)]
triangle[(-3.58038,15.119),(5.28921,8.25325),(13.221,18.5)]
triangle[(-9.74967,3.57502),(-2.03357,-4.71891),(14.38,10.5512)]
triangle[(-7.46189,19.3394),(-11.05,-4.43968),(30.9164,-10.7721)]
triangle[(-8.65944,1.62834),(-9.9372,-19.6229),(24.8898,-21.7169)]
triangle[(-1.49198,11.0476),(-12.9478,7.51418),(-9.18141,-4.69682)]
triangle[(18.9876,-14.6122),(7.84287,18.424),(-56.3225,-3.22211)]
triangle[(0.421306,3.63956),(19.4847,20.2128),(-1.80502,44.7014)]
triangle[(-13.9105,6.71245),(12.7448,20.5424),(-1.38073,47.7675)]
triangle[(-16.1016,18.5227),(-7.33637,-14.2287),(55.9517,2.70901)]
triangle[(8.46527,-6.31181),(10.646,2.43257),(-2.26724,5.65288)]
triangle[(20.1107,-15.7061),(12.5589,-8.54802),(-1.6715,-23.5611)]
triangle[(18.0003,-18.9629),(18.9115,-3.38202),(-4.91506,-1.98866)]
triangle[(-13.93,-8.40077),(-7.09768,-12.8772),(1.62857,0.441528)]
triangle[(-12.7391,5.58054),(10.4463,7.16496),(7.40179,51.7165)]
triangle[(-16.5218,-11.5296),(6.56535,-6.73436),(-2.34347,36.158)]
triangle[(10.1622,9.70977),(-20.7718,-3.88024),(5.92515,-64.6485)]
triangle[(-4.30972,16.6461),(-4.29892,2.80807),(15.4719,2.82349)]
triangle[(-19.8061,-19.604),(6.28907,-3.80782),(-10.847,24.5008)]
triangle[(1.45231,-8.73933),(-1.33879,18.4917),(-31.5392,15.3962)]
triangle[(19.0272,-19.4155),(12.0193,-4.7701),(-5.28449,-13.05)]
triangle[(-14.9586,-12.8999),(-2.07292,-16.0175),(4.08107,9.41769)]
triangle[(-5.96249,-12.4681),(-9.35958,-8.43114),(-16.2959,-14.2681)]
triangle[(10.8,-10.8231),(5.2586,14.9146),(-28.3854,7.67087)]
triangle[(14.8164,-4.53126),(-17.3905,-12.9047),(-6.80024,-53.6382)]
triangle[(-18.6929,16.0681),(14.1211,9.79735),(23.2155,57.3869)]
triangle[(12.6842,-19.2493),(19.489,14.9621),(-46.9291,28.173)]
triangle[(0.230396,-13.7342),(18.8882,8.05272),(-15.2453,37.2838)]
triangle[(-13.8151,8.80984),(1.56209,13.5991),(-3.96639,31.3497)]
triangle[(-16.6296,-7.16337),(6.19389,13.3883),(-14.9663,36.8876)]
triangle[(11.1337,20.3482),(18.0983,14.5025),(27.3477,25.5222)]
triangle[(18.5871,-8.77579),(-0.335275,-9.19046),(0.373906,-41.5522)]
triangle[(-3.50432,-16.9536),(10.1564,1.21945),(-20.5628,24.3112)]
triangle[(-13.5808,-15.2315),(12.3076,0.75508),(-8.77992,34.9038)]
triangle[(19.5356,14.3224),(14.4324,9.86805),(21.0033,2.3398)]
triangle[(-10.9427,-19.6151),(7.03739,-11.8475),(-6.65185,19.8396)]
triangle[(17.936,-17.6482),(18.7639,14.6268),(-37.049,16.0584)]
triangle[(4.72772,18.0278),(-14.1399,9.7037),(-2.45958,-16.7712)]
triangle[(6.44115,-6.10918),(14.6606,7.17415),(-1.17479,16.9727)]
triangle[(-4.95406,19.3259),(-4.46624,-15.4726),(39.2711,-14.8595)]
triangle[(-17.0271,20.4164),(-10.4369,10.467),(4.55084,20.3944)]
triangle[(9.74801,-9.64348),(12.2615,18.9912),(-23.3733,22.1192)]
triangle[(5.29763,-19.0821),(10.2794,-6.47107),(-2.70271,-1.34276)]
triangle[(8.32146,8.54672),(-8.57247,0.307325),(-0.0129492,-17.243)]
triangle[(-9.82881,-8.62502),(0.829533,6.76136),(-19.5557,20.8825)]
triangle[(13.6522,-11.6524),(0.00896224,19.6543),(-59.4856,-6.27314)]
triangle[(14.4001,-20.0445),(-5.09233,-12.7802),(-15.84,-41.6193)]
triangle[(8.41028,-14.6374),(-17.3162,-7.63605),(-30.6628,-56.6786)]
triangle[(8.99726,11.2526),(-11.199,-18.4969),(43.9076,-55.9076)]
triangle[(-19.7889,-2.31296),(18.3329,-9.8855),(27.177,34.6379)]
triangle[(-3.94427,7.38278),(5.30783,-1.94088),(19.7369,12.3775)]
triangle[(-20.6304,-18.6395),(11.3398,14.3489),(-24.6375,49.2158)]
triangle[(4.15891,14.702),(4.54004,1.11506),(22.4312,1.61693)]
triangle[(10.2829,8.82313),(-0.108143,20.7421),(-16.2615,6.65939)]
triangle[(-8.03207,-18.5421),(-7.15009,12.3619),(-64.3548,13.9944)]
triangle[(-4.32508,-15.8667),(-8.48748,-18.4561),(-4.11272,-25.4886)]
triangle[(7.2645,-12.5518),(11.4623,-0.349859),(-1.37146,4.06525)]
triangle[(-20.1089,8.88483),(3.16698,-20.6438),(50.6872,16.814)]
triangle[(17.8258,12.8848),(10.3384,12.8739),(10.351,4.22564)]
triangle[(0.136392,-13.1319),(16.6019,-6.72118),(9.30311,12.0252)]
triangle[(-17.2562,-12.0336),(-16.5733,2.61372),(-33.2411,3.39092)]
triangle[(5.4581,-2.30311),(11.9053,-10.358),(22.7633,-1.66713)]
triangle[(17.7116,-6.01223),(8.05645,-0.209765),(-1.1948,-15.6036)]
triangle[(4.22485,5.24689),(2.46776,2.72613),(5.41638,0.670808)]
triangle[(16.3031,19.1037),(-9.02656,-0.124627),(20.8344,-39.4607)]
triangle[(-11.7841,1.22625),(-19.2489,14.0554),(-36.9516,3.75477)]
triangle[(-18.5288,-6.03241),(11.5608,17.6234),(-32.4606,73.6174)]
triangle[(6.8826,-0.204338),(-0.460093,3.82614),(-7.44775,-8.9039)]
triangle[(-20.4296,10.8289),(18.5285,-14.0771),(51.9697,38.2318)]
triangle[(-3.19281,-9.14958),(-5.63537,-7.53469),(-8.68424,-12.1462)]
triangle[(-4.2477,-3.86643),(6.93505,12.4693),(-21.797,32.138)]
triangle[(-16.9948,-8.98844),(13.0045,-5.8339),(7.29463,48.4665)]
triangle[(-7.08434,6.1491),(4.6304,13.1489),(-3.59331,26.9119)]
triangle[(20.7263,17.5487),(-4.92788,4.14507),(20.4929,-44.5097)]
triangle[(-1.09648,6.57245),(19.1545,18.7139),(-0.54051,51.5636)]
triangle[(-9.68416,11.5815),(16.6092,12.7288),(14.5774,59.2903)]
triangle[(-0.69586,8.83578),(13.8463,4.11036),(21.8115,28.6226)]
triangle[(-19.675,-20.8586),(8.13796,-2.74103),(-12.2382,28.5393)]
triangle[(-6.8562,14.8262),(5.50588,6.49518),(21.005,29.4937)]
triangle[(0.962107,7.75987),(20.5337,14.6952),(8.22148,49.4405)]
triangle[(11.9713,3.31398),(17.95,0.793966),(20.6295,7.15095)]
triangle[(-13.7495,-20.7771),(-10.1131,-20.3313),(-10.5759,-16.5563)]
triangle[(-13.899,-4.91518),(2.97758,-14.1549),(14.3807,6.67329)]
triangle[(-3.0737,-13.9448),(-20.3401,6.10175),(-49.5539,-19.0606)]
triangle[(14.1546,19.8605),(12.5667,4.7222),(28.381,3.06338)]
triangle[(16.1933,17.4697),(-19.8224,11.5616),(-11.4423,-39.5243)]
triangle[(-5.98644,2.8708),(8.8237,-19.5416),(51.2573,8.49845)]
triangle[(8.47532,-15.0331),(10.4278,-12.5787),(7.08018,-9.91567)]
triangle[(-2.79377,10.6244),(-13.7596,4.27753),(-2.95875,-14.3838)]
triangle[(0.0763652,-0.537535),(8.39298,-9.55166),(24.5955,5.3971)]
triangle[(-16.3773,14.6336),(-15.0459,-20.1203),(47.8911,-17.7094)]
triangle[(19.6,13.8171),(3.39303,10.9499),(8.24279,-16.4638)]
triangle[(14.3179,12.5186),(-9.48792,8.84216),(-4.94376,-20.582)]
triangle[(3.99126,-3.83772),(2.37438,1.85475),(-8.20087,-1.14902)]
triangle[(18.7767,-9.3418),(-8.96806,-2.85738),(-19.3086,-47.1014)]
triangle[(10.9774,-7.18252),(17.0287,-15.3188),(27.9622,-7.18716)]
triangle[(16,3.64005),(10.3955,-0.943274),(15.9266,-7.70675)]
triangle[(6.69649,1.0962),(-14.692,19.128),(-44.4369,-16.1539)]
triangle[(8.45529,5.82416),(20.8957,-5.79203),(32.7365,6.88892)]
triangle[(9.60221,-5.3088),(-17.9063,9.58171),(-38.2426,-27.9873)]
triangle[(18.9905,17.8031),(-7.55051,13.8693),(-1.96169,-23.8383)]
triangle[(-19.914,-16.8867),(16.3233,11.0457),(-27.3358,67.6855)]
triangle[(-19.2551,-0.239684),(14.631,-10.062),(28.9699,39.4057)]
triangle[(2.98411,-20.9476),(17.2825,-12.621),(2.93766,12.0121)]
triangle[(10.9821,6.12208),(-17.6475,-20.6238),(34.5269,-76.473)]
triangle[(1.90954,-13.0925),(13.647,14.386),(-28.3994,32.3461)]
triangle[(16.7356,-0.283892),(-18.2021,9.57539),(-29.6172,-30.8757)]
triangle[(-16.6908,3.66967),(8.90259,-8.30219),(27.3307,31.0933)]
triangle[(-12.3998,-15.6072),(13.1586,1.27187),(-5.79621,29.9734)]
triangle[(-17.2776,1.43108),(-8.52956,6.98402),(-19.2928,23.9404)]
triangle[(-10.9788,-18.6665),(-2.5232,5.59267),(-50.6949,22.383)]
triangle[(11.2585,-10.556),(-16.5649,-20.9839),(2.42808,-71.6606)]
triangle[(-8.15904,14.8449),(-20.5473,-20.2906),(28.3949,-37.5468)]
triangle[(-2.3793,-13.4122),(0.560495,20.1763),(-37.7336,23.528)]
triangle[(-14.4298,-18.5083),(-2.5194,-15.3138),(-7.85042,4.56215)]
triangle[(-4.85379,-0.487388),(-17.376,-6.13667),(-8.15706,-26.5714)]
triangle[(18.455,8.86648),(-7.2879,16.0838),(-16.6673,-17.3706)]
triangle[(2.30618,-15.2887),(19.3756,19.6591),(-19.4915,38.6428)]
triangle[(-6.98811,-2.09653),(-0.288165,-2.97564),(1.03152,7.08203)]
triangle[(-12.7509,3.55616),(-0.178411,14.5464),(-17.8148,34.7219)]
triangle[(-1.97236,20.8789),(11.0316,-10.9118),(60.2262,9.21124)]
triangle[(6.15293,9.11342),(-5.65424,11.8139),(-10.3011,-8.5033)]
triangle[(-12.8016,-3.39319),(-10.5322,2.15797),(-17.8381,5.14466)]
triangle[(6.99585,2.78563),(5.38876,-14.2671),(28.5402,-16.4489)]
triangle[(7.053,-1.93202),(-6.86307,7.04845),(-24.2725,-19.9291)]
triangle[(4.52576,-0.371245),(1.37537,11.3887),(-17.3578,6.37022)]
triangle[(-2.58608,12.7812),(19.3943,4.1218),(35.6996,45.5102)]
triangle[(14.3269,-6.1096),(7.90725,5.86969),(-13.4695,-5.586)]
triangle[(10.1372,-19.5522),(7.54786,-20.0292),(8.36503,-24.4649)]
triangle[(-8.80762,6.2371),(-10.0645,-18.8476),(15.3626,-20.1216)]
triangle[(4.87286,15.6489),(-0.63766,-0.374311),(16.4311,-6.24442)]
triangle[(9.39643,16.2686),(14.4961,5.53117),(26.0035,10.9965)]
triangle[(15.2909,1.72854),(12.7684,13.6879),(-1.11438,10.7597)]
triangle[(14.6817,20.4453),(0.742033,14.9191),(10.8997,-10.7031)]
triangle[(13.6369,-11.4408),(17.1423,-5.39171),(9.34957,-0.875857)]
triangle[(5.17021,-11.3135),(19.3954,10.3422),(-13.7969,32.1455)]
triangle[(-1.13138,2.88816),(8.66352,8.55158),(1.99279,20.0886)]
triangle[(15.1908,20.8903),(-4.20776,-18.6939),(44.7148,-42.6687)]
triangle[(13.4436,-5.13617),(18.1162,11.1252),(-12.0259,19.7862)]
triangle[(0.26314,3.27055),(14.7164,1.9891),(16.2242,18.9955)]
triangle[(5.10228,4.60008),(19.4203,-2.86101),(33.283,23.7418)]
triangle[(14.864,17.4997),(13.0051,-5.10298),(39.2258,-7.25953)]
triangle[(0.84918,3.22643),(-0.507565,6.50425),(-4.93651,4.67104)]
triangle[(18.5929,-17.9404),(-20.7711,11.1753),(-61.2323,-43.5277)]
triangle[(-17.4175,-1.70662),(-18.1015,1.77847),(-23.4109,0.736372)]
triangle[(-15.8268,4.32248),(-7.02057,19.7721),(-23.2394,29.0168)]
triangle[(0.0758862,4.22599),(0.987063,-17.3767),(37.3893,-15.8413)]
triangle[(10.1754,-9.92032),(-7.03551,1.86523),(-21.7859,-19.6754)]
triangle[(9.78186,-20.2372),(-1.29004,-13.9762),(-11.3103,-31.6958)]
triangle[(15.8962,0.809705),(7.48853,18.5385),(-22.9618,4.09777)]
triangle[(20.5644,13.5204),(15.0658,-13.602),(65.0078,-23.7268)]
triangle[(-0.583997,9.06041),(9.16979,-20.8068),(51.0316,-7.13592)]
triangle[(-8.45341,1.89856),(0.528593,7.15444),(-9.62712,24.51)]
triangle[(-1.21362,-3.82644),(14.3295,-3.92669),(14.529,27.0106)]
triangle[(-17.3303,0.305641),(5.6823,-0.435872),(7.09762,43.4883)]
triangle[(-9.75961,4.31106),(3.16066,-14.0138),(22.1437,-0.629548)]
triangle[(7.82799,14.755),(11.3334,-10.0521),(47.4277,-4.9517)]
triangle[(19.1562,7.79219),(-11.412,-20.7642),(22.4165,-56.9759)]
triangle[(-14.9155,6.66287),(-7.28006,11.6268),(-14.7924,23.1822)]
triangle[(18.8826,-19.4221),(-14.8098,2.0952),(-40.0921,-37.4925)]
triangle[(9.66945,7.39323),(-9.10546,1.01336),(1.47499,-30.1232)]
triangle[(17.1627,-7.26406),(-9.63164,1.63788),(-20.5825,-31.3236)]
triangle[(-15.4658,4.09874),(-14.2058,5.67126),(-16.5,7.50955)]
triangle[(-20.7003,15.9209),(8.30546,-2.88253),(36.8389,41.1325)]
triangle[(7.13325,-8.67502),(3.33097,-4.13668),(-4.1849,-10.4336)]
triangle[(14.8598,16.7948),(0.486485,-4.51546),(27.6213,-22.8173)]
triangle[(6.30005,-20.0342),(9.83651,-1.98998),(-14.299,2.7403)]
triangle[(12.5545,-16.2871),(2.52072,20.3204),(-68.6517,0.812678)]
triangle[(17.1922,-17.8533),(20.7673,19.7293),(-43.2669,25.8207)]
triangle[(15.2642,-3.84794),(-16.2554,18.8217),(-56.0413,-36.496)]
triangle[(-5.8683,-11.1166),(-15.7407,-17.0296),(-6.22143,-32.9228)]
triangle[(13.1539,-6.94566),(10.7009,15.4077),(-18.2739,12.228)]
triangle[(-8.25621,10.7452),(-1.21898,0.734967),(13.4273,11.0314)]
triangle[(12.3276,2.3903),(-7.04733,10.7809),(-16.444,-10.917)]
triangle[(-13.5544,11.132),(13.85,-1.66628),(34.8985,43.4039)]
triangle[(-10.7285,18.6542),(9.41528,-6.83097),(59.8424,33.0272)]
triangle[(19.4995,15.3879),(-6.28523,-6.46589),(31.7665,-51.3622)]
triangle[(-10.391,19.9274),(-4.87565,15.6243),(1.19942,23.4108)]
triangle[(-5.76418,-1.8601),(19.9752,4.00941),(11.7676,40.0021)]
triangle[(6.75375,16.0162),(-9.65126,20.1188),(-16.088,-5.61982)]
triangle[(-15.401,12.2084),(-9.54075,-9.00165),(14.1319,-2.46097)]
triangle[(-15.5811,8.65509),(15.511,-20.3411),(65.9457,33.7391)]
triangle[(-0.717227,9.62352),(-11.3505,-2.58402),(5.90282,-17.6124)]
triangle[(0.851525,11.433),(18.4626,-12.1329),(63.6577,21.6419)]
triangle[(9.53425,-14.3248),(-12.428,-13.4163),(-13.9048,-49.1148)]
triangle[(-3.86394,-3.19256),(-4.72972,3.51589),(-13.9248,2.32918)]
triangle[(-12.1811,-10.4321),(8.58934,11.4773),(-26.5306,44.7716)]
triangle[(-12.4636,15.7036),(9.88828,-11.2759),(56.4631,27.3102)]
triangle[(-15.7189,-14.4208),(5.66742,3.63085),(-17.3007,30.8418)]
triangle[(-14.6101,18.665),(11.3772,-8.52233),(41.44,20.2135)]
triangle[(1.31553,-8.27615),(16.3925,-1.4812),(7.96915,17.209)]
triangle[(14.7301,11.1739),(4.81015,7.92574),(10.5819,-9.70118)]
triangle[(-18.3495,3.63744),(-15.9531,9.53915),(-27.3497,14.1668)]
triangle[(-14.2977,-3.8938),(-13.6168,6.72641),(-24.619,7.43175)]
triangle[(8.11864,-4.27454),(-16.9436,-5.24174),(-15.9117,-31.9791)]
triangle[(-16.8646,3.74855),(-3.69318,-2.36985),(3.47518,13.0618)]
triangle[(-1.39833,-6.35067),(10.3036,7.48831),(-10.752,25.2924)]
triangle[(9.64507,-17.7889),(-2.58126,-10.8585),(-10.8205,-25.3941)]
triangle[(-20.2656,15.3159),(17.1968,5.30361),(31.1599,57.5483)]
triangle[(16.2201,6.2307),(18.3143,3.2713),(24.0962,7.36283)]
triangle[(-4.97169,19.365),(-1.78381,-8.64053),(46.005,-3.20072)]
triangle[(-9.34492,3.48714),(1.08536,-12.8807),(23.6072,1.47119)]
triangle[(3.50238,-2.49629),(-10.9317,17.0172),(-49.7678,-11.7098)]
triangle[(7.22004,-13.8036),(-14.4214,-20.9785),(-1.52928,-59.8648)]
triangle[(6.5935,-16.4193),(17.5011,-14.7574),(14.5251,4.7742)]
triangle[(-14.1008,9.74406),(-8.15532,10.8196),(-9.28264,17.0515)]
triangle[(-4.70534,8.66494),(-5.425,-14.4858),(32.8924,-15.677)]
triangle[(20.4364,-15.9463),(-5.54742,-9.23859),(-14.709,-44.7282)]
triangle[(9.89597,10.7166),(-6.00862,-8.41076),(26.0905,-35.1014)]
triangle[(20.3108,-18.4727),(5.00309,20.8183),(-51.9134,-1.35623)]
triangle[(-14.6225,14.0927),(0.765549,-2.25425),(21.7362,17.4862)]
triangle[(5.09578,16.7492),(14.5437,-14.0281),(48.3958,-3.63629)]
triangle[(-13.4292,-14.5942),(12.3026,4.35638),(-21.4787,50.2257)]
triangle[(13.2603,7.8542),(17.5852,-9.28944),(37.8727,-4.17143)]
triangle[(4.69168,16.8665),(9.06784,-5.28832),(39.5852,0.739667)]
triangle[(11.0937,15.8953),(5.096,-19.7287),(53.8277,-27.9332)]
triangle[(4.41806,0.489881),(-2.93235,-14.5161),(23.3654,-27.3976)]
triangle[(20.2712,-4.35046),(-11.0578,-15.6367),(2.18306,-52.3916)]
triangle[(10.7512,-2.32849),(-20.3011,2.65515),(-25.6831,-30.8789)]
triangle[(7.48712,-3.42035),(-13.5419,-20.3782),(11.9008,-51.9291)]
triangle[(9.13368,-11.2685),(-15.2509,7.64445),(-50.8606,-38.2674)]
triangle[(13.388,7.30787),(-15.1778,19.2973),(-34.6595,-27.1194)]
triangle[(-8.68066,4.18065),(7.62663,-8.19732),(32.0015,23.9152)]
triangle[(12.5626,4.0595),(0.1177,-0.025134),(8.23201,-24.7474)]
triangle[(7.94169,9.15029),(-17.9668,-8.30337),(7.00015,-45.3646)]
triangle[(11.5815,0.495247),(-3.10036,15.5747),(-31.2812,-11.8631)]
triangle[(-9.32456,-16.5198),(-8.48535,-12.7578),(-15.8618,-11.1123)]
triangle[(-20.0422,18.9799),(-14.8125,-5.0054),(19.5477,2.48634)]
triangle[(-11.2251,4.19243),(16.2411,2.74672),(17.7569,31.5447)]
triangle[(-3.83643,7.68054),(-12.7191,-11.6427),(22.0399,-27.6209)]
triangle[(-13.2621,-3.46347),(2.89648,-9.5409),(13.2469,17.9786)]
triangle[(8.96715,1.78724),(-12.7654,-14.3478),(15.6632,-52.6389)]
triangle[(1.86776,-11.0604),(-6.46433,-8.47477),(-11.5173,-24.7576)]
triangle[(20.2843,-8.71814),(-2.06624,-16.375),(10.9596,-54.3974)]
triangle[(18.7716,-4.25733),(1.75591,-1.02415),(-3.15592,-26.8743)]
triangle[(-13.6587,-14.3529),(12.8152,6.01806),(-17.0487,44.8289)]
triangle[(-0.95758,-3.38667),(-3.09371,-4.84479),(-0.94789,-7.98839)]
triangle[(-18.6003,16.1309),(10.736,-3.25715),(47.5244,52.4078)]
triangle[(-6.93733,11.2814),(-7.57199,-4.04645),(20.2548,-5.19863)]
triangle[(-19.8513,8.18406),(-3.36801,14.2471),(-10.3546,33.2412)]
triangle[(-2.60377,4.50115),(-8.97711,1.5764),(-3.77278,-9.7644)]
triangle[(12.6984,-3.33348),(-17.3724,-15.0652),(1.83534,-64.2984)]
triangle[(-3.19804,-19.5432),(-17.6771,19.312),(-66.2698,1.20441)]
triangle[(18.1006,16.2871),(17.7974,19.1497),(13.6549,18.7109)]
triangle[(8.66377,-13.2575),(0.332984,-10.4673),(-4.00495,-23.4188)]
triangle[(-0.613598,-20.502),(-4.29841,0.744454),(-36.1261,-4.77549)]
triangle[(-12.0538,-17.2442),(-10.9025,-10.9316),(-19.8631,-9.29736)]
triangle[(-18.0209,-2.61122),(20.5358,5.22815),(8.90051,62.4547)]
triangle[(-17.8476,-8.97575),(-12.8009,15.0782),(-46.0385,22.0517)]
triangle[(3.18941,-2.4172),(-4.83957,-13.6475),(10.9787,-24.9566)]
triangle[(2.8338,9.05954),(-9.62761,19.0069),(-27.1256,-2.91329)]
triangle[(-3.20109,-16.6565),(-16.3582,1.42067),(-40.2002,-15.9323)]
triangle[(19.7221,-14.6192),(-17.8278,-2.39686),(-34.9476,-54.9926)]
triangle[(2.51542,1.13338),(0.454392,-3.9829),(6.07639,-6.24765)]
triangle[(-15.0372,-7.0648),(-1.3694,10.0534),(-23.1089,27.411)]
triangle[(-14.3779,-20.8112),(12.4164,16.9954),(-28.841,46.2353)]
triangle[(18.4641,-5.40513),(-7.38263,19.4235),(-38.021,-12.4711)]
triangle[(10.7978,-7.82145),(3.41876,1.36426),(-6.66976,-6.74007)]
triangle[(5.93168,4.78373),(17.7014,-0.558512),(25.5944,16.831)]
triangle[(13.3511,-13.4024),(1.61378,-14.347),(3.27853,-35.0328)]
triangle[(-17.5769,-6.97321),(-15.1839,20.3266),(-46.4759,23.0696)]
triangle[(-6.28173,10.347),(-8.93145,-12.4085),(14.8951,-15.1829)]
triangle[(12.2635,8.75941),(17.3432,14.3322),(8.64327,22.2623)]
triangle[(-13.3164,-8.16236),(-4.55349,-5.50033),(-8.50061,7.49279)]
triangle[(-14.6128,-8.41076),(-6.15673,19.7114),(-56.5875,34.8754)]
triangle[(4.68843,10.8665),(7.61699,7.91975),(11.4777,11.7567)]
triangle[(-12.7499,-20.2467),(20.9705,-1.82768),(-11.6176,57.8326)]
triangle[(-4.17433,-19.927),(-10.1186,1.15588),(-46.1193,-8.99446)]
triangle[(7.99697,-10.6028),(20.0995,-19.0137),(32.9894,-0.466257)]
triangle[(11.9637,-3.50661),(-7.1858,1.73871),(-13.481,-21.2436)]
triangle[(-3.9912,3.23867),(-5.73509,-7.84071),(11.6083,-10.5706)]
triangle[(-4.15361,-16.4821),(-16.3408,13.3306),(-68.8365,-8.12923)]
triangle[(-6.3634,-18.5233),(-17.5504,-18.232),(-18.0272,-36.5438)]
triangle[(-5.18558,14.1305),(18.9565,6.28525),(33.6156,51.3957)]
triangle[(-1.42973,-15.9917),(-17.392,2.25557),(-36.3567,-14.3342)]
triangle[(-4.90172,7.70576),(5.38221,16.7261),(-10.8213,35.1995)]
triangle[(0.701933,-16.1635),(10.2076,-15.3429),(9.0466,-1.89558)]
triangle[(-2.5545,-13.3107),(11.4953,13.7253),(-18.8841,29.5125)]
triangle[(14.4388,5.89342),(-10.5698,-16.9617),(28.4621,-59.6713)]
triangle[(6.33002,20.8141),(0.222038,-11.0814),(60.7769,-22.6776)]
triangle[(-19.0875,-5.36702),(-8.71071,-17.4585),(4.30711,-6.28667)]
triangle[(-4.75579,-7.59917),(18.4871,5.76538),(-4.90863,46.4538)]
triangle[(10.576,-1.96427),(2.6112,-15.6314),(28.2514,-30.5738)]
triangle[(-8.72376,-18.9727),(9.69935,-1.63219),(-14.0438,23.5932)]
triangle[(13.5966,-6.324),(-15.5595,-1.21358),(-24.5222,-52.3477)]
triangle[(-6.55525,-0.797908),(16.3859,-9.69232),(29.0833,23.0577)]
triangle[(3.93529,-2.73085),(-14.6855,17.8822),(-38.0229,-3.19955)]
triangle[(16.0763,20.3522),(12.0118,16.3372),(19.7113,8.54275)]
triangle[(3.32616,-0.252773),(13.2047,13.9709),(-6.75906,27.836)]
triangle[(18.3364,-1.07108),(16.498,0.250766),(14.5649,-2.4377)]
triangle[(16.9814,13.2363),(-13.5438,20.7308),(-24.0732,-22.1549)]
triangle[(-5.95031,-3.91638),(-19.7052,-14.0274),(-6.16647,-32.4452)]
triangle[(-8.02391,16.5745),(18.4201,-4.09335),(51.1654,37.8034)]
triangle[(2.13965,20.2595),(-9.11936,-4.30112),(38.1734,-25.9809)]
triangle[(7.90089,6.86596),(19.1709,-16.1671),(44.6475,-3.7015)]
triangle[(17.3623,-2.50031),(14.5822,5.02272),(0.597901,-0.14508)]
triangle[(1.43555,-18.1971),(-13.8763,8.06157),(-57.0497,-17.1135)]
triangle[(-8.55369,-18.2228),(-6.44398,14.3065),(-57.9019,17.6438)]
triangle[(-15.0991,-7.77555),(7.15087,11.2388),(-27.9097,52.2656)]
triangle[(15.9309,-7.11501),(5.14821,9.9009),(-28.3767,-11.3433)]
triangle[(-1.67345,-11.6398),(13.183,6.50108),(-6.82027,22.8827)]
triangle[(15.8152,0.182931),(14.7788,-19.8554),(38.9152,-21.1038)]
triangle[(-3.04081,-16.274),(-17.7427,-3.65361),(-34.9719,-23.7245)]
triangle[(-3.74518,1.85378),(-10.0686,-1.78308),(-5.28766,-10.0958)]
triangle[(12.271,17.1801),(-19.422,-12.2781),(26.1036,-61.2575)]
triangle[(-1.63448,12.2593),(-19.4738,8.79409),(-13.3526,-22.7186)]
triangle[(-12.1596,8.54139),(17.6564,11.8135),(11.5332,67.6091)]
triangle[(14.8354,-0.462307),(0.631885,-16.3773),(24.7151,-37.8706)]
triangle[(-1.04907,-13.1459),(-0.264974,-1.42604),(-14.7212,-0.458871)]
triangle[(2.30759,-9.04964),(2.19241,-15.9523),(9.35701,-16.0718)]
triangle[(18.1645,-10.7274),(-20.3586,19.8341),(-66.4472,-38.2613)]
triangle[(15.766,3.74789),(-7.06493,-8.31563),(11.3598,-43.1856)]
triangle[(-13.4156,-10.2692),(-3.21451,-9.48935),(-4.03427,1.23324)]
triangle[(-16.1596,-12.6274),(-2.72424,-10.7364),(-5.64024,9.98136)]
triangle[(-10.7127,10.8478),(-1.80548,11.0304),(-2.05261,23.0827)]
triangle[(-5.64473,-1.13437),(7.50394,-1.28308),(7.68921,15.0985)]
triangle[(0.272816,7.95248),(-7.29305,4.12026),(-0.503722,-9.28376)]
triangle[(-20.0938,-10.9921),(-3.87394,6.38934),(-26.2837,27.3014)]
triangle[(17.3026,10.0536),(-0.359376,1.23859),(14.1084,-27.7494)]
triangle[(-15.5937,6.99791),(-19.4373,-19.5407),(13.3106,-24.2835)]
triangle[(2.48609,-4.81562),(8.29174,11.7902),(-23.7725,23.0003)]
triangle[(6.84931,19.4328),(-2.88823,6.36383),(13.3986,-5.77129)]
triangle[(-4.78097,-14.265),(7.20004,-15.607),(8.87229,-0.677676)]
triangle[(-0.134495,5.70376),(-1.64791,12.4277),(-9.26841,10.7125)]
triangle[(12.3998,11.4109),(2.61168,-20.789),(54.924,-36.6909)]
triangle[(-4.14558,18.5555),(-12.2342,-1.14708),(8.66916,-9.72859)]
triangle[(-17.9798,6.8875),(4.33994,15.3762),(-4.18972,37.8037)]
triangle[(-17.7592,6.9547),(9.40869,-7.17497),(35.4818,42.9572)]
triangle[(-12.5901,-3.56943),(-18.7756,1.42563),(-26.7433,-8.44095)]
triangle[(13.573,8.99675),(10.4482,-5.30566),(27.1046,-8.94484)]
triangle[(19.7485,-6.18669),(-17.4005,6.20108),(-36.4272,-50.8571)]
triangle[(-19.8162,3.07126),(-16.0672,-9.73753),(7.72132,-2.775)]
triangle[(18.2282,20.6386),(-13.678,-9.3909),(28.2696,-53.9601)]
triangle[(18.0895,-19.2285),(-7.85,-18.7185),(-8.61073,-57.4065)]
triangle[(6.93351,9.2677),(-7.3811,-10.2596),(16.0879,-27.4637)]
triangle[(-20.9505,-15.234),(8.75176,7.91735),(-31.4753,59.5271)]
triangle[(3.83951,-8.13014),(-5.07283,-0.703163),(-14.4616,-11.9696)]
triangle[(-17.9188,0.646151),(-18.4961,13.2058),(-32.3111,12.5708)]
triangle[(15.9585,-5.139),(-0.37529,-8.02412),(3.22266,-28.3935)]
triangle[(13.7147,-0.365094),(-4.06307,-19.5425),(33.8962,-54.7314)]
triangle[(18.1684,4.61438),(-10.8838,-16.1858),(22.3689,-62.6308)]
triangle[(-18.8349,-5.26886),(-4.97946,9.86021),(-32.8595,35.3933)]
triangle[(-5.39169,-4.34009),(17.6635,-3.37798),(15.7804,41.7452)]
triangle[(-10.6216,15.5905),(-19.7929,-9.72728),(29.8171,-27.6985)]
triangle[(-18.9849,7.50389),(-10.6532,-5.63726),(7.88115,6.11379)]
triangle[(16.2121,-4.28592),(15.6421,17.4405),(-9.0552,16.7926)]
triangle[(16.8826,15.9199),(-19.3209,18.7447),(-22.9037,-27.1744)]
triangle[(-16.2175,-3.77056),(-18.5008,10.5496),(-46.357,6.10802)]
triangle[(-11.3315,-8.63012),(-7.07695,7.41863),(-37.0975,15.3771)]
triangle[(-19.9547,16.7553),(18.0089,14.3095),(22.1397,78.4248)]
triangle[(-2.48941,-19.3046),(-1.42965,11.9295),(-62.3571,13.9967)]
triangle[(13.8549,3.71751),(-19.3079,-7.17354),(-2.26558,-59.0667)]
triangle[(14.5602,19.3252),(-1.13098,9.74395),(9.05831,-6.94298)]
triangle[(-14.9576,-0.102574),(-13.9331,9.75379),(-26.2617,11.0352)]
triangle[(15.1132,10.0815),(9.35654,-1.388),(28.9152,-11.2047)]
triangle[(-11.4688,-19.9036),(8.86411,-18.3113),(5.99159,18.3684)]
triangle[(2.06542,-20.9235),(19.1797,14.9875),(-41.3845,43.8509)]
triangle[(-15.293,19.0649),(-16.8931,-12.4555),(35.6106,-15.1208)]
triangle[(-1.26484,0.519982),(12.3059,1.14533),(11.4131,20.519)]
triangle[(-12.5635,18.9394),(-10.0217,7.67409),(11.5406,12.5392)]
triangle[(18.8874,4.07652),(-6.56319,-15.227),(19.7916,-49.9743)]
triangle[(-14.2787,-14.7262),(12.4436,-15.7188),(13.622,16.0062)]
triangle[(11.587,19.3658),(-1.07766,-5.84974),(47.4806,-30.2384)]
triangle[(13.8001,7.05218),(14.4099,-18.7574),(40.8772,-18.1321)]
triangle[(-12.1912,-0.425876),(-7.59632,-4.40135),(-3.41679,0.429406)]
triangle[(12.5814,20.4571),(-1.79513,15.6393),(5.17541,-5.16099)]
triangle[(-4.30515,-18.332),(1.79702,-9.09901),(-14.6374,1.76265)]
triangle[(-4.07294,-11.2757),(20.4491,11.7573),(-20.6001,55.4603)]
triangle[(-19.0449,-4.61321),(11.4548,-4.04208),(10.5457,44.5101)]
triangle[(8.08828,-11.7667),(-15.3251,5.89173),(-38.9475,-25.4293)]
triangle[(10.4565,11.0826),(-0.652723,11.3282),(-1.03965,-6.17826)]
triangle[(-0.450584,-8.79367),(2.01989,7.79462),(-24.5247,11.7479)]
triangle[(4.4842,4.77478),(11.9387,8.92405),(7.68648,16.5636)]
triangle[(-18.519,17.294),(-14.4832,-9.80301),(39.6736,-1.73696)]
triangle[(-20.4002,-18.8658),(-8.67552,6.40886),(-52.1,26.5531)]
triangle[(20.6328,3.02403),(-16.0993,-16.0723),(21.7441,-88.8649)]
triangle[(-8.84083,13.912),(10.7939,-8.53783),(54.3355,29.5438)]
triangle[(14.7108,-18.3845),(17.9366,1.19623),(-13.9602,6.45086)]
triangle[(6.30805,-16.9761),(19.1165,15.2388),(-40.7186,39.0288)]
triangle[(12.3069,2.86453),(-3.71881,-18.8975),(21.1517,-37.2123)]
triangle[(-7.92247,7.44734),(6.74186,3.20665),(14.6024,30.3886)]
triangle[(-7.35275,14.3027),(-5.06516,-7.09953),(18.3185,-4.60016)]
triangle[(-13.1137,-7.68054),(-18.3631,2.18053),(-30.9854,-4.5388)]
triangle[(11.2229,-0.482607),(18.7116,-3.20087),(23.0975,8.88226)]
triangle[(16.2521,7.18793),(-5.36715,-3.54227),(8.99546,-32.4801)]
triangle[(-1.62924,-1.8392),(-16.5749,-4.03149),(-12.9619,-28.6626)]
triangle[(-20.2835,-12.4324),(-13.099,6.36875),(-50.1055,20.5101)]
triangle[(-18.471,5.9411),(9.29335,19.619),(-10.7908,60.3873)]
triangle[(14.3807,2.7616),(2.00181,-10.8661),(16.5041,-24.0395)]
triangle[(4.19854,-7.01136),(1.54338,16.5107),(-39.7411,11.8506)]
triangle[(14.6754,-12.9408),(-20.039,-9.36329),(-24.3568,-51.2606)]
triangle[(-10.613,1.6812),(3.08231,5.53109),(-1.42639,21.5699)]
triangle[(4.64019,8.6487),(-17.7347,-18.0456),(20.6184,-50.1928)]
triangle[(-15.1121,-9.48028),(-17.6162,18.4796),(-70.7309,13.7227)]
triangle[(12.2756,10.6132),(-7.07686,-13.7101),(34.9704,-47.1643)]
triangle[(-8.85416,9.80274),(11.8213,-13.2218),(57.6855,27.9631)]
triangle[(3.21754,-18.1812),(4.12194,4.19482),(-28.0262,5.49419)]
triangle[(-6.05569,17.6312),(-1.7853,-7.12816),(36.0554,-0.601565)]
triangle[(-7.87914,5.3691),(11.089,-6.89636),(33.5655,27.8629)]
triangle[(15.3147,17.4297),(14.2865,-3.70592),(37.0484,-4.81317)]
triangle[(-1.36079,-17.8021),(-8.80047,-19.0628),(-7.15506,-28.7728)]
triangle[(13.4757,15.1526),(-9.68761,17.2532),(-13.2026,-21.5063)]
triangle[(11.6626,16.1258),(-4.73145,-9.68926),(25.1659,-28.6757)]
triangle[(2.45417,3.29777),(-16.7431,19.6465),(-34.0899,-0.722861)]
triangle[(7.8113,-4.79682),(14.2169,2.15445),(1.57492,13.8041)]
triangle[(-11.3292,-6.48813),(-6.47097,-3.60032),(-11.5812,4.99667)]
triangle[(-11.3427,4.89101),(12.0866,0.568024),(18.1371,33.3603)]
triangle[(14.2455,10.2286),(4.249,20.6961),(-9.48938,7.57587)]
triangle[(17.8989,-11.0772),(14.4309,-1.22301),(4.42558,-4.74424)]
triangle[(9.11526,19.1901),(3.54026,-19.476),(77.8078,-30.1841)]
triangle[(-4.85543,8.16413),(-8.34681,-14.2838),(32.9652,-20.7091)]
triangle[(-3.61295,-13.3236),(-4.97403,3.04303),(-28.7096,1.06914)]
triangle[(7.98326,13.0683),(-12.981,-10.5367),(31.8328,-50.3371)]
triangle[(11.8933,13.6966),(16.7637,15.925),(13.0045,24.1412)]
triangle[(-10.0293,-6.24764),(-14.8745,-2.3515),(-19.4708,-8.06736)]
triangle[(-17.5853,16.698),(19.5181,-20.3994),(82.2009,42.2937)]
triangle[(17.7066,0.0117545),(-6.09435,-1.57867),(-4.17316,-30.3296)]
triangle[(-13.4128,4.79311),(-11.2427,-9.63571),(16.7124,-5.43112)]
triangle[(-12.3421,-20.1484),(-0.638922,-1.52092),(-24.5182,13.4819)]
triangle[(-1.2462,13.11),(2.07171,-9.82612),(33.5592,-5.27119)]
triangle[(6.60189,4.52926),(-20.8365,-9.50152),(1.95267,-54.0676)]
triangle[(1.81074,-12.1826),(-9.97858,-2.21097),(-29.0123,-24.7143)]
triangle[(6.25473,-3.44777),(2.78365,11.9931),(-22.885,6.22284)]
triangle[(4.36733,4.87478),(9.77499,-12.3753),(39.9,-2.93157)]
triangle[(-16.789,-18.4734),(-14.3723,10.1517),(-70.5762,14.8968)]
triangle[(7.50607,-20.6825),(10.4795,17.2607),(-46.1468,21.6982)]
triangle[(17.3541,-6.03147),(7.87228,-13.4753),(20.43,-29.4712)]
triangle[(-11.7788,11.867),(9.94792,15.1418),(5.58383,44.0951)]
triangle[(13.4322,-3.58143),(-3.81517,-2.94381),(-4.73849,-27.919)]
triangle[(-4.51261,-11.3103),(17.682,3.83455),(-1.61529,32.1144)]
triangle[(-13.4756,-19.2766),(-14.8131,-2.48858),(-46.5837,-5.01971)]
triangle[(7.06986,-6.27576),(-12.8819,-17.9012),(0.241794,-40.4243)]
triangle[(5.85211,17.1753),(-1.30025,20.6547),(-4.93209,13.189)]
triangle[(-3.54628,-9.94224),(10.1495,-5.99602),(4.92846,12.1243)]
triangle[(17.6073,15.502),(2.3298,-1.65825),(27.5464,-24.1081)]
triangle[(17.4118,0.929738),(12.8275,-13.8282),(27.7424,-18.4612)]
triangle[(-5.54765,-2.59482),(-1.11382,-8.95824),(6.2329,-3.83928)]
triangle[(-14.0789,12.3371),(-1.92486,-0.93493),(17.8335,17.1591)]
