triangle[(-14.6276,-9.51909),(20.7058,-7.03274),(17.0992,44.2202)]
triangle[(1.95518,18.0245),(-6.22932,18.241),(-6.6037,4.08726)]
triangle[(-14.5011,-9.77469),(-18.4912,7.70069),(-45.3573,1.56651)]
triangle[(-12.0841,11.513),(-8.822,17.6694),(-19.133,23.133)]
triangle[(10.8904,12.7276),(-6.80463,-7.34577),(14.1368,-25.806)]
triangle[(-8.57255,-15.6963),(17.911,-3.14442),(4.00804,26.1897)]
triangle[(11.9728,-12.0066),(-12.8621,0.207796),(-26.6499,-27.8264)]
triangle[(14.0669,13.1259),(17.2465,-17.775),(73.9371,-11.9416)]
triangle[(-16.163,3.86747),(4.19769,-8.74625),(25.3405,25.3819)]
triangle[(20.6133,-18.2261),(-14.035,7.84453),(-51.157,-41.4912)]
triangle[(14.0366,-4.37353),(11.1608,15.1333),(-10.6063,11.9243)]
triangle[(-2.35974,17.1647),(-15.9771,-20.2739),(36.824,-39.479)]
triangle[(-14.0077,19.5373),(14.392,9.83458),(26.5793,45.5067)]
triangle[(12.0641,-12.8776),(17.6591,-19.6345),(28.5203,-10.6408)]
triangle[(-14.6774,-1.22492),(-0.893435,14.6037),(-23.8801,34.6211)]
triangle[(9.12546,-10.6533),(17.0969,-17.6461),(25.8898,-7.62267)]
triangle[(-14.022,-14.1847),(-5.60754,18.2228),(-43.2377,27.9933)]
triangle[(1.95982,-8.29158),(0.038201,-2.72657),(-5.59918,-4.67317)]
triangle[(18.9245,-18.5217),(0.815384,3.96002),(-36.1996,-25.8558)]
triangle[(-5.43984,17.1815),(19.5481,11.5952),(29.2916,55.1788)]
triangle[(-15.5821,-20.963),(-5.57389,-17.6344),(-9.27034,-6.52034)]
triangle[(16.1265,-16.977),(12.0909,-20.4826),(16.0444,-25.0339)]
triangle[(0.43485,-8.64477),(18.1515,1.32483),(6.44516,22.1279)]
triangle[(4.51051,4.78697),(-12.7083,2.15004),(-9.90917,-16.1279)]
triangle[(11.2209,-14.0716),(-13.4172,0.0534631),(-37.9565,-42.75)]
triangle[(-4.39528,-18.2536),(-12.0118,9.61459),(-47.5919,-0.109638)]
triangle[(-12.5859,-17.0289),(-11.1349,8.67438),(-62.0995,11.5514)]
triangle[(-2.29067,-14.1893),(3.6382,6.50188),(-35.5425,17.7287)]
triangle[(-7.20109,-2.86737),(2.39232,-20.5124),(20.4514,-10.6938)]
triangle[(15.6982,-5.24043),(13.0283,-12.976),(23.7093,-16.6624)]
triangle[(-5.18786,0.0117836),(-17.5087,18.22),(-36.0673,5.66201)]
triangle[(-7.08349,-2.63967),(-15.7971,8.98291),(-28.9461,-0.875072)]
triangle[(6.76373,-0.775906),(-4.09149,19.0383),(-30.8794,4.36242)]
triangle[(0.0732707,-13.2826),(8.4004,16.5161),(-44.801,31.3831)]
triangle[(-12.7684,-11.2652),(-19.3738,-9.77526),(-22.0271,-21.5383)]
triangle[(20.4675,3.78464),(-15.6542,0.366921),(-9.94146,-60.0105)]
triangle[(-5.81799,1.58044),(-8.55352,0.2758),(-6.33603,-4.37376)]
triangle[(4.81033,-6.10302),(-6.87733,19.5595),(-54.1415,-1.96629)]
triangle[(5.25962,-15.7701),(8.46222,-14.1458),(5.66183,-8.62433)]
triangle[(-17.1457,-12.4735),(2.36867,6.81398),(-22.9549,32.4355)]
triangle[(-17.5969,-1.52958),(18.8361,1.29287),(15.1406,48.9968)]
triangle[(-4.05132,0.880472),(-12.7546,-9.32859),(0.3902,-20.5345)]
triangle[(-4.44911,-0.399275),(20.8457,16.728),(-7.57887,58.7076)]
triangle[(-5.04696,9.64053),(-13.2584,-2.75247),(1.73073,-12.684)]
triangle[(8.74694,-10.1802),(12.4169,16.3915),(-17.8028,20.5653)]
triangle[(-11.0222,-10.0705),(-8.27999,-7.87525),(-11.532,-3.81299)]
triangle[(8.60594,16.0253),(-4.21829,-3.01234),(28.7925,-25.2492)]
triangle[(10.2001,12.9812),(3.63013,8.76468),(11.842,-4.03064)]
triangle[(19.4024,-5.61398),(3.28118,12.2651),(-28.1694,-16.0933)]
triangle[(-4.60609,-0.773956),(7.04588,8.49423),(-9.92567,29.8309)]
triangle[(16.0901,3.69307),(-6.0071,-1.84448),(3.16881,-38.4604)]
triangle[(6.02997,15.4612),(11.9263,-6.6239),(42.0618,1.42174)]
triangle[(-0.986591,7.67978),(-13.6814,-6.67646),(15.002,-32.0403)]
triangle[(-2.70304,15.9764),(8.37808,-18.6283),(74.1526,2.43389)]
triangle[(14.1789,-17.6172),(-5.40242,20.0939),(-53.5814,-4.92283)]
triangle[(11.5814,16.9455),(4.11198,-12.803),(41.2301,-22.1229)]
triangle[(-2.70791,-4.37562),(-1.87247,18.9279),(-44.8939,20.4702)]
triangle[(-18.7518,8.20077),(15.6872,-20.2999),(65.6139,40.0293)]
triangle[(-13.5875,-18.3923),(-19.6432,2.51222),(-58.9699,-8.88009)]
triangle[(-9.54505,-20.5586),(4.81434,10.2373),(-28.1685,25.6164)]
triangle[(3.13807,-12.1983),(19.9617,14.0892),(-27.948,44.7508)]
triangle[(-7.04431,13.1126),(-19.4347,4.79966),(-7.19683,-13.4409)]
triangle[(-3.12829,-3.70846),(-6.83009,-17.6721),(15.4516,-23.579)]
triangle[(2.73291,-20.5717),(-20.3158,19.0601),(-79.8901,-15.5866)]
triangle[(5.12972,12.6642),(-17.5054,16.9429),(-21.9906,-6.78499)]
triangle[(10.4984,-7.58356),(-20.2677,-11.5755),(-14.7048,-54.4492)]
triangle[(10.5447,-3.83406),(9.45731,4.21218),(-0.275624,2.89682)]
triangle[(-12.3378,-17.5687),(-18.2512,18.4968),(-61.4918,11.4068)]
triangle[(16.1346,8.68925),(1.55676,7.62905),(3.13752,-14.1064)]
triangle[(-1.55456,-3.58082),(2.49818,15.6037),(-26.4493,21.7189)]
triangle[(-1.83206,-12.2667),(-8.85641,-18.3868),(1.64804,-30.4432)]
triangle[(11.4279,-2.50049),(-3.53677,-8.98773),(9.43134,-38.9025)]
triangle[(4.89673,19.7307),(-6.71527,13.5661),(4.22115,-7.03418)]
triangle[(-4.07485,13.7116),(3.20087,-0.24329),(25.4455,11.3545)]
triangle[(-12.9651,16.6281),(0.116175,-0.147168),(24.6829,19.0099)]
triangle[(10.9947,-2.82454),(3.58905,-14.8851),(17.5401,-23.4516)]
triangle[(-13.4281,3.22324),(-9.36905,-8.40815),(3.33145,-3.97595)]
triangle[(6.90865,16.5522),(-16.2724,3.30183),(9.64869,-42.0462)]
triangle[(-17.93,-5.46377),(3.1094,-9.57942),(10.9523,30.5138)]
triangle[(7.41321,4.36277),(-1.13283,19.8865),(-16.7902,11.2669)]
triangle[(-13.8804,1.39215),(-8.48438,10.2715),(-25.5651,20.6516)]
triangle[(3.91532,-3.29395),(-14.4466,-8.10784),(-9.23695,-27.9791)]
triangle[(0.901884,-4.30355),(4.84358,-13.2747),(14.3834,-9.08316)]
triangle[(19.6068,-2.99065),(-15.274,-19.9383),(10.2841,-72.5407)]
triangle[(18.8167,7.7814),(17.5402,-5.30223),(34.1114,-6.91904)]
triangle[(10.2574,-1.95515),(20.5451,1.37528),(15.3304,17.4837)]
triangle[(-6.56417,-20.6972),(-6.39445,-2.53029),(-38.4301,-2.23101)]
triangle[(13.3009,8.00213),(18.2775,-14.8204),(59.324,-5.87006)]
triangle[(14.5388,-6.63367),(-6.16031,0.0750124),(-13.8748,-23.7276)]
triangle[(-7.18797,-17.4459),(-4.03803,-6.83986),(-18.2224,-2.62719)]
triangle[(13.5849,-13.0925),(-6.92604,2.34949),(-29.2743,-27.3347)]
triangle[(-11.8069,5.21201),(11.3724,-13.0757),(35.5461,17.5641)]
triangle[(-12.5518,-17.7517),(-17.6775,-0.650391),(-41.4121,-7.76433)]
triangle[(7.84488,18.2416),(2.11613,12.875),(7.74631,6.86486)]
triangle[(-10.28,-8.59229),(4.49377,3.67059),(-19.8466,32.9948)]
triangle[(9.06944,-9.99843),(-2.51253,9.70911),(-39.1376,-11.8152)]
triangle[(-19.0278,-8.85033),(-0.485441,-12.6316),(6.35541,20.9137)]
triangle[(16.5779,5.77197),(-15.6379,-8.2327),(7.81767,-62.189)]
triangle[(-17.9505,18.4858),(2.02009,18.1411),(2.58654,50.9502)]
triangle[(20.1462,3.44354),(11.6979,-6.01517),(27.8851,-20.4731)]
triangle[(1.31484,16.2089),(0.449225,-8.10827),(35.299,-9.34882)]
triangle[(11.5553,3.63372),(-0.0758601,15.5732),(-15.7855,0.26916)]
triangle[(-20.778,17.6589),(-15.2019,5.78082),(6.02078,15.7438)]
triangle[(-17.8228,-20.2517),(-2.74497,-15.2613),(-11.3934,10.8686)]
triangle[(10.7417,9.55427),(0.410424,-10.3779),(33.0865,-27.3147)]
triangle[(17.7687,-6.97108),(-5.36938,16.807),(-31.9526,-9.06078)]
triangle[(12.0466,-5.96584),(7.84223,3.29492),(-1.48702,-0.940557)]
triangle[(-16.1278,-17.9806),(-0.248441,-0.489809),(-19.0923,16.6179)]
triangle[(-8.62873,-16.5721),(17.2268,-19.4573),(20.6639,11.3441)]
triangle[(-14.1026,13.508),(-5.64932,9.66562),(1.12901,24.5779)]
triangle[(-7.50551,12.2181),(-17.3164,-19.7115),(18.8236,-30.8161)]
triangle[(-5.33131,1.64968),(-2.09846,-6.28063),(6.77804,-2.66207)]
triangle[(-7.27212,5.8258),(-20.3121,1.54845),(-15.9684,-11.6938)]
triangle[(-9.4404,5.28777),(14.4941,5.96187),(13.5904,38.0472)]
triangle[(-15.8546,1.15988),(6.22256,12.9661),(-14.6563,52.0089)]
triangle[(7.37999,5.63021),(-9.75641,14.2525),(-26.031,-18.0924)]
triangle[(5.24641,-8.75126),(-14.5202,-2.4148),(-24.4524,-33.3983)]
triangle[(-16.0436,0.0762729),(10.9359,-7.14587),(18.1883,19.9465)]
triangle[(-11.1359,-8.63984),(9.3475,20.8309),(-30.9017,48.8058)]
triangle[(-0.705782,1.60223),(18.839,14.7407),(3.28564,37.878)]
triangle[(14.6115,17.7444),(20.3916,-8.85961),(67.5662,1.3897)]
triangle[(9.86689,2.5974),(10.6607,-1.2454),(16.5766,-0.0234304)]
triangle[(17.8425,0.908967),(15.1778,-20.954),(52.0057,-25.4425)]
triangle[(2.29584,19.2488),(-0.611214,-4.66212),(24.7174,-7.74154)]
triangle[(-13.6394,15.0808),(13.4346,3.40593),(34.7143,52.7536)]
triangle[(-4.14993,16.056),(4.51835,14.2327),(7.63742,29.0616)]
triangle[(18.1007,11.8924),(-16.0921,2.63405),(-2.65183,-47.0033)]
triangle[(17.17,-16.174),(17.5254,-12.5921),(11.3122,-11.9757)]
triangle[(-17.0944,-4.18093),(-13.7466,2.60315),(-22.8301,7.08563)]
triangle[(-6.47525,-6.5531),(5.849,19.9898),(-32.8844,37.9743)]
triangle[(10.4816,-8.65533),(-0.0804258,11.288),(-36.3459,-7.91826)]
triangle[(5.8848,20.5334),(16.194,-2.35921),(39.8014,8.2719)]
triangle[(-14.5062,16.7723),(-7.7775,-16.4953),(29.6358,-8.92812)]
triangle[(13.1634,-8.08539),(7.10097,-3.9003),(2.11639,-11.1208)]
triangle[(5.36245,3.16294),(-14.4693,-0.692965),(-8.846,-29.6149)]
triangle[(-0.608692,-15.4177),(10.6388,1.30643),(-19.9705,21.8921)]
triangle[(0.402774,17),(18.2075,-15.4506),(76.4351,16.4972)]
triangle[(17.6137,11.8992),(-3.78836,-12.4025),(26.6109,-39.1746)]
triangle[(7.54848,15.3667),(-3.16401,2.49044),(21.808,-18.2852)]
triangle[(-8.44113,1.51641),(2.94604,-16.0367),(36.7515,5.89385)]
triangle[(0.663644,-3.98874),(13.575,-2.32944),(11.8297,11.2509)]
triangle[(-11.4984,-6.76573),(-7.2228,15.2204),(-29.7081,19.5931)]
triangle[(6.45985,-3.23342),(20.668,15.2299),(-12.9558,41.1044)]
triangle[(15.4565,-18.0611),(20.8307,6.91546),(-17.6058,15.1858)]
triangle[(-5.92458,-0.124781),(-13.9973,0.631558),(-15.0182,-10.2648)]
triangle[(-9.80332,-4.64836),(16.7279,6.93752),(-4.6891,55.9818)]
triangle[(-15.9076,-9.67616),(11.7058,10.6986),(-25.4435,61.0461)]
triangle[(-10.0153,17.237),(-5.23535,-19.2915),(53.2236,-11.6419)]
triangle[(-13.3167,6.78068),(13.8177,9.80099),(9.01518,52.947)]
triangle[(10.8511,14.0758),(14.2547,-3.86948),(41.1315,1.22816)]
triangle[(-19.688,4.64318),(5.16412,-2.73767),(14.3436,28.1706)]
triangle[(17.8564,-8.73037),(-14.5292,-5.7246),(-18.3698,-47.1054)]
triangle[(20.9387,-5.39928),(-3.31585,6.47498),(-24.0392,-35.8549)]
triangle[(15.1844,1.60527),(-4.7521,-4.60348),(2.49832,-27.8848)]
triangle[(8.13672,-18.8415),(16.8495,-11.5313),(4.36741,3.3457)]
triangle[(-1.47311,-9.31521),(19.8681,-5.76172),(15.3187,21.5608)]
triangle[(2.54054,19.3817),(-12.3657,13.2269),(-4.15018,-6.66987)]
triangle[(-2.66574,1.71062),(2.27968,-20.5826),(46.0874,-10.8645)]
triangle[(-11.8205,-5.7109),(-12.841,-11.0565),(-7.43134,-12.0893)]
triangle[(-14.6079,14.4375),(-8.11939,16.7184),(-11.694,26.8874)]
triangle[(8.36437,-16.5157),(-10.202,11.0562),(-57.6204,-20.8743)]
triangle[(-9.429,-14.3004),(-20.3869,-12.3194),(-24.1046,-32.8847)]
triangle[(-19.1444,12.4693),(2.56676,11.0971),(4.249,37.7141)]
triangle[(5.04744,18.0866),(-19.6998,-9.65618),(34.2509,-57.7815)]
triangle[(-2.0584,13.5123),(-5.94428,-18.8774),(39.1934,-24.2927)]
triangle[(12.4867,6.084),(19.1995,7.37067),(17.884,14.2338)]
triangle[(17.5176,4.43827),(0.736532,-19.3507),(42.5794,-48.8673)]
triangle[(16.0972,-19.2341),(17.0832,9.07556),(-27.2449,10.6194)]
triangle[(19.0601,4.19914),(-16.6293,17.0991),(-41.5176,-51.7578)]
triangle[(-2.09419,-18.982),(15.6163,-2.61749),(-10.6202,25.7771)]
triangle[(20.7435,15.4859),(-3.31872,19.1537),(-8.57277,-15.3149)]
triangle[(-19.0868,-11.6583),(20.3252,8.31386),(-17.3425,82.6452)]
triangle[(-12.593,4.38085),(-17.8308,7.56751),(-23.5245,-1.79091)]
triangle[(3.46053,16.9569),(-17.0606,9.03948),(-5.36906,-21.2635)]
triangle[(-6.39374,-2.49428),(-13.5591,19.6196),(-57.3469,5.43147)]
triangle[(-10.3098,14.6854),(-20.2236,-16.1152),(33.1568,-33.2966)]
triangle[(18.822,13.6201),(-2.588,6.5404),(9.97837,-31.462)]
triangle[(15.4929,15.8065),(-15.2308,-16.8559),(47.7229,-76.0728)]
triangle[(-18.2491,20.3706),(17.9262,6.58549),(36.0101,54.0417)]
triangle[(-13.2972,4.73554),(-10.3446,16.5022),(-26.9622,20.672)]
triangle[(-20.4284,9.32021),(1.03717,12.5824),(-4.50376,49.0428)]
triangle[(8.94392,-3.52778),(-20.0839,11.1518),(-42.1673,-32.5165)]
triangle[(11.2224,11.3598),(3.87729,3.18566),(19.7609,-11.0872)]
triangle[(17.0485,16.4314),(13.7125,-11.2005),(58.7883,-16.6424)]
triangle[(-3.92595,-14.5505),(-19.3585,-9.32874),(-27.4748,-33.316)]
triangle[(-9.70011,-5.57728),(-20.7428,7.61933),(-46.9851,-14.3398)]
triangle[(-16.7892,-10.2465),(-2.2512,10.0255),(-39.8198,36.9678)]
triangle[(0.884579,-8.80737),(-4.8513,6.35291),(-27.2962,-2.13909)]
triangle[(17.3435,-14.1695),(2.41443,-9.05481),(-7.25823,-37.2881)]
triangle[(6.8722,14.2423),(-17.9656,15.7823),(-20.3303,-22.3556)]
triangle[(-1.43724,8.95447),(11.4932,9.63905),(10.2268,33.5587)]
triangle[(-9.81383,-16.4952),(-0.383921,-0.0335186),(-30.2783,17.0912)]
triangle[(-13.9868,-4.95722),(-20.3261,17.4283),(-65.0043,4.77605)]
triangle[(-1.26162,-7.09769),(-14.2856,-15.3004),(-1.16445,-36.1339)]
triangle[(5.86494,-18.8489),(6.7787,15.963),(-39.3726,17.1744)]
triangle[(6.44814,5.94383),(7.43902,-15.3169),(33.9512,-14.0812)]
triangle[(-7.86296,6.42594),(10.4044,18.5185),(-2.8576,38.5524)]
triangle[(17.7186,15.9811),(6.86809,15.6082),(7.35367,1.47893)]
triangle[(1.22343,-14.4964),(10.1555,1.17804),(-9.83311,12.5686)]
triangle[(11.735,-5.61641),(14.3495,-17.734),(35.5293,-13.1642)]
triangle[(18.3818,2.79731),(-14.9323,-13.8507),(12.3868,-68.5185)]
triangle[(19.0635,-17.8191),(18.862,1.28767),(-5.01935,1.03592)]
triangle[(4.70288,20.1451),(-14.031,2.48727),(7.54161,-20.3999)]
triangle[(11.8175,16.0483),(10.1409,2.65147),(31.642,-0.0394034)]
triangle[(-18.6828,12.229),(20.3682,19.4273),(10.6608,72.0896)]
triangle[(-14.0334,-7.64538),(-7.37648,-11.8353),(-1.31904,-2.21132)]
triangle[(9.36893,5.27855),(-8.35755,12.4638),(-19.8607,-15.915)]
triangle[(9.14266,4.3097),(-4.95449,13.6236),(-18.9563,-7.56894)]
triangle[(4.06435,15.3905),(15.777,-1.38597),(34.6199,11.7693)]
triangle[(-14.7963,-20.0927),(10.6853,9.30102),(-30.1303,44.6844)]
triangle[(-17.3577,1.91783),(16.987,-7.47045),(30.3675,41.479)]
triangle[(4.21284,-11.3636),(-3.61616,-3.64066),(-15.5197,-15.7076)]
triangle[(-6.02327,-8.28006),(11.1514,-6.6425),(8.37573,22.4681)]
triangle[(1.95671,-15.3951),(8.15191,-1.23658),(-16.235,9.43414)]
triangle[(-14.9804,9.8453),(-20.6447,15.6349),(-27.4846,8.94301)]
triangle[(-12.5784,12.9646),(5.19797,0.520144),(18.357,19.3173)]
triangle[(4.57852,5.4025),(15.9427,-15.002),(47.5363,2.59398)]
triangle[(19.9233,-5.82341),(8.33193,-16.0596),(23.7739,-33.5459)]
triangle[(-17.5533,15.2247),(-9.9558,8.76493),(0.11001,20.6036)]
triangle[(-13.466,-8.61686),(4.66684,-7.1138),(1.70093,28.6671)]
triangle[(16.8164,14.1758),(-17.2912,3.81189),(2.81315,-62.3512)]
triangle[(2.39145,15.6076),(8.46055,-20.0316),(53.8374,-12.3043)]
triangle[(-8.10635,7.23475),(-14.3363,8.53298),(-16.3335,-1.0511)]
triangle[(-12.8267,0.953424),(-14.9954,-15.6502),(13.1222,-19.3229)]
triangle[(-4.96835,-19.7815),(1.67094,-0.0826145),(-30.5951,10.7923)]
triangle[(-12.6225,-6.06939),(4.03854,-9.53512),(9.57145,17.0636)]
triangle[(-15.31,-1.45411),(-3.74984,-15.3844),(20.5802,4.80612)]
triangle[(14.1692,-9.75358),(1.85883,13.9452),(-30.1086,-2.66047)]
triangle[(1.35372,3.85979),(-12.9929,14.0922),(-25.7432,-3.78464)]
triangle[(17.3705,-6.14383),(-7.24218,13.6803),(-37.469,-23.8478)]
triangle[(2.33367,-20.0842),(20.372,-8.36873),(-2.8717,27.4197)]
triangle[(-1.84956,20.0135),(-19.0464,-8.47173),(27.2478,-36.4201)]
triangle[(11.2818,-0.993426),(-18.1682,-5.28158),(-13.1474,-39.7628)]
triangle[(-9.09149,-6.12313),(-15.5323,-11.304),(-9.03193,-19.3852)]
triangle[(-0.318055,-3.72237),(5.56039,14.3881),(-26.0907,24.6617)]
triangle[(10.7151,-0.854364),(-5.90662,-3.5756),(-0.658951,-35.6292)]
triangle[(-5.34921,7.76365),(13.7126,-15.201),(42.4683,8.66778)]
triangle[(-17.1948,-5.16541),(-15.4715,11.8236),(-33.8404,13.6869)]
triangle[(-2.23396,12.2603),(-5.30482,-0.59512),(15.5735,-5.58247)]
triangle[(-20.8005,-20.8556),(8.72617,-12.0919),(-3.80748,30.1362)]
triangle[(-3.36497,15.4765),(11.1681,-0.592742),(30.8451,17.2032)]
triangle[(-0.636661,11.9119),(5.0712,-18.305),(62.5668,-7.44432)]
triangle[(-9.03817,13.5617),(14.3747,-8.33941),(52.1764,32.0717)]
triangle[(11.3942,10.1718),(-12.3983,9.94891),(-11.9754,-35.2044)]
triangle[(13.7457,-15.9561),(-17.2991,-4.71295),(-38.5843,-63.4861)]
triangle[(3.39181,-15.6452),(18.3756,-18.708),(23.4206,5.97369)]
triangle[(7.32224,16.6379),(-4.21713,13.7896),(-0.333116,-1.94551)]
triangle[(-19.7692,-12.1608),(11.984,9.27656),(-13.3119,46.7452)]
triangle[(-15.3791,-16.165),(-1.60609,-4.59499),(-18.0029,14.9238)]
triangle[(-15.6004,12.6606),(8.74057,-2.67397),(39.3437,45.903)]
triangle[(7.40054,18.2651),(5.50138,-15.554),(65.2069,-18.9069)]
triangle[(-10.8201,-7.91797),(18.7102,-15.8185),(27.6943,17.7623)]
triangle[(7.63244,-3.12288),(3.23129,8.12396),(-17.6928,-0.0641069)]
triangle[(-18.4668,-10.7306),(-5.05644,20.0926),(-51.8213,40.4387)]
triangle[(-6.83425,6.86548),(-14.8034,-14.4106),(21.5257,-28.0179)]
triangle[(14.5244,-18.9775),(-5.69164,16.046),(-68.8402,-20.4041)]
triangle[(-12.0351,17.0133),(6.24745,-3.19319),(34.2429,22.1367)]
triangle[(-0.975824,14.3057),(8.22893,9.08178),(18.6141,27.381)]
triangle[(-18.0273,-19.5314),(1.7895,-3.20047),(-26.4492,31.0657)]
triangle[(-8.86952,-4.2681),(15.5572,7.96746),(-5.29916,49.6044)]
triangle[(-17.0344,5.78409),(7.15288,-14.6182),(46.958,32.5717)]
triangle[(-9.33473,-5.0094),(3.46536,-7.93089),(7.74913,10.8379)]
triangle[(-11.6295,4.14524),(-9.89644,9.701),(-20.1443,12.8978)]
triangle[(6.59866,-4.11285),(8.79129,-10.7954),(15.9261,-8.45433)]
triangle[(17.5306,-16.3561),(-5.25059,11.6358),(-37.5476,-14.649)]
triangle[(15.4178,-1.14511),(2.23523,4.13181),(-8.06237,-21.5932)]
triangle[(7.14747,-18.4271),(7.16231,17.8573),(-49.2466,17.8803)]
triangle[(17.4387,0.811031),(-12.4568,-6.81923),(-0.337506,-54.3027)]
triangle[(-5.24318,15.5251),(-7.24207,-11.156),(34.7503,-14.3019)]
triangle[(-2.58229,10.6307),(-9.16558,-1.68774),(5.94392,-9.76264)]
triangle[(-7.88718,7.13531),(-18.309,15.0907),(-33.1796,-4.3903)]
triangle[(4.82466,-16.7392),(9.05874,-2.5691),(-8.4931,2.67546)]
triangle[(-20.9956,-17.9171),(12.7858,9.37475),(-26.2388,57.6789)]
triangle[(-14.3149,20.3776),(-11.0643,-11.0118),(40.5119,-5.67082)]
triangle[(2.44101,-13.1835),(-5.21791,17.2563),(-60.3391,3.38738)]
triangle[(10.5153,-17.0433),(-10.4378,6.38173),(-45.2811,-24.7847)]
triangle[(1.22593,5.53854),(2.49721,10.9363),(-6.97658,13.1676)]
triangle[(-18.7336,5.1784),(15.9938,1.04444),(22.2545,53.6376)]
triangle[(14.3169,5.25254),(-0.629839,-1.99222),(8.44793,-20.7207)]
triangle[(0.098158,16.2801),(1.43774,-10.9669),(41.1832,-9.01279)]
triangle[(19.7981,-19.0755),(-20.3787,-11.1899),(-33.9031,-80.096)]
triangle[(7.04426,-13.4477),(5.72821,14.754),(-47.7736,12.2573)]
triangle[(8.0521,11.7991),(14.3881,-11.2945),(44.1016,-3.14231)]
triangle[(8.72304,4.67658),(16.0824,7.52091),(11.0248,20.6071)]
triangle[(8.50536,-7.65414),(-5.00385,-3.81288),(-10.5777,-23.4152)]
triangle[(-15.2036,-17.5538),(6.5097,-0.00412746),(-25.6231,39.752)]
triangle[(8.63033,19.4375),(9.64255,-5.09934),(37.3335,-3.957)]
triangle[(17.6014,14.114),(15.9025,6.19984),(26.4297,3.94006)]
triangle[(6.18958,8.99819),(-9.69545,3.67684),(-3.80576,-13.9048)]
triangle[(4.73589,-16.2525),(-20.6115,4.60317),(-43.1122,-22.7434)]
triangle[(-14.227,17.1194),(-6.30256,-1.8834),(17.0173,7.84125)]
triangle[(12.5108,-4.04553),(-18.2232,-19.5469),(8.75785,-73.0411)]
triangle[(-2.20023,17.1104),(11.5597,1.34575),(32.5763,19.6898)]
triangle[(17.806,3.58366),(-8.35299,17.5373),(-35.6159,-33.5726)]
triangle[(-11.0265,19.8181),(-3.58873,-14.0987),(47.0805,-2.98722)]
triangle[(19.9297,-1.0691),(0.647024,-7.2229),(9.58547,-35.2311)]
triangle[(13.0421,-10.309),(14.7925,-20.7935),(27.3016,-18.7051)]
triangle[(8.70667,-4.98982),(1.1207,8.22643),(-19.4251,-3.56663)]
triangle[(10.7881,-19.8227),(-6.56397,4.82907),(-40.1136,-18.7861)]
triangle[(-19.4997,-15.1739),(8.76742,5.69581),(-22.5157,48.0674)]
triangle[(7.07276,-17.5829),(2.72479,-15.3818),(-1.59384,-23.9127)]
triangle[(14.3021,14.7782),(9.91253,15.8124),(8.80538,11.1134)]
triangle[(-14.6584,-9.42433),(19.0005,10.1696),(-4.71954,50.9163)]
triangle[(8.34472,-19.5708),(-17.3684,7.49338),(-52.5094,-25.8934)]
triangle[(-4.1834,3.72262),(-17.6486,2.9676),(-16.6481,-14.8749)]
triangle[(9.80381,-18.8712),(5.9274,-9.4153),(-5.04095,-13.9117)]
triangle[(10.758,-6.16758),(-1.4585,-15.2911),(12.3085,-33.7252)]
triangle[(-3.59471,8.37872),(4.48475,-10.557),(40.85,4.95924)]
triangle[(0.741466,-13.4348),(-12.8182,1.72192),(-41.6594,-24.0804)]
triangle[(-6.00524,18.1755),(18.4398,-19.9334),(57.9632,5.41895)]
triangle[(-20.7983,-14.9102),(-4.72785,-11.4654),(-9.88231,12.5806)]
triangle[(-17.3305,-8.57453),(-19.3528,-5.5958),(-23.4878,-8.40319)]
triangle[(-15.2991,19.9273),(-13.0122,-2.59217),(10.947,-0.158984)]
triangle[(-18.671,16.2885),(-0.857664,19.4462),(-6.63345,52.0294)]
triangle[(17.1714,17.433),(-1.90764,10.7291),(11.4379,-27.2516)]
triangle[(10.7289,20.9405),(2.05406,-13.6037),(65.3293,-29.4935)]
triangle[(-9.69273,6.72696),(11.5722,-13.948),(46.8592,22.3458)]
triangle[(-16.2236,-1.42741),(-20.7171,-4.22871),(-17.4819,-9.41816)]
triangle[(-1.28682,-2.61185),(-15.3489,-16.9106),(0.835369,-32.8269)]
triangle[(5.66664,-8.6723),(-5.39067,15.4848),(-36.7526,1.12971)]
triangle[(14.9201,14.137),(-2.30124,8.49874),(8.22349,-23.6476)]
triangle[(-16.8118,18.8491),(-3.59911,-3.29393),(37.1315,21.01)]
triangle[(2.41051,-5.19519),(16.5195,-5.87357),(17.8157,21.0847)]
triangle[(19.6122,-15.2956),(-19.3229,-0.931201),(-44.0232,-67.8819)]
triangle[(-13.317,10.6733),(15.9857,11.3347),(15.188,46.6776)]
triangle[(6.42058,3.06262),(-11.8131,-12.1114),(10.7933,-39.2762)]
triangle[(20.7581,-1.43669),(-5.64026,4.29772),(-12.3666,-26.6671)]
triangle[(4.34123,-0.350474),(-5.36835,4.30159),(-11.9546,-9.44491)]
triangle[(-4.62666,-7.17611),(5.84389,18.5932),(-32.8875,34.3305)]
triangle[(8.71417,-11.7713),(-6.96347,6.2755),(-25.3646,-9.71003)]
triangle[(-19.774,-12.3273),(15.5382,10.8092),(-12.253,53.2256)]
triangle[(12.739,18.8616),(11.5246,-5.49582),(39.0075,-6.86613)]
triangle[(8.67851,-19.2202),(20.31,3.18103),(-6.66022,17.185)]
triangle[(-0.818381,-8.73671),(16.3813,16.2073),(-21.1339,42.0752)]
triangle[(13.684,13.4498),(-6.02876,2.267),(8.66178,-23.629)]
triangle[(3.9711,-0.173116),(18.4879,-0.155326),(18.4691,15.154)]
triangle[(-5.75196,-11.1013),(-7.76208,-11.7446),(-6.57189,-15.4637)]
triangle[(14.2481,-0.105153),(-18.021,15.2263),(-34.8278,-20.148)]
triangle[(-10.6699,15.8624),(6.90758,-6.86996),(33.9676,14.0539)]
triangle[(13.4726,-4.14579),(-20.2967,5.43855),(-37.9735,-56.8433)]
triangle[(-7.13111,2.52143),(0.454781,-12.9126),(30.3292,1.7708)]
triangle[(-17.6415,-18.7917),(10.4971,-18.392),(9.99656,16.8481)]
triangle[(13.8689,19.9564),(-20.2553,11.1392),(-4.42979,-50.1089)]
triangle[(1.73712,-4.40974),(7.66606,4.18787),(-4.38215,12.4964)]
triangle[(-16.8253,18.7547),(-11.5027,12.1472),(-4.68325,17.6405)]
triangle[(20.2612,5.42851),(14.8051,-0.226611),(21.3159,-6.50826)]
triangle[(-0.736592,0.376575),(-20.4886,1.37958),(-21.7584,-23.6261)]
triangle[(16.4728,-8.93233),(4.46681,-9.55119),(5.46479,-28.9123)]
triangle[(-6.15625,19.5383),(-20.0804,-6.72256),(15.1711,-25.4138)]
triangle[(-2.13166,-5.4441),(9.71844,11.0186),(-20.2913,32.62)]
triangle[(7.66604,19.4701),(8.31556,-6.08709),(34.7047,-5.41642)]
triangle[(0.202553,-16.3423),(6.37798,-8.71144),(-6.11963,1.40249)]
triangle[(11.7923,-6.54879),(-4.13794,-19.7547),(18.7297,-47.3398)]
triangle[(-20.0944,-9.00745),(13.752,0.614576),(-3.56646,61.534)]
triangle[(16.413,6.46197),(8.10641,-1.83492),(21.6077,-15.352)]
triangle[(-8.67833,-6.33203),(-10.4509,19.6911),(-60.0988,16.3093)]
triangle[(20.6748,-0.856485),(-12.9188,9.14578),(-32.7988,-57.6232)]
triangle[(2.48093,7.43569),(8.13875,-19.6518),(51.8256,-10.5269)]
triangle[(-18.7763,15.3647),(0.923031,-1.08958),(18.4117,19.8481)]
triangle[(2.06354,-10.6785),(-11.4268,17.4342),(-50.8157,-1.46724)]
triangle[(6.15375,20.4601),(0.551026,-12.6854),(35.2568,-18.5519)]
triangle[(-1.33431,-2.07921),(-10.6725,12.2264),(-37.2161,-5.10022)]
triangle[(17.3093,-10.5051),(-20.4412,17.7648),(-56.1684,-29.9438)]
triangle[(-8.13826,-16.2451),(-13.6426,8.22679),(-46.8875,0.749156)]
triangle[(-18.4208,-16.1872),(3.01474,4.76482),(-19.2817,27.5758)]
triangle[(18.3533,17.4272),(10.351,2.63581),(33.7419,-10.0188)]
triangle[(-10.9757,-2.40435),(-20.8018,-0.341419),(-23.0846,-11.2148)]
triangle[(-9.76525,10.9481),(4.16483,10.5943),(4.74602,33.478)]
triangle[(-2.2266,0.189337),(6.71028,0.0845758),(6.88095,14.6438)]
triangle[(1.21867,19.5934),(-6.21703,-4.02796),(19.162,-12.0169)]
triangle[(18.0024,0.777429),(4.27921,-15.1165),(24.2245,-32.3376)]
triangle[(20.4335,11.9569),(9.19281,-18.1971),(59.8967,-37.0982)]
triangle[(-2.24592,-5.14635),(-2.73263,-14.5713),(14.3207,-15.4519)]
triangle[(-5.19418,18.9022),(1.12653,8.06797),(20.6857,19.4788)]
triangle[(-0.96952,-14.5829),(-1.02272,-4.50057),(-12.0576,-4.55879)]
triangle[(11.0267,-1.03565),(-16.7223,5.36406),(-23.5707,-24.3306)]
triangle[(-3.63066,-1.12525),(4.40504,3.72637),(-0.911611,12.5323)]
triangle[(-1.83354,-3.88701),(13.1074,-11.1893),(22.0902,7.19003)]
triangle[(-14.2463,14.6741),(-9.99233,-20.7292),(37.6476,-15.0049)]
triangle[(14.224,17.768),(-2.67155,6.88261),(14.7459,-20.1517)]
triangle[(-11.1014,-10.1769),(19.2854,10.9152),(-19.107,66.2259)]
triangle[(-8.00901,15.996),(-7.41615,7.17816),(6.90484,8.14103)]
triangle[(-5.95406,-10.7721),(19.8888,-18.0945),(31.239,21.9638)]
triangle[(-5.26426,-14.0938),(-14.43,-1.28181),(-40.0031,-19.577)]
triangle[(-11.304,-4.66771),(-11.9464,7.9592),(-33.9028,6.84228)]
triangle[(-1.05112,1.81559),(19.2554,-13.4986),(39.8399,13.7962)]
triangle[(12.4733,-12.5325),(4.23129,-13.0391),(4.83743,-22.9003)]
triangle[(-12.7703,-2.43521),(-19.8886,3.85419),(-31.7576,-9.57903)]
triangle[(-7.30647,-16.0583),(-16.2788,-4.63453),(-37.9909,-21.6873)]
triangle[(17.5459,18.8133),(-14.9949,12.2582),(-3.5504,-44.5548)]
triangle[(-17.985,-8.5932),(0.438649,14.8426),(-46.3942,51.6595)]
triangle[(18.4062,-1.92039),(0.446675,17.1925),(-25.2275,-6.93234)]
triangle[(-19.4612,-16.6672),(20.8986,-11.2093),(12.9253,47.7513)]
triangle[(10.852,-5.15772),(0.719283,-10.0765),(6.39962,-21.778)]
triangle[(-16.2425,-0.505141),(1.15757,-11.0046),(13.878,10.0761)]
triangle[(13.1797,-8.39482),(4.00334,-20.3681),(20.9977,-33.3927)]
triangle[(0.784467,-19.8226),(-6.51397,-7.99895),(-30.0118,-22.5036)]
triangle[(10.1502,20.445),(-1.66251,-1.28651),(32.1116,-19.6452)]
triangle[(13.4977,-19.2788),(-0.38258,-6.98126),(-24.0161,-33.6565)]
triangle[(7.23944,-16.4966),(-9.43981,-9.19789),(-20.1672,-33.7126)]
triangle[(-10.3016,-4.70019),(-12.4678,-7.98377),(-6.25859,-12.0799)]
triangle[(-7.59613,5.14234),(13.8694,14.8933),(2.61621,39.6657)]
triangle[(15.9713,4.98975),(-17.504,-13.7678),(14.2057,-70.3579)]
triangle[(-12.561,-15.1837),(-4.70007,18.9561),(-50.1544,29.4224)]
triangle[(-0.702117,4.76606),(-17.9099,5.02269),(-18.2606,-18.4965)]
triangle[(15.1131,20.0664),(2.50374,10.8651),(17.0664,-9.0914)]
triangle[(-2.48782,15.8398),(-20.0533,0.659411),(0.276765,-22.8649)]
triangle[(-1.32666,-12.4893),(10.7295,-7.71855),(2.85502,12.1813)]
triangle[(-18.5217,-0.0819715),(18.5956,-7.45286),(30.6745,53.3727)]
triangle[(-9.50365,-8.31905),(-3.79282,8.13162),(-26.1531,15.894)]
triangle[(-0.479228,3.03507),(-4.22192,18.3593),(-20.3328,14.4245)]
triangle[(-15.534,-1.14156),(4.59754,17.981),(-20.1104,43.9926)]
triangle[(-13.2144,-6.53817),(3.64268,-0.560389),(-7.72778,31.5038)]
triangle[(-17.8744,14.7286),(19.1739,-16.0466),(79.0631,56.0502)]
triangle[(-2.71035,-6.17347),(-13.6841,6.88395),(-32.7483,-9.13805)]
triangle[(16.3982,12.5639),(-8.47067,0.714779),(4.95248,-27.4577)]
triangle[(3.29236,14.6464),(2.41779,-10.4344),(42.3983,-11.8285)]
triangle[(-18.9155,-19.22),(3.56568,-5.65368),(-10.7489,18.0675)]
triangle[(-8.62419,18.5036),(1.3084,-9.30768),(46.6843,6.89798)]
triangle[(-20.9353,18.8488),(-18.9289,-5.57182),(23.4923,-2.08657)]
triangle[(-19.6333,18.2409),(-6.82359,20.2285),(-10.1949,41.9554)]
triangle[(-12.6278,16.5387),(0.442083,8.55069),(10.5258,25.0497)]
triangle[(0.889495,11.9967),(7.94876,-0.531062),(23.0884,8)]
triangle[(10.5795,-15.6279),(-2.81739,-2.61195),(-17.0309,-17.2415)]
triangle[(9.77173,0.44632),(17.6416,-6.73703),(26.9792,3.49295)]
triangle[(2.6113,-16.5812),(3.9044,2.61251),(-21.8817,4.34976)]
triangle[(2.63504,1.19313),(-17.0486,2.82245),(-18.7314,-17.5071)]
triangle[(-20.5053,0.167361),(-12.7181,-14.2367),(7.7903,-3.14947)]
triangle[(-5.33914,-7.79605),(18.3434,19.7687),(-20.1831,52.8691)]
triangle[(20.0409,-10.8798),(10.2998,-15.5681),(17.9787,-31.5231)]
triangle[(10.639,-0.373822),(-7.36872,-9.32919),(3.52837,-31.2413)]
triangle[(-14.694,-18.4721),(1.85166,-13.8843),(-4.60485,9.40032)]
triangle[(-0.759686,13.4511),(-4.40786,10.2728),(0.318832,4.84735)]
triangle[(-1.87426,19.0934),(16.4982,13.188),(25.9588,42.6215)]
triangle[(-16.5395,-2.80495),(1.65299,-5.61565),(5.82855,21.411)]
triangle[(-8.5463,7.86727),(7.60494,-16.1125),(33.4428,1.2902)]
triangle[(-14.8902,2.86286),(16.0186,18.3611),(-10.9458,72.1375)]
triangle[(-6.15547,17.6615),(18.0488,10.7873),(31.7439,59.0086)]
triangle[(-0.698638,-11.9916),(5.19062,14.8679),(-32.952,23.2311)]
triangle[(-13.1334,5.09439),(-16.5583,-6.343),(2.67927,-12.1037)]
triangle[(-15.4483,-6.56401),(-5.80365,-11.8437),(4.0425,6.14289)]
triangle[(-16.2934,14.1708),(-13.5729,12.1229),(-9.50518,17.5264)]
triangle[(-2.28563,-16.0104),(-20.2467,-8.87142),(-28.4382,-29.4806)]
triangle[(9.78531,-1.5482),(11.1939,-0.0133461),(8.37467,2.57405)]
triangle[(7.24715,-1.86794),(-2.05947,-12.2379),(14.7865,-27.3564)]
triangle[(-13.3592,-20.9404),(-8.39708,-11.5605),(-23.2017,-3.72855)]
triangle[(10.6427,-12.5881),(-8.53937,16.5858),(-45.0011,-7.38818)]
triangle[(20.0298,-9.68616),(-14.9249,-4.1807),(-20.9188,-42.2364)]
triangle[(-15.8901,-18.7636),(-11.7033,10.7959),(-69.9677,19.0485)]
triangle[(-17.4651,-4.1065),(-8.93905,9.91138),(-27.8843,21.4344)]
triangle[(7.37655,1.13566),(-5.39428,1.54119),(-5.80426,-11.3698)]
triangle[(0.150668,9.38723),(19.529,-14.5564),(52.0253,11.7439)]
triangle[(-4.66323,1.433),(14.3651,-12.2409),(30.3257,9.96953)]
triangle[(14.641,14.1237),(-9.74625,20.9581),(-18.3663,-9.80112)]
triangle[(-14.4631,16.8498),(12.5919,17.153),(12.0733,63.4342)]
triangle[(-15.0455,12.5848),(-19.471,-14.5385),(9.2307,-19.2215)]
triangle[(2.34094,-20.4189),(-13.1742,11.2027),(-52.3539,-8.02083)]
triangle[(-17.1724,15.2223),(-8.82113,-7.53279),(31.4914,7.26219)]
triangle[(7.93047,14.9724),(10.384,-5.94847),(51.4301,-1.13475)]
triangle[(-8.99556,7.9225),(-19.7959,-4.01046),(-1.20477,-20.8369)]
triangle[(-17.2417,19.4669),(5.40958,5.93295),(24.6631,38.1568)]
triangle[(4.20853,6.55614),(4.62703,-7.83262),(24.0829,-7.26674)]
triangle[(-20.4357,-13.166),(-12.4082,20.2733),(-62.3514,32.2628)]
triangle[(-19.2931,2.87526),(-17.1693,-19.3601),(17.1851,-16.0788)]
triangle[(0.826556,8.99783),(-16.2451,10.0901),(-18.2926,-21.9105)]
triangle[(-12.7454,-16.5147),(3.28901,18.8427),(-49.11,42.6054)]
triangle[(-18.4935,-5.15541),(18.1435,2.98858),(8.79316,45.0527)]
triangle[(-16.872,19.8121),(2.80368,9.10355),(15.5954,32.6066)]
triangle[(1.38979,5.32726),(-14.7857,-4.18214),(-3.60951,-23.1927)]
triangle[(-16.6681,-15.3844),(10.3043,7.32064),(-29.4628,54.5619)]
triangle[(8.59964,-15.0539),(14.2155,6.76088),(-28.5704,17.7754)]
triangle[(-6.68922,2.22541),(8.27466,-5.22491),(22.1998,22.7436)]
triangle[(12.5728,17.7336),(-2.7201,-8.00842),(38.7375,-32.6377)]
triangle[(-20.0062,8.91724),(-7.97307,-2.05731),(9.62316,17.2362)]
triangle[(17.4545,-10.1841),(-11.4344,7.61416),(-44.7111,-46.3984)]
triangle[(4.17818,16.4549),(8.25973,9.09609),(21.6867,16.5433)]
triangle[(13.8806,2.89756),(-10.6765,14.1244),(-23.3138,-13.5178)]
triangle[(-15.1798,-16.4045),(4.91817,-7.06783),(-10.4332,25.9774)]
triangle[(6.71971,15.5265),(15.0241,10.6153),(23.1105,24.2886)]
triangle[(12.4786,-19.4431),(-8.86641,-4.54294),(-35.8964,-43.2645)]
triangle[(-10.7271,-9.88204),(7.93834,-6.29221),(3.9306,14.5461)]
triangle[(8.58724,10.1501),(-7.41058,-13.9884),(37.7946,-43.9482)]
triangle[(-12.26,6.13403),(6.61196,-10.8991),(28.0181,12.8181)]
triangle[(-1.44957,-13.6079),(-4.49331,4.12593),(-26.6346,0.325719)]
triangle[(1.59433,15.9768),(15.7672,17.7396),(12.5871,43.307)]
triangle[(1.30238,2.40563),(-1.7265,10.3221),(-17.2567,4.38019)]
triangle[(-11.8914,-11.0754),(-4.34478,-6.79938),(-10.8952,4.76127)]
triangle[(-0.996089,20.5111),(-0.756734,15.5791),(4.80984,15.8493)]
triangle[(-20.7372,19.7317),(-15.4685,5.16479),(1.1091,11.1608)]
triangle[(8.47486,2.13677),(-15.1263,1.3807),(-13.7934,-40.2281)]
triangle[(18.5693,8.64888),(4.30336,-6.92874),(33.5868,-33.7464)]
triangle[(-15.3723,-14.1366),(5.6176,10.2171),(-40.762,50.1907)]
triangle[(20.9567,6.90523),(-3.43613,12.5016),(-13.6126,-31.8542)]
triangle[(-20.1324,-2.65261),(18.5572,16.4292),(-16.1271,86.7536)]
triangle[(8.68882,-1.60591),(9.45901,-9.70901),(24.7156,-8.25889)]
triangle[(15.6619,-10.1503),(-9.82547,10.1966),(-38.8822,-26.2011)]
triangle[(-10.8185,-16.7521),(-3.15641,-2.43843),(-27.2449,10.4561)]
triangle[(2.2411,17.6055),(-9.32123,5.48382),(8.19355,-11.2227)]
triangle[(9.34978,-11.9694),(-7.34195,-10.1102),(-10.8753,-41.8326)]
triangle[(-9.46193,-15.751),(-16.6906,-10.8623),(-21.8117,-18.4347)]
triangle[(19.2498,-9.17521),(19.5085,-2.71481),(10.8847,-2.36943)]
triangle[(8.89074,17.4211),(-10.404,8.30467),(7.80315,-30.2301)]
triangle[(-7.47173,17.9287),(-4.79023,-18.9952),(35.708,-16.0541)]
triangle[(-19.8075,-19.9099),(-6.15232,9.10307),(-47.3614,28.4984)]
triangle[(2.16871,-6.65149),(17.3512,-4.36514),(14.5797,14.0393)]
triangle[(-9.31068,-0.447872),(14.5522,13.0194),(-4.87024,47.4345)]
triangle[(8.28666,15.2246),(19.5511,8.03836),(27.1691,19.9796)]
triangle[(-0.583438,7.18603),(2.65223,-12.5468),(28.6721,-8.28017)]
triangle[(-20.2601,17.0885),(-0.8489,17.3363),(-1.32553,54.6704)]
triangle[(5.11249,-7.86679),(17.8453,-2.09225),(11.8825,11.0557)]
triangle[(-20.5384,14.3076),(-19.7946,-2.55771),(11.4258,-1.18072)]
triangle[(2.13451,18.5713),(-11.5521,-7.94581),(23.2258,-25.8962)]
triangle[(-20.365,20.6622),(11.87,1.55104),(45.863,58.8874)]
triangle[(8.52131,-2.67576),(-11.2289,-5.15167),(-8.608,-26.0584)]
triangle[(7.23209,-8.87024),(-0.516399,-10.7029),(2.71538,-24.3666)]
triangle[(-17.4334,4.36416),(-15.3499,-20.4902),(16.3059,-17.8364)]
triangle[(-1.74826,-2.73015),(2.90958,-9.03428),(10.0506,-3.75812)]
triangle[(-10.2456,-7.01179),(20.1361,0.276167),(6.66935,56.416)]
triangle[(4.42508,-13.0515),(9.94443,2.67102),(-20.9001,13.4989)]
triangle[(14.9055,-5.693),(-9.83975,-4.46989),(-11.832,-44.7754)]
triangle[(10.8656,-4.26188),(0.0247756,-7.54275),(5.37241,-25.2126)]
triangle[(-3.48062,-5.28721),(3.4018,-11.5214),(13.5086,-0.363782)]
triangle[(7.25614,-0.4553),(-16.3175,6.20246),(-27.0523,-31.8071)]
triangle[(15.5242,-7.17318),(-17.4833,-11.0967),(-13.1868,-47.2416)]
triangle[(-0.0236708,-16.0564),(-18.591,-5.52937),(-29.2747,-24.3729)]
triangle[(-8.98785,-17.398),(-7.44364,2.58116),(-34.8887,4.70242)]
triangle[(10.0661,-1.84502),(13.2206,13.024),(-15.0164,19.0146)]
triangle[(-1.18617,2.90941),(-15.6298,-15.8019),(17.1944,-41.1394)]
triangle[(2.47014,17.4203),(-8.27882,7.00721),(3.5424,-5.19527)]
triangle[(-15.9128,-19.8149),(14.2305,-17.4058),(11.2193,20.2703)]
triangle[(-4.05205,-13.2843),(19.016,11.6424),(-26.8797,54.1159)]
triangle[(16.1132,7.64552),(15.9282,0.898502),(24.5602,0.661858)]
triangle[(11.8338,-16.8897),(-20.316,-14.4056),(-24.7134,-71.316)]
triangle[(9.11218,9.5903),(-18.1328,-10.5493),(20.35,-62.6092)]
triangle[(-9.50556,-3.90478),(8.92249,-7.35157),(14.0634,20.1338)]
triangle[(11.0965,11.8509),(3.78834,-12.8556),(29.0497,-20.3278)]
triangle[(7.95108,-18.7795),(-10.8365,-9.15496),(-26.1695,-39.0857)]
triangle[(-3.25022,16.56),(6.52949,18.6014),(3.29419,34.1003)]
triangle[(-20.5385,11.0979),(-2.43182,-18.5827),(50.3821,13.6365)]
triangle[(-16.4565,-16.4014),(-18.397,-16.9652),(-17.4837,-20.1083)]
triangle[(2.03602,15.7121),(13.2319,-12.1099),(61.414,7.27919)]
triangle[(0.739251,-2.1863),(14.6668,5.26729),(4.01658,25.168)]
triangle[(-3.73494,17.9217),(3.18318,-18.5727),(75.4013,-4.88251)]
triangle[(-18.9296,14.5054),(4.65666,-12.2573),(55.5678,32.6115)]
triangle[(0.656895,10.0679),(-12.1111,6.94665),(-7.57939,-11.5913)]
triangle[(-12.3574,8.21046),(-8.91055,0.368564),(3.28907,5.7308)]
triangle[(18.2704,19.1415),(10.8277,15.155),(16.5179,4.53163)]
triangle[(-15.9074,-18.6046),(-17.4732,3.46935),(-54.5053,0.842488)]
triangle[(-4.76866,20.6604),(-4.39904,-8.87851),(33.0551,-8.40985)]
triangle[(9.57431,-14.9078),(15.5632,15.1192),(-23.7768,22.9656)]
triangle[(11.1212,-20.048),(14.6359,11.0126),(-47.1168,18.0003)]
triangle[(-14.6196,-8.80353),(20.7447,-1.31288),(7.48989,61.2648)]
triangle[(-8.04071,19.0566),(10.039,11.7323),(21.7132,40.5495)]
triangle[(17.8327,-11.9016),(16.382,5.42016),(-10.1338,3.19955)]
triangle[(16.9461,-17.2711),(14.0224,0.321651),(-6.26722,-3.05031)]
triangle[(16.8468,8.77951),(-15.2792,15.134),(-25.5942,-37.015)]
triangle[(2.11234,-7.67856),(-6.52549,-10.9822),(-3.07497,-20.004)]
triangle[(-9.62293,-17.5122),(-0.863174,-8.64214),(-17.9078,8.19055)]
triangle[(20.2394,-2.52885),(-12.4083,-10.8734),(-2.68303,-48.9229)]
triangle[(-7.14891,-2.08655),(-5.96542,-18.8949),(20.8086,-17.0097)]
triangle[(1.69217,-8.2252),(-13.0269,-19.7855),(0.187599,-36.6109)]
triangle[(14.4968,6.62607),(2.711,17.3834),(-16.9705,-4.17962)]
triangle[(-14.8311,20.0979),(12.0634,19.7439),(12.7625,72.8493)]
triangle[(-11.6511,-16.4548),(5.99919,12.0678),(-50.8991,47.2776)]
triangle[(4.15746,10.2077),(5.28013,-4.37549),(22.0292,-3.08607)]
triangle[(2.88175,-0.381723),(15.7208,-0.137418),(15.2969,22.1372)]
triangle[(8.17935,9.15561),(10.9992,-6.49323),(41.5884,-0.981206)]
triangle[(-19.3913,-19.8747),(0.783871,-8.00791),(-18.722,25.1546)]
triangle[(-19.9501,9.37786),(-20.1356,-1.58826),(-5.63627,-1.83361)]
triangle[(-5.0075,13.8078),(9.85782,6.47673),(21.2337,29.5437)]
triangle[(10.4337,-9.29358),(7.138,17.9254),(-21.027,14.5152)]
triangle[(-17.169,10.821),(8.95919,-2.21283),(30.2094,40.3862)]
triangle[(-19.1246,-8.99121),(8.35675,-16.666),(20.9876,28.5615)]
triangle[(16.1093,9.08122),(-12.039,-12.1288),(18.7119,-52.939)]
triangle[(-7.17805,-14.5401),(0.750757,-10.0696),(-4.52654,-0.709875)]
triangle[(1.41488,-11.7319),(-13.5892,-16.892),(-6.45284,-37.6424)]
triangle[(-12.1282,13.8403),(-4.0123,17.5904),(-9.00431,28.394)]
triangle[(18.2676,-17.566),(6.02879,4.56355),(-30.098,-15.4165)]
triangle[(-13.0678,-0.117334),(-7.93367,-20.5205),(18.1603,-13.9544)]
triangle[(7.8288,6.05418),(-12.5426,-19.7049),(31.9398,-54.8836)]
triangle[(-12.0395,0.772492),(-13.62,-5.01759),(-5.03742,-7.36035)]
triangle[(2.53494,18.0781),(-19.2714,-12.5271),(14.7063,-36.7364)]
triangle[(-11.2614,9.47781),(13.9868,9.27708),(14.3507,55.0445)]
triangle[(16.0554,17.3985),(7.83949,-1.58668),(32.1553,-12.1094)]
triangle[(2.52,1.63086),(-11.7746,1.94031),(-12.1956,-17.5071)]
triangle[(2.75566,-7.29665),(6.76485,-9.72081),(10.377,-3.74692)]
triangle[(1.06775,0.958735),(-3.64661,8.33911),(-11.2568,3.47794)]
triangle[(-12.3751,-8.52005),(9.6754,15.3634),(-25.9771,48.2798)]
triangle[(8.87096,19.6001),(17.1004,7.43589),(39.5844,22.6469)]
triangle[(9.02829,-17.5554),(-14.7766,2.08249),(-48.2547,-38.4994)]
triangle[(17.3257,-9.58207),(17.5321,-4.65276),(8.39026,-4.26994)]
triangle[(9.04513,-19.4541),(2.1428,-9.98865),(-14.6575,-22.2396)]
triangle[(2.3983,-15.0384),(-18.4657,-17.128),(-15.667,-45.0721)]
triangle[(16.3701,-10.6293),(-10.8099,6.36181),(-35.0698,-32.4458)]
triangle[(-12.0752,19.027),(-15.0131,1.31999),(16.9697,-3.98648)]
triangle[(17.871,-10.1592),(0.737341,-1.36268),(-8.73936,-19.8212)]
triangle[(-18.0065,0.0261344),(-8.28007,9.40003),(-20.1238,21.6891)]
triangle[(1.55033,-13.6912),(-11.0721,5.13561),(-33.3404,-9.79416)]
triangle[(-6.56287,-13.5884),(-10.8282,-0.875481),(-34.0577,-8.66913)]
triangle[(-7.94335,-4.03819),(-11.2899,14.0505),(-39.4539,8.83994)]
triangle[(-20.7712,-18.5841),(20.8796,7.20637),(-14.0865,63.6757)]
triangle[(11.2409,-7.79468),(-3.82094,-6.25246),(-5.86738,-26.2386)]
triangle[(13.421,8.53127),(-18.8254,7.12897),(-16.0434,-56.844)]
triangle[(0.392368,-18.2234),(2.1808,19.4238),(-47.7333,21.795)]
triangle[(6.29118,3.12415),(12.701,5.57091),(8.93613,15.4337)]
triangle[(-12.4721,-18.5186),(8.97781,-0.832253),(-17.7349,31.5647)]
triangle[(6.71642,10.0742),(10.0854,8.12452),(12.6524,12.5601)]
triangle[(-12.9871,-9.19994),(-4.2759,18.4009),(-32.1515,27.1988)]
triangle[(6.19971,14.3466),(20.6783,-19.4246),(73.4501,3.20015)]
triangle[(-10.4481,-17.6322),(20.2528,-0.712115),(-7.74399,50.0872)]
triangle[(8.61138,4.96055),(-11.7849,11.1607),(-18.3356,-10.3889)]
triangle[(13.1335,4.37038),(-14.1916,10.6325),(-20.7779,-18.1069)]
triangle[(15.1336,-14.801),(13.0552,-20.1657),(23.2158,-24.1021)]
triangle[(-11.2747,-4.84897),(-20.1423,13.2632),(-38.9071,4.07611)]
triangle[(16.5029,-9.17342),(19.686,6.44256),(1.9554,10.0567)]
triangle[(-13.2621,16.0296),(16.7311,-14.4292),(59.5303,27.7157)]
triangle[(-8.67322,-15.1162),(-15.7411,2.95712),(-45.1783,-8.55477)]
triangle[(-6.73344,9.24685),(6.65423,14.2047),(-2.31558,38.4258)]
triangle[(4.13225,-17.7314),(-15.4246,0.789107),(-49.5417,-35.237)]
triangle[(-10.3276,0.0280767),(17.8913,16.4834),(-5.86017,57.2143)]
triangle[(2.32473,9.30034),(17.5577,15.744),(10.3415,32.8033)]
triangle[(13.7558,-17.701),(3.3572,-6.88224),(-13.34,-22.9309)]
triangle[(-19.267,1.60503),(13.9407,-4.49408),(23.1704,45.7589)]
triangle[(15.1861,10.2856),(-16.0269,-13.4616),(21.3218,-62.5522)]
triangle[(-5.10476,-20.0813),(0.731324,1.03832),(-34.2743,10.7116)]
triangle[(-5.35933,-14.0783),(8.68911,15.7091),(-30.8249,34.3448)]
triangle[(17.6792,15.3519),(2.36113,-2.89035),(21.4677,-18.9342)]
triangle[(-6.72166,-9.35302),(-1.60612,-18.3441),(12.8417,-10.1239)]
triangle[(8.07974,-0.00411277),(4.8652,-14.6272),(25.3543,-19.1313)]
triangle[(2.39345,-7.01602),(-12.1698,16.0749),(-50.0595,-7.82189)]
triangle[(6.7187,14.5377),(-16.948,-3.98251),(9.67953,-38.0094)]
triangle[(-5.78354,-13.3694),(0.736327,-10.1384),(-4.48803,0.403813)]
triangle[(-17.9119,20.1155),(19.9138,18.1228),(22.8923,74.661)]
triangle[(11.1297,-12.5948),(-20.8431,-10.3777),(-24.0594,-56.757)]
triangle[(-12.3486,0.773073),(5.76444,-19.2632),(43.5104,14.8596)]
triangle[(17.4567,17.5391),(13.604,-12.5642),(55.2712,-17.8968)]
triangle[(17.396,-6.67087),(-16.665,-9.7694),(-11.2148,-69.6817)]
triangle[(-12.6435,-0.753939),(1.7481,-2.39123),(4.70618,23.61)]
triangle[(-0.424386,-8.84593),(15.0551,9.85454),(-14.2544,34.1157)]
triangle[(7.37404,-5.73356),(-14.2431,6.3483),(-35.4219,-31.5453)]
triangle[(-8.27102,6.16313),(11.3521,16.4262),(0.0365413,38.0616)]
triangle[(0.702634,-17.3389),(-18.6053,9.52254),(-54.0743,-15.9726)]
triangle[(0.253409,6.84326),(-20.538,18.0693),(-32.4955,-4.07662)]
triangle[(12.759,-20.6559),(10.2686,15.0436),(-40.8886,11.475)]
triangle[(13.7581,20.3408),(15.5728,12.2637),(27.1425,14.8631)]
triangle[(4.62789,16.2634),(-7.0347,0.411452),(15.2157,-15.9586)]
triangle[(2.2513,4.79573),(19.9861,-17.3095),(47.4003,4.68466)]
triangle[(7.56551,-17.7915),(-8.48621,9.32811),(-40.9393,-9.88044)]
triangle[(13.7715,5.18968),(0.720084,0.912816),(7.68976,-20.356)]
triangle[(12.8397,-18.0047),(13.0119,-1.89338),(-5.46594,-1.69592)]
triangle[(-11.9733,3.65559),(-13.1881,-0.913394),(-6.89919,-2.58548)]
triangle[(-3.62491,18.1883),(-8.11055,16.4834),(-4.79637,7.76338)]
triangle[(16.9107,1.4552),(-9.61739,12.5534),(-31.7665,-40.3895)]
triangle[(10.2646,-16.5422),(-14.4303,-7.73022),(-23.2983,-32.5821)]
triangle[(-15.0668,0.760054),(10.4093,0.868552),(10.2159,46.2901)]
triangle[(2.681,-2.3296),(7.15146,-11.0996),(17.6591,-5.74336)]
triangle[(-14.1814,15.2071),(-7.2391,-7.60508),(27.6491,3.01232)]
triangle[(-1.65934,3.8897),(-2.23354,16.3426),(-18.7742,15.5799)]
triangle[(-11.6885,-18.9742),(-8.8213,19.9534),(-83.5958,25.4608)]
triangle[(-13.5359,-5.75224),(13.6638,8.12274),(-5.91462,46.5033)]
triangle[(-2.76336,-2.98982),(-6.7809,12.2166),(-27.7287,6.68223)]
triangle[(13.1045,6.89049),(-13.7845,-11.2878),(14.4785,-53.0937)]
triangle[(-14.8126,2.70142),(-14.6087,-19.3149),(15.0245,-19.0405)]
triangle[(0.323893,-0.48658),(1.87462,18.2757),(-33.6724,21.2137)]
triangle[(5.09433,-18.893),(-18.1728,-2.74947),(-45.2931,-41.8369)]
triangle[(-3.0066,-13.2025),(-13.4332,2.17622),(-29.6613,-8.82623)]
triangle[(19.1271,-20.4914),(-13.6671,-6.97824),(-40.0019,-70.8883)]
triangle[(16.7241,-14.7394),(19.4112,-3.54983),(-2.4109,1.69051)]
triangle[(11.7513,-8.53113),(-9.96669,8.12468),(-42.6583,-34.5028)]
triangle[(7.13507,1.64637),(-15.7607,-8.84144),(-5.20969,-31.8752)]
triangle[(9.99161,6.97299),(-10.634,16.8502),(-22.6161,-8.17085)]
triangle[(9.84578,14.8037),(-11.9535,14.9774),(-12.2079,-16.9466)]
triangle[(-5.03292,-5.13048),(20.061,11.1524),(0.372274,41.4952)]
triangle[(-9.86662,19.5563),(11.6225,-9.29417),(50.9578,20.0045)]
triangle[(-8.6498,-19.0937),(-1.59976,18.0692),(-52.983,27.8169)]
triangle[(11.62,19.1953),(20.2468,5.76167),(42.4808,20.0398)]
triangle[(-15.1909,15.8346),(-0.547175,-13.8191),(48.9066,10.6023)]
triangle[(-11.6312,-14.3374),(-20.9315,1.07314),(-48.7931,-15.7414)]
triangle[(-3.68157,4.84528),(-19.9345,15.3453),(-39.3307,-14.6781)]
triangle[(-8.68476,-5.1453),(7.02062,-10.7304),(18.0446,20.2694)]
triangle[(-12.7459,-13.1452),(20.8551,-7.20254),(10.5149,51.2636)]
triangle[(11.9952,1.47709),(16.6428,2.29124),(15.1168,11.0024)]
triangle[(-19.8587,14.7817),(14.2022,-15.9441),(54.3893,28.6051)]
triangle[(7.11897,5.67538),(-0.893107,-2.25094),(14.7803,-18.0939)]
triangle[(0.390473,5.5815),(15.0336,-2.31729),(26.7329,19.3713)]
triangle[(-15.7715,-5.84104),(-13.4501,-19.307),(9.13029,-15.4144)]
triangle[(20.6781,-19.9699),(3.47156,-3.99917),(-22.2404,-31.7007)]
triangle[(8.63521,16.6401),(20.9296,9.90107),(29.134,24.8687)]
triangle[(-10.1785,18.8506),(-10.1618,2.02816),(15.1674,2.05341)]
triangle[(5.01234,-5.61383),(13.3727,-0.509176),(6.02026,11.5326)]
triangle[(-8.62397,15.3703),(0.781483,-18.0604),(58.4806,-1.82725)]
triangle[(-8.20538,14.8542),(-9.44631,1.62298),(10.6589,-0.262648)]
triangle[(-11.1478,-12.4511),(-16.5949,2.12027),(-36.0339,-5.14646)]
triangle[(15.7789,-11.003),(10.4318,2.45568),(-11.252,-6.15926)]
triangle[(-0.922289,12.8751),(-12.3546,-7.37188),(18.4993,-24.7933)]
triangle[(-14.6516,8.53541),(-12.784,-15.9845),(13.37,-13.9924)]
triangle[(-6.39713,3.57821),(14.812,-14.4592),(49.5718,26.4128)]
triangle[(0.960893,-0.918797),(14.8366,5.79367),(5.09591,25.9292)]
triangle[(-12.3822,-18.069),(2.09496,-10.4666),(-12.3939,17.1245)]
triangle[(-4.16926,-0.343359),(-18.597,16.3279),(-38.0958,-0.546869)]
triangle[(-16.0575,19.9976),(-3.8827,2.12065),(19.5295,18.0651)]
triangle[(-14.8696,-20.0737),(13.6388,17.0954),(-47.4456,63.9466)]
triangle[(-20.3542,5.02944),(0.446703,-6.27086),(22.1402,33.6613)]
triangle[(-18.7539,-0.613912),(18.2684,-4.13945),(24.354,59.7659)]
triangle[(3.4086,-6.42128),(11.2272,17.2703),(-13.0999,25.2986)]
triangle[(20.4448,-7.45525),(9.41464,-5.45195),(5.71163,-25.8407)]
triangle[(1.99815,-13.2272),(-12.4772,-14.7335),(-9.5379,-42.9811)]
triangle[(-16.9654,9.89906),(-11.2913,-17.7528),(36.5357,-7.93883)]
triangle[(-20.3939,-14.8263),(11.1125,-3.59126),(-2.10096,33.4632)]
triangle[(10.0023,-6.91506),(3.49957,9.9263),(-15.2223,2.69748)]
triangle[(0.32206,-0.970148),(13.3023,17.9198),(-15.3835,37.6313)]
triangle[(-6.12807,-16.7921),(-3.42078,13.3778),(-42.8229,16.9136)]
triangle[(14.4002,11.5541),(11.2371,5.74785),(18.6171,1.72744)]
triangle[(-0.488289,9.25695),(-3.46888,-0.452617),(15.8669,-6.38821)]
triangle[(-16.4902,-8.00555),(-10.6285,-10.9432),(-5.63639,-0.982198)]
triangle[(20.0005,-0.572272),(2.83137,12.735),(-14.2703,-9.32954)]
triangle[(-5.52547,-12.0833),(0.206954,-11.9167),(-0.0761574,-2.17929)]
triangle[(18.1988,15.0259),(-14.4575,-17.7964),(50.9651,-82.8883)]
triangle[(-13.5676,-10.9529),(-9.14284,18.6372),(-64.7136,26.9471)]
triangle[(5.83075,-5.39784),(11.4105,16.0372),(-27.8752,26.2636)]
triangle[(-11.6519,-11.7033),(20.8007,-11.8634),(21.0868,46.0952)]
triangle[(-15.7607,17.8185),(-17.7892,13.828),(-13.2981,11.5451)]
triangle[(12.7361,3.04895),(-7.00056,-1.63963),(-0.372184,-29.542)]
triangle[(3.2474,3.89789),(12.2877,15.3193),(-6.71451,30.36)]
triangle[(-14.1457,-11.5504),(14.5861,-13.4623),(17.02,23.1136)]
triangle[(-5.14544,18.5019),(13.142,9.7438),(25.2503,35.0266)]
triangle[(7.89787,-15.7103),(4.57692,20.702),(-58.6022,14.9398)]
triangle[(14.9872,0.173773),(-19.0497,-8.15106),(-3.70532,-70.8882)]
triangle[(-0.704506,-9.48276),(1.31269,-2.74979),(-7.06818,-0.23888)]
triangle[(4.37919,1.26427),(-9.97199,10.5617),(-28.1642,-17.5192)]
triangle[(-15.8992,-0.295642),(14.6211,-15.0266),(33.6103,24.3161)]
triangle[(-4.53353,10.4396),(-14.2185,-19.6307),(26.8614,-32.8616)]
triangle[(-18.5846,6.03441),(16.7994,20.1552),(2.05573,57.1002)]
triangle[(-19.4507,-12.053),(-17.1069,0.495834),(-36.3429,4.0885)]
triangle[(-10.3095,18.0096),(-4.09654,17.3856),(-3.11028,27.2044)]
triangle[(15.8819,17.3056),(-17.4777,-11.6903),(29.7937,-66.0759)]
triangle[(-2.84705,-12.6078),(4.63631,14.0915),(-29.0275,23.5269)]
triangle[(-12.0634,20.9489),(-18.0855,-7.43098),(22.8952,-16.127)]
triangle[(-12.6764,-1.4452),(7.08541,-8.15316),(18.4077,25.2027)]
triangle[(4.26919,-3.49817),(15.4117,-5.00452),(17.597,11.1604)]
triangle[(18.1488,-1.17085),(16.477,13.2363),(-3.29904,10.9414)]
triangle[(1.20712,-8.58224),(-10.3433,20.2396),(-47.5971,5.31006)]
triangle[(-16.9687,-2.23124),(-13.1008,16.5324),(-46.7171,23.462)]
triangle[(-4.79689,6.54026),(-16.1013,-11.4386),(8.07923,-26.6424)]
triangle[(-14.7285,7.77643),(3.5968,-8.3942),(26.725,17.8157)]
triangle[(15.5463,-8.79457),(12.3418,6.65005),(-11.1166,1.78281)]
triangle[(-2.74063,-15.4327),(-10.1795,9.14733),(-55.9272,-4.6977)]
triangle[(-20.569,-4.55977),(-11.3214,6.22765),(-22.2785,15.6208)]
triangle[(4.55091,-9.04556),(15.6201,-5.40253),(9.9482,11.8312)]
triangle[(-10.5054,-8.68808),(-13.2974,6.57732),(-31.4166,3.26331)]
triangle[(8.40421,-5.57274),(-13.2243,3.37879),(-29.4711,-35.8765)]
triangle[(-6.32735,16.8655),(-10.9764,18.3086),(-13.449,10.3432)]
triangle[(-14.151,-15.6522),(20.86,16.4774),(-36.1226,78.5702)]
triangle[(-5.93503,14.1839),(-15.2263,-8.23518),(10.1122,-18.7363)]
triangle[(-9.19676,-7.39772),(19.7194,-14.5175),(29.4056,24.8222)]
triangle[(4.88666,-3.18459),(9.794,-0.154181),(5.29104,7.13773)]
triangle[(-3.41982,-16.2479),(11.7342,-18.788),(14.5432,-2.02943)]
triangle[(12.4698,-16.9167),(19.7018,18.7349),(-42.6006,31.3731)]
triangle[(11.4376,-14.6985),(-20.7511,-1.17905),(-43.1116,-54.4177)]
triangle[(17.3154,9.92811),(-0.347438,-10.6633),(36.2991,-42.0979)]
triangle[(16.3035,17.5379),(3.22405,7.61918),(19.4964,-13.8384)]
triangle[(17.7834,8.91753),(-9.49424,-2.69269),(4.05914,-34.5357)]
triangle[(-11.4391,-13.5431),(-3.15635,-4.36575),(-19.3888,10.2843)]
triangle[(6.57601,17.4663),(-12.532,-20.1422),(36.439,-45.0232)]
triangle[(-8.26139,2.67179),(-18.5767,-10.8815),(7.36928,-30.6288)]
triangle[(-2.11267,-1.63006),(13.1744,20.4972),(-9.11679,35.8976)]
triangle[(-0.305056,-1.06905),(-19.4595,0.435953),(-21.3606,-23.7587)]
triangle[(-13.9454,-11.2766),(16.2994,6.64328),(-15.7703,60.7697)]
triangle[(-6.78549,0.772439),(-17.7428,-9.84172),(0.552955,-28.729)]
triangle[(-10.0935,-11.8094),(-19.5526,13.4347),(-45.5204,3.70443)]
triangle[(-11.9354,-10.6531),(18.6276,5.4286),(-2.23258,45.0731)]
triangle[(7.70716,6.88496),(16.2123,16.1322),(5.10323,26.3497)]
triangle[(2.49368,-14.1011),(15.0096,16.1603),(-43.3348,40.2911)]
triangle[(-7.7637,17.7716),(-1.95933,11.4609),(10.1912,22.6366)]
triangle[(17.7979,-13.3471),(-18.2417,10.0221),(-52.7063,-43.1289)]
triangle[(0.191144,19.411),(-20.0633,-14.9445),(33.3823,-46.4536)]
triangle[(20.2414,-8.05324),(6.7064,-12.8489),(12.4365,-29.0211)]
triangle[(-6.71145,-9.24538),(16.3623,-7.8802),(14.758,19.2341)]
triangle[(3.7158,-10.7287),(0.126664,2.29271),(-15.9803,-2.14693)]
triangle[(-0.898348,-13.1846),(8.90745,2.05174),(-6.43195,11.9239)]
triangle[(10.3096,-17.8282),(-2.7427,-17.9936),(-2.48944,-37.9878)]
triangle[(18.1972,-5.71256),(-15.8588,3.20494),(-33.1376,-62.7831)]
triangle[(-2.20933,1.32189),(15.8109,-17.7381),(51.5131,16.0164)]
triangle[(10.5882,4.76259),(9.5685,-15.5232),(33.3541,-16.7188)]
triangle[(-14.7605,-16.3236),(6.04939,14.7167),(-46.5583,49.9857)]
triangle[(13.4188,-20.1838),(-3.51433,13.4496),(-64.2984,-17.1527)]
triangle[(-0.203044,-13.1216),(-1.56556,-20.6622),(7.47668,-22.2961)]
triangle[(19.0733,-10.227),(19.8095,16.4509),(-23.6275,17.6495)]
triangle[(5.40942,5.61357),(19.8653,-16.0064),(52.7826,6.00332)]
triangle[(-5.83791,-20.3006),(-4.84628,-15.1215),(-13.2538,-13.5117)]
triangle[(20.0635,3.39625),(14.1187,7.9995),(8.73722,1.04962)]
triangle[(0.640304,6.53417),(12.639,19.3252),(-4.83632,35.718)]
triangle[(-20.7549,2.27074),(-6.23203,-0.908594),(-2.76033,14.9498)]
triangle[(15.2383,-3.25153),(-7.80833,14.9378),(-28.2642,-10.9807)]
triangle[(9.47936,-7.82918),(-5.56836,2.0902),(-21.2954,-21.7677)]
triangle[(-12.2632,12.3276),(4.20731,20.2386),(-8.40519,46.4975)]
triangle[(8.21558,2.35274),(-16.8403,12.7589),(-34.6388,-30.0965)]
triangle[(-7.60371,-12.7353),(-5.20424,-3.6702),(-15.9428,-0.827761)]
triangle[(17.9098,16.6538),(8.06733,0.0875738),(39.9594,-18.8603)]
triangle[(2.06171,-20.9486),(14.5135,1.82372),(-28.5414,25.3659)]
triangle[(-1.9791,9.72075),(6.26439,-7.56709),(40.1002,8.56712)]
triangle[(6.98676,-13.8568),(-8.2871,15.6143),(-45.3265,-3.582)]
triangle[(-11.1566,-17.9022),(14.3606,2.20758),(-25.0587,52.2264)]
triangle[(1.63455,16.6473),(-4.29012,10.9223),(6.18564,0.0811677)]
triangle[(7.2055,15.7514),(-7.97332,-11.0019),(42.978,-39.9098)]
triangle[(-20.8715,7.03106),(-1.82396,2.08765),(7.25136,37.0559)]
triangle[(3.16763,17.1893),(18.0038,-1.1134),(40.4961,17.1189)]
triangle[(-17.5976,-0.48563),(-0.339743,3.34517),(-7.99099,37.8143)]
triangle[(-5.31951,0.703547),(3.63293,-2.86963),(10.5332,14.4187)]
triangle[(0.591146,-7.67151),(-12.0394,-13.3207),(-2.8185,-33.937)]
triangle[(-0.274611,7.0499),(-3.10237,13.6261),(-10.7492,10.3379)]
triangle[(17.1926,-3.51006),(-20.5473,20.5349),(-45.7466,-19.0169)]
triangle[(-11.0041,-9.54559),(-14.2764,0.690582),(-26.6997,-3.2809)]
triangle[(-5.0622,4.28955),(17.2323,-5.19824),(29.6523,23.9865)]
triangle[(13.112,-2.99946),(-10.4853,18.7307),(-42.9398,-16.5122)]
triangle[(0.652175,-13.767),(-11.7409,6.44746),(-42.008,-12.1087)]
triangle[(-18.8655,6.55183),(-5.01045,12.0884),(-15.1817,37.5416)]
triangle[(5.58995,6.36621),(10.6399,18.2765),(-5.52584,25.1308)]
triangle[(0.344092,-13.0917),(20.7895,-3.0497),(6.17265,26.7103)]
triangle[(-11.6013,18.4546),(-7.62222,12.7688),(1.63643,19.2483)]
triangle[(-5.7137,-4.48337),(5.32383,0.373141),(-3.38261,20.1606)]
triangle[(-2.44313,-18.3864),(-15.1979,12.7076),(-59.2479,-5.36175)]
triangle[(-16.849,-0.362305),(-0.729109,15.4018),(-25.2053,40.4304)]
triangle[(-7.66347,17.0795),(-4.44377,20.6337),(-11.182,26.7377)]
triangle[(2.79556,18.4241),(-12.8731,-12.3922),(18.7068,-28.4491)]
triangle[(-8.80977,9.968),(19.7686,-6.70479),(47.351,40.5734)]
triangle[(-13.5548,-1.05794),(-10.1663,8.52937),(-25.8939,14.088)]
triangle[(19.9032,20.1577),(0.362241,-9.06411),(29.8458,-28.7801)]
triangle[(18.7935,18.1862),(8.08455,12.7514),(15.7191,-2.2921)]
triangle[(0.391622,-15.2376),(-3.455,-18.0025),(0.362484,-23.3136)]
triangle[(-0.535119,18.1459),(-14.6843,-2.24444),(19.8008,-26.1742)]
triangle[(11.2559,-10.1692),(-20.0627,-17.5638),(-6.97685,-72.9865)]
triangle[(0.576837,15.8966),(19.8314,6.92141),(32.1448,33.3374)]
triangle[(14.6321,-6.1329),(-18.7901,-2.2983),(-25.9001,-64.2681)]
triangle[(-4.71043,-6.61991),(0.980263,-8.77113),(3.39935,-2.37186)]
triangle[(-2.0879,18.3444),(-13.6159,16.7581),(-11.5707,1.89489)]
triangle[(5.42149,1.1834),(16.5408,-4.02587),(23.317,10.4381)]
triangle[(-6.93221,-9.14321),(-15.3383,-2.04326),(-24.9258,-13.3945)]
triangle[(-13.845,1.55318),(5.89471,-18.5752),(37.9262,12.8378)]
triangle[(-12.4453,0.44836),(-17.9074,-13.4397),(0.718957,-20.7653)]
triangle[(-3.85131,-12.4821),(5.38912,-14.3075),(7.57478,-3.24358)]
triangle[(6.09936,3.25366),(17.2287,5.57624),(13.1181,25.2732)]
triangle[(-0.342488,-3.86451),(-1.72677,8.6757),(-16.104,7.08863)]
triangle[(15.5897,13.0136),(2.73651,12.7993),(2.96408,-0.846478)]
triangle[(0.400035,-16.1614),(-12.571,7.80436),(-56.5614,-16.0047)]
triangle[(-14.4993,5.13717),(6.61319,-16.2401),(35.6558,12.4429)]
triangle[(-0.148238,5.77341),(5.75866,0.789073),(15.0305,11.7771)]
triangle[(-8.68656,-7.19097),(5.72876,-17.2172),(16.6179,-1.56126)]
triangle[(-14.2605,8.25319),(8.08734,-19.3245),(42.4044,8.48461)]
triangle[(-6.81991,13.2261),(-14.8194,8.00923),(-9.14811,-0.687194)]
triangle[(-0.116461,5.53621),(-7.61436,10.1288),(-14.466,-1.05734)]
triangle[(4.04252,15.5631),(-12.9545,-3.16302),(21.3065,-34.2605)]
triangle[(-17.2827,19.4251),(-6.55569,-1.0413),(32.0677,19.2023)]
triangle[(-9.50023,0.539973),(13.7664,-13.7292),(33.3197,18.1535)]
triangle[(20.2679,18.799),(0.501197,-11.7696),(51.5405,-44.7733)]
triangle[(3.09763,9.31212),(-12.4343,-0.160729),(0.316237,-21.0668)]
triangle[(16.3025,-16.6496),(16.8235,0.158905),(-8.71036,0.950379)]
triangle[(-13.0204,-11.3405),(-3.19652,-0.256585),(-15.102,10.2954)]
triangle[(-5.33501,-11.6726),(3.75372,-7.09201),(-4.0118,8.31626)]
triangle[(4.47175,8.88802),(-6.2677,9.47879),(-7.08303,-5.3429)]
triangle[(0.87065,15.4061),(0.522387,-11.2345),(29.8894,-11.6184)]
triangle[(-10.8944,18.4356),(0.327658,20.3665),(-2.16154,34.8333)]
triangle[(-20.0291,-2.77218),(11.8995,-5.79829),(16.0575,38.0729)]
triangle[(9.72552,14.3861),(13.9344,-9.11162),(57.1758,-1.36619)]
triangle[(-10.2027,7.92617),(20.3834,-18.9218),(66.2202,33.2971)]
triangle[(3.45849,7.78365),(-20.4195,-0.593546),(-7.22953,-38.1895)]
triangle[(17.6093,-14.5947),(13.1614,16.9899),(-23.9911,11.758)]
triangle[(20.6123,-7.63352),(-5.79085,-6.29093),(-8.22501,-54.1609)]
triangle[(4.05535,-13.7252),(18.5784,-17.2053),(22.6647,-0.152575)]
triangle[(0.573539,-17.5215),(-8.54161,18.8872),(-54.7206,7.32595)]
triangle[(-5.50094,18.4027),(10.1956,10.3015),(23.2923,35.677)]
triangle[(20.1276,4.98226),(14.7838,19.6667),(-13.4525,9.39133)]
triangle[(-9.82549,-6.9316),(6.94228,13.5509),(-28.1267,42.2597)]
triangle[(-13.2311,-9.12204),(-1.71758,0.481897),(-16.3273,17.9965)]
triangle[(-19.2076,5.96361),(-8.59149,-6.54954),(13.9183,12.5477)]
triangle[(-0.796721,12.0525),(-8.94236,14.3482),(-11.7305,4.45536)]
triangle[(-20.4901,-20.557),(-17.9515,-16.4978),(-22.3272,-13.7612)]
triangle[(3.07139,-6.92431),(-14.7248,8.32712),(-34.0499,-14.2224)]
triangle[(-18.9014,14.7516),(-3.92644,4.64132),(13.5902,30.5863)]
triangle[(0.549598,16.2594),(17.5661,8.23012),(32.7836,40.4805)]
triangle[(-13.1482,-10.8942),(13.2226,2.53728),(-3.17328,34.7281)]
triangle[(20.7996,-20.1269),(19.1596,-8.81841),(-1.16868,-11.7664)]
triangle[(6.39477,-15.0614),(-18.0904,-6.84481),(-27.1109,-33.7254)]
triangle[(17.8965,3.45039),(-18.4226,-8.98628),(-3.28855,-53.1826)]
triangle[(-11.6529,-7.47357),(-13.3231,16.0014),(-45.075,13.7424)]
triangle[(-7.37967,-9.0564),(-14.7163,-20.2576),(2.46049,-31.5081)]
triangle[(-7.27946,-8.3033),(6.67584,-13.1797),(16.2971,14.3545)]
triangle[(2.7812,13.7202),(16.1485,13.5728),(16.3088,28.1075)]
triangle[(-1.18436,-1.68624),(20.4942,0.28927),(17.5117,33.0183)]
triangle[(-1.18473,-2.98852),(17.0474,4.70743),(4.76325,33.8094)]
triangle[(7.6585,9.1089),(9.21731,13.3768),(1.47161,16.2058)]
triangle[(-12.5411,-20.094),(-17.3538,15.4347),(-72.1396,8.01346)]
triangle[(4.2142,-12.9549),(-17.6009,-3.12885),(-28.0487,-26.3244)]
triangle[(7.89195,17.0202),(14.4995,0.998478),(36.1682,9.93495)]
triangle[(5.52854,20.7345),(-12.7469,9.70128),(6.45141,-22.0988)]
triangle[(14.7671,-10.2629),(-12.7927,-17.7437),(0.193565,-65.5859)]
triangle[(7.47522,13.327),(-2.59364,-0.462585),(22.0155,-18.4317)]
triangle[(-13.1087,-1.02094),(6.7628,20.3548),(-22.1809,47.2617)]
triangle[(11.8226,14.1682),(-18.0038,6.47768),(-8.23155,-31.4223)]
triangle[(-2.00106,-18.6113),(16.6743,17.302),(-20.487,36.6263)]
triangle[(18.1409,-5.84227),(-12.3711,10.1917),(-36.448,-35.6256)]
triangle[(-17.8364,12.1248),(15.7836,4.7243),(24.0891,42.4561)]
triangle[(2.05718,20.4002),(6.19673,14.8462),(12.3646,19.4433)]
triangle[(19.231,-12.3637),(14.3516,16.7552),(-20.2237,10.9615)]
triangle[(-2.05929,-20.8078),(-18.0102,5.20495),(-63.0719,-22.4267)]
triangle[(-10.1574,15.9343),(8.27626,-3.55647),(43.6963,29.9426)]
triangle[(13.4193,-11.6804),(-18.595,-0.165493),(-38.02,-54.172)]
triangle[(-1.02808,-11.9881),(13.5018,-6.085),(5.98497,12.4168)]
triangle[(-1.63673,-14.5364),(-5.17957,9.66413),(-49.8191,3.12911)]
triangle[(19.1501,-13.4516),(2.00454,-6.80175),(-5.43521,-25.9841)]
triangle[(7.34439,8.44877),(-2.15436,-13.2024),(32.637,-28.466)]
triangle[(5.88011,11.1847),(-4.32051,0.270379),(17.2498,-19.8895)]
triangle[(-13.3763,11.7658),(-5.62441,-7.07043),(25.4113,5.7021)]
triangle[(-13.8752,1.37905),(19.8288,-8.41277),(38.1498,54.6491)]
triangle[(-11.8769,11.4636),(15.7861,2.58736),(29.9499,46.7293)]
triangle[(-12.6266,12.5337),(-4.836,0.646866),(17.7357,15.4402)]
triangle[(0.280979,19.1826),(-9.77041,13.4128),(1.42915,-6.09754)]
triangle[(5.89769,-13.0102),(17.2374,-16.7191),(22.9317,0.690775)]
triangle[(-18.3778,9.65284),(-1.0226,-13.3543),(30.6786,10.5592)]
triangle[(-13.1706,-3.57102),(15.4402,20.3883),(-14.2704,55.8668)]
triangle[(-20.3125,13.5433),(7.68651,-17.3746),(49.1318,20.1579)]
triangle[(-17.0927,5.65294),(-5.41398,-10.2272),(21.1566,9.31349)]
triangle[(-16.0365,1.2681),(20.0831,-0.896812),(23.1759,50.7037)]
triangle[(3.44562,9.27421),(4.30499,15.8159),(-4.4504,16.9661)]
triangle[(-0.686181,6.53348),(15.5512,-7.71618),(40.7588,21.0077)]
triangle[(-16.4224,3.90868),(-12.9424,8.98058),(-18.6553,12.9003)]
triangle[(-19.7134,11.6488),(-15.8787,-8.43748),(19.0928,-1.76106)]
triangle[(-13.6798,-9.95585),(-11.7201,-13.0389),(-5.65932,-9.18651)]
triangle[(18.0862,-7.07037),(-8.23438,-5.81848),(-9.59238,-34.3701)]
triangle[(11.6902,19.5681),(8.502,-17.1122),(77.5626,-23.1149)]
triangle[(12.062,15.2495),(20.6724,-17.1417),(83.5097,-0.437915)]
triangle[(-1.402,2.86294),(-5.38726,-16.722),(16.6005,-21.1962)]
triangle[(-20.5084,-18.6778),(-1.10107,-0.00406106),(-27.277,27.2002)]
triangle[(13.5526,-7.17215),(-1.03747,6.76069),(-22.5934,-15.8121)]
triangle[(-8.76139,-13.9354),(-20.4131,3.23449),(-53.4399,-19.178)]
triangle[(-0.870639,5.77259),(-7.39062,-15.5563),(30.3434,-27.0911)]
triangle[(10.7009,-1.33424),(-20.0403,18.2442),(-56.0078,-38.2303)]
triangle[(12.7816,7.39948),(18.0869,-17.9811),(46.6786,-12.0045)]
triangle[(-16.5229,8.21618),(4.58668,6.32052),(7.61175,40.0068)]
triangle[(2.70685,19.2459),(13.1632,17.2264),(16.1838,32.8664)]
triangle[(-6.96493,-5.08616),(-6.87775,11.0036),(-32.1269,11.1404)]
triangle[(1.81489,-9.58593),(-13.0919,15.4132),(-49.5042,-6.2991)]
triangle[(1.62686,3.44155),(-2.3509,3.89534),(-2.81919,-0.209614)]
triangle[(-11.2106,-20.0495),(-18.0726,-6.5133),(-40.362,-17.8127)]
triangle[(10.9641,-16.5615),(13.3592,-0.150295),(-15.8748,4.11615)]
triangle[(-9.13548,15.3531),(14.3177,6.79159),(23.7369,32.5943)]
triangle[(-12.3431,-1.4181),(3.49836,-5.67091),(8.22721,11.9438)]
triangle[(6.00401,14.46),(-4.37233,5.90782),(11.7061,-13.6002)]
triangle[(-20.3189,-11.7328),(10.1835,-8.00911),(4.3877,39.4669)]
triangle[(-13.1931,-1.80011),(-16.2205,10.7053),(-41.0664,4.69049)]
triangle[(-5.76374,-5.87872),(11.8764,-2.24098),(5.1193,30.5258)]
triangle[(-2.73066,-6.01029),(15.523,-13.0284),(22.8589,6.05183)]
triangle[(-6.10434,-5.35956),(12.1386,-15.8149),(24.1782,5.19231)]
triangle[(20.7789,3.42982),(19.7805,11.0303),(8.76312,9.58308)]
triangle[(17.127,-8.18077),(-8.62197,-18.1711),(3.89295,-50.4269)]
triangle[(14.7358,-15.0297),(10.5657,0.549087),(-13.0561,-5.77392)]
triangle[(17.8097,13.3744),(-13.0798,-8.64135),(28.869,-67.4982)]
triangle[(3.41342,-10.4221),(15.7349,9.93322),(-14.4011,28.1751)]
triangle[(-4.63425,-1.34987),(1.98042,-20.4851),(37.4125,-8.23697)]
triangle[(5.66662,-5.42456),(-13.374,-0.286676),(-23.544,-37.976)]
triangle[(-19.3409,-13.1556),(8.48157,16.0539),(-27.9643,50.7692)]
triangle[(20.7638,16.1767),(-14.5988,-9.89913),(24.2036,-62.5207)]
triangle[(14.4075,-18.5858),(-3.58623,-3.37607),(-19.7758,-22.529)]
triangle[(11.0777,4.43714),(-19.8899,15.3845),(-40.6382,-43.3074)]
triangle[(-6.88441,-16.1672),(18.3334,15.3532),(-32.4888,56.0133)]
triangle[(-7.80048,15.0857),(12.5567,13.6761),(14.0369,35.0527)]
triangle[(10.2814,20.1812),(-17.8398,18.2629),(-15.6864,-13.3057)]
triangle[(-0.813345,-9.55794),(-8.44194,15.8075),(-38.0831,6.89293)]
triangle[(-10.6464,1.51375),(7.3466,-6.14208),(19.57,22.5859)]
triangle[(-1.23014,-1.28894),(-6.82161,6.57427),(-16.1583,-0.0649652)]
triangle[(18.527,-11.3021),(-3.04633,1.41096),(-22.7551,-32.0335)]
triangle[(1.97202,-12.7597),(-12.6657,-0.949564),(-26.6234,-18.2489)]
triangle[(-13.3178,12.9009),(-13.6145,18.5025),(-23.0486,18.0028)]
triangle[(-15.325,-19.0391),(20.9619,5.28664),(-17.1022,62.0672)]
triangle[(9.11731,-14.1477),(0.0898176,20.6843),(-54.2976,6.58852)]
triangle[(10.5316,5.74545),(20.5795,-0.327501),(31.7657,18.1804)]
triangle[(-13.6405,14.5597),(20.8344,-20.2882),(83.0211,41.2329)]
triangle[(6.50456,-16.0694),(-18.2159,8.96707),(-61.8569,-34.1231)]
triangle[(9.6622,-8.22567),(-15.6418,20.5566),(-60.1723,-18.5926)]
triangle[(-20.9016,-17.7533),(-5.55228,-19.3298),(-3.68652,-1.16335)]
triangle[(17.3511,5.06532),(6.81324,12.9006),(-1.13432,2.21166)]
triangle[(5.22988,-18.4743),(5.61149,8.24038),(-21.715,8.63073)]
triangle[(14.6947,19.4857),(0.0306848,-14.7957),(40.5103,-32.1111)]
triangle[(10.3188,2.50608),(8.08815,7.91014),(1.39437,5.14715)]
triangle[(-8.85446,-3.39606),(13.6555,-14.4904),(32.4592,23.6615)]
triangle[(-15.5197,-4.01188),(13.0174,10.5631),(-1.89611,39.7629)]
triangle[(-13.0822,20.241),(-0.700103,-16.3033),(70.4466,7.80283)]
triangle[(4.14446,-0.101247),(6.9247,-2.64874),(11.3227,2.1511)]
triangle[(-11.5415,-7.28741),(9.26946,-5.98448),(7.29957,25.4795)]
triangle[(3.66906,4.45749),(7.2848,13.9594),(-7.50168,19.5861)]
triangle[(-11.7447,-8.83644),(16.9949,2.57973),(5.3513,31.8921)]
triangle[(-5.48498,-20.604),(-19.0069,-14.1278),(-30.4459,-38.0116)]
triangle[(-9.57204,-12.2509),(-9.1597,-7.10142),(-18.2934,-6.37005)]
triangle[(7.0641,1.82213),(6.82124,6.84343),(-1.72504,6.43009)]
triangle[(5.47182,14.3035),(-8.01412,-11.7609),(26.8271,-29.7881)]
triangle[(4.56729,-5.08636),(-1.51886,-10.0714),(7.73254,-21.3663)]
triangle[(4.4955,-19.7967),(18.572,2.00701),(-3.32952,16.1466)]
triangle[(1.38658,-9.67894),(-5.20246,-0.850707),(-19.8809,-11.8061)]
triangle[(-17.9661,15.0502),(9.11244,-4.74584),(41.7607,39.913)]
triangle[(-18.7489,-15.585),(5.71309,10.1533),(-26.5962,40.8605)]
