triangle[(10.5701,8.40509),(7.503,-18.2845),(59.9583,-24.3126)]
triangle[(-4.13136,-3.71984),(20.9024,-9.16345),(28.5528,26.0189)]
triangle[(-17.4404,19.875),(-0.0715797,-16.8182),(37.5389,0.984717)]
triangle[(-12.8585,3.08779),(-17.1963,3.58734),(-17.7979,-1.63648)]
triangle[(9.67095,14.0764),(-1.68401,1.07902),(13.0524,-11.7952)]
triangle[(15.1657,11.6614),(-4.95258,-14.5457),(38.954,-48.2513)]
triangle[(18.3776,3.2158),(-19.8117,15.6768),(-42.5238,-53.9293)]
triangle[(10.3522,-1.03281),(-10.4769,-1.05808),(-10.4304,-39.4578)]
triangle[(9.046,-11.3774),(1.77439,15.3115),(-33.1301,5.80145)]
triangle[(1.58981,13.2748),(2.47858,-20.8696),(49.0113,-19.6583)]
triangle[(-7.85291,-14.6071),(2.6204,-18.0234),(7.41286,-3.33096)]
triangle[(2.69614,9.88991),(-16.2199,-7.54696),(13.4414,-39.7243)]
triangle[(-18.8442,9.08536),(-8.39132,-9.33183),(23.6964,8.87992)]
triangle[(-15.6618,10.5142),(15.8236,-16.0376),(67.0672,44.7277)]
triangle[(-11.6431,-12.1932),(-19.9414,9.63407),(-45.0397,0.092117)]
triangle[(1.20891,-14.0096),(-19.5895,9.26811),(-54.959,-22.3342)]
triangle[(14.9214,2.50421),(-16.3397,6.70712),(-21.3422,-30.5011)]
triangle[(16.578,-2.01624),(19.3213,11.0845),(3.22887,14.4543)]
triangle[(-6.87472,-10.7337),(0.553755,9.14962),(-22.6934,17.8348)]
triangle[(3.99725,15.765),(-3.22529,-16.2611),(60.1424,-30.5518)]
triangle[(-11.8564,-2.54574),(-19.0914,13.1758),(-42.8528,2.24098)]
triangle[(16.5479,6.60965),(17.1504,-8.99062),(39.955,-8.10992)]
triangle[(-12.2281,-15.9189),(-12.633,9.042),(-58.3281,8.3008)]
triangle[(-5.05184,-13.5139),(9.28936,-8.49314),(1.59721,13.4785)]
triangle[(-7.54294,4.438),(-19.746,4.51743),(-19.8513,-11.6532)]
triangle[(12.0189,-2.21112),(-4.29997,-13.4696),(17.1021,-44.4912)]
triangle[(-8.88267,-15.8161),(-1.60383,9.90335),(-35.166,19.4018)]
triangle[(10.8554,0.249875),(18.544,18.4701),(-4.41841,28.1598)]
triangle[(0.149627,-11.335),(18.3017,-4.4583),(6.29454,27.2361)]
triangle[(2.33124,-19.3424),(5.78455,-7.28032),(-11.2009,-2.41746)]
triangle[(19.739,-8.46947),(20.7566,5.62919),(0.133702,7.11767)]
triangle[(-13.3275,5.20507),(-5.93577,6.59472),(-8.0109,17.6327)]
triangle[(16.5903,4.74616),(-3.69516,-11.3539),(26.3662,-49.2301)]
triangle[(-10.5237,-8.08717),(-2.30861,17.7016),(-48.4757,32.4082)]
triangle[(-5.32955,-16.0526),(12.7924,18.0457),(-29.5253,40.536)]
triangle[(-13.7321,10.0057),(-17.9577,14.112),(-22.4404,9.49897)]
triangle[(14.2046,10.0976),(18.0557,-18.1665),(55.5934,-13.0518)]
triangle[(-13.9568,-18.267),(-16.9606,9.86072),(-58.9915,5.37227)]
triangle[(19.9754,-6.28287),(3.49199,-9.60801),(10.0323,-42.0295)]
triangle[(17.3737,-18.2574),(-19.7438,16.7245),(-60.1799,-26.1803)]
triangle[(6.65047,12.2022),(-17.2457,10.9937),(-15.3451,-26.5882)]
triangle[(1.05961,18.2489),(-3.48827,16.6319),(-0.27399,7.59165)]
triangle[(16.6041,4.44266),(11.2123,-16.1671),(32.9557,-21.8555)]
triangle[(-3.89559,-12.3858),(-10.2572,13.9649),(-42.2464,6.24208)]
triangle[(-15.5878,-1.69243),(19.2334,-2.53061),(20.6575,56.6317)]
triangle[(-4.58498,-6.91569),(6.02424,-15.3468),(19.2933,1.35015)]
triangle[(-20.7051,-16.7875),(3.37511,-2.801),(-19.8056,37.1086)]
triangle[(15.0111,-15.8654),(7.38572,-9.02101),(-3.1944,-20.8084)]
triangle[(-6.37455,-0.105568),(-16.7759,6.41499),(-26.8218,-9.6099)]
triangle[(16.4325,-17.5501),(-3.12036,-16.8366),(-3.93398,-39.1323)]
triangle[(11.474,7.6734),(-13.8307,20.3503),(-32.7551,-17.4253)]
triangle[(-7.28322,-6.58376),(-14.4334,16.5546),(-59.1994,2.72107)]
triangle[(-8.15343,-13.4596),(-6.93552,20.3914),(-66.6952,22.5415)]
triangle[(9.79559,11.8264),(6.67578,-10.9896),(33.4242,-14.6471)]
triangle[(-13.3892,5.98705),(16.2798,-0.75527),(29.5969,57.8455)]
triangle[(-5.17922,18.5274),(-16.9919,-15.2965),(19.183,-27.9303)]
triangle[(-12.4473,8.2719),(4.78161,-20.5243),(45.7216,3.97023)]
triangle[(-10.2339,2.0782),(-16.1367,-4.37498),(-7.25363,-12.5003)]
triangle[(8.26834,-11.3666),(-16.1075,-8.74349),(-21.2585,-56.6111)]
triangle[(-9.454,-14.4364),(-13.291,0.843516),(-42.9854,-6.6131)]
triangle[(-5.3692,17.6808),(19.0857,-19.6967),(88.0064,25.396)]
triangle[(-5.38946,-0.999992),(-17.0091,-2.42501),(-15.57,-14.1598)]
triangle[(10.7441,13.374),(-17.0977,-2.41507),(13.8363,-56.9627)]
triangle[(-11.4781,4.44871),(-3.93136,-13.769),(29.0588,-0.102743)]
triangle[(-1.37273,-12.6217),(-20.9227,7.24685),(-47.8479,-19.2467)]
triangle[(16.1836,-11.6019),(6.74139,-17.1788),(16.4823,-33.6711)]
triangle[(7.432,18.5203),(1.41051,-16.5884),(69.7693,-28.3126)]
triangle[(-19.8775,-1.33213),(-19.0271,11.153),(-39.4889,12.5468)]
triangle[(-14.557,3.62824),(19.1923,1.02732),(24.1227,65.0032)]
triangle[(-7.27788,10.1872),(15.1221,-3.43612),(39.0748,35.9477)]
triangle[(-15.6329,15.4828),(20.7769,-16.4274),(71.3544,41.2819)]
triangle[(14.5388,7.61201),(17.5344,-18.9887),(53.4275,-14.9467)]
triangle[(8.06624,19.4537),(15.056,18.7261),(16.4267,31.8945)]
triangle[(2.90846,18.8637),(-4.36441,19.6511),(-5.84118,6.01097)]
triangle[(-20.8566,10.0866),(-15.0884,-0.281222),(-4.44066,5.64272)]
triangle[(-15.1118,14.2133),(2.82957,6.09891),(12.5837,27.666)]
triangle[(7.22369,14.8377),(-18.1117,5.39948),(-1.28599,-39.7663)]
triangle[(2.32281,-16.105),(-10.15,6.70907),(-42.7038,-11.0886)]
triangle[(18.9892,1.51346),(-7.50892,8.68656),(-17.6545,-28.7922)]
triangle[(9.72219,-13.0108),(-5.51173,16.6668),(-44.4895,-3.34101)]
triangle[(20.3002,-4.77633),(2.94428,-5.51568),(3.99571,-30.1975)]
triangle[(2.7562,-14.1846),(-12.2067,0.815697),(-42.0525,-28.9558)]
triangle[(-5.38611,8.85223),(-20.1229,-15.053),(23.306,-41.8255)]
triangle[(12.2489,-4.96927),(17.8717,8.57375),(-1.99325,16.8213)]
triangle[(-7.54175,16.0727),(15.6985,-4.22984),(52.0527,37.3847)]
triangle[(-19.2714,10.688),(6.5861,6.7231),(14.0977,55.7105)]
triangle[(10.9276,-10.266),(4.93099,13.2194),(-41.3824,1.39399)]
triangle[(11.5054,2.2739),(18.5029,-9.58756),(38.9385,2.46817)]
triangle[(-18.6778,-11.9676),(16.3067,14.248),(-28.5414,74.0973)]
triangle[(-16.2271,-1.20673),(14.0953,15.1656),(-11.132,61.8878)]
triangle[(-11.0437,20.7798),(1.7199,-8.07528),(30.6271,4.71142)]
triangle[(14.6189,19.4081),(7.29204,3.28363),(34.964,-9.29032)]
triangle[(2.5303,-18.573),(-13.5417,1.71107),(-52.6514,-29.2774)]
triangle[(7.42804,-18.2695),(9.09172,10.317),(-35.4275,12.9079)]
triangle[(-1.92903,9.68539),(-7.01898,3.99834),(3.14363,-5.09727)]
triangle[(15.4424,15.0874),(-8.88204,2.29798),(15.692,-44.4398)]
triangle[(-19.4836,7.90895),(-0.592978,-8.38601),(26.464,22.9809)]
triangle[(0.349435,-5.633),(-2.03589,0.349329),(-13.5835,-4.25504)]
triangle[(-9.14912,17.2096),(-4.95804,-20.755),(53.5806,-14.2927)]
triangle[(6.63526,-17.0063),(19.489,6.00842),(-22.7584,29.6036)]
triangle[(7.41362,8.43065),(-20.1871,1.93679),(-13.2444,-27.5717)]
triangle[(6.86764,10.6285),(8.23548,-1.2871),(32.0543,1.44715)]
triangle[(13.4912,16.5018),(8.22198,11.0551),(17.2834,2.28908)]
triangle[(17.8045,-1.77128),(-3.27455,13.2713),(-26.2848,-18.9727)]
triangle[(-7.34499,14.6122),(-0.785108,-20.7327),(37.9588,-13.542)]
triangle[(19.0387,1.44747),(3.88798,-17.7011),(31.3866,-39.4586)]
triangle[(-10.6895,17.4109),(-0.593617,-18.1875),(51.7481,-3.34327)]
triangle[(-8.62678,17.6634),(-1.20236,10.4278),(11.0898,23.0408)]
triangle[(-7.41538,-10.8928),(-13.6281,-19.6425),(1.35191,-30.2789)]
triangle[(-8.29981,-13.5923),(5.92658,15.3193),(-26.6217,31.3351)]
triangle[(-19.1858,-15.5768),(-5.56372,-20.4894),(1.11816,-1.96112)]
triangle[(-3.50154,17.1197),(1.44519,-1.57529),(34.0593,7.05448)]
triangle[(-5.55147,8.9704),(9.52414,16.8311),(-4.92958,44.5511)]
triangle[(14.2015,-11.8429),(-3.47476,-2.48301),(-12.9269,-20.3336)]
triangle[(6.81282,0.0971385),(19.0791,2.58321),(16.306,16.2658)]
triangle[(17.6352,-5.65277),(-4.62999,12.8202),(-32.1953,-20.4038)]
triangle[(-3.51431,-10.5537),(-3.98606,17.3188),(-48.0536,16.5729)]
triangle[(10.732,-7.25681),(-14.3085,2.7274),(-31.3726,-40.0697)]
triangle[(-5.6939,19.6613),(-10.606,-12.7431),(42.4295,-20.7825)]
triangle[(15.9707,-20.4816),(5.82038,11.0117),(-43.1632,-4.77585)]
triangle[(1.11186,20.1675),(12.939,12.0457),(29.0956,35.5733)]
triangle[(-20.333,-10.9224),(-20.296,-6.71364),(-25.6924,-6.66621)]
triangle[(-8.37648,17.903),(6.90413,-4.52612),(33.3432,13.4864)]
triangle[(-7.21968,-9.8093),(-1.53261,13.6219),(-34.683,21.668)]
triangle[(20.9446,0.287451),(-18.9617,19.5036),(-53.8575,-52.9647)]
triangle[(-20.1722,16.4278),(-14.2797,-16.9775),(44.921,-6.53502)]
triangle[(8.54541,10.7159),(-4.27885,-5.35116),(25.4299,-29.0637)]
triangle[(-2.93108,-2.97725),(10.0862,15.8951),(-23.8451,39.2995)]
triangle[(3.57937,17.2368),(-17.6983,-8.0499),(15.6443,-36.1063)]
triangle[(-6.27941,-1.57406),(-19.1828,-9.59664),(-3.19811,-35.3061)]
triangle[(-8.91939,3.45716),(2.56549,-9.29426),(27.9433,13.5629)]
triangle[(-19.3987,4.29642),(-8.79439,4.36318),(-8.87762,17.5833)]
triangle[(-17.7728,20.7433),(-3.12178,-9.58149),(27.5927,5.25783)]
triangle[(-5.64348,20.7679),(-18.723,7.60921),(-2.32133,-8.69372)]
triangle[(-7.33941,-4.80307),(12.9496,-20.4),(42.1356,17.566)]
triangle[(1.43887,11.6592),(3.65386,2.01796),(17.2914,5.15105)]
triangle[(19.9207,3.04946),(11.903,-10.7263),(36.1282,-24.8258)]
triangle[(1.3413,18.5913),(-0.341813,14.9643),(4.24416,12.8362)]
triangle[(-1.87445,-20.3356),(3.36719,-11.2168),(-9.46019,-3.84344)]
triangle[(-18.8783,7.2318),(11.2243,14.0322),(4.07666,45.6721)]
triangle[(-8.00389,-20.9367),(-6.97796,10.1336),(-48.1639,11.4936)]
triangle[(-13.4889,12.162),(11.6183,2.93947),(27.0522,44.956)]
triangle[(-4.20811,17.2308),(12.4281,0.330722),(41.9543,29.396)]
triangle[(-17.3039,17.6787),(13.0812,-10.5024),(49.3256,28.5767)]
triangle[(9.13309,12.6609),(16.8825,15.6005),(12.2074,27.9248)]
triangle[(-1.47024,-15.3382),(15.3176,-16.2385),(16.3007,2.09315)]
triangle[(15.8638,-4.95245),(-20.8598,16.4929),(-56.7616,-44.9864)]
triangle[(-7.28874,-1.21054),(-2.14503,0.649668),(-4.34878,6.74332)]
triangle[(-9.19189,-6.68454),(-6.99924,14.876),(-48.8933,19.1365)]
triangle[(-18.2337,18.3052),(-16.1958,-18.3768),(52.4874,-14.5611)]
triangle[(-15.7423,-7.88932),(5.89606,8.50748),(-21.8532,45.1273)]
triangle[(-13.2938,7.44323),(11.9756,3.12147),(18.7776,42.8932)]
triangle[(-13.3974,-11.832),(-3.88555,16.6164),(-50.727,32.2781)]
triangle[(-13.961,-9.15752),(12.6232,2.04047),(-2.33362,37.5483)]
triangle[(11.4189,14.5735),(5.75971,-11.0305),(48.9641,-20.5798)]
triangle[(-20.2357,-18.5367),(20.4941,3.34117),(-3.00869,47.096)]
triangle[(18.7954,5.63417),(-0.523841,18.2492),(-23.63,-17.1369)]
triangle[(13.5844,7.24494),(2.39633,7.13989),(2.60228,-14.7967)]
triangle[(5.83387,17.3598),(19.1652,20.5602),(14.9536,38.1041)]
triangle[(-17.1976,-2.78432),(-20.9039,-7.17498),(-14.8908,-12.2508)]
triangle[(-18.6771,-2.18179),(-12.531,20.9928),(-50.9746,31.1884)]
triangle[(-1.67185,9.27337),(-11.9896,-20.8489),(37.8767,-37.9295)]
triangle[(18.6105,20.6492),(17.9523,6.14815),(41.1726,5.09409)]
triangle[(-17.9933,-10.787),(3.85016,-17.4856),(11.4536,7.30867)]
triangle[(-12.2885,-13.4648),(-17.563,-11.3363),(-19.7189,-16.6787)]
triangle[(-20.5559,19.7164),(3.92878,-4.95879),(36.6847,27.5442)]
triangle[(10.6966,11.2725),(16.0685,13.3358),(12.0614,23.7688)]
triangle[(11.0336,3.30515),(-12.2258,-19.4027),(30.8592,-63.5342)]
triangle[(-17.1677,0.224785),(-16.3148,-16.2026),(13.9211,-14.6328)]
triangle[(10.7164,-11.2457),(-3.78628,-14.8262),(1.57247,-36.5313)]
triangle[(14.4878,7.26429),(-20.0591,8.5747),(-22.0282,-43.3389)]
triangle[(-13.3491,1.25897),(-17.11,-12.0521),(-0.511695,-16.7419)]
triangle[(17.3817,1.09729),(18.2028,-17.4788),(46.7377,-16.2176)]
triangle[(10.0224,-20.8183),(-0.650897,8.00954),(-32.5637,-3.806)]
triangle[(-16.365,5.58944),(-12.8001,7.7491),(-16.8433,14.4232)]
triangle[(3.7848,-11.2699),(-2.50801,-10.147),(-4.01389,-18.5867)]
triangle[(-6.99168,3.90487),(4.03047,8.03887),(-3.25989,27.4766)]
triangle[(-6.25568,-12.0428),(-8.69343,10.0489),(-46.955,5.82686)]
triangle[(-14.8787,-16.8947),(7.76952,16.794),(-34.69,45.3387)]
triangle[(2.94654,-14.7869),(-5.19075,-20.8144),(2.91943,-31.7633)]
triangle[(-17.6474,16.2657),(-7.16172,13.182),(-2.30999,29.6799)]
triangle[(-12.4528,-4.80473),(11.7344,4.00157),(-1.22219,39.5877)]
triangle[(-19.2554,-18.7805),(10.0392,16.2402),(-50.535,66.9103)]
triangle[(14.449,14.868),(-7.03543,-12.8192),(36.335,-46.4734)]
triangle[(9.65459,-5.23073),(-20.9986,8.4686),(-42.174,-38.9128)]
triangle[(10.2294,-1.75186),(-7.67546,-17.6012),(10.4219,-38.0457)]
triangle[(9.08822,17.7334),(18.6358,-2.09726),(50.3894,13.1907)]
triangle[(6.69691,9.63762),(-20.3933,15.7164),(-27.3152,-15.1311)]
triangle[(-3.22174,-13.3076),(-2.09896,7.32091),(-38.8764,9.32267)]
triangle[(6.8688,-17.2406),(-10.5331,-17.4711),(-10.2603,-38.0716)]
triangle[(-5.05387,-14.1632),(-19.6213,-6.00957),(-32.186,-28.458)]
triangle[(15.7668,16.3873),(-19.8523,-20.5892),(51.7997,-89.6106)]
triangle[(13.4978,-9.15053),(18.546,-5.5397),(13.8446,1.03301)]
triangle[(19.1516,9.10511),(8.36832,2.75178),(20.3359,-17.5603)]
triangle[(5.27331,0.0705033),(9.16708,-14.0703),(28.7851,-8.66835)]
triangle[(-16.5149,-17.3919),(-6.94889,-15.9746),(-8.67733,-4.30794)]
triangle[(-0.20291,15.8573),(18.3995,-8.66402),(57.968,21.3536)]
triangle[(12.2748,3.92923),(-9.35709,-16.165),(24.6384,-52.7619)]
triangle[(-5.36177,2.43443),(-1.18688,-10.9637),(25.4211,-2.67256)]
triangle[(7.04633,14.6051),(2.41523,6.65638),(14.822,-0.572044)]
triangle[(-10.1992,-8.40059),(9.15302,8.99873),(-16.168,37.1619)]
triangle[(8.36071,6.74653),(9.8187,8.15878),(7.1199,10.945)]
triangle[(-1.01871,-11.3241),(-2.28137,-1.69443),(-16.8588,-3.60585)]
triangle[(-11.962,-7.79483),(-10.176,-9.20921),(-8.26158,-6.79185)]
triangle[(10.3169,-1.80075),(16.3721,20.6869),(-25.2389,31.8914)]
triangle[(-15.2759,-9.66437),(4.02376,-7.02388),(1.04755,14.7295)]
triangle[(-20.5508,17.2384),(-7.9,-11.7435),(37.0197,7.86437)]
triangle[(-6.61837,-13.5231),(-11.359,3.84986),(-40.5594,-4.11812)]
triangle[(19.3846,5.57013),(-3.54719,-8.88137),(20.0131,-46.2672)]
triangle[(-6.33723,5.95332),(-5.66954,-15.3648),(33.4633,-14.1392)]
triangle[(-20.7522,-5.69154),(15.0305,18.8433),(-29.2257,83.3887)]
triangle[(20.8799,20.953),(-11.3793,-3.18934),(21.1849,-46.702)]
triangle[(13.2942,-16.0366),(14.552,12.0956),(-39.2137,14.4994)]
triangle[(13.7202,7.16464),(-2.83612,-19.2368),(27.2274,-38.0896)]
triangle[(-16.6039,3.36416),(-6.64438,18.6968),(-23.5569,29.6825)]
triangle[(17.2162,-11.7074),(17.1307,12.7826),(-14.7969,12.6713)]
triangle[(-11.9907,-11.7726),(8.84459,9.6633),(-17.4587,35.2295)]
triangle[(20.1324,6.54941),(5.99221,0.0949339),(13.3911,-16.1143)]
triangle[(20.046,-10.2927),(19.6503,9.10865),(-5.48835,8.596)]
triangle[(15.6037,-11.9236),(7.74793,15.0591),(-21.1703,6.63982)]
triangle[(-19.2737,8.23865),(6.88856,13.6334),(-3.6769,64.8717)]
triangle[(-3.67846,-1.0343),(1.29633,-5.94302),(6.99911,-0.163469)]
triangle[(7.56966,2.37875),(3.25205,-14.4854),(23.3501,-19.6309)]
triangle[(1.59811,-19.7298),(4.51537,-11.3508),(-7.98518,-6.99858)]
triangle[(8.93374,-2.8839),(8.17757,-7.6468),(17.2175,-9.082)]
triangle[(10.5802,-3.64411),(16.128,-10.9218),(27.8059,-2.01969)]
triangle[(-4.23611,7.31903),(4.7481,-8.60603),(23.4287,1.93272)]
triangle[(-15.7127,-11.7884),(10.9583,5.92918),(-22.1856,55.8218)]
triangle[(-19.1557,-1.79161),(-11.19,8.84515),(-25.6633,19.6839)]
triangle[(-18.5803,17.1828),(2.74934,-15.7664),(38.8845,7.62575)]
triangle[(6.31031,8.16277),(17.8168,7.98394),(18.0559,23.3695)]
triangle[(-11.9874,11.998),(13.1302,-1.35906),(31.177,32.5774)]
triangle[(13.1209,1.91706),(1.51625,3.82354),(-1.07674,-11.9598)]
triangle[(14.2697,-4.09848),(4.91993,20.8862),(-36.1717,5.50898)]
triangle[(-16.6223,-10.2872),(2.91515,1.14414),(-18.7115,38.1063)]
triangle[(10.3027,4.06116),(7.72595,-12.0906),(33.6155,-16.2208)]
triangle[(15.3359,-2.93002),(4.18516,9.85437),(-11.3341,-3.68178)]
triangle[(19.6719,-1.90567),(6.37269,-7.52253),(16.3543,-31.1563)]
triangle[(-7.52355,-2.59713),(19.8713,16.8422),(-18.5355,70.9667)]
triangle[(-15.9909,17.899),(-20.9084,-0.170552),(10.3167,-8.66835)]
triangle[(6.57082,3.1313),(5.76293,16.2362),(-13.584,15.0435)]
triangle[(18.2786,-7.86292),(-15.089,-16.1106),(-5.56737,-54.6326)]
triangle[(-1.64139,-12.5442),(17.1016,-9.43644),(11.858,22.1878)]
triangle[(-5.82299,6.36416),(-19.1865,3.74098),(-16.0329,-12.3249)]
triangle[(-5.89435,4.94596),(-4.32046,-20.0333),(31.7697,-17.7593)]
triangle[(19.0463,1.18259),(16.7175,3.402),(13.9607,0.509399)]
triangle[(-14.6169,-19.2542),(9.63171,-15.0085),(3.21812,21.6218)]
triangle[(-1.83872,13.546),(-20.9,-14.9971),(13.6815,-38.0909)]
triangle[(-8.9966,-12.2086),(-15.0737,10.9579),(-56.1959,0.170578)]
triangle[(3.82397,13.7947),(4.23522,4.27995),(14.0428,4.70385)]
triangle[(15.1846,-10.8403),(-15.6599,10.0335),(-55.5988,-48.9827)]
triangle[(-11.2018,-11.0234),(1.28387,-1.04149),(-14.5257,18.7335)]
triangle[(14.6181,-6.3157),(13.4033,-10.2356),(20.3971,-12.4029)]
triangle[(19.3485,5.19047),(-6.14136,18.8796),(-25.6788,-17.5)]
triangle[(11.1515,13.2435),(20.3134,4.94014),(36.2624,22.5383)]
triangle[(-7.48775,16.0601),(9.72812,-12.2508),(42.2609,7.53238)]
triangle[(-10.8899,-14.761),(-20.3167,-17.8141),(-14.5959,-35.4777)]
triangle[(9.2234,19.5866),(-17.8193,-13.9335),(30.7955,-53.154)]
triangle[(-3.6295,12.6116),(9.67008,-15.7045),(39.7373,-1.58236)]
triangle[(-15.7594,-16.6208),(-19.6734,4.1551),(-58.3723,-3.13533)]
triangle[(-6.20281,15.3682),(-20.7102,-6.71969),(20.0919,-33.5185)]
triangle[(-12.332,-15.1863),(9.17971,15.2466),(-29.3944,42.513)]
triangle[(1.49457,-1.61774),(13.9012,13.408),(-15.8655,37.9861)]
triangle[(-12.9706,-4.58507),(-11.1476,9.76834),(-28.4682,11.9683)]
triangle[(20.1218,-2.5161),(3.20169,-18.1762),(30.731,-47.9205)]
triangle[(-5.83064,-4.79859),(-9.68663,5.22993),(-22.8919,0.152489)]
triangle[(-7.25066,-4.64732),(13.4179,-1.01726),(7.25115,34.0948)]
triangle[(-4.25952,13.1647),(-17.2587,-8.8535),(23.1305,-32.6987)]
triangle[(10.84,13.7297),(-9.13258,9.35903),(-2.3624,-21.5788)]
triangle[(10.0275,5.84423),(-16.5576,-4.60688),(-5.99094,-31.4859)]
triangle[(17.8242,-14.0128),(16.287,-0.760322),(-3.61041,-3.0683)]
triangle[(-15.527,-6.49398),(20.216,-17.1616),(39.2232,46.5243)]
triangle[(-14.3496,-17.7403),(-14.408,1.16297),(-45.7225,1.06633)]
triangle[(6.2527,12.2797),(1.67974,-1.55788),(16.8802,-6.58124)]
triangle[(0.757914,7.23617),(11.5561,3.46482),(16.3069,17.0673)]
triangle[(19.1527,-10.6117),(2.63858,3.40961),(-23.6234,-27.5214)]
triangle[(-4.80909,11.6798),(1.69228,-14.9479),(43.5284,-4.73326)]
triangle[(1.04628,-7.95874),(4.48591,17.1627),(-28.7948,21.7195)]
triangle[(16.0824,1.38403),(-8.41043,-18.1582),(27.3899,-63.0278)]
triangle[(14.5112,-9.15628),(-19.4723,-12.9261),(-14.6874,-56.0603)]
triangle[(14.4261,-1.23713),(-15.9328,-3.67283),(-12.6128,-45.0536)]
triangle[(-0.724751,5.99822),(13.0051,7.52937),(11.0784,24.806)]
triangle[(-4.03028,-3.15133),(-4.54454,-0.737496),(-7.6326,-1.3954)]
triangle[(-10.5743,6.20786),(4.46372,7.06357),(3.11495,30.7664)]
triangle[(-18.3247,-6.03301),(16.2598,5.8997),(-6.23254,71.0892)]
triangle[(-0.759778,-0.501667),(-4.15679,-15.4112),(25.0832,-22.0733)]
triangle[(-2.36554,-4.74628),(14.7311,10.4113),(-4.93438,32.5925)]
triangle[(15.8849,4.75037),(4.2356,-5.45248),(20.5986,-24.1352)]
triangle[(-0.769726,-14.2228),(14.2138,-14.1222),(14.028,13.5319)]
triangle[(-12.2514,15.1626),(-18.6783,-14.6771),(24.918,-24.0669)]
triangle[(-11.0354,18.3753),(-1.29887,0.373136),(28.3186,16.3918)]
triangle[(15.2039,16.1496),(-18.3021,-10.082),(21.6681,-61.1365)]
triangle[(-4.76022,-20.7092),(1.79329,-20.0564),(0.823401,-10.3184)]
triangle[(14.5967,-15.9347),(4.47793,-8.76755),(-8.58013,-27.2032)]
triangle[(4.43114,-11.6069),(3.2783,-15.1367),(8.29802,-16.7762)]
triangle[(-2.32793,-3.33939),(-19.9717,-5.68311),(-17.0047,-28.0189)]
triangle[(16.8312,0.629851),(-18.9605,-2.48348),(-14.2884,-56.1955)]
triangle[(3.25853,-0.0915456),(6.04528,8.37568),(-4.15887,11.7341)]
triangle[(6.94967,16.4916),(-18.0043,8.90651),(-4.25498,-36.3274)]
triangle[(-20.2193,-0.325167),(4.78441,-14.6508),(21.7979,15.0444)]
triangle[(-15.024,10.2771),(-17.2329,11.2189),(-18.9057,7.29571)]
triangle[(13.8355,-12.5637),(8.09638,-1.47734),(-5.20609,-8.36364)]
triangle[(-18.9887,7.74933),(-5.93064,12.4793),(-11.4917,27.8319)]
triangle[(-2.24783,-0.863467),(3.9939,-3.13676),(7.48422,6.44655)]
triangle[(7.92125,5.69512),(-6.50904,-12.3439),(18.0509,-31.9906)]
triangle[(-16.124,17.9577),(13.4965,12.3201),(19.6603,44.7056)]
triangle[(-8.80871,18.9986),(11.6712,-19.7505),(59.7195,5.64433)]
triangle[(-16.1338,-18.4555),(-6.48888,-18.7964),(-6.09105,-7.54105)]
triangle[(-8.55449,-1.1951),(3.89715,-7.54749),(14.1354,12.521)]
triangle[(-3.28715,-9.74054),(-19.9366,-10.7802),(-18.0233,-41.4201)]
triangle[(-4.92204,9.11705),(-13.5173,-6.90465),(6.36988,-17.5736)]
triangle[(-15.428,7.13097),(-9.54782,-8.50123),(19.7666,2.52558)]
triangle[(4.00806,-18.223),(-3.69823,16.6017),(-68.1123,2.34763)]
triangle[(-2.42229,4.03924),(7.92863,13.1461),(-8.25396,31.5393)]
triangle[(-2.83983,12.4259),(12.717,20.6487),(4.2911,36.5899)]
triangle[(15.918,-7.57947),(18.8634,12.3076),(-3.74962,15.6568)]
triangle[(-12.2618,-5.4144),(-15.3094,10.1211),(-31.2456,6.99485)]
triangle[(8.20258,7.42071),(13.5494,-16.5224),(44.7882,-9.5463)]
triangle[(-7.62931,-15.9736),(-14.342,18.3376),(-62.1268,8.98896)]
triangle[(2.61241,-10.7549),(13.2277,-16.0926),(20.3742,-1.88018)]
triangle[(8.01048,-20.1938),(-5.46374,-1.7149),(-37.8188,-25.3072)]
triangle[(19.8204,-15.9618),(15.1004,13.8845),(-22.1035,8.00095)]
triangle[(17.4426,12.9852),(4.1416,8.32994),(11.4249,-12.48)]
triangle[(5.8781,-7.61489),(5.11356,4.17776),(-7.5435,3.35718)]
triangle[(-5.36125,-12.0066),(12.1634,-11.283),(11.2532,10.7622)]
triangle[(19.5067,6.04824),(-9.12075,-1.39602),(3.41852,-49.6167)]
triangle[(-9.78814,-12.4185),(-10.1415,10.7621),(-50.7438,10.1431)]
triangle[(-14.3089,18.1592),(19.4061,13.1081),(25.5923,54.3995)]
triangle[(12.9311,-18.0309),(2.37237,16.8084),(-45.8511,2.19327)]
triangle[(5.58844,5.8645),(-12.108,-17.0609),(15.7916,-38.597)]
triangle[(17.7502,-12.1695),(-3.414,14.4643),(-33.5974,-9.52059)]
triangle[(-0.335687,-8.14235),(12.0355,13.5385),(-12.5119,27.5454)]
triangle[(0.053499,0.157101),(-4.4397,0.519699),(-5.15305,-8.32001)]
triangle[(8.16738,19.4888),(10.2427,7.70724),(26.5502,10.5798)]
triangle[(2.62775,-9.61592),(3.68498,6.60459),(-20.4783,8.17951)]
triangle[(-2.38899,13.1707),(2.86951,9.50195),(9.61792,19.1746)]
triangle[(0.171655,18.9376),(16.8798,-7.76112),(55.6394,16.4948)]
triangle[(6.52058,1.70163),(19.966,-10.4562),(36.1641,7.45738)]
triangle[(8.98344,-5.61549),(16.4195,-9.88348),(21.4753,-1.07473)]
triangle[(-10.185,-15.416),(-1.80828,3.74845),(-35.7968,18.6047)]
triangle[(16.0687,-9.04889),(-20.695,-17.2633),(-5.86895,-83.6175)]
triangle[(3.90834,-14.8727),(9.88153,11.0275),(-37.074,21.8565)]
triangle[(10.6529,-8.75058),(15.9634,9.03819),(-2.41942,14.5261)]
triangle[(1.55263,-12.3296),(-6.98758,-11.2613),(-8.47546,-23.1553)]
triangle[(-17.4069,-20.8697),(-8.72284,4.34159),(-42.1435,15.8534)]
triangle[(18.4619,11.075),(15.4199,-7.08717),(47.4849,-12.4577)]
triangle[(-4.43768,0.680206),(14.2872,2.18313),(11.5732,35.9971)]
triangle[(-11.1402,-18.4678),(19.02,3.31586),(-24.3515,63.365)]
triangle[(20.0615,12.4679),(-11.299,-2.80349),(5.64106,-37.5906)]
triangle[(0.630307,20.3124),(-7.25149,10.6291),(11.9924,-5.03459)]
triangle[(12.49,-6.04521),(11.8755,8.18342),(-4.57818,7.47277)]
triangle[(-4.77682,15.2832),(11.3136,7.73093),(24.8557,36.5828)]
triangle[(-2.00936,-20.0169),(14.0185,-8.53246),(-4.46195,17.2592)]
triangle[(20.2079,-11.249),(-20.5058,0.844863),(-40.5917,-66.7735)]
triangle[(2.90636,-0.562641),(-12.906,-0.765117),(-12.5412,-29.2569)]
triangle[(12.6995,13.2135),(-5.49437,9.91656),(1.01603,-26.0101)]
triangle[(-20.4591,-10.3565),(20.6973,2.27705),(2.41947,61.8207)]
triangle[(9.44203,-5.70695),(-11.3442,12.4246),(-44.3844,-25.4532)]
triangle[(15.8465,-20.1113),(-9.11495,20.9748),(-89.3289,-27.7584)]
triangle[(-8.68537,10.0485),(17.5768,18.6293),(2.15543,65.8277)]
triangle[(5.16761,1.55197),(-0.521574,-14.1714),(27.9478,-24.4725)]
triangle[(0.570492,16.3818),(20.245,11.1444),(26.436,34.4009)]
triangle[(-20.1635,-3.12306),(0.489226,-19.1414),(20.7094,6.92886)]
triangle[(-14.3158,-0.404982),(5.77192,-19.0893),(30.2541,7.23168)]
triangle[(15.7507,-13.9871),(14.1309,17.4263),(-24.4343,15.4377)]
triangle[(0.67584,16.6264),(15.9635,-9.70334),(63.4811,17.8864)]
triangle[(-1.89381,-1.41968),(5.64656,-20.0863),(36.3049,-7.70185)]
triangle[(10.1006,5.60837),(17.302,10.7534),(10.6048,20.1273)]
triangle[(-15.6462,13.2852),(-18.6238,14.3222),(-19.8098,10.9171)]
triangle[(-20.355,12),(15.9117,9.34027),(19.2468,54.8177)]
triangle[(-14.0785,13.8142),(16.9481,-11.7017),(65.4147,47.2322)]
triangle[(-9.31716,11.1245),(20.8719,3.83844),(29.7571,40.6533)]
triangle[(-0.846711,-0.399844),(3.67242,-7.77418),(12.3221,-2.47349)]
triangle[(13.4026,-20.5325),(-8.0372,1.13099),(-38.6686,-29.184)]
triangle[(18.6934,-6.11953),(-5.32517,16.4926),(-48.2546,-29.1071)]
triangle[(11.5538,10.6351),(-0.317611,6.78191),(6.22184,-13.3654)]
triangle[(-15.9051,3.46132),(4.6366,5.63733),(0.342429,46.1745)]
triangle[(19.3517,5.82745),(-5.99683,20.6453),(-22.0407,-6.80047)]
triangle[(12.0405,18.607),(4.66795,-1.61596),(31.7419,-11.4862)]
triangle[(-18.5944,13.3225),(12.9336,11.3676),(16.4219,67.6252)]
triangle[(-17.1384,-18.8005),(-5.81275,-15.7145),(-11.1159,3.74857)]
triangle[(-17.0935,10.0628),(17.9464,-20.3454),(54.999,22.3509)]
triangle[(-8.95638,-3.88244),(-11.7557,16.366),(-46.3317,11.586)]
triangle[(6.81087,2.4684),(-17.7663,20.5841),(-41.9564,-12.2342)]
triangle[(12.1511,18.9555),(17.5425,9.07797),(36.8183,19.5993)]
triangle[(-8.88781,20.2337),(-12.2607,0.200368),(12.4877,-3.96633)]
triangle[(-17.0638,-18.9788),(3.65648,5.42668),(-26.2317,30.8019)]
triangle[(-14.9697,-19.2002),(9.28399,7.31452),(-38.0502,50.6123)]
triangle[(-13.2727,-15.1487),(3.7416,7.65812),(-40.4502,40.6259)]
triangle[(-14.8093,-2.45679),(-1.11622,-16.0258),(22.785,8.09418)]
triangle[(-6.2703,12.2949),(19.5829,14.9379),(16.4174,45.9035)]
triangle[(8.39325,-12.6271),(-3.45052,2.29544),(-24.3022,-14.2542)]
triangle[(4.60845,18.1759),(-8.53777,-16.7471),(27.8386,-30.4404)]
triangle[(-0.309605,-2.34035),(15.9826,-5.12456),(21.349,26.2778)]
triangle[(10.7312,14.3903),(-9.47975,17.3501),(-15.2142,-21.808)]
triangle[(5.3844,0.923867),(14.4679,-10.779),(33.1194,3.69792)]
triangle[(-13.0989,12.6948),(-11.6658,8.70019),(-3.72401,11.5494)]
triangle[(-4.83688,5.27608),(0.653323,-0.241738),(7.40544,6.4766)]
triangle[(20.5369,-0.409948),(-0.712916,13.2109),(-24.2283,-23.4753)]
triangle[(-8.47716,-0.433191),(-9.77889,4.47765),(-16.9609,2.57389)]
triangle[(14.5545,11.8781),(-5.86451,-6.41415),(25.9276,-41.9026)]
triangle[(18.0363,-18.5308),(6.03083,-14.0832),(-1.55393,-34.5567)]
triangle[(-9.03957,-4.38343),(5.08742,17.4681),(-25.7467,37.4023)]
triangle[(-0.574027,-8.94305),(10.539,-3.34053),(0.44992,16.6718)]
triangle[(-3.58385,9.05573),(19.1972,-16.3297),(48.4402,9.9132)]
triangle[(16.9369,20.1589),(-11.8316,-17.0839),(27.8959,-47.7718)]
triangle[(-8.24853,13.3471),(-16.8699,14.301),(-18.741,-2.61073)]
triangle[(18.6093,-1.93223),(-0.32175,-2.12759),(-0.0371043,-29.7115)]
triangle[(-7.21922,17.5604),(-20.7543,12.7949),(-12.0525,-11.9198)]
triangle[(-13.9799,11.4169),(-15.0637,-18.2039),(17.3527,-19.39)]
triangle[(-4.21254,3.18667),(20.6671,-11.9234),(39.9301,19.7944)]
triangle[(6.26365,-14.025),(-2.80287,19.868),(-52.6219,6.54119)]
triangle[(-3.64203,20.4258),(5.70646,-4.87389),(53.9089,12.9374)]
triangle[(7.05469,10.427),(-18.4521,0.494057),(-1.37283,-43.3636)]
triangle[(-9.82798,-14.9688),(3.34026,15.4738),(-32.0104,30.7651)]
triangle[(-16.5641,-10.9799),(9.52315,12.8062),(-23.5319,49.0592)]
triangle[(-18.145,-8.35136),(-19.5543,11.4903),(-56.3714,8.87518)]
triangle[(-12.4278,16.9698),(-2.26905,-4.1642),(33.6197,13.0869)]
triangle[(-17.6132,-13.8103),(7.568,5.83413),(-15.8135,35.8056)]
triangle[(-15.1231,9.95711),(-0.576244,-8.67804),(19.1645,6.73184)]
triangle[(10.3534,-13.7667),(-17.5976,18.1824),(-56.286,-15.6646)]
triangle[(19.1347,12.0037),(-9.48941,-12.2036),(20.147,-47.2475)]
triangle[(20.8839,-7.72842),(7.73864,11.4968),(-18.6418,-6.54084)]
triangle[(-20.5901,11.295),(-4.21791,15.6664),(-10.5816,39.5004)]
triangle[(4.72086,2.54323),(10.551,15.8241),(-6.55207,23.3321)]
triangle[(-19.2284,0.752952),(19.1933,9.78075),(10.0806,48.5642)]
triangle[(-15.3445,-14.6159),(-17.6085,-12.4523),(-20.3904,-15.3633)]
triangle[(10.5328,8.72476),(-8.41294,5.72636),(-2.4459,-31.9771)]
triangle[(-0.697701,-18.6138),(0.901385,-8.81556),(-18.1725,-5.70269)]
triangle[(17.1184,-17.7204),(9.85896,16.1341),(-50.6366,3.16198)]
triangle[(-20.2883,-19.532),(-20.9819,15.6285),(-67.3024,14.7147)]
triangle[(-16.9052,18.766),(19.2307,5.67336),(40.1769,63.4854)]
triangle[(-6.76933,-1.7903),(-13.8534,-5.93017),(-8.88507,-14.432)]
triangle[(-6.27269,-9.74086),(9.44136,-20.1423),(27.7771,7.55838)]
triangle[(2.11529,13.2199),(-15.8174,17.1669),(-23.6901,-18.6017)]
triangle[(-11.3891,-1.47041),(-16.5917,-20.6338),(20.8748,-30.8055)]
triangle[(10.5337,-17.0542),(6.84633,4.75259),(-27.5844,-1.06934)]
triangle[(-6.34919,-0.747067),(-17.6885,7.48953),(-34.1563,-15.1816)]
triangle[(-19.0135,-8.93274),(-0.00967015,16.391),(-45.5784,50.5874)]
triangle[(8.83816,12.1783),(-0.958248,-20.61),(36.6953,-31.86)]
triangle[(-9.59459,-12.3917),(-0.392271,-10.218),(-2.59706,-0.883828)]
triangle[(3.01333,20.2155),(-1.18072,-3.35333),(25.2661,-8.05952)]
triangle[(-12.3852,0.887079),(-9.87096,-6.50122),(0.208687,-3.07116)]
triangle[(6.53906,-1.47027),(-19.8919,2.8243),(-28.1564,-48.0401)]
triangle[(-16.9439,-5.17237),(-19.1686,-2.19823),(-22.7169,-4.85235)]
triangle[(-3.32267,20.2477),(19.7559,-18.301),(63.9743,8.17183)]
triangle[(-13.6883,-2.09786),(-13.4904,-9.19775),(-4.14229,-8.93717)]
triangle[(9.9828,18.0089),(17.2366,3.3882),(42.0044,15.6763)]
triangle[(-1.91401,2.46431),(-17.6997,-12.5009),(5.65946,-37.1409)]
triangle[(8.79911,-4.82336),(-10.8906,-8.08342),(-4.97571,-43.8073)]
triangle[(0.544689,1.45426),(-0.864159,20.9547),(-32.684,18.6558)]
triangle[(-2.28507,-4.96734),(3.89686,-9.35421),(11.9573,2.00444)]
triangle[(-4.6011,8.73924),(6.22217,7.65013),(7.71157,22.4513)]
triangle[(-12.952,8.98249),(5.1229,5.79825),(9.74155,32.0153)]
triangle[(-6.56632,11.5251),(-13.172,13.4851),(-16.7058,1.57581)]
triangle[(-16.6183,-18.9055),(4.93689,3.21522),(-27.5108,34.8334)]
triangle[(3.69269,19.1679),(-15.1709,20.083),(-16.9495,-16.5817)]
triangle[(20.2154,8.76079),(-19.6435,17.8126),(-37.6712,-61.5704)]
triangle[(-5.82532,15.1544),(-12.1089,-17.0734),(40.0455,-27.2421)]
triangle[(14.7787,-14.009),(-18.9098,17.1205),(-56.0177,-23.0379)]
triangle[(18.7395,10.3672),(-2.42316,19.5206),(-16.2344,-12.4113)]
triangle[(-12.6074,12.2738),(3.29123,9.19973),(7.4569,30.7443)]
triangle[(4.66121,-1.93642),(-20.1412,-5.3369),(-14.6609,-45.3091)]
triangle[(-1.63991,9.42124),(17.5159,-4.75316),(40.5331,26.3532)]
triangle[(20.0347,-17.1173),(-15.2713,9.48665),(-58.2482,-47.5477)]
triangle[(7.83254,13.1727),(1.84098,14.5267),(0.0423416,6.56778)]
triangle[(-17.8786,-8.51331),(8.52176,12.5648),(-31.5372,62.7387)]
triangle[(9.25777,-15.3517),(7.64901,13.2993),(-46.8225,10.2407)]
triangle[(15.2899,20.6559),(4.88885,11.1613),(20.0826,-5.48294)]
triangle[(-1.3777,12.8297),(-3.23328,14.4485),(-5.60918,11.7251)]
triangle[(2.67546,2.02935),(3.23239,-6.83428),(18.0677,-5.90214)]
triangle[(-7.13423,3.6647),(-4.10665,5.67308),(-6.87809,9.85096)]
triangle[(1.60859,0.0064395),(-19.3114,-17.7025),(7.54197,-49.4251)]
triangle[(18.555,-9.37442),(-12.7137,-18.5834),(-1.64441,-56.1685)]
triangle[(-13.8537,-13.6779),(-12.9026,13.9982),(-59.9002,15.6132)]
triangle[(-3.57457,-5.8897),(16.6595,-2.00789),(11.1309,26.8104)]
triangle[(13.1358,-9.79864),(-17.398,2.18927),(-38.0979,-50.5344)]
triangle[(-13.1051,-6.06592),(-7.9316,3.74462),(-21.7794,11.0472)]
triangle[(-9.6828,5.79385),(18.3948,-6.27653),(30.9528,22.9354)]
triangle[(-8.20385,12.1226),(-3.56925,17.5883),(-10.9059,23.8094)]
triangle[(-3.06183,3.49204),(-10.9441,-12.8343),(7.55084,-21.7636)]
triangle[(16.3907,-8.88331),(6.20167,-13.0423),(10.6999,-24.0624)]
triangle[(0.266622,19.3976),(15.4192,-5.15248),(52.0129,17.4335)]
triangle[(5.47784,-7.5249),(19.7787,9.02141),(0.359336,25.8055)]
triangle[(-16.5314,16.5195),(-14.3687,-6.90671),(9.17374,-4.73326)]
triangle[(18.9833,5.8327),(-3.83554,20.508),(-21.442,-6.86859)]
triangle[(-18.7836,18.3349),(-16.344,-11.8998),(34.5135,-7.79612)]
triangle[(-0.102442,-16.7078),(15.167,6.57529),(-27.4581,34.5296)]
triangle[(15.8045,-12.5666),(12.2445,-8.79587),(4.85857,-15.769)]
triangle[(-12.3505,13.5944),(4.08498,11.1443),(8.70258,42.1187)]
triangle[(-20.8901,17.9544),(13.3718,-3.33849),(39.2287,38.2673)]
triangle[(-19.7487,14.0997),(10.6954,-16.1767),(62.2193,35.6328)]
triangle[(-12.7249,-14.6807),(16.8519,-6.04818),(4.3251,36.8712)]
triangle[(18.6152,6.5201),(3.5314,-2.63049),(18.8564,-27.8922)]
triangle[(-12.9845,11.7167),(20.6078,-2.46841),(45.0686,55.4582)]
triangle[(17.8051,-10.4328),(1.90539,9.19709),(-28.4132,-15.3601)]
triangle[(-14.0126,19.196),(2.51998,17.7159),(5.15463,47.145)]
triangle[(-15.9715,-10.592),(-3.54626,1.92414),(-20.2048,18.4617)]
triangle[(-9.39708,14.5215),(-14.6546,2.41599),(3.37937,-5.41635)]
triangle[(-1.75249,7.9637),(17.7699,-2.7515),(34.8939,28.4474)]
triangle[(18.0268,-5.15946),(18.0564,-8.64214),(24.4116,-8.58817)]
triangle[(-0.00154056,-6.96373),(-5.94579,8.16365),(-23.5795,1.23452)]
triangle[(-12.2668,-7.05262),(11.4299,-9.21391),(13.8456,17.2724)]
triangle[(15.5556,10.787),(-0.733801,3.51346),(7.48749,-14.8984)]
triangle[(-18.1662,-19.2565),(10.2475,6.47324),(-26.3975,46.9408)]
triangle[(19.1342,-20.7803),(1.57736,-18.0876),(-2.62827,-45.5085)]
triangle[(3.85487,12.9249),(9.47699,-7.93477),(31.6537,-1.95768)]
triangle[(15.8845,20.3214),(18.2591,-12.4525),(51.5324,-10.0416)]
triangle[(-7.46676,13.233),(2.39416,14.0528),(0.828547,32.8837)]
triangle[(15.6641,-19.654),(-11.7536,7.54926),(-56.8999,-37.9528)]
triangle[(4.6627,7.66607),(7.85867,-1.86896),(18.6112,1.73509)]
triangle[(3.10079,16.0794),(-11.9311,-19.4721),(54.6317,-47.6163)]
triangle[(19.751,15.2054),(2.26639,19.3512),(-2.58226,-1.09804)]
triangle[(-7.98858,-7.18645),(-7.27455,15.3543),(-37.6114,16.3153)]
triangle[(2.91801,-14.1399),(8.37543,2.90041),(-23.9858,13.2646)]
triangle[(17.9799,-3.17331),(7.37205,6.38091),(-8.99788,-11.7942)]
triangle[(19.0347,-20.315),(9.46196,-9.10634),(-2.51343,-19.3339)]
triangle[(-6.65066,8.6137),(-17.944,5.43152),(-14.5254,-6.70106)]
triangle[(14.5885,17.6665),(8.44863,-3.05048),(29.2197,-9.20644)]
triangle[(-13.7389,-19.2436),(19.8796,-0.318995),(-2.40524,39.2688)]
triangle[(0.0484848,-16.4349),(3.81237,-12.8477),(-3.32247,-5.36148)]
triangle[(20.9658,-19.598),(-11.9565,-12.2918),(-24.6588,-69.5293)]
triangle[(7.70259,14.9772),(-15.1161,8.86671),(-8.67591,-15.1833)]
triangle[(4.23766,-20.8081),(8.8715,8.05603),(-44.0037,16.5446)]
triangle[(8.66728,7.29187),(7.54025,17.2444),(-6.96753,15.6016)]
triangle[(-19.6622,1.56624),(3.75264,10.8144),(-11.5249,49.4944)]
triangle[(16.3747,10.9878),(7.83309,4.69372),(20.2501,-12.1574)]
triangle[(5.21952,3.73704),(2.91309,-2.46779),(9.27533,-4.83274)]
triangle[(-17.3056,14.6687),(-17.2461,-12.5094),(18.8987,-12.4301)]
triangle[(9.32306,5.31187),(0.328536,-17.4102),(43.9675,-34.6847)]
triangle[(9.3159,-17.0587),(-1.95042,3.13153),(-34.7522,-15.1722)]
triangle[(-5.07213,-10.0741),(-19.1953,11.5357),(-52.1666,-10.0127)]
triangle[(2.15582,-19.6326),(-3.89377,15.7719),(-54.8765,7.06048)]
triangle[(-2.013,13.6008),(10.9191,0.722836),(32.1783,22.0713)]
triangle[(-6.9369,19.3774),(3.91185,9.61031),(16.0838,23.1302)]
triangle[(-13.9082,-14.4553),(16.107,-8.71487),(5.65312,45.9461)]
triangle[(-7.12273,-5.95546),(-18.3394,2.03836),(-27.6347,-11.0045)]
triangle[(-12.6915,-6.2508),(-5.26507,-17.0479),(8.31461,-7.70754)]
triangle[(20.2518,-13.6697),(20.0751,-3.95491),(8.34302,-4.16832)]
triangle[(-13.7832,-12.5573),(4.55266,-3.33571),(-9.15936,23.9288)]
triangle[(-3.46828,-1.80933),(-1.33418,8.9832),(-13.2377,11.337)]
triangle[(0.100295,-2.38226),(9.67452,-9.1701),(22.2995,8.63744)]
triangle[(6.20791,-2.52836),(-8.6333,-11.8735),(8.22068,-38.6397)]
triangle[(9.1101,3.89859),(-9.78907,-19.502),(31.7491,-53.0498)]
triangle[(-5.30525,-20.3972),(9.2573,-2.26122),(-12.2072,14.974)]
triangle[(15.9675,-17.1982),(-19.5412,-12.8827),(-24.3297,-52.2836)]
triangle[(-15.1256,-6.93255),(-14.5984,6.42265),(-35.7209,7.25639)]
triangle[(-9.43703,-10.7316),(2.35529,-4.00892),(-5.2117,9.26437)]
triangle[(-4.95837,2.75543),(4.01774,12.6222),(-7.86624,23.4334)]
triangle[(17.9529,-20.7373),(-15.627,-8.30057),(-32.9674,-55.1209)]
triangle[(-9.64781,13.6443),(1.14725,14.3152),(-0.111509,34.5694)]
triangle[(12.5021,13.8131),(9.9761,-1.22129),(32.016,-4.92425)]
triangle[(-16.7114,15.3745),(1.91847,-20.1961),(38.634,-0.966532)]
triangle[(-20.1745,-6.06786),(17.618,0.154303),(5.7009,72.5369)]
triangle[(-13.3435,1.48264),(-8.40612,5.33086),(-14.1555,12.7075)]
triangle[(13.8329,6.00119),(-19.1311,18.8566),(-40.3924,-35.6616)]
triangle[(-5.87603,-8.20053),(-0.561042,14.86),(-27.6622,21.1063)]
triangle[(-15.7962,-1.65964),(-10.9001,-5.41052),(-5.69977,1.37761)]
triangle[(12.2709,-3.18017),(-6.65289,-11.9058),(10.5581,-49.2323)]
triangle[(7.16308,12.3096),(-3.85087,-8.23945),(27.8344,-25.2222)]
triangle[(3.39414,10.7116),(-0.998908,3.231),(7.42297,-1.71479)]
triangle[(13.5582,13.9753),(-13.7681,10.304),(-7.88782,-33.4652)]
triangle[(3.88136,16.7447),(-6.84868,11.9271),(0.931189,-5.4007)]
triangle[(14.2121,17.8837),(7.90361,13.784),(13.6154,4.99491)]
triangle[(9.96041,18.3334),(-15.9773,0.425151),(16.9404,-47.2518)]
triangle[(-5.80844,2.92125),(-19.189,13.2997),(-38.0431,-11.0083)]
triangle[(4.56299,5.30919),(-10.6622,-11.4065),(8.8335,-29.1639)]
triangle[(-8.54042,-19.9877),(-15.587,-19.5084),(-16.4766,-32.5882)]
triangle[(12.8297,-11.2764),(-7.15863,-11.0883),(-7.3567,-32.1412)]
triangle[(-12.5098,-17.3124),(20.3104,16.0514),(-23.1899,58.8428)]
triangle[(-16.2555,3.08088),(17.9679,-11.0194),(44.2067,52.6662)]
triangle[(-7.6768,8.24837),(-11.6012,20.1034),(-24.2952,15.9013)]
triangle[(18.0379,-7.47772),(15.9653,-2.34462),(9.94925,-4.7738)]
triangle[(5.30955,-18.4897),(-5.5033,-0.276246),(-25.6692,-12.2483)]
triangle[(8.56003,-14.4101),(15.5121,-16.7338),(20.033,-3.20815)]
triangle[(-16.9647,-13.3825),(11.4313,11.2118),(-17.3767,44.473)]
triangle[(-19.92,-8.65495),(-2.63156,-0.377229),(-17.6104,30.9069)]
triangle[(7.5851,-1.3512),(-15.2867,-4.94818),(-9.66981,-40.6641)]
triangle[(-7.13721,-13.9348),(4.05055,-16.5627),(9.17628,5.2586)]
triangle[(-1.88725,20.1109),(1.79272,-13.6717),(59.6915,-7.36478)]
triangle[(-6.29688,-16.4611),(-20.3726,-20.4594),(-12.5142,-48.1238)]
triangle[(-6.70972,17.3515),(-10.9432,7.38599),(3.07601,1.43038)]
triangle[(-8.68935,0.852693),(3.28298,-6.19658),(10.8577,6.66821)]
triangle[(-15.0607,16.5015),(-7.7135,-14.3181),(31.8006,-4.8982)]
triangle[(-12.2992,16.3624),(10.7064,-2.26284),(33.6478,26.0739)]
triangle[(-7.02548,-8.88463),(-1.06736,-6.88899),(-3.77457,1.19362)]
triangle[(-8.02316,17.7194),(-15.7088,-17.6911),(40.1951,-29.8247)]
triangle[(10.159,16.2396),(10.2067,3.0788),(24.2403,3.12969)]
triangle[(-6.18825,14.3848),(19.3713,-19.4261),(77.025,24.1575)]
triangle[(15.1027,-6.25328),(3.7458,12.2465),(-31.0428,-9.10989)]
triangle[(-10.354,-18.3894),(-17.6833,-4.36764),(-37.745,-14.8541)]
triangle[(15.6753,13.619),(20.9967,2.52791),(41.2519,12.2462)]
triangle[(-16.1175,-11.8386),(-17.884,-6.73197),(-25.3006,-9.29762)]
triangle[(-6.50572,19.1691),(-1.28165,-15.7828),(38.5658,-9.82704)]
triangle[(-7.04449,4.45184),(0.0702775,9.23522),(-7.9336,21.1401)]
triangle[(14.5593,3.23559),(-10.4015,-16.2),(26.1553,-63.1493)]
triangle[(-10.8458,4.05361),(20.3026,-17.3543),(54.8351,32.8903)]
triangle[(5.88475,-6.8846),(-10.7281,-3.60151),(-17.2776,-36.7428)]
triangle[(-10.7957,-6.55002),(5.33371,20.2035),(-34.4161,44.1682)]
triangle[(4.59376,-18.0663),(-13.9092,8.86549),(-41.7646,-10.272)]
triangle[(9.89914,-15.8607),(16.9315,-0.523295),(-6.40976,10.1789)]
triangle[(-20.4737,17.455),(-20.7349,6.73063),(-0.0322896,6.22633)]
triangle[(-0.394326,-16.5522),(17.1475,9.50562),(-13.5444,30.167)]
triangle[(1.94933,-14.3878),(-17.5356,14.8348),(-75.8645,-24.0575)]
triangle[(19.2551,20.1926),(-0.835617,-5.03834),(41.1542,-38.4738)]
triangle[(-5.0135,-2.87561),(13.5022,-7.88462),(18.9937,12.4147)]
triangle[(-10.3448,-14.4396),(9.92958,-5.54508),(-7.51953,34.2289)]
triangle[(2.23712,14.8027),(-11.2789,-10.2546),(23.9413,-29.2526)]
triangle[(-11.3985,-10.4825),(17.8461,-6.11456),(11.5811,35.8309)]
triangle[(-12.914,16.7643),(-9.41934,5.80967),(5.23826,10.4857)]
triangle[(-19.5115,-7.23694),(-0.943712,-20.0169),(22.2363,13.6611)]
triangle[(-9.31373,18.407),(8.56575,10.9903),(18.6167,35.2203)]
triangle[(-3.62291,3.0888),(-11.3543,7.73308),(-19.7698,-6.27638)]
triangle[(-11.6407,4.06312),(-1.62954,6.46913),(-6.06135,24.9095)]
triangle[(-15.3852,-10.9972),(19.9364,-10.1043),(18.7204,37.9988)]
triangle[(-17.6597,-11.8279),(-20.1461,-7.26803),(-27.7982,-11.4405)]
triangle[(-18.2272,-15.0003),(10.106,-14.4468),(9.07041,38.5713)]
triangle[(17.2812,7.39657),(-5.55608,8.69229),(-6.95341,-15.9358)]
triangle[(20.5034,-8.45236),(19.6358,-20.2832),(37.6616,-21.6051)]
triangle[(7.34156,-19.0266),(4.28742,1.41889),(-28.3044,-3.44968)]
triangle[(-12.6732,17.2752),(9.2142,10.2725),(22.6501,52.2676)]
triangle[(6.84264,-5.29302),(-6.52586,-9.21936),(-0.767256,-28.8264)]
triangle[(-15.7433,4.40456),(-11.7402,16.701),(-33.2358,23.6989)]
triangle[(20.783,11.5378),(-3.53863,-15.6305),(35.7495,-50.802)]
triangle[(11.9053,20.8201),(-2.9594,10.0302),(12.8949,-11.8115)]
triangle[(8.07504,0.207763),(-10.4367,-12.0792),(3.61939,-33.2563)]
triangle[(-0.71889,-11.362),(12.0931,-9.51579),(10.1687,3.83879)]
triangle[(-0.099455,1.10325),(12.1388,-4.70911),(19.307,10.3839)]
triangle[(-12.7781,-10.0639),(-14.1609,-18.9167),(1.25365,-21.3243)]
triangle[(-6.08633,-18.7362),(13.2419,-11.2482),(4.2765,11.8937)]
triangle[(-6.38149,-10.7068),(-7.94314,-9.44831),(-9.91882,-11.9)]
triangle[(-19.67,6.45419),(2.44056,12.3133),(-6.02627,44.2647)]
triangle[(-0.291118,0.48663),(12.4946,13.9966),(-14.3096,39.3639)]
triangle[(-11.0969,19.3019),(-17.6253,19.5867),(-18.1276,8.07419)]
triangle[(-10.2544,9.65774),(16.7019,3.12069),(25.2108,38.2084)]
triangle[(-16.1541,18.1541),(11.1633,-19.6178),(62.0079,17.154)]
triangle[(-10.7764,-20.0794),(-3.40572,17.4464),(-74.9894,31.5065)]
triangle[(-3.5139,4.49763),(-8.50814,-10.7795),(18.9316,-19.7498)]
triangle[(5.76417,-7.40098),(18.4925,-0.934879),(11.4292,12.969)]
triangle[(-9.8231,17.2352),(-20.8041,9.66019),(-10.3894,-5.4373)]
triangle[(-7.12644,2.5434),(-9.32115,-0.0709153),(-4.87341,-3.80478)]
triangle[(-8.93429,7.36359),(19.5586,-0.939769),(29.5094,33.2062)]
triangle[(7.89534,8.61961),(-5.96673,-11.5753),(25.7045,-33.3148)]
triangle[(17.7407,7.79189),(8.93086,-11.3838),(38.5665,-24.9993)]
triangle[(-15.1272,8.84904),(-6.14899,-7.82814),(11.722,1.79276)]
triangle[(13.7377,-19.6856),(10.3312,-20.2095),(11.3677,-26.9486)]
triangle[(20.107,-8.48427),(-3.84403,-19.5895),(12.9953,-55.9073)]
triangle[(-0.213993,17.3794),(-12.8532,19.4291),(-15.0672,5.77671)]
triangle[(2.89644,-1.40317),(4.42286,18.9526),(-35.9511,21.9801)]
triangle[(4.46605,-3.64617),(-2.86082,7.94031),(-22.3905,-4.40955)]
triangle[(5.68162,9.94931),(0.661982,-17.3843),(38.0177,-24.2445)]
triangle[(16.4231,-4.85802),(6.40428,-10.779),(13.0127,-21.9609)]
triangle[(-18.3261,20.685),(12.7742,16.8061),(16.8003,49.0863)]
triangle[(0.865263,0.839678),(-3.51543,-0.557778),(-1.47746,-6.94636)]
triangle[(-12.0525,6.73782),(2.13412,-20.695),(51.7421,4.95931)]
triangle[(-12.8055,0.706887),(-13.0211,11.6047),(-24.8783,11.3701)]
triangle[(-5.04256,15.4601),(5.7348,0.378029),(21.7077,11.7919)]
triangle[(20.5611,-10.6142),(4.78214,3.26135),(-14.0789,-18.1869)]
triangle[(-13.1109,0.638024),(-5.25642,10.269),(-18.3069,20.9123)]
triangle[(-6.12712,-7.89159),(2.16967,-19.3751),(20.7606,-5.94315)]
triangle[(6.74117,4.0023),(0.843938,13.3913),(-9.29208,7.02495)]
triangle[(-12.0228,-19.7496),(2.21418,-16.9342),(-3.38407,11.3744)]
triangle[(0.850934,-15.8843),(-19.7905,5.75397),(-51.8085,-24.789)]
triangle[(-17.1622,-14.1468),(-20.158,-9.05858),(-29.7944,-14.7321)]
triangle[(5.60602,17.2766),(-2.88628,-1.13788),(17.2335,-10.4166)]
triangle[(13.2687,-0.819765),(10.8078,4.0381),(2.0581,-0.394288)]
triangle[(-9.04869,-3.62706),(-9.16305,12.2603),(-29.1874,12.1162)]
triangle[(1.51725,-5.46305),(6.35639,10.1122),(-14.3197,16.5361)]
triangle[(-13.8016,-12.2534),(11.2143,-4.45423),(2.87788,22.285)]
triangle[(18.8698,17.5363),(-5.82154,-6.78076),(20.9431,-33.9573)]
triangle[(-19.8719,9.24043),(-11.1778,-7.05186),(7.09201,2.6975)]
triangle[(10.4136,15.3303),(13.8431,-20.4709),(63.2998,-15.7333)]
triangle[(18.8816,-7.16495),(19.8511,-4.53972),(15.2442,-2.83836)]
triangle[(5.97837,-20.3783),(-7.51613,14.0125),(-47.514,-1.68216)]
triangle[(-20.0978,-10.9045),(-0.0784943,-13.539),(3.05162,10.2471)]
triangle[(4.68038,-7.95482),(-8.96324,19.5678),(-44.8449,1.78049)]
triangle[(-8.97508,-14.4138),(0.861603,-3.91518),(-11.4424,7.61303)]
triangle[(-10.6835,-19.4725),(14.6915,2.56784),(-22.5892,45.489)]
triangle[(-4.89797,-14.1927),(-9.57868,-13.244),(-10.8821,-19.6749)]
triangle[(12.5133,-19.3403),(15.578,-5.68034),(0.825402,-2.37054)]
triangle[(-3.03708,6.06104),(-14.8944,12.775),(-27.3122,-9.15559)]
triangle[(-18.1091,-4.93304),(9.28077,-7.77184),(12.2157,20.5451)]
triangle[(-3.33874,-18.4826),(-9.01762,-4.49149),(-28.7174,-12.4875)]
triangle[(10.4112,11.5184),(-13.2376,14.6819),(-18.9641,-28.1266)]
triangle[(19.434,-7.86404),(-5.68431,-19.8234),(10.3316,-53.4618)]
triangle[(8.90558,6.78661),(-11.4398,10.4164),(-16.7933,-19.5907)]
triangle[(12.6781,-6.8411),(9.56014,5.83439),(-10.6599,0.860664)]
triangle[(-11.2827,-13.3883),(2.75179,7.40723),(-37.3478,34.4696)]
triangle[(-6.81315,2.57753),(1.1637,11.7566),(-12.6209,23.7358)]
triangle[(-10.5959,6.43578),(4.96217,-0.0381935),(14.4792,22.8328)]
triangle[(-0.646891,12.0381),(6.78876,-12.3171),(41.3695,-1.75954)]
triangle[(9.78407,5.18678),(-18.0552,16.9056),(-29.8322,-11.0718)]
triangle[(-6.94079,12.2825),(-18.2382,20.7258),(-34.2003,-0.631922)]
triangle[(-10.1522,-15.0074),(5.67307,4.1239),(-17.9472,23.6625)]
triangle[(-3.32194,5.00149),(-17.3256,19.2794),(-36.6101,0.365454)]
triangle[(-11.9809,13.8975),(11.7183,-10.8791),(53.818,29.3899)]
triangle[(-4.02208,-4.12386),(18.8441,-5.86531),(20.8672,20.6992)]
triangle[(17.2227,-6.50228),(-7.68128,14.9165),(-45.967,-29.5989)]
triangle[(-14.4701,-2.81538),(5.87551,5.98767),(-10.3222,43.4239)]
triangle[(6.47298,18.8749),(0.103263,-13.8141),(46.823,-22.9178)]
triangle[(-15.9923,16.8784),(-5.87691,-6.09647),(30.3693,9.86207)]
triangle[(8.06133,20.8137),(19.3036,6.93637),(34.2156,19.0169)]
triangle[(18.931,-7.40447),(-6.50156,12.7964),(-35.0434,-23.1373)]
triangle[(6.79318,9.17112),(6.6411,-16.2162),(32.7732,-16.3727)]
triangle[(-12.4606,1.3301),(-15.3609,6.40698),(-25.4666,0.633691)]
triangle[(19.0712,-19.9324),(14.7609,-17.2519),(10.7781,-23.6565)]
triangle[(15.6458,10.5694),(9.67503,10.6019),(9.62706,1.77312)]
triangle[(20.5808,-4.24688),(8.28303,-17.7812),(29.0099,-36.6144)]
triangle[(16.2325,18.4652),(-11.9641,14.9693),(-7.42516,-21.64)]
triangle[(8.25734,-9.48044),(0.637849,13.5087),(-40.4729,-0.117058)]
triangle[(0.706078,-6.71405),(19.3911,1.15675),(10.9872,21.1075)]
triangle[(7.90862,15.1962),(-11.4989,13.9593),(-9.63378,-15.3052)]
triangle[(17.517,-15.1209),(-0.444031,12.1312),(-52.3988,-22.1106)]
triangle[(2.48255,-0.85061),(-17.2157,20.0294),(-56.8021,-17.3165)]
triangle[(16.2103,-1.52175),(19.0865,1.31313),(14.9989,5.46033)]
triangle[(13.3992,-9.27176),(6.21396,0.427081),(-6.15704,-8.73784)]
triangle[(-3.23503,18.3137),(-4.83014,7.51602),(14.71,4.6294)]
triangle[(-18.9499,7.72768),(-16.9845,16.4418),(-26.2814,18.5386)]
triangle[(-19.7035,1.22198),(-12.5977,-18.7682),(19.6602,-7.30168)]
triangle[(12.1924,3.81379),(13.716,20.5584),(-14.4025,23.1169)]
triangle[(-13.0267,2.01085),(-20.9704,15.5388),(-45.5598,1.0997)]
triangle[(12.2907,6.99599),(-17.154,-10.9374),(15.0043,-63.7379)]
triangle[(-1.52559,6.93341),(-20.4049,-4.99288),(1.31869,-39.3812)]
triangle[(-9.23642,-2.22134),(-3.37103,-0.673549),(-5.4782,7.31159)]
triangle[(4.49073,-15.001),(-14.2684,-20.4216),(-5.57631,-50.5027)]
triangle[(-4.84722,11.2053),(-13.5658,5.3385),(-3.41976,-9.73952)]
triangle[(18.148,-5.48211),(-6.59397,-10.6219),(0.588641,-45.1974)]
triangle[(-9.70989,13.1831),(-17.8241,-7.81613),(3.86105,-16.1954)]
triangle[(-0.119625,-12.1488),(1.34466,-15.8701),(5.11866,-14.3851)]
triangle[(4.54003,4.10004),(14.3444,6.34689),(10.7973,21.8249)]
triangle[(10.7103,-8.59638),(15.4124,-20.8709),(35.1711,-13.3018)]
triangle[(-4.85364,-15.9535),(-20.3491,-7.01696),(-30.7738,-25.0928)]
triangle[(-14.0897,4.0256),(-3.13227,5.2093),(-4.70571,19.7745)]
triangle[(-16.7502,-8.01604),(2.03133,-1.76647),(-6.48527,23.828)]
triangle[(-18.35,20.3553),(-2.05674,-7.17371),(43.5524,19.8204)]
triangle[(4.76004,11.7711),(-11.4116,-12.5289),(25.9861,-37.4171)]
triangle[(14.9393,-10.7398),(10.429,-20.2689),(27.3512,-28.2786)]
triangle[(-18.742,-4.26119),(8.81866,3.96915),(-3.20248,44.2239)]
triangle[(8.53057,-20.1096),(-4.14214,17.7226),(-55.5971,0.486593)]
triangle[(3.99136,15.457),(8.54924,-0.0320685),(36.6905,8.24888)]
triangle[(-10.9342,-7.14839),(-15.9876,6.48577),(-38.3772,-1.81289)]
triangle[(14.8541,-0.775215),(18.8824,-11.7495),(30.3962,-7.52322)]
triangle[(11.9271,8.91915),(-15.2554,-5.96875),(3.52696,-40.2618)]
triangle[(19.2091,16.6509),(-0.461542,1.52849),(21.0203,-26.4142)]
triangle[(5.65015,-20.14),(-10.8159,-16.758),(-17.5669,-49.6268)]
triangle[(-14.093,9.38211),(-8.96496,-1.08136),(8.3702,7.41448)]
triangle[(1.91456,2.10556),(-11.6331,9.53313),(-25.5891,-15.9221)]
triangle[(7.87319,-14.0107),(-5.51411,6.89156),(-28.2763,-7.68701)]
triangle[(-14.9342,8.10036),(1.78527,-10.6859),(23.943,9.03419)]
triangle[(-14.8756,-11.5714),(4.0727,-5.04734),(-5.3943,22.4485)]
triangle[(16.7122,16.6845),(19.7232,15.3773),(21.1985,18.7756)]
triangle[(-4.08817,10.5509),(-3.55869,-11.6386),(23.4625,-10.9939)]
triangle[(-10.7742,-17.8626),(-3.71753,-10.5407),(-17.5699,2.80972)]
triangle[(-9.98603,4.23417),(-8.12982,-9.61574),(8.33164,-7.40953)]
triangle[(2.88948,-19.2803),(-9.29925,-12.7456),(-22.1152,-36.6506)]
triangle[(17.4294,-4.47364),(-10.8379,-1.06156),(-14.3038,-29.7753)]
triangle[(12.4356,-6.31272),(-13.9822,1.56806),(-25.0727,-35.6096)]
triangle[(0.904873,-2.13216),(3.09268,18.2843),(-30.3277,21.8656)]
triangle[(-20.2941,-6.20115),(13.7154,5.69211),(1.47058,40.7069)]
triangle[(0.588782,14.5183),(-1.78296,-3.11793),(22.1228,-6.3328)]
triangle[(-4.0335,18.5662),(-19.3929,16.7059),(-16.534,-6.89807)]
triangle[(-3.43997,-14.6999),(-1.11856,-16.9709),(2.14841,-13.6313)]
triangle[(-20.6545,17.384),(-11.6555,4.58135),(7.63088,18.1378)]
triangle[(19.0221,-17.6156),(-0.976215,-1.9938),(-31.4229,-40.9702)]
triangle[(-1.10159,17.3563),(-19.4321,-18.6052),(42.5186,-50.183)]
triangle[(19.0905,16.9676),(6.18369,-8.14632),(53.6082,-32.5191)]
triangle[(4.15244,-16.9737),(16.9663,-4.34753),(1.38062,11.4698)]
triangle[(-5.22306,-6.01921),(-17.6221,-18.4418),(-4.87386,-31.1659)]
triangle[(16.878,-10.5649),(14.7167,2.62785),(0.522799,0.302619)]
triangle[(3.53209,15.8186),(-1.64985,-19.9251),(62.4417,-29.2168)]
triangle[(4.23563,-19.195),(-9.93832,-13.349),(-18.5603,-34.2536)]
triangle[(-11.7361,-5.22342),(5.87316,-3.28439),(2.30654,29.1059)]
triangle[(-18.4044,11.2932),(-11.7514,-15.1859),(26.2571,-5.63614)]
triangle[(0.908856,-0.460574),(-5.11398e-05,3.96702),(-8.23197,2.27715)]
triangle[(1.31071,-16.4557),(10.3078,-0.5924),(-15.2514,13.9038)]
triangle[(4.15147,-5.33013),(-10.8793,18.1752),(-54.9232,-9.98912)]
triangle[(14.4779,-7.18733),(-11.038,-11.2045),(-5.39771,-47.0295)]
triangle[(-7.07214,15.3209),(-7.47409,-15.8644),(34.6626,-16.4075)]
triangle[(-1.56412,-2.80508),(0.0999569,-1.24738),(-1.85662,0.842808)]
triangle[(7.01083,-17.7392),(-14.5082,17.8455),(-81.7054,-22.7906)]
triangle[(20.9142,11.7115),(7.6878,-14.2651),(42.0887,-31.7808)]
triangle[(8.66841,-18.6722),(12.6089,-11.2465),(1.22085,-5.20329)]
triangle[(2.46682,-3.76614),(13.7738,5.10605),(4.49432,16.9321)]
triangle[(-13.3891,-5.44181),(18.9327,-15.5383),(36.7249,41.4197)]
triangle[(-3.84312,-17.5997),(9.39661,-17.2677),(8.84319,4.80101)]
triangle[(-0.527811,-10.0311),(20.9128,3.75008),(-4.31037,42.992)]
triangle[(-13.5797,10.6344),(12.301,8.08775),(16.4275,50.0229)]
triangle[(12.2685,-9.45156),(10.1824,3.51218),(-4.82624,1.09708)]
triangle[(-9.26186,3.04077),(11.7059,-11.8963),(30.1502,13.9947)]
triangle[(-9.4168,-8.5221),(-5.6426,-5.49986),(-10.4842,0.546396)]
triangle[(3.13475,7.81248),(-11.0641,-1.16199),(6.27353,-28.5926)]
triangle[(13.4866,-10.2246),(-16.8376,19.3707),(-65.2934,-30.2784)]
triangle[(9.79019,-15.8033),(-9.15772,-13.5087),(-13.7137,-51.1298)]
triangle[(-1.65893,-12.4039),(13.8046,3.39011),(-12.7646,29.4035)]
triangle[(-17.5229,0.443745),(-20.0537,9.19497),(-29.4586,6.47518)]
triangle[(-1.96914,-9.95389),(3.48223,-3.342),(-6.7703,5.11099)]
triangle[(-14.3594,-9.13178),(19.3486,-19.0612),(30.0194,17.1639)]
triangle[(13.0933,-5.38646),(17.7596,14.1757),(-2.07232,18.9064)]
triangle[(20.3148,-4.1543),(-18.8173,8.4779),(-42.5995,-65.1949)]
triangle[(-5.82353,-13.8309),(-13.4306,14.4085),(-50.0576,4.542)]
triangle[(-0.653769,7.63948),(17.7091,-14.9757),(43.4464,5.92226)]
triangle[(16.3966,3.54597),(-8.25563,-3.62355),(4.86464,-48.7373)]
triangle[(-7.30261,2.23946),(-19.0564,-16.3031),(1.94399,-29.6148)]
triangle[(11.3012,1.31268),(-17.8784,-2.63381),(-10.3899,-58.0022)]
triangle[(19.4294,-18.6803),(19.3676,18.9291),(-44.6807,18.8239)]
triangle[(-19.5643,11.2344),(18.4766,6.41956),(24.7301,55.8277)]
triangle[(-16.3568,15.2273),(2.03479,1.82288),(24.4067,32.5182)]
triangle[(-20.3583,-5.00464),(5.0482,20.0999),(-21.3978,46.864)]
triangle[(18.6373,18.6279),(8.1839,16.2143),(11.9372,-0.0406396)]
triangle[(12.3974,3.73769),(5.0078,17.293),(-14.3994,6.71328)]
triangle[(12.0598,-12.2476),(17.9087,18.3728),(-36.0495,28.6796)]
triangle[(-13.4672,-3.8315),(6.4664,6.16797),(-3.79156,26.6168)]
triangle[(-5.11908,2.40681),(-7.59966,12.9095),(-22.5099,9.38797)]
triangle[(-2.59711,-14.5901),(9.37461,-18.0202),(16.1775,5.72282)]
triangle[(7.75363,5.96923),(2.65904,-15.876),(34.5723,-23.3186)]
triangle[(19.8913,-1.51882),(-2.70088,11.7857),(-29.1783,-33.175)]
triangle[(-20.5592,14.1985),(16.9957,6.00932),(31.6905,73.3987)]
triangle[(7.00079,10.5041),(-8.16386,-0.318902),(7.31881,-22.0124)]
triangle[(8.64055,-10.377),(15.4908,10.4433),(-9.3373,18.6122)]
triangle[(-9.10291,12.9106),(3.10192,16.9355),(-2.39649,33.6084)]
triangle[(-15.3317,1.73109),(4.17275,-2.75984),(12.7742,34.5971)]
triangle[(11.5834,-10.2976),(-11.006,-13.1732),(-6.93164,-45.1795)]
triangle[(12.8508,19.6997),(-14.6455,-17.5707),(51.8753,-66.6466)]
triangle[(-3.49187,18.9336),(-11.7604,12.7178),(-2.35246,0.202752)]
triangle[(7.66316,13.1669),(-11.8455,18.0028),(-18.017,-6.89379)]
triangle[(3.53022,-14.0024),(-16.1274,-16.0727),(-13.7963,-38.2079)]
triangle[(6.81863,-13.3217),(-12.1696,18.0064),(-46.2524,-2.65156)]
triangle[(17.3743,-12.71),(19.428,20.7581),(-43.97,24.6485)]
triangle[(19.4692,-20.1804),(2.79062,16.6388),(-63.8829,-13.5633)]
triangle[(-7.0409,-12.0443),(15.4717,11.87),(-18.1416,43.5132)]
triangle[(-10.1467,0.440739),(0.252932,4.81963),(-4.62156,16.3963)]
triangle[(-2.08996,-18.8749),(2.45081,-13.8159),(-2.84451,-9.06305)]
triangle[(-18.7041,2.79137),(4.60355,20.2874),(-21.6154,55.2154)]
triangle[(5.1284,-12.8498),(10.7067,-12.337),(10.1895,-6.71119)]
triangle[(-9.16684,19.4098),(13.8046,-1.80603),(36.7191,23.0046)]
triangle[(-10.0135,14.591),(-0.16012,0.436829),(20.6665,14.9353)]
triangle[(-9.22409,12.2913),(13.2738,-10.6327),(55.3908,30.7015)]
triangle[(0.617962,-4.8697),(-19.6024,-1.41386),(-23.0892,-21.8152)]
triangle[(-16.0017,16.6886),(-14.9872,-13.8427),(19.2942,-12.7036)]
triangle[(-16.7713,-3.27488),(8.29041,-1.88632),(6.38049,32.5852)]
triangle[(2.45571,9.17039),(4.72238,-0.87416),(18.4003,2.21242)]
triangle[(-15.3347,-6.2198),(14.094,11.436),(-14.1363,58.4903)]
triangle[(-13.3878,-20.2277),(-12.8365,-1.30459),(-38.0998,-0.568616)]
triangle[(-17.4999,20.9844),(-7.18269,4.38316),(11.0334,15.704)]
triangle[(-13.1629,12.7143),(9.82603,-18.2669),(66.7361,23.9618)]
triangle[(11.6145,10.1625),(10.5601,-19.8745),(57.7821,-21.5322)]
triangle[(-12.4061,-15.4583),(-19.8109,-12.3266),(-23.4713,-20.9813)]
triangle[(1.47047,-19.3371),(16.7326,-20.9919),(19.2675,2.38768)]
triangle[(19.309,-12.5144),(-16.1597,-0.189697),(-37.8079,-62.4901)]
triangle[(15.5108,-18.9893),(-4.67982,-7.69096),(-20.5129,-35.9855)]
triangle[(4.40023,-12.6198),(-11.2438,17.3571),(-59.5332,-7.84368)]
triangle[(2.83501,-17.5403),(2.37755,11.7016),(-49.7386,10.8863)]
triangle[(-4.21686,4.32114),(7.99136,-10.184),(23.5995,2.95254)]
triangle[(-9.84162,19.0354),(16.5827,-13.8685),(58.2196,19.5691)]
triangle[(-14.7263,-8.4199),(-12.3478,18.878),(-58.4817,22.8978)]
triangle[(-3.14095,-4.82566),(-0.677448,8.31379),(-14.8559,10.9721)]
triangle[(-8.99153,0.653608),(12.1399,0.336749),(12.6272,32.8384)]
triangle[(5.1388,2.80044),(13.7585,6.27948),(9.55524,16.6937)]
triangle[(8.33482,2.50418),(-20.762,0.202634),(-17.631,-39.3807)]
triangle[(-8.16452,17.4079),(-14.8718,3.39192),(2.94968,-5.13654)]
triangle[(-0.0825634,13.4423),(13.3416,5.04033),(28.0805,28.5891)]
triangle[(16.243,10.6587),(-6.96727,-1.96632),(11.9107,-36.6724)]
triangle[(1.05432,1.53577),(-6.46055,-19.952),(28.3245,-32.1173)]
triangle[(-10.9919,17.791),(-5.5798,19.1098),(-7.77636,28.1242)]
triangle[(-20.8269,9.23025),(-3.40386,20.6299),(-20.8278,47.2604)]
triangle[(-3.2307,17.9307),(12.0754,-2.55815),(52.4446,27.5995)]
triangle[(-7.85085,-9.06125),(13.1421,10.9907),(-22.3225,48.1195)]
triangle[(8.80443,14.7867),(17.5694,-11.9488),(63.9968,3.27192)]
triangle[(14.1922,-10.5374),(-1.5365,13.9855),(-43.9633,-13.2266)]
triangle[(0.662073,-2.16899),(5.18769,3.24503),(-0.949909,8.37549)]
triangle[(4.49932,1.85125),(-20.4917,17.9365),(-46.1736,-21.9645)]
triangle[(18.8789,-11.5946),(-8.11748,2.78031),(-35.3606,-48.383)]
triangle[(-3.24246,6.41143),(20.2324,-8.55406),(36.0797,16.304)]
triangle[(-10.8291,-8.30188),(-17.6785,-5.57272),(-21.1918,-14.39)]
triangle[(3.89449,-8.99997),(1.35137,-1.01888),(-10.8471,-4.90584)]
triangle[(10.3554,17.9503),(3.62942,5.53216),(27.0615,-7.15927)]
triangle[(8.54,-11.1264),(11.1285,-10.5094),(10.4167,-7.52325)]
triangle[(2.97679,2.49317),(-1.64524,20.6818),(-26.0653,14.4763)]
triangle[(-12.6778,11.6406),(0.411652,-7.34078),(30.4403,13.3668)]
triangle[(9.24801,18.3402),(14.4979,-16.0758),(80.0047,-6.08325)]
triangle[(-20.0227,18.9133),(6.26802,19.0457),(6.1227,47.9013)]
triangle[(-10.2949,4.50167),(3.61356,-20.7063),(47.7438,3.64239)]
triangle[(5.89702,-18.6588),(-15.955,15.2528),(-58.3949,-12.0948)]
triangle[(-11.8144,-10.9733),(-8.66947,-5.80105),(-14.5497,-2.2256)]
triangle[(-15.2409,6.76919),(7.48427,6.48494),(7.8999,39.7137)]
triangle[(-0.233604,-8.86193),(-8.68592,11.5944),(-33.5854,1.30626)]
triangle[(-6.33646,15.3083),(-0.176344,15.3047),(-0.172469,22.0136)]
triangle[(2.65428,-9.14635),(-18.3546,-1.13161),(-31.8293,-36.4527)]
triangle[(14.2016,-4.85201),(-7.4545,17.2153),(-32.534,-7.39676)]
triangle[(-1.71041,-19.4103),(-8.80728,14.0861),(-46.5021,6.09969)]
triangle[(8.87599,-15.58),(-1.49332,12.4051),(-31.0449,1.45539)]
triangle[(-9.44946,-1.73622),(-9.38594,-20.8129),(19.0762,-20.7181)]
triangle[(10.6181,-13.859),(18.4763,13.5678),(-11.6579,22.2017)]
triangle[(12.5211,17.1516),(18.649,16.2379),(20.2309,26.847)]
triangle[(17.0953,-19.6864),(-11.4223,-10.1433),(-28.1799,-60.2198)]
triangle[(19.4233,-13.3955),(-12.247,-20.3543),(-0.4844,-73.8871)]
triangle[(-14.3946,19.1961),(13.0056,-19.092),(71.9174,23.067)]
triangle[(-10.7979,0.933061),(14.2582,-19.693),(44.2502,16.7407)]
triangle[(18.5896,15.6013),(-0.629311,0.0235764),(18.2582,-23.2787)]
triangle[(19.1417,-14.5497),(-1.55972,13.4725),(-50.045,-22.3461)]
triangle[(15.4054,5.67466),(-0.732053,10.3545),(-9.46275,-19.7515)]
triangle[(13.8237,10.8593),(18.5621,-9.08779),(54.9692,-0.439338)]
triangle[(14.9461,-14.864),(2.73706,7.64824),(-26.0808,-7.98049)]
triangle[(10.7189,5.19861),(-14.579,-12.8585),(20.0188,-61.3297)]
triangle[(9.89835,0.721629),(2.45773,-5.30893),(11.4633,-16.4202)]
triangle[(8.95847,11.9824),(-5.35269,-9.36326),(33.7546,-35.5827)]
triangle[(18.9672,1.15507),(-18.2535,20.2148),(-37.5839,-17.5344)]
triangle[(-13.1507,-8.56805),(-16.0883,17.7287),(-49.4543,14.0014)]
triangle[(-4.78293,16.3861),(12.6151,-2.21329),(47.799,30.698)]
triangle[(14.9683,-2.49584),(-19.9861,-18.0926),(6.61876,-77.7177)]
triangle[(4.26107,19.5281),(-2.03772,20.9643),(-3.55911,14.2919)]
triangle[(12.3067,14.2145),(14.1648,-2.13686),(45.6011,1.43534)]
triangle[(14.6603,-9.14101),(2.87549,-17.3689),(14.2972,-33.7283)]
triangle[(9.51775,6.01225),(3.54717,12.9831),(-7.65116,3.39161)]
triangle[(-16.3995,7.57067),(-17.5996,5.22136),(-14.4458,3.61019)]
triangle[(0.0877493,-12.0247),(-20.2977,9.32409),(-48.0226,-17.1497)]
triangle[(1.79665,4.77852),(7.0739,9.71381),(-1.43935,18.817)]
triangle[(-17.0004,-5.51238),(-1.13321,-8.31613),(4.24308,22.1098)]
triangle[(6.50883,-1.68779),(-15.3951,-7.58234),(-8.83327,-31.966)]
triangle[(9.93106,-4.87521),(-4.16534,-16.5147),(17.6578,-42.9443)]
triangle[(7.54313,0.712296),(-3.75323,18.654),(-39.278,-3.71303)]
triangle[(7.63392,20.5138),(7.7969,-15.9516),(66.2449,-15.6904)]
triangle[(-8.39337,10.2201),(-10.1083,-4.97043),(10.1292,-7.25511)]
triangle[(0.793321,-15.4382),(3.7979,-4.9759),(-13.0859,-0.127194)]
triangle[(10.001,5.16974),(20.0876,0.39018),(27.0727,15.1313)]
triangle[(11.2376,2.25475),(6.23962,11.5904),(-10.6084,2.57072)]
triangle[(-19.1122,-18.3874),(-17.603,-8.84949),(-31.3897,-6.66793)]
triangle[(-14.7734,-19.2252),(-5.76245,5.36063),(-48.3065,20.9535)]
triangle[(-9.61015,19.7652),(19.2181,-7.04869),(72.1414,49.8504)]
triangle[(15.4071,-16.923),(10.2244,-1.44169),(-16.8084,-10.4914)]
triangle[(13.3259,-11.9383),(-11.1914,15.1505),(-64.019,-32.6624)]
triangle[(17.6384,0.67572),(-9.20719,16.3179),(-33.8463,-25.9687)]
triangle[(-4.52008,-3.35434),(-1.74602,14.4103),(-32.249,19.1735)]
triangle[(-10.0766,-7.28618),(1.9945,-17.8362),(17.9189,0.38401)]
triangle[(-2.92056,-8.4268),(-0.530083,17.3247),(-40.6856,21.0523)]
triangle[(-2.6443,-6.05474),(-13.0745,19.8948),(-47.8671,5.91014)]
triangle[(16.0272,-18.791),(-4.6244,14.7808),(-50.6032,-13.503)]
triangle[(13.651,0.198526),(-3.08901,-6.3337),(4.52034,-25.8341)]
triangle[(10.8573,2.27986),(-16.9865,-19.2745),(18.5964,-65.2404)]
triangle[(17.053,-12.1748),(-4.73578,15.3829),(-51.2309,-21.3789)]
triangle[(0.130594,11.8905),(18.6239,-13.7099),(66.6549,20.9868)]
triangle[(-4.17778,-20.1083),(9.31621,16.1876),(-31.5571,31.3834)]
triangle[(-10.4464,19.9994),(14.3281,-15.9097),(81.8518,30.6765)]
triangle[(-0.510691,-13.3998),(2.04537,-4.94833),(-6.84524,-2.25945)]
triangle[(-2.86712,-7.10505),(0.916139,17.8582),(-24.3486,21.6872)]
triangle[(-9.52832,1.64185),(-9.41319,18.2733),(-39.5436,18.4818)]
triangle[(13.9856,-9.0345),(0.494693,14.9536),(-46.8624,-11.6799)]
triangle[(-10.4274,-13.4937),(-8.32263,17.7024),(-46.232,20.2602)]
triangle[(-17.6797,13.0208),(-10.8429,16.2967),(-14.8654,24.6919)]
triangle[(-16.4041,-10.6752),(6.35164,5.08452),(-11.556,30.9417)]
triangle[(17.6867,-12.7251),(12.3022,13.7236),(-29.9706,5.11754)]
triangle[(-2.31942,-9.40928),(16.7929,11.9428),(-20.8624,45.6483)]
triangle[(16.3794,10.433),(12.0172,20.5836),(-6.76788,12.5108)]
triangle[(-0.0499612,5.45296),(10.3056,-1.9841),(19.4458,10.743)]
triangle[(11.4606,-8.30102),(-17.8776,14.4424),(-44.1724,-19.4769)]
triangle[(6.86548,-3.42574),(18.088,1.81369),(11.6998,15.4968)]
triangle[(-7.31258,8.99668),(-4.93534,-11.7854),(31.7697,-7.5867)]
triangle[(-6.77301,1.49011),(0.0802447,-7.43998),(13.8326,3.11404)]
triangle[(-20.2953,-4.08679),(12.302,-9.24073),(21.9172,51.5729)]
triangle[(-6.24558,13.5724),(12.3019,-18.3035),(74.9024,18.1214)]
triangle[(-6.17256,-18.6128),(-20.697,-4.14898),(-40.0067,-23.5396)]
triangle[(-10.4318,13.4401),(-13.7023,-17.4972),(24.04,-21.487)]
triangle[(0.667902,-5.72104),(0.566592,-14.6797),(16.7578,-14.8628)]
triangle[(12.6101,8.21855),(-8.34206,-0.403661),(2.6914,-27.2153)]
triangle[(-6.27904,-15.9259),(10.3955,-20.0277),(17.4235,8.54233)]
triangle[(-20.312,-3.92613),(-10.4397,7.67302),(-29.6129,23.9917)]
triangle[(10.8559,15.7165),(-15.1313,6.21564),(0.762501,-37.2582)]
triangle[(1.71922,-18.9857),(-19.4023,-16.441),(-24.0133,-54.7127)]
triangle[(13.5189,4.88784),(-10.7289,8.23008),(-16.2067,-31.511)]
triangle[(16.8597,8.84983),(-4.9607,9.48038),(-5.74105,-17.5238)]
triangle[(17.3198,4.02718),(17.0294,17.8069),(-8.82823,17.2619)]
triangle[(8.07093,-0.21448),(6.22605,-6.10517),(17.5062,-9.63797)]
triangle[(19.429,-12.0208),(18.7111,2.30633),(-4.20571,1.15802)]
triangle[(-1.02338,11.4237),(2.87369,19.4547),(-7.42088,24.4501)]
triangle[(-14.9717,-16.0919),(1.52271,10.1243),(-40.5083,36.5688)]
triangle[(-14.9941,-5.84161),(-0.803761,-3.38621),(-3.34914,11.3242)]
triangle[(-10.2122,-1.80067),(-1.70595,18.7607),(-36.6709,33.2257)]
triangle[(-19.2151,15.1967),(0.165471,14.0205),(2.3163,49.4623)]
triangle[(-8.56284,2.40627),(-6.03927,0.600944),(-2.44943,5.61899)]
triangle[(15.5015,13.2971),(12.7,-0.527221),(35.1604,-5.07869)]
triangle[(-20.4223,-5.50284),(-0.00393535,17.9194),(-24.0288,38.8632)]
triangle[(12.5531,-11.8567),(15.41,-6.06607),(6.60291,-1.72106)]
triangle[(-17.596,-0.0876017),(-10.9656,-0.0620208),(-10.9995,8.72364)]
triangle[(9.89624,9.03515),(-4.92438,-13.5178),(36.9492,-41.0349)]
triangle[(-5.97081,-11.363),(-7.0828,7.15403),(-32.5553,5.62434)]
triangle[(16.8434,13.7786),(-7.37542,20.4249),(-15.4025,-8.82584)]
triangle[(-20.8359,10.2403),(19.2354,7.09589),(23.3489,59.5169)]
triangle[(-10.9046,-19.1328),(19.7067,10.9818),(-21.0289,52.3894)]
triangle[(14.1399,-9.40417),(5.74636,-3.44817),(-5.77187,-19.6803)]
triangle[(20.0279,-15.2622),(4.5852,-0.282531),(-23.3083,-29.0382)]
triangle[(2.15922,7.3255),(10.4721,12.8025),(2.12753,25.4676)]
triangle[(5.02972,1.64775),(3.15531,7.21594),(-4.76032,4.55132)]
triangle[(9.92496,-4.83783),(16.0802,14.0265),(-9.56748,22.395)]
triangle[(3.60747,20.4771),(12.8455,1.40343),(49.0775,18.9518)]
triangle[(11.1175,17.8685),(9.46333,-0.845347),(46.1647,-4.08951)]
triangle[(-4.34314,2.71389),(13.1118,12.5836),(2.6944,31.0071)]
triangle[(-14.163,-20.9363),(-1.57397,-18.4759),(-5.70513,2.66153)]
triangle[(-3.59554,-19.9504),(-10.6226,18.2503),(-86.0711,4.37146)]
triangle[(10.8909,-9.83675),(-14.2016,-10.7942),(-13.0162,-41.8596)]
triangle[(19.8875,-3.38208),(12.4667,-7.15484),(18.6535,-19.324)]
