triangle[(-9.4487,12.4063),(-13.7135,-7.75599),(23.1044,-15.5439)]
triangle[(-14.481,19.8028),(13.2611,-18.8577),(65.2262,18.4315)]
triangle[(-1.32043,8.32234),(11.9672,6.86868),(14.712,31.9578)]
triangle[(16.6896,-5.67148),(4.59447,9.24969),(-19.4454,-10.2372)]
triangle[(-4.3965,-6.7679),(1.21548,-5.9075),(0.312336,-0.0167588)]
triangle[(12.9527,2.37208),(-1.50643,12.8182),(-18.4755,-10.67)]
triangle[(-10.6608,0.50958),(-11.0656,-7.27628),(-3.17285,-7.68666)]
triangle[(16.4396,-15.8762),(20.5446,-12.8275),(17.1943,-8.31653)]
triangle[(4.20333,18.9611),(-16.9802,-16.2203),(37.6413,-49.1091)]
triangle[(-1.06424,5.08223),(17.1816,8.27174),(11.2493,42.2079)]
triangle[(-18.8482,-8.35724),(-10.01,-9.25337),(-8.85878,2.10105)]
triangle[(-5.04517,-6.96734),(16.9801,-5.19885),(14.0225,31.6358)]
triangle[(5.66255,12.9013),(-9.3719,14.8744),(-11.5534,-1.74813)]
triangle[(8.0984,15.8626),(20.9393,14.3425),(23.6067,36.8759)]
triangle[(11.7601,14.4266),(14.2584,-15.3165),(57.3049,-11.7009)]
triangle[(0.12364,-16.6929),(19.4929,1.76127),(-15.1199,38.0906)]
triangle[(-19.3468,-19.9367),(8.77975,-12.2021),(-5.41994,39.4342)]
triangle[(10.7448,-17.5474),(19.0721,16.5555),(-48.8427,33.139)]
triangle[(18.5233,14.7335),(-8.11553,-13.9023),(38.7616,-57.5103)]
triangle[(11.2792,-19.729),(-9.76783,2.92659),(-41.262,-26.3315)]
triangle[(14.7487,3.73877),(-20.9484,19.7729),(-49.4877,-43.7648)]
triangle[(4.68963,-18.813),(-18.7029,4.29658),(-54.1613,-31.596)]
triangle[(14.7235,-2.08751),(10.5459,-15.421),(31.2476,-21.9073)]
triangle[(13.7398,16.4314),(-18.4943,-5.97848),(6.85548,-42.4412)]
triangle[(-14.4486,2.28545),(14.3338,16.0374),(-1.46934,49.113)]
triangle[(2.74196,-20.5464),(10.1328,-16.9792),(4.86564,-6.06643)]
triangle[(15.8746,-5.53016),(-19.7754,8.69794),(-40.1343,-42.3135)]
triangle[(-17.3914,12.3133),(-19.1212,-13.5016),(15.1175,-15.7958)]
triangle[(-18.4563,-12.1586),(-4.86922,5.38803),(-23.0093,19.4347)]
triangle[(-5.78838,14.8463),(18.2481,-11.8434),(64.7646,30.049)]
triangle[(4.79104,-18.7882),(-18.2806,1.41185),(-38.8614,-22.0948)]
triangle[(14.3769,20.9748),(-2.4577,11.0595),(12.3723,-14.1196)]
triangle[(15.5739,-11.3289),(3.76246,1.35854),(-20.2327,-20.98)]
triangle[(7.30475,-7.656),(9.92622,-15.9373),(18.6823,-13.1655)]
triangle[(-10.3203,-18.6107),(2.14404,14.4243),(-39.741,30.2278)]
triangle[(10.7102,-11.5289),(19.8985,0.125),(-0.0784923,15.8754)]
triangle[(6.70703,-17.3075),(-3.67227,14.4721),(-40.6055,2.40966)]
triangle[(9.04341,-2.43102),(-15.249,8.30156),(-31.4501,-28.3685)]
triangle[(12.0201,-3.62642),(16.8181,18.0686),(-6.04167,23.1242)]
triangle[(12.5663,-9.9061),(-4.34447,19.2512),(-52.3654,-8.60032)]
triangle[(4.98851,14.92),(-4.82928,-14.5042),(28.8622,-25.7458)]
triangle[(17.7776,-11.9502),(-12.287,-20.465),(0.962655,-67.2479)]
triangle[(-7.16989,11.1328),(9.95126,-18.2173),(43.9593,1.62096)]
triangle[(19.351,14.1841),(-12.9151,11.361),(-9.25082,-30.5198)]
triangle[(-0.525685,-8.872),(-5.04383,17.3642),(-56.1851,8.55714)]
triangle[(14.3405,-18.6645),(-2.81468,-2.29851),(-21.029,-21.3911)]
triangle[(18.332,7.75575),(16.9005,-12.956),(50.9941,-15.3125)]
triangle[(-6.27218,11.4908),(-7.55014,-1.008),(11.8806,-2.99474)]
triangle[(-6.67421,-12.8628),(11.0896,-0.429326),(-10.8343,30.8935)]
triangle[(-1.07577,-0.112194),(16.3272,-7.928),(25.4063,12.288)]
triangle[(12.6632,-11.8095),(1.57606,19.3945),(-53.4793,-0.167301)]
triangle[(-4.98283,-4.46556),(4.15893,-7.30172),(7.45245,3.31421)]
triangle[(6.58377,1.33337),(-18.0531,-4.28197),(-8.64514,-45.5585)]
triangle[(-11.42,10.3763),(14.9642,17.6917),(4.26697,56.2729)]
triangle[(6.19243,5.55161),(14.681,-20.8392),(46.472,-10.6137)]
triangle[(0.265661,0.433319),(-4.78201,17.3249),(-36.3191,7.90074)]
triangle[(-13.9252,-4.43201),(-2.38847,1.86047),(-14.7327,24.4927)]
triangle[(-14.8148,10.4985),(13.1419,-7.3621),(48.2619,47.6104)]
triangle[(-1.76074,14.6657),(10.6076,19.4829),(4.62961,34.8318)]
triangle[(10.0247,-14.3118),(-20.1236,4.41845),(-41.487,-29.9682)]
triangle[(7.89833,-14.3725),(20.0498,-6.26285),(3.90377,17.9305)]
triangle[(8.53171,-11.9263),(-10.432,17.3827),(-66.7037,-19.0265)]
triangle[(10.3462,1.76233),(-10.1437,14.8359),(-32.7163,-20.5415)]
triangle[(-20.604,19.0004),(9.36025,-0.968688),(34.2047,36.3111)]
triangle[(4.94177,-19.2867),(-9.06895,15.1017),(-56.1859,-4.09504)]
triangle[(6.76799,19.1159),(0.846798,4.82878),(15.6668,-1.31328)]
triangle[(6.3681,-19.6893),(-12.9012,-8.42228),(-27.1345,-32.7646)]
triangle[(11.0307,-20.8055),(17.0756,-12.327),(3.43912,-2.60466)]
triangle[(-20.7529,11.473),(-10.5816,-19.5629),(42.8436,-2.05394)]
triangle[(15.6975,-12.0058),(-8.06868,-4.20347),(-20.8921,-43.2643)]
triangle[(-6.53686,2.19061),(-11.1451,-8.40116),(7.40387,-16.4714)]
triangle[(-1.59024,-6.78222),(20.85,11.7112),(-12.1632,51.7701)]
triangle[(-16.4542,-7.2239),(7.34326,7.6583),(-20.4841,52.1557)]
triangle[(11.1983,-15.0729),(-0.311449,-1.83857),(-23.1016,-21.6589)]
triangle[(2.63665,4.13862),(8.96092,13.6633),(-9.32103,25.8023)]
triangle[(-5.54525,-13.6264),(18.5881,6.34173),(-3.03861,32.4796)]
triangle[(20.1177,-17.8186),(-19.2172,-18.5778),(-18.1465,-74.0512)]
triangle[(11.2984,15.8217),(-6.259,9.75607),(2.15701,-14.6049)]
triangle[(16.2648,7.96884),(-2.90294,-5.34954),(11.6253,-26.2585)]
triangle[(-20.3611,-4.84256),(-1.0477,3.559),(-16.1586,38.2956)]
triangle[(19.6006,-2.63143),(-20.7912,-20.432),(4.01202,-76.7135)]
triangle[(12.1062,19.7516),(-6.07401,20.4656),(-6.89022,-0.317342)]
triangle[(8.39487,-19.3881),(-5.78821,-8.72078),(-24.0965,-33.0632)]
triangle[(-7.88073,-7.87404),(-7.21728,-2.46455),(-15.6019,-1.43621)]
triangle[(0.834217,3.86403),(-12.4115,18.0332),(-39.3266,-7.12768)]
triangle[(-15.0087,3.25065),(4.71625,5.59301),(0.283781,42.9188)]
triangle[(-2.87766,20.8225),(5.40623,7.60419),(29.4813,22.692)]
triangle[(-10.1265,20.6915),(4.47853,-5.20534),(35.7493,12.4305)]
triangle[(-14.6257,0.174327),(5.96178,10.5638),(-9.58472,41.3703)]
triangle[(-12.7521,3.23337),(14.8812,-12.1492),(35.0253,24.0375)]
triangle[(20.7527,11.6566),(-7.65876,-8.21571),(20.1463,-47.9686)]
triangle[(-14.7634,2.89526),(6.06102,6.84659),(-1.70661,47.7838)]
triangle[(-20.9523,-19.2649),(-15.5176,20.34),(-70.6452,27.9049)]
triangle[(-7.81034,-12.6486),(7.24198,13.1056),(-36.2023,38.4971)]
triangle[(6.21946,-5.77781),(16.9131,-14.3928),(26.8847,-2.01528)]
triangle[(-10.2467,-16.1148),(-15.4955,-20.9599),(-8.49907,-28.539)]
triangle[(8.84836,14.4826),(3.1166,-20.5758),(43.3463,-27.153)]
triangle[(6.09827,-16.5923),(6.48542,16.6812),(-57.1246,17.4213)]
triangle[(-19.8195,-7.19741),(-3.47679,-8.3284),(-1.53224,19.7701)]
triangle[(16.8058,14.6197),(20.2824,5.77441),(33.6357,11.0229)]
triangle[(-14.7264,0.323499),(6.64056,-1.40989),(8.93344,26.8538)]
triangle[(19.3929,10.5519),(-14.9028,17.8873),(-27.7599,-42.2244)]
triangle[(16.4855,-2.87514),(-10.6374,16.5296),(-41.5858,-26.7283)]
triangle[(8.67956,-16.1227),(-0.162773,12.8359),(-44.4193,-0.677547)]
triangle[(12.7336,-19.5913),(-20.5608,-11.0713),(-36.9228,-75.0111)]
triangle[(-14.9528,14.9377),(1.85971,8.85612),(12.4,37.995)]
triangle[(12.0885,16.9238),(-16.9111,-7.16533),(28.8652,-62.2728)]
triangle[(5.86781,15.3401),(9.23383,-15.9809),(49.6063,-11.6421)]
triangle[(-13.6735,-11.2727),(-15.5038,-2.32462),(-30.0633,-5.30277)]
triangle[(4.42675,15.0641),(-14.0789,3.49912),(4.59045,-26.3747)]
triangle[(19.0991,17.8729),(2.14615,-15.0535),(35.5805,-32.268)]
triangle[(10.5662,-6.11945),(-15.7476,-4.05834),(-17.8906,-31.4176)]
triangle[(3.69351,-9.42006),(13.152,12.0717),(-14.6718,24.3169)]
triangle[(11.2792,-5.42427),(18.1867,6.66338),(3.95201,14.7978)]
triangle[(-11.6924,-11.2021),(10.6411,-16.0368),(17.669,16.4282)]
triangle[(-4.61213,14.7126),(15.7655,0.309223),(32.3356,23.7523)]
triangle[(-17.2922,16.9887),(11.0556,17.3325),(10.6102,54.0562)]
triangle[(-6.0086,-19.6425),(-1.8807,7.15114),(-40.9099,13.1641)]
triangle[(-16.9704,17.7256),(-15.302,9.20174),(-2.04493,11.7965)]
triangle[(-13.3556,9.17501),(4.08082,-15.5648),(47.6372,15.1334)]
triangle[(13.8973,-0.87605),(-5.62625,-18.5519),(14.9752,-41.3069)]
triangle[(-10.9389,5.82061),(1.09123,13.496),(-6.77144,25.8196)]
triangle[(-13.7605,-11.192),(-2.55498,-7.28463),(-9.82345,13.5599)]
triangle[(9.03825,-11.1469),(-3.40475,12.1301),(-33.5019,-3.95869)]
triangle[(-3.49036,-2.18879),(-6.95917,7.91448),(-24.3779,1.93401)]
triangle[(8.07074,-8.36422),(-9.45961,9.80314),(-34.4857,-14.3455)]
triangle[(-2.27334,9.44233),(1.49297,-7.5482),(30.1554,-1.19456)]
triangle[(6.50322,-11.5154),(3.25089,-3.45286),(-12.6929,-9.88435)]
triangle[(2.0287,20.8423),(-7.63146,-6.17817),(27.6593,-18.7951)]
triangle[(-19.1378,8.44219),(8.51405,-11.9818),(47.8859,41.3234)]
triangle[(-18.0391,-2.55936),(15.3359,-5.32379),(18.699,35.2789)]
triangle[(18.6607,-13.7095),(-19.0754,0.536014),(-37.8278,-49.1387)]
triangle[(-1.29727,3.90983),(-3.94191,-11.085),(20.0408,-15.3148)]
triangle[(10.7291,-8.77252),(-2.29036,9.20468),(-20.8683,-4.24992)]
triangle[(-8.87178,17.1178),(-4.94142,9.44517),(6.51321,15.3129)]
triangle[(3.83376,-10.2787),(-12.8178,18.9989),(-50.3184,-2.32947)]
triangle[(11.1795,-8.14636),(15.991,7.5917),(-11.152,15.89)]
triangle[(5.74776,-8.1926),(-13.4921,-5.435),(-18.7531,-42.1413)]
triangle[(13.4538,0.467126),(-20.9437,17.0726),(-43.7496,-30.1687)]
triangle[(10.694,-6.78393),(-15.0302,20.9274),(-51.1949,-12.6441)]
triangle[(-10.2881,-2.42485),(-13.2801,5.91393),(-26.8895,1.0308)]
triangle[(9.9987,-20.3989),(-8.60523,-15.0551),(-16.1963,-41.483)]
triangle[(-4.23673,11.055),(-16.3344,-7.74212),(3.51892,-20.5196)]
triangle[(-20.9253,-12.3638),(-10.49,18.76),(-67.2455,37.7892)]
triangle[(8.43316,7.10926),(-0.312515,0.639783),(11.5345,-15.3754)]
triangle[(-18.1371,12.2894),(-20.335,-16.2278),(28.2821,-19.9748)]
triangle[(-13.5352,4.90205),(19.899,14.7587),(6.45791,60.3517)]
triangle[(14.0148,14.2121),(-1.93784,0.0970194),(19.8957,-24.5789)]
triangle[(7.36899,10.4501),(-19.8205,10.8838),(-20.5757,-36.4569)]
triangle[(-2.77406,-9.80617),(3.06024,0.57563),(-11.4031,8.70362)]
triangle[(-12.3362,-11.784),(6.66284,3.46297),(-11.3934,25.9625)]
triangle[(10.2216,-4.03859),(4.47821,16.0572),(-24.2384,7.84991)]
triangle[(-19.8938,-6.59067),(-2.63012,-2.14452),(-9.92532,26.1816)]
triangle[(19.0705,-5.9198),(-8.9053,-2.25768),(-15.4468,-52.2296)]
triangle[(-1.20305,-15.0712),(17.0611,-0.97358),(-4.25156,26.638)]
triangle[(10.9627,-15.568),(1.6598,-11.273),(-6.14026,-28.1678)]
triangle[(-15.0474,-3.90239),(-12.7641,-8.20994),(-6.32361,-4.79599)]
triangle[(2.26185,4.91415),(-3.92957,13.8855),(-19.821,2.9184)]
triangle[(14.2923,-8.54946),(16.2798,5.86374),(-9.65277,9.43973)]
triangle[(19.2444,19.3685),(-16.3592,-16.5794),(38.6138,-71.0259)]
triangle[(-4.28047,4.06633),(3.06454,-12.5566),(35.6961,1.86198)]
triangle[(16.2432,-0.450811),(14.5697,3.46554),(9.02455,1.09603)]
triangle[(12.8554,19.8766),(18.5648,14.7626),(27.6644,24.9215)]
triangle[(10.4559,16.3651),(-3.83811,16.0916),(-3.43518,-4.97152)]
triangle[(0.0177044,-8.10783),(14.2862,14.5939),(-11.146,30.5785)]
triangle[(5.27925,-14.3349),(18.3259,-2.13931),(3.94562,13.2446)]
triangle[(-19.608,-11.4898),(3.19031,6.8196),(-20.8447,36.7472)]
triangle[(13.421,-0.598427),(-16.369,-16.7142),(13.9427,-72.7452)]
triangle[(-4.2167,-4.94901),(-12.6288,-3.60025),(-14.9009,-17.7712)]
triangle[(-19.5967,9.69745),(8.64958,-4.39619),(26.0558,30.4892)]
triangle[(1.67555,1.65514),(-9.95222,-11.5334),(12.8401,-31.6285)]
triangle[(14.8984,20.7303),(-4.08161,-7.85323),(48.8013,-42.9685)]
triangle[(11.2639,-7.81919),(-5.57519,-13.4311),(2.38555,-37.3179)]
triangle[(-20.9712,-12.5053),(-17.2301,-4.76538),(-29.9697,1.39241)]
triangle[(-5.54726,-5.00011),(10.3555,12.6071),(-24.2414,43.8549)]
triangle[(-4.27214,-7.548),(3.36206,20.6511),(-51.2502,35.436)]
triangle[(0.757869,8.98088),(-4.88697,4.36285),(-0.189373,-1.37924)]
triangle[(-5.09582,13.5526),(-1.60295,5.33983),(8.74139,9.73928)]
triangle[(-2.08075,-2.43078),(8.46688,1.30429),(3.22074,16.1191)]
triangle[(-12.5651,-4.14156),(-20.664,17.1665),(-55.9843,3.74176)]
triangle[(20.4975,-1.76827),(5.10725,11.0192),(-15.6346,-13.9443)]
triangle[(-6.87927,-11.268),(-18.92,-11.602),(-18.4418,-28.8406)]
triangle[(-9.56348,-15.8692),(-13.7223,-12.8564),(-19.0436,-20.2016)]
triangle[(10.2841,9.47437),(20.8042,-19.8566),(69.6747,-2.32834)]
triangle[(-13.6064,3.73754),(-12.3452,-17.3418),(20.0466,-15.4037)]
triangle[(-12.8098,11.9052),(-11.086,-18.3804),(25.2521,-16.3121)]
triangle[(5.9143,10.9796),(15.6808,8.159),(19.2289,20.4447)]
triangle[(19.2947,-4.43225),(-4.4658,1.95023),(-12.0335,-26.2225)]
triangle[(-19.9037,-15.5689),(18.8057,7.58775),(-13.1848,61.0639)]
triangle[(-6.39445,8.51888),(7.58984,-10.3065),(27.3237,4.35265)]
triangle[(12.7917,-13.1894),(15.4413,17.0336),(-25.5851,20.6303)]
triangle[(-0.545559,15.7639),(-20.5461,-4.92595),(8.26366,-32.7759)]
triangle[(12.862,15.1848),(-2.84303,-0.843422),(24.4224,-27.5591)]
triangle[(-18.2376,0.883713),(19.0658,-5.70131),(28.2421,46.2814)]
triangle[(6.031,-14.9462),(15.6101,1.43484),(-15.0659,19.3732)]
triangle[(-12.5901,-0.270467),(-19.9103,7.33892),(-28.4008,-0.828889)]
triangle[(8.31106,3.14295),(15.8238,-13.2666),(38.7248,-2.78184)]
triangle[(-14.809,14.2013),(-5.80475,19.9511),(-15.6528,35.3733)]
triangle[(-11.8725,-6.55986),(16.1691,10.0347),(-16.5603,65.3411)]
triangle[(-7.59229,-15.3266),(-14.0373,-19.4031),(-7.09287,-30.3824)]
triangle[(-15.7656,12.6239),(-1.83477,10.7808),(0.682249,29.8053)]
triangle[(12.976,-0.793545),(-1.1988,-4.22898),(2.44899,-19.2799)]
triangle[(-3.62876,6.75776),(-17.8903,-8.11623),(-0.324199,-24.9589)]
triangle[(-12.5224,-11.8539),(9.63653,3.89175),(-17.388,41.9235)]
triangle[(-1.04064,12.3052),(9.04213,-9.91942),(36.2219,2.41138)]
triangle[(10.2563,3.80109),(-12.8853,15.9178),(-28.6595,-14.2092)]
triangle[(-10.2787,17.1332),(-18.5894,-0.569801),(16.776,-17.172)]
triangle[(-3.34376,-14.3847),(0.113892,-6.15041),(-9.37093,-2.16766)]
triangle[(-17.0572,17.3073),(10.63,8.87519),(24.319,53.8235)]
triangle[(-6.88319,20.2803),(17.4815,8.17478),(30.8067,34.9944)]
triangle[(-7.47005,-10.8583),(1.54784,9.48522),(-29.3437,23.1789)]
triangle[(18.8306,-17.3583),(-7.48957,-15.0314),(-10.2487,-46.2397)]
triangle[(-12.6521,0.427192),(-19.2163,-8.39906),(-4.36213,-19.4464)]
triangle[(-16.085,17.2254),(10.2969,12.4363),(19.14,61.1502)]
triangle[(7.67497,-6.2068),(3.10729,-14.1833),(19.059,-23.3179)]
triangle[(7.94718,-12.8401),(-13.4824,1.44363),(-28.5231,-21.1216)]
triangle[(5.15523,1.55566),(15.9171,8.0043),(8.85356,19.7922)]
triangle[(-12.0763,13.9167),(9.86731,-7.76302),(40.8766,23.6239)]
triangle[(5.10155,-14.4981),(-4.12296,13.7839),(-48.2732,-0.616157)]
triangle[(10.2405,18.8322),(14.0417,-7.79344),(44.3782,-3.46239)]
triangle[(20.8006,-4.95151),(-13.4334,5.91517),(-31.0121,-49.464)]
triangle[(-2.39354,-16.3949),(20.9054,1.69227),(-10.103,41.6357)]
triangle[(13.0303,3.83966),(-17.7432,5.18931),(-19.1995,-28.0156)]
triangle[(-0.278963,5.94429),(-11.3219,5.22613),(-10.2862,-10.6996)]
triangle[(7.33712,12.3085),(10.5319,-11.5244),(39.3524,-7.66112)]
triangle[(17.0937,-19.6981),(19.7587,-4.60495),(-8.89538,0.454594)]
triangle[(-13.7173,-8.37899),(-16.6548,3.74441),(-37.6567,-1.34441)]
triangle[(-7.42175,19.843),(-7.1223,-3.7926),(17.5088,-3.48053)]
triangle[(-3.60436,-7.04625),(9.38256,19.6529),(-40.5768,43.954)]
triangle[(2.03725,13.2904),(15.5538,-1.28571),(42.6467,23.8378)]
triangle[(1.57955,-3.87308),(-8.97506,-12.4509),(5.78744,-30.6154)]
triangle[(11.2033,0.738709),(-5.08498,6.15092),(-10.5586,-10.322)]
triangle[(12.3822,5.80847),(-2.81218,10.6208),(-9.32151,-9.93156)]
triangle[(-0.949683,-10.6395),(16.4204,16.1754),(-20.1938,39.8932)]
triangle[(-16.2194,8.21915),(18.4497,13.8943),(10.4059,63.0333)]
triangle[(-14.1333,16.9295),(6.12567,9.1189),(18.9233,42.3131)]
triangle[(-17.2958,0.04559),(1.80516,-0.357251),(2.59075,36.8922)]
triangle[(13.772,-2.93188),(5.00093,-19.976),(32.8377,-34.3011)]
triangle[(-8.75562,-19.7564),(-12.8696,3.45765),(-44.1645,-2.08846)]
triangle[(-10.9723,15.7525),(-10.0075,-10.4483),(18.8876,-9.38441)]
triangle[(9.81909,-16.6733),(-0.293916,9.05582),(-33.9892,-4.18836)]
triangle[(1.34631,4.10113),(-18.056,-10.358),(-0.788706,-33.5286)]
triangle[(-18.6189,-1.64081),(12.8246,-19.9199),(43.035,32.0478)]
triangle[(-14.978,6.50608),(12.1354,15.9887),(-2.01713,56.4545)]
triangle[(14.4698,-9.99713),(16.5138,-5.12512),(10.0186,-2.40021)]
triangle[(-1.13504,8.6425),(-4.17299,-8.36703),(14.9602,-11.7843)]
triangle[(9.37669,-17.3131),(-8.20919,-9.30451),(-16.9204,-28.4333)]
triangle[(-13.7261,14.4654),(9.3835,1.45597),(26.054,31.069)]
triangle[(-16.3679,-5.87318),(15.4503,12.1768),(-19.3588,73.5378)]
triangle[(-19.2261,14.178),(-5.9881,-8.39379),(24.5162,9.49647)]
triangle[(2.24003,-1.94879),(-15.7953,18.466),(-38.7959,-1.85371)]
triangle[(11.2556,7.88901),(6.65982,13.5087),(0.937198,8.82877)]
triangle[(-0.0606943,-0.801106),(-8.19537,19.5324),(-35.5558,8.58657)]
triangle[(17.6289,8.98229),(-16.4842,2.35057),(-6.94951,-46.6955)]
triangle[(-19.1282,7.33016),(19.5291,-12.9521),(48.254,41.7965)]
triangle[(-15.3383,-20.8649),(-15.0294,-10.6889),(-27.5456,-10.3091)]
triangle[(7.06758,14.0157),(-6.72813,10.3492),(-0.949563,-11.3939)]
triangle[(-18.6553,-17.789),(2.87224,-15.6476),(-0.300241,16.2451)]
triangle[(-20.5076,7.79751),(-2.98245,5.18043),(0.408151,27.8855)]
triangle[(-8.27181,-14.6641),(-0.925671,-7.59543),(-11.8487,3.75641)]
triangle[(4.93883,-18.7292),(-19.5219,-2.81734),(-42.8756,-38.718)]
triangle[(-3.50773,11.794),(20.3844,1.9397),(38.2941,45.3624)]
triangle[(9.55842,-2.04324),(-15.648,10.9255),(-36.1072,-28.8395)]
triangle[(-2.01395,4.35744),(-5.78912,9.91366),(-16.6713,2.51978)]
triangle[(-7.65964,-17.7008),(3.96041,18.8598),(-34.1645,30.9771)]
triangle[(19.5744,20.1472),(-3.12083,-8.00813),(37.5882,-40.8225)]
triangle[(8.08391,-3.50882),(-6.31511,-4.21318),(-5.04346,-30.2092)]
triangle[(19.6684,-5.47272),(8.06747,2.45781),(-3.77379,-14.8638)]
triangle[(-10.0917,12.4226),(13.3438,9.21994),(19.5804,54.8552)]
triangle[(3.37445,-17.4847),(-7.84087,-18.6064),(-5.97232,-37.2893)]
triangle[(12.0324,15.784),(-7.24945,-7.01782),(16.4147,-27.0289)]
triangle[(-10.5083,6.9401),(-16.4202,-9.0833),(5.97144,-17.3448)]
triangle[(-0.0877521,20.0088),(-4.35502,19.607),(-3.70274,12.6784)]
triangle[(12.4378,-16.3933),(-4.714,0.90683),(-25.0275,-19.2325)]
triangle[(-6.45408,-3.24453),(-1.06837,-6.41811),(3.92066,2.04849)]
triangle[(-17.8595,1.92636),(-17.6767,10.2076),(-31.9212,10.522)]
triangle[(-20.1551,-16.3218),(15.5102,-0.0366853),(-10.7408,57.4544)]
triangle[(17.37,-13.9693),(-9.33726,-10.6962),(-14.7546,-54.9002)]
triangle[(6.61672,15.3217),(8.09126,-10.8724),(45.3487,-8.77507)]
triangle[(-14.5436,-7.37783),(-18.2793,-12.4912),(-10.5799,-18.1162)]
triangle[(-6.64183,18.4938),(19.3396,3.93813),(43.39,46.8675)]
triangle[(-12.7658,3.06134),(5.19058,0.64457),(8.09678,22.2373)]
triangle[(13.9024,1.43354),(14.7242,-0.949225),(18.2236,0.257715)]
triangle[(7.2406,18.1417),(1.83365,-8.44043),(31.8995,-14.556)]
triangle[(-12.5727,8.04877),(-4.48289,15.4629),(-19.0318,31.3377)]
triangle[(-7.5323,11.9703),(4.61652,-11.6297),(50.1422,11.8061)]
triangle[(-11.9345,-9.2624),(-18.0227,-17.6111),(-5.72231,-26.5811)]
triangle[(-7.34429,-6.39914),(-12.5504,-14.541),(3.08641,-24.5395)]
triangle[(-10.8948,-6.12513),(6.48568,-13.7689),(15.0147,5.62456)]
triangle[(18.18,18.1502),(-6.41848,17.3635),(-4.87476,-30.9059)]
triangle[(5.50108,20.7714),(-11.6309,-14.9455),(42.4717,-40.8965)]
triangle[(-1.40361,-6.34418),(4.25582,20.4319),(-48.1992,31.5189)]
triangle[(5.5118,-11.3984),(-7.14137,6.47212),(-26.7107,-7.38392)]
triangle[(17.3178,4.13728),(-10.2402,13.0714),(-24.4977,-30.9072)]
triangle[(-2.31998,-3.27288),(-10.4654,9.74108),(-27.4106,-0.864896)]
triangle[(-14.1605,-13.732),(20.9814,-0.836669),(0.763968,54.2588)]
triangle[(-0.0976613,17.1831),(-10.0036,16.2343),(-8.72522,2.88728)]
triangle[(-5.93089,-17.1698),(-18.9979,-17.1387),(-19.0539,-40.7044)]
triangle[(20.64,-1.11165),(3.7677,-17.3961),(25.535,-39.9492)]
triangle[(-14.826,1.04499),(6.76813,-10.0047),(18.1147,12.1696)]
triangle[(-14.1176,-12.5655),(14.6404,-4.32659),(6.2904,24.8194)]
triangle[(-9.47637,-16.2284),(8.52891,1.70767),(-13.4129,23.7341)]
triangle[(-17.8592,12.198),(-14.9668,0.837626),(3.24509,5.47436)]
triangle[(-5.31181,-0.861901),(-3.95611,4.89195),(-14.9142,7.47385)]
triangle[(9.91192,-12.862),(0.38256,-0.163278),(-20.9992,-16.2085)]
triangle[(-7.99212,-10.5998),(14.966,6.38904),(-11.8835,42.6725)]
triangle[(3.34685,-18.8038),(-14.3735,-9.26998),(-27.9151,-34.4396)]
triangle[(-11.0544,-11.376),(4.22573,7.0107),(-18.4965,25.8938)]
triangle[(12.3363,3.61617),(-14.5241,19.4638),(-38.5184,-21.2047)]
triangle[(-3.29551,-17.6771),(-18.6519,17.475),(-78.7643,-8.78554)]
triangle[(-20.7209,16.2981),(-2.00523,18.435),(-4.87494,43.5678)]
triangle[(-18.6875,17.7461),(-20.2106,-20.4238),(19.8144,-22.0209)]
triangle[(-1.11579,18.4963),(5.737,-5.22896),(43.642,5.71948)]
triangle[(-7.56207,-2.40318),(6.99808,15.7809),(-16.9075,34.9223)]
triangle[(-13.1418,-15.1828),(-15.1311,-13.3311),(-17.4337,-15.8047)]
triangle[(-5.82737,-10.95),(-17.5212,-0.713712),(-37.3444,-23.3595)]
triangle[(5.39745,0.241447),(0.879929,-3.47289),(5.0128,-8.49945)]
triangle[(13.7347,18.2603),(2.80181,10.5105),(15.4025,-7.26561)]
triangle[(-18.1294,11.687),(-18.5652,-8.32125),(13.709,-9.02415)]
triangle[(0.700888,-3.40983),(-7.46799,-17.3614),(18.9341,-32.8203)]
triangle[(5.13326,-16.1358),(-12.2585,-0.837237),(-42.0624,-34.7189)]
triangle[(6.98002,9.92069),(11.5198,11.6038),(8.84674,18.8138)]
triangle[(6.66474,-1.09714),(-7.11142,3.76619),(-14.4145,-16.921)]
triangle[(3.2111,-4.35428),(-18.8688,12.0096),(-36.8602,-12.2664)]
triangle[(11.7923,8.82147),(4.87257,-14.5033),(31.2996,-22.3434)]
triangle[(16.3778,15.8079),(-5.26184,14.4953),(-3.09524,-21.2245)]
triangle[(-12.3192,-10.59),(17.3765,-0.809086),(4.82285,37.3049)]
triangle[(6.65609,-6.97255),(-6.09047,-8.48111),(-4.50928,-21.8413)]
triangle[(17.8436,-11.7869),(17.4366,8.48995),(-16.2492,7.8138)]
triangle[(1.53259,-19.6353),(-7.93709,8.35848),(-54.5476,-7.40884)]
triangle[(-18.3687,-13.5448),(9.0569,15.5063),(-32.5956,54.8283)]
triangle[(-12.6721,-12.943),(3.46997,18.839),(-37.4542,39.6244)]
triangle[(0.623894,9.07045),(13.8113,-7.5489),(37.5708,11.3042)]
triangle[(-20.2777,0.794258),(-16.5358,18.772),(-35.1714,22.6508)]
triangle[(13.4071,-4.49003),(4.17047,5.9569),(-12.2747,-8.58307)]
triangle[(3.11214,9.20495),(18.1313,-11.8603),(59.3558,17.532)]
triangle[(17.2657,9.72595),(18.2201,17.1942),(7.28685,18.5914)]
triangle[(13.2492,-3.91292),(-5.738,-9.72826),(4.55718,-43.3423)]
triangle[(7.0489,-7.33887),(-10.3627,-12.9884),(-4.60351,-30.7381)]
triangle[(12.4888,12.8189),(19.3548,9.86586),(24.2562,21.2618)]
triangle[(-12.3061,18.3936),(-18.3343,18.9944),(-19.0007,12.3083)]
triangle[(-5.16502,7.87794),(1.47495,-6.90637),(19.7531,1.30277)]
triangle[(5.44646,6.42093),(18.4503,17.0479),(-2.45247,42.6257)]
triangle[(-1.29335,4.24653),(-19.8028,-20.8221),(24.8243,-53.7726)]
triangle[(-5.42543,2.31885),(-2.71372,2.86169),(-3.27167,5.64888)]
triangle[(2.89705,-14.1375),(-8.04935,9.3278),(-40.9834,-6.03573)]
triangle[(3.52991,-9.77352),(19.4237,3.28241),(-0.243545,27.2247)]
triangle[(-9.15553,-0.556759),(-2.22023,20.8973),(-42.8675,34.0371)]
triangle[(17.9272,-18.727),(-14.9482,-18.7423),(-14.9292,-59.4616)]
triangle[(19.5404,6.30123),(-14.1869,14.0402),(-24.3032,-30.0477)]
triangle[(-7.91116,-12.9134),(14.7506,-19.3369),(24.0604,13.5075)]
triangle[(-16.7929,-1.08411),(17.2093,6.13035),(5.55839,61.042)]
triangle[(-16.2679,10.8649),(2.03605,-9.27657),(39.1662,24.4662)]
triangle[(-2.70509,-17.7179),(3.58477,14.0471),(-44.5547,23.5793)]
triangle[(-14.056,-9.68326),(16.9649,-1.5292),(4.3761,46.3627)]
triangle[(19.9498,9.05999),(5.67866,-12.9488),(44.8913,-38.3754)]
triangle[(8.51967,3.9906),(16.8228,5.61071),(13.8918,20.6325)]
triangle[(17.0289,-14.9772),(-15.12,2.18698),(-46.5724,-56.7242)]
triangle[(-10.803,14.5482),(19.1649,-0.00256194),(46.8804,57.0788)]
triangle[(13.1856,11.3327),(-15.3421,12.8577),(-17.3726,-25.1261)]
triangle[(-9.31394,-11.8556),(-17.3189,-16.7429),(-8.82133,-30.6612)]
triangle[(-5.58483,-10.2827),(15.3893,-17.2256),(22.4092,3.98111)]
triangle[(19.2034,18.8958),(6.00636,0.371125),(30.0714,-16.7729)]
triangle[(-9.13794,-15.8847),(4.90362,-2.41358),(-18.5906,22.0755)]
triangle[(20.6142,5.83978),(15.1715,19.6039),(-9.33115,9.91493)]
triangle[(10.8537,11.1349),(3.38245,14.7217),(-1.55134,4.4447)]
triangle[(-6.09362,4.86483),(-7.40546,8.8496),(-15.1784,6.29064)]
triangle[(-7.11886,-4.01989),(10.222,13.2607),(-12.7822,36.3452)]
triangle[(-0.786015,17.4092),(-17.8059,-20.7722),(34.3572,-44.0245)]
triangle[(-11.3436,18.2925),(7.26708,-6.5299),(32.7506,12.5764)]
triangle[(7.54887,-9.07124),(-2.7535,15.8118),(-33.5454,3.06299)]
triangle[(-9.43262,-10.6192),(-10.7522,-4.84176),(-16.8216,-6.22805)]
triangle[(-17.8606,-20.9558),(-15.3077,3.56378),(-43.6007,6.50956)]
triangle[(4.55041,-11.755),(-2.32383,11.3141),(-43.4717,-0.947367)]
triangle[(4.42283,-7.10821),(20.7063,6.6156),(-0.299393,31.5392)]
triangle[(1.14586,5.56546),(-13.947,6.69385),(-16.0007,-20.7765)]
triangle[(-19.1529,19.401),(-18.8596,-12.3783),(16.6627,-12.0504)]
triangle[(-12.2034,-5.84677),(5.92296,19.1975),(-20.8511,38.5758)]
triangle[(-10.0848,17.3167),(14.4105,-20.8801),(90.5502,27.9476)]
triangle[(14.7606,19.2338),(16.9075,-1.68463),(39.6771,0.652268)]
triangle[(12.4838,-20.7555),(18.7048,0.806371),(-4.20057,7.415)]
triangle[(-19.8909,-15.7812),(-0.0571631,-3.45232),(-16.5544,23.0871)]
triangle[(-5.88402,-2.37723),(-8.00073,-16.6289),(11.8299,-19.5742)]
triangle[(13.0874,4.55199),(14.9823,-6.55274),(30.6223,-3.88393)]
triangle[(-8.2415,-2.8363),(-14.9145,16.9862),(-48.2494,5.76452)]
triangle[(10.8069,-13.3063),(-10.2502,4.98508),(-42.3769,-31.9994)]
triangle[(10.6506,-3.65342),(6.20947,-20.9363),(35.7625,-28.5305)]
triangle[(-9.89317,-7.49958),(10.11,-17.7375),(27.1473,15.5504)]
triangle[(-15.0748,-7.53757),(8.40062,12.5801),(-21.9578,48.0055)]
triangle[(7.12887,1.04255),(11.3633,-9.48019),(31.9508,-1.19563)]
triangle[(-1.63418,-19.9355),(5.54081,3.89553),(-32.8859,15.465)]
triangle[(9.14723,10.069),(-9.89775,-1.42144),(8.84604,-32.4886)]
triangle[(-19.8062,-7.0717),(-5.92834,-19.3067),(12.682,1.80258)]
triangle[(10.1776,4.87878),(9.60725,-15.311),(37.4298,-16.0969)]
triangle[(5.65387,-17.3125),(3.052,-2.2974),(-18.1917,-5.97858)]
triangle[(-2.04774,-12.0739),(-20.87,7.51046),(-53.2155,-23.5762)]
triangle[(-12.547,15.2852),(-18.7752,15.9738),(-19.6454,8.10324)]
triangle[(17.1177,-3.5107),(16.1759,-9.2482),(25.911,-10.8462)]
triangle[(-18.4468,-12.1382),(-11.1271,-12.1515),(-11.1075,-1.37011)]
triangle[(-10.564,-4.8229),(9.67751,9.2466),(-9.14373,36.3243)]
triangle[(6.65012,-19.5621),(10.0865,-4.69487),(-7.25092,-0.687606)]
triangle[(2.49027,4.20296),(9.8062,10.2146),(-1.55129,24.0363)]
triangle[(-15.8363,-7.9952),(8.81732,-19.3626),(24.6552,14.9866)]
triangle[(3.96467,-18.9537),(5.01829,19.6672),(-58.0461,21.3876)]
triangle[(13.6256,10.8605),(2.99699,-17.7018),(58.0057,-38.1717)]
triangle[(15.6721,-12.5967),(-6.22705,0.671786),(-30.4072,-39.2367)]
triangle[(7.14783,15.7967),(19.9141,11.2807),(25.3544,26.66)]
triangle[(-9.01459,-18.5733),(17.1566,-12.0287),(6.82728,29.2775)]
triangle[(0.935332,-9.63838),(-4.12702,-2.82576),(-11.4251,-8.24886)]
triangle[(-9.24327,-14.5751),(-17.5064,-18.5506),(-10.0145,-34.1228)]
triangle[(-20.6689,16.1183),(19.6314,10.6577),(26.4273,60.8129)]
triangle[(-8.8486,-2.37995),(-3.32653,-17.6233),(23.0076,-8.08342)]
triangle[(4.85839,6.14424),(-1.26445,-10.278),(28.5754,-21.4034)]
triangle[(-16.3236,9.79372),(-3.60315,-2.97251),(14.2507,14.8173)]
triangle[(-1.06597,-5.86053),(18.3556,-0.98153),(9.47145,34.3831)]
triangle[(-3.89367,17.3473),(7.66898,15.5993),(10.4057,33.7024)]
triangle[(-0.937735,-18.8706),(-17.4909,7.26063),(-49.9898,-13.3262)]
triangle[(-7.97598,11.3006),(-6.29339,-17.4333),(24.8933,-15.6071)]
triangle[(10.481,4.93959),(8.05344,19.6883),(-16.3436,15.6726)]
triangle[(-4.26176,-19.3381),(6.93477,-11.9468),(-7.75766,10.3096)]
triangle[(17.4333,10.4595),(5.52488,-5.18457),(29.3653,-23.3321)]
triangle[(-8.77728,13.029),(-9.06425,0.0384256),(11.9861,-0.426589)]
triangle[(11.557,13.4821),(-16.5975,9.59919),(-12.6616,-18.9397)]
triangle[(2.89185,15.0528),(-8.73768,-4.99125),(23.6051,-23.7565)]
triangle[(-17.4058,12.5283),(6.06842,9.93313),(10.9365,53.9667)]
triangle[(-18.8761,-6.67323),(-2.32788,-10.8714),(4.69219,16.7998)]
triangle[(-3.94198,-20.287),(4.90204,-5.39583),(-15.498,6.71993)]
triangle[(-5.05507,-9.38443),(4.44366,1.53156),(-17.1541,20.3252)]
triangle[(15.9058,-16.2336),(15.5118,16.5343),(-44.692,15.8104)]
triangle[(-9.43583,8.3104),(-17.6565,18.1611),(-27.9879,9.53921)]
triangle[(-2.85429,20.5093),(2.08759,18.1637),(5.81121,26.0088)]
triangle[(15.8835,-14.2904),(1.92404,9.75262),(-41.6928,-15.5715)]
triangle[(-9.49368,-0.107996),(17.7191,4.50269),(12.3729,36.0569)]
triangle[(3.38068,-7.11657),(19.9655,-10.6851),(26.1661,18.1323)]
triangle[(16.0319,13.2395),(17.4817,10.6909),(20.5899,12.459)]
triangle[(2.31514,12.8495),(-9.9304,-13.5229),(36.5541,-35.1071)]
triangle[(-18.5044,8.88093),(-17.5023,-19.3988),(18.8825,-18.1095)]
triangle[(11.1034,-15.081),(-11.4259,11.8052),(-60.003,-28.9001)]
triangle[(-8.29697,-8.00382),(11.5606,14.3926),(-19.7094,42.1177)]
triangle[(20.2606,-2.32218),(11.7923,0.428826),(8.0317,-11.1472)]
triangle[(-11.5377,5.38335),(15.5314,13.7811),(3.89236,51.2979)]
triangle[(-15.8308,6.26385),(13.7636,7.85201),(12.175,37.4534)]
triangle[(-0.871338,-9.88861),(-6.3452,-14.1751),(-1.99774,-19.7268)]
triangle[(19.2011,-4.98057),(18.3453,10.764),(1.9294,9.87163)]
triangle[(12.7601,5.77238),(-18.08,13.5339),(-32.3241,-43.0652)]
triangle[(-3.90015,-9.47525),(-7.73113,-20.9348),(12.5187,-27.7044)]
triangle[(-2.71914,14.4152),(-20.012,-7.77528),(24.1488,-42.1895)]
triangle[(-12.9094,-9.83567),(-10.0098,-15.9195),(1.12637,-10.6117)]
triangle[(5.83697,13.5455),(20.5137,15.7599),(16.8487,40.0517)]
triangle[(20.6533,-10.7593),(13.2979,9.85231),(-12.1387,0.775042)]
triangle[(-20.5136,20.1677),(19.7092,-14.1508),(65.6944,39.7459)]
triangle[(-8.93289,5.94705),(-21,-6.77662),(-5.50807,-21.4691)]
triangle[(-6.03578,-17.3391),(-10.2825,15.6062),(-50.2573,10.4534)]
triangle[(-1.68894,-3.70571),(13.3627,17.5967),(-23.5728,43.6942)]
triangle[(17.2793,-14.878),(11.9099,17.66),(-21.4075,12.1619)]
triangle[(-15.7533,-6.9807),(-3.86321,-18.2417),(9.85703,-3.75503)]
triangle[(0.719782,-13.2858),(8.21663,-3.40227),(-5.2595,6.81964)]
triangle[(-6.40856,-16.4688),(-10.5091,-18.6969),(-6.71249,-25.684)]
triangle[(18.5356,6.18473),(6.11724,-18.7916),(42.6456,-36.9537)]
triangle[(13.4627,-9.73831),(18.8791,20.2222),(-19.6955,27.1959)]
triangle[(-6.47125,-9.45752),(17.706,-10.2352),(18.93,27.8187)]
triangle[(6.5135,8.58061),(5.04086,11.364),(2.22387,9.8736)]
triangle[(-1.97689,-13.7081),(19.2023,-17.5607),(24.0429,9.04962)]
triangle[(11.0588,17.9984),(-16.1541,9.46982),(-4.08524,-29.0395)]
triangle[(-18.5294,-8.33989),(8.99439,-3.29745),(3.67401,25.7434)]
triangle[(-11.5028,-5.83495),(14.3838,9.59576),(-10.2966,50.9993)]
triangle[(-6.26133,17.9407),(-20.7426,-16.2762),(44.7454,-43.9921)]
triangle[(12.4677,13.0196),(17.1011,-14.6855),(53.8411,-8.54114)]
triangle[(-2.23872,-18.1424),(9.30305,-3.8331),(-12.0028,13.3521)]
triangle[(1.05768,0.207431),(-12.0897,17.9451),(-41.5629,-3.90078)]
triangle[(-2.46156,17.7938),(10.8397,-3.59316),(48.1146,19.5894)]
triangle[(-19.1449,13.3439),(10.0227,-12.1364),(58.3893,43.2296)]
triangle[(16.171,16.1519),(19.104,9.07008),(29.6135,13.4227)]
triangle[(-11.6343,-19.959),(0.761611,15.2966),(-50.794,33.4236)]
triangle[(-16.7555,13.3307),(7.07229,8.55642),(16.3291,54.7562)]
triangle[(-6.37417,-7.11579),(17.3516,-1.63999),(9.0494,34.3323)]
triangle[(18.2041,10.9098),(-15.7647,-9.11907),(13.9801,-59.5659)]
triangle[(0.529177,-17.9206),(5.82517,-4.08172),(-15.2195,3.97185)]
triangle[(-3.18686,20.379),(19.6524,5.80205),(38.5752,35.4505)]
triangle[(15.7955,6.51361),(-2.60117,-17.1511),(23.0436,-37.087)]
triangle[(-16.1911,11.6685),(14.7693,-0.922715),(36.2287,51.8434)]
triangle[(-15.5751,-4.75832),(-15.6797,5.44765),(-27.8587,5.32275)]
triangle[(-16.4327,-8.4504),(-14.5402,-4.83829),(-20.6764,-1.62328)]
triangle[(-13.7826,11.9799),(6.16102,-14.5474),(43.6835,13.6625)]
triangle[(2.40576,-12.8938),(5.27591,-2.59981),(-12.0483,2.23051)]
triangle[(-6.19889,13.7053),(7.30565,-4.40362),(29.1553,11.8905)]
triangle[(12.147,-19.5844),(-0.391141,-17.2802),(-3.43904,-33.8651)]
triangle[(6.76377,18.1036),(-10.7634,1.3076),(7.93938,-18.2092)]
triangle[(5.82491,-3.58267),(-12.1142,-7.82032),(-7.2401,-28.4534)]
triangle[(17.7915,10.4858),(-11.2048,0.686898),(8.33037,-57.1202)]
triangle[(-3.82328,14.7694),(8.23468,20.7397),(1.46754,34.407)]
triangle[(-17.4957,20.0115),(-18.55,-15.1862),(36.4707,-16.8343)]
triangle[(19.245,12.6909),(-7.87844,7.06184),(2.63877,-43.6153)]
triangle[(5.8071,2.69822),(-20.2881,17.795),(-35.8624,-9.12572)]
triangle[(8.71685,-20.4851),(10.0692,-7.63782),(-12.6661,-5.24455)]
triangle[(-9.1262,-4.39436),(4.45501,-10.1304),(15.5149,16.0562)]
triangle[(-0.869792,-16.065),(19.532,15.9382),(-29.9582,47.4879)]
triangle[(0.857698,5.22073),(10.7445,4.45881),(11.7639,17.6866)]
triangle[(1.83693,-19.1678),(-8.38046,7.57604),(-40.5749,-4.72373)]
triangle[(-17.4077,5.84214),(15.4085,-3.62742),(32.5565,55.798)]
triangle[(11.1864,-20.9272),(8.18547,12.9349),(-52.0202,7.59938)]
triangle[(2.06153,7.32583),(14.7159,-13.149),(52.2855,10.0707)]
triangle[(-7.93759,-12.0704),(-6.99864,17.847),(-42.511,18.9616)]
triangle[(-0.160812,-4.70071),(14.4164,-7.77946),(19.8668,18.0269)]
triangle[(-19.5529,-16.7398),(-7.1292,-3.15541),(-33.5542,21.0117)]
triangle[(-0.567389,3.36194),(15.179,-16.3981),(48.8753,10.4538)]
triangle[(-20.663,20.2351),(-6.14515,16.4396),(-2.14123,31.7549)]
triangle[(-5.80299,-20.9807),(-16.2766,-12.387),(-32.8889,-32.6331)]
triangle[(-20.4628,2.18497),(-3.83672,-2.30729),(1.98493,19.2389)]
triangle[(-1.51119,8.69571),(-20.0282,-6.4528),(9.98459,-43.1394)]
triangle[(-11.9869,7.48943),(-6.89756,-6.4852),(14.4479,1.28851)]
triangle[(12.1831,17.7962),(6.89484,6.09161),(24.1251,-1.69323)]
triangle[(-14.1409,-6.91024),(-17.615,-0.456834),(-28.4595,-6.29482)]
triangle[(18.3114,-2.89273),(2.29677,-6.68383),(7.45107,-28.4569)]
triangle[(13.3098,-15.557),(19.7121,10.6312),(-26.4704,21.9216)]
triangle[(-17.7409,-7.32298),(8.11768,-2.3374),(-0.650258,43.1389)]
triangle[(-4.57607,-15.1793),(17.3872,-9.67576),(7.17862,31.0635)]
triangle[(-1.42853,-4.26241),(-7.66145,-6.23784),(-4.82628,-15.1834)]
triangle[(8.5004,10.7617),(-12.4487,9.74628),(-11.2175,-15.6536)]
triangle[(12.7379,14.9981),(10.6217,-13.6723),(53.0126,-16.8013)]
triangle[(8.90158,-14.2099),(15.5099,17.5327),(-29.9671,27.0004)]
triangle[(2.94177,-9.79407),(-8.04801,0.380432),(-23.8593,-16.6978)]
triangle[(-5.19075,-13.8157),(-13.0564,3.16669),(-42.988,-10.6966)]
triangle[(-2.37932,4.39523),(-6.90198,-4.80952),(8.49504,-12.3747)]
triangle[(-7.51695,14.5834),(11.2419,-19.3147),(54.5042,4.62615)]
triangle[(-14.8087,-6.50018),(20.8748,-20.9984),(47.5699,44.7047)]
triangle[(-7.05171,10.2376),(-10.5258,11.2032),(-11.6318,7.22395)]
triangle[(-6.39645,8.11008),(18.0997,14.3696),(7.09853,57.4222)]
triangle[(-13.5148,0.512393),(-5.50601,6.06609),(-14.7539,19.4021)]
triangle[(-2.74827,-0.891975),(12.6538,20.0683),(-10.7238,37.2467)]
triangle[(16.4551,-3.98094),(-16.4174,-10.9901),(-2.86112,-74.5679)]
triangle[(15.5551,-1.10337),(18.9302,16.7021),(-6.2566,21.4763)]
triangle[(5.15389,16.159),(-7.15116,-0.996489),(14.7518,-16.7068)]
triangle[(16.1212,15.8708),(16.2079,-3.09484),(49.1147,-2.94424)]
triangle[(9.23025,-10.1253),(14.3217,17.4024),(-33.1373,26.1804)]
triangle[(1.30001,12.4808),(-11.0527,0.61778),(9.27317,-20.5471)]
triangle[(10.9222,1.05367),(-14.936,-13.9048),(10.6941,-58.2107)]
triangle[(-7.813,2.20994),(7.71368,12.7982),(-4.68784,30.9839)]
triangle[(-10.6378,2.35332),(-20.6853,0.409621),(-17.7299,-14.868)]
triangle[(-15.0465,-1.44614),(15.6416,12.265),(-1.98067,51.7069)]
triangle[(8.12374,-10.6137),(0.704441,-9.09725),(-1.82448,-21.4697)]
triangle[(-18.5266,-9.15103),(-17.4424,-19.0522),(-7.27224,-17.9386)]
triangle[(8.53816,0.0304217),(-16.9677,12.3975),(-41.2516,-37.6854)]
triangle[(0.339839,-20.6717),(-18.5829,-9.30966),(-33.9362,-34.8796)]
triangle[(16.2219,15.2829),(10.4488,-10.3121),(47.9545,-18.7716)]
triangle[(14.6309,-0.0994313),(18.9028,7.26511),(5.894,14.811)]
triangle[(-20.2733,-19.171),(12.3071,-18.3021),(11.3981,15.7846)]
triangle[(-18.0005,-5.54907),(-3.25806,0.181247),(-13.973,27.7476)]
triangle[(10.3779,-12.9755),(-19.7778,14.1905),(-49.5224,-18.8276)]
triangle[(-6.74405,13.5297),(0.193955,5.26598),(15.7996,18.3681)]
triangle[(8.82469,-3.20492),(0.944396,20.3524),(-37.6891,7.42889)]
triangle[(18.6253,5.8696),(-2.46466,10.4275),(-10.0586,-24.7104)]
triangle[(9.73228,5.86854),(-7.97035,-2.33508),(4.19267,-28.5817)]
triangle[(-20.8555,4.33816),(15.7532,-13.708),(34.5128,24.3479)]
triangle[(1.90829,-12.8964),(-9.07291,0.278817),(-25.4766,-13.3932)]
triangle[(13.3763,15.7336),(9.36336,-2.9147),(29.6709,-7.28467)]
triangle[(15.0061,12.3961),(-10.3119,0.593221),(1.8422,-25.478)]
triangle[(18.7821,-6.55376),(8.87027,-15.6198),(18.2206,-25.8424)]
triangle[(-14.8358,-13.0939),(14.9387,-15.3097),(18.1444,27.7653)]
triangle[(-17.3011,-6.88755),(6.5857,14.5728),(-17.0327,40.8616)]
triangle[(5.16101,2.40485),(-19.08,12.3358),(-32.7792,-21.1033)]
triangle[(7.45373,2.05248),(-20.8479,-10.0043),(-2.59643,-52.8474)]
triangle[(14.3695,1.19091),(18.9548,9.42787),(6.58619,16.3131)]
triangle[(-16.5417,-14.8661),(-10.1058,-20.3086),(0.302064,-8.00102)]
triangle[(-5.90915,-5.00039),(-12.7323,15.2567),(-43.9061,4.75642)]
triangle[(-8.91324,2.80626),(3.81348,-10.6778),(24.9165,9.23996)]
triangle[(7.92901,11.135),(-0.93202,-20.0276),(55.9429,-36.1999)]
triangle[(17.9046,-17.1677),(-9.73781,5.09496),(-32.2742,-22.8874)]
triangle[(-17.8324,6.27212),(-4.69576,-6.73615),(19.2946,17.491)]
triangle[(-16.9615,14.8407),(-7.8104,2.13047),(14.3729,18.102)]
triangle[(13.4867,-10.08),(-13.3796,3.93428),(-31.2288,-30.2838)]
triangle[(6.10147,5.92363),(-2.85699,3.63654),(0.71328,-10.3481)]
triangle[(-11.1291,10.1003),(16.0845,0.0547436),(35.2805,52.057)]
triangle[(4.00839,20.1682),(0.991714,15.8296),(5.4382,12.7379)]
triangle[(10.0854,-14.477),(-10.1544,-18.1293),(-6.31001,-39.4337)]
triangle[(17.3913,11.3406),(5.15938,8.67706),(8.58424,-7.05132)]
triangle[(19.8514,17.2711),(-20.1303,13.8767),(-14.9086,-47.6294)]
triangle[(-6.70528,-6.80223),(-10.9188,-6.08958),(-12.2818,-14.1484)]
triangle[(-6.21455,-11.499),(6.16265,-5.24571),(-3.67163,14.2193)]
triangle[(7.50564,-8.94263),(-18.0519,-19.7224),(-5.73047,-48.9352)]
triangle[(2.15247,2.33442),(-4.23374,9.89854),(-13.9154,1.72453)]
triangle[(4.19092,-4.965),(3.97353,11.1341),(-15.0631,10.8771)]
triangle[(-9.87773,-4.24531),(9.85687,5.75735),(-5.60264,36.258)]
triangle[(-10.2589,-0.102046),(5.72195,4.89694),(-1.26253,27.225)]
triangle[(11.6036,19.7687),(12.9986,5.76911),(32.2185,7.68425)]
triangle[(-20.3122,-11.2653),(-17.6357,-3.95293),(-29.8146,0.504888)]
triangle[(-15.5481,1.61061),(-12.3419,-20.2021),(17.8631,-15.7623)]
triangle[(-13.9558,-13.6363),(-17.0055,11.9338),(-57.996,7.04514)]
triangle[(-0.642627,-15.5802),(9.60954,13.1335),(-41.7871,31.4845)]
triangle[(10.0529,8.53724),(-6.57877,-20.1657),(31.6744,-42.3312)]
triangle[(-20.4961,-11.2519),(-16.4391,16.7095),(-63.6098,23.5536)]
triangle[(-19.8694,0.441092),(6.65673,17.2717),(-24.028,65.6328)]
triangle[(-16.9452,-8.30414),(8.95467,6.06863),(-14.904,49.0622)]
triangle[(16.1177,20.9737),(15.4855,-1.05927),(40.4298,-1.77494)]
triangle[(-4.33982,-1.4602),(-11.1565,-13.3853),(5.35433,-22.8233)]
triangle[(-4.68528,-0.851471),(-15.0972,-1.00265),(-14.8103,-20.7569)]
triangle[(-18.0626,-17.1909),(17.2552,-13.4249),(12.5016,31.1556)]
triangle[(4.78172,-20.5913),(-4.95908,7.84986),(-39.4521,-3.96365)]
triangle[(12.2531,-5.25516),(6.41651,-10.4964),(15.9816,-21.1479)]
triangle[(-6.99007,11.1781),(20.2585,11.4792),(19.8644,47.1428)]
triangle[(-13.4122,18.1998),(17.0223,13.9874),(24.6336,68.98)]
triangle[(-5.82367,18.6833),(-19.561,-2.47803),(13.9709,-24.2461)]
triangle[(-11.4957,18.5798),(1.89998,-7.05497),(51.6647,18.95)]
triangle[(18.5666,-14.9676),(-16.0849,14.0132),(-51.4874,-28.3164)]
triangle[(5.66113,0.320497),(2.3237,-20.9168),(30.6968,-25.3757)]
triangle[(12.4647,17.3949),(3.22263,13.8745),(8.62816,-0.316488)]
triangle[(-14.3076,4.76059),(-15.0697,-2.17854),(-2.49531,-3.55947)]
triangle[(17.4128,10.5148),(20.9768,5.16794),(31.3962,12.113)]
triangle[(10.1768,5.24475),(7.60708,-17.2671),(31.3776,-19.9804)]
triangle[(0.927669,-12.0288),(16.6529,-7.91202),(10.2889,16.3967)]
triangle[(-5.60345,12.3545),(12.4668,-11.7321),(49.2549,15.8671)]
triangle[(-3.59173,12.2725),(13.7338,13.928),(11.8477,33.6669)]
triangle[(16.0553,7.22562),(1.79694,-18.9724),(45.7076,-42.871)]
triangle[(-18.4657,17.4424),(-7.84813,19.4808),(-11.2665,37.2861)]
triangle[(-6.74098,1.21369),(-0.348805,-3.67883),(6.64127,5.45385)]
triangle[(9.90569,7.06376),(-11.8943,-17.8885),(18.6196,-44.5476)]
triangle[(1.19281,6.19907),(-6.89828,-1.79937),(3.56822,-12.3871)]
triangle[(1.71074,0.490361),(8.74651,2.69093),(6.02536,11.3911)]
triangle[(9.46413,4.40788),(14.9196,7.06309),(10.9473,15.2247)]
triangle[(17.7875,19.2722),(-17.535,-13.4735),(25.0596,-59.4199)]
triangle[(-2.98514,11.5517),(7.14013,-5.86741),(28.0429,6.2828)]
triangle[(20.6783,8.35207),(-6.50725,16.5876),(-22.9209,-37.5937)]
triangle[(9.53536,4.68166),(-2.46605,-10.6997),(16.0891,-25.1774)]
triangle[(-4.14762,14.5639),(-7.44748,16.8541),(-10.7873,12.042)]
triangle[(-5.10154,13.9726),(-19.8322,9.88694),(-12.4217,-16.8315)]
triangle[(-4.08157,19.076),(7.37497,9.00551),(19.4684,22.7634)]
triangle[(-7.35894,-4.3345),(7.24657,1.91146),(-0.0843071,19.0539)]
triangle[(9.19505,4.13948),(-2.87851,-10.7977),(15.5599,-25.7013)]
triangle[(-10.3861,-16.6376),(18.5905,-1.13596),(-10.4279,53.107)]
triangle[(-13.6202,3.73488),(-6.66758,20.7378),(-31.2426,30.7867)]
triangle[(9.94821,3.43986),(-11.1193,18.6188),(-31.9678,-10.3179)]
triangle[(0.534509,10.4251),(13.8624,12.6492),(10.9108,30.336)]
triangle[(19.6889,13.0441),(-13.1479,12.2659),(-11.7527,-46.6073)]
triangle[(12.7118,-14.7258),(8.60093,11.2852),(-37.6236,3.97971)]
triangle[(15.3628,17.4152),(-0.494436,13.2357),(4.42539,-5.43049)]
triangle[(20.5569,6.91016),(17.3824,0.447481),(29.1298,-5.32297)]
triangle[(-16.2843,-18.1854),(6.67144,3.42749),(-19.5209,31.2471)]
triangle[(11.1415,8.74659),(10.5134,-11.6738),(48.0603,-12.8287)]
triangle[(-10.0722,12.8514),(4.41132,0.512327),(21.3969,20.4498)]
triangle[(-19.6966,17.9022),(14.0796,-3.66679),(48.9285,50.9051)]
triangle[(-20.1446,-15.1379),(14.6506,-9.3271),(4.44088,51.8088)]
triangle[(3.01012,-6.97107),(6.82545,-6.47018),(6.10679,-0.996137)]
triangle[(-7.3408,20.923),(7.81359,18.6486),(10.9115,39.2907)]
triangle[(15.6863,-5.0235),(17.6241,-0.0801522),(9.12477,3.25149)]
triangle[(-3.50815,-2.46907),(18.8391,-5.46837),(21.9585,17.7737)]
triangle[(5.28794,4.23858),(3.42591,-8.23032),(24.423,-11.3659)]
triangle[(-18.0473,-0.287491),(-7.31071,17.7704),(-25.9702,28.8647)]
triangle[(-15.7647,19.6574),(-10.7022,0.538389),(16.0052,7.61026)]
triangle[(-4.2091,-11.9432),(-3.5185,-9.40602),(-6.16486,-8.68571)]
triangle[(-11.4605,4.71699),(-7.52223,-16.4923),(22.1365,-10.9851)]
triangle[(-3.06081,6.94026),(19.112,-20.5017),(62.6093,14.6438)]
triangle[(9.63015,-6.38715),(-2.49319,-19.0736),(12.3521,-33.26)]
triangle[(-18.8103,-6.20129),(4.16385,17.5673),(-42.1361,62.3198)]
triangle[(4.13468,-16.5537),(-1.85411,-5.74993),(-19.9255,-15.7673)]
triangle[(-0.0110888,1.41637),(8.18275,-18.1468),(46.9176,-1.92305)]
triangle[(6.66085,-16.636),(-4.56946,-3.8374),(-27.6277,-24.0702)]
triangle[(19.1216,13.6281),(18.577,10.0383),(24.5417,9.13336)]
triangle[(-12.191,15.1601),(-13.0755,-17.6797),(45.1725,-19.2485)]
triangle[(8.14038,-17.0059),(-12.933,-10.9284),(-21.8306,-41.78)]
triangle[(-18.8054,-6.7953),(-20.708,-14.1214),(-12.7754,-16.1815)]
triangle[(16.3371,15.5587),(0.0252943,14.0318),(2.30054,-10.2743)]
triangle[(-2.78423,1.90134),(2.99412,7.02592),(-4.73438,15.7404)]
triangle[(14.7669,6.41575),(14.0477,1.96484),(21.6972,0.72877)]
triangle[(2.00479,17.3884),(-5.90154,-0.419888),(27.9595,-15.4532)]
triangle[(4.1726,15.9685),(-12.4217,3.54854),(9.49914,-25.7401)]
triangle[(20.5088,-4.05222),(-4.63429,-0.604974),(-8.69512,-30.2234)]
triangle[(7.43947,-12.6652),(-19.2651,-10.005),(-24.5103,-62.658)]
triangle[(-11.4484,16.6478),(-19.8624,19.2222),(-22.7112,9.9111)]
triangle[(-15.6855,-12.9317),(16.7021,-0.757483),(-3.48603,52.9498)]
triangle[(-10.8314,7.55277),(6.82495,-19.0319),(54.1924,12.4274)]
triangle[(7.58009,16.2698),(5.60119,-3.62333),(30.8707,-6.13705)]
triangle[(10.1172,-8.37245),(-18.0398,20.6131),(-62.3335,-22.4145)]
triangle[(0.601435,-0.806863),(-17.7367,0.389634),(-19.2225,-22.3827)]
triangle[(14.3799,-4.08265),(1.44121,-0.116048),(-6.07051,-24.6186)]
triangle[(-15.2316,-15.548),(-11.5708,9.34285),(-51.8709,15.2699)]
triangle[(6.9587,-1.67685),(-0.648432,-4.27799),(3.98977,-17.8426)]
triangle[(1.53759,19.0407),(1.71827,9.65471),(20.4455,10.0152)]
triangle[(8.63018,-2.76872),(2.83416,-11.6196),(13.9207,-18.8797)]
triangle[(-13.9704,20.9913),(6.15642,0.434412),(41.4357,34.9757)]
triangle[(8.84413,5.32605),(17.8788,2.17691),(21.5564,12.7278)]
triangle[(10.3981,9.96074),(4.80659,-2.76353),(27.3213,-12.6573)]
triangle[(-1.14979,11.3285),(-8.45832,-19.9565),(24.926,-27.7555)]
triangle[(19.3802,19.0688),(17.8681,-10.5516),(76.682,-13.5539)]
triangle[(-7.94541,-1.2571),(6.65351,-4.47039),(11.4506,17.3242)]
triangle[(-4.26325,9.53443),(-0.205129,5.33585),(6.5729,11.8871)]
triangle[(16.8019,-2.52462),(0.66741,13.4708),(-18.6386,-6.00306)]
triangle[(-4.8014,-15.1148),(-2.12367,-19.974),(3.66123,-16.7862)]
triangle[(20.8288,1.3316),(-18.2673,-3.14213),(-11.4591,-62.639)]
triangle[(-9.25364,15.9999),(-2.03699,-3.93717),(31.1494,8.07533)]
triangle[(7.71489,-7.81728),(17.4219,-18.9589),(36.1407,-2.6503)]
triangle[(-8.83304,-5.71699),(18.4244,-0.214296),(11.9165,32.0226)]
triangle[(-1.87623,4.13935),(1.63303,11.9348),(-12.5819,18.3339)]
triangle[(-8.78864,-17.9147),(11.9573,5.08741),(-20.8094,34.6401)]
triangle[(2.23444,9.40224),(-4.01754,-4.19529),(21.3071,-15.8392)]
triangle[(3.15971,8.70785),(-16.5189,20.456),(-35.0306,-10.5517)]
triangle[(8.01083,11.5561),(-7.94172,7.11733),(0.0207536,-21.4992)]
triangle[(-14.8414,8.51143),(9.5759,10.1873),(7.08313,46.5077)]
triangle[(0.430006,10.5726),(2.10859,-9.14107),(33.7176,-6.44962)]
triangle[(-20.9353,1.18058),(-8.06645,-6.38796),(2.22187,11.1054)]
triangle[(-14.7802,17.8928),(12.9635,9.56688),(27.7909,58.9747)]
triangle[(-16.5254,-7.11799),(-16.4505,-20.1885),(-3.18733,-20.1125)]
triangle[(-4.7169,-17.8685),(2.30843,9.31024),(-50.7386,23.0222)]
triangle[(-12.7812,4.33184),(-16.3546,13.3725),(-30.7223,7.69351)]
triangle[(5.66033,-12.9312),(14.2811,15.8895),(-17.9577,25.5327)]
triangle[(2.32343,-9.25169),(7.49842,-7.55024),(4.98111,0.106155)]
triangle[(3.10507,10.6395),(-16.917,-5.8389),(8.20672,-36.3653)]
triangle[(20.5096,-19.598),(-1.39606,-8.01748),(-14.0551,-31.9633)]
triangle[(16.4584,11.4182),(14.2892,-6.44976),(41.6623,-9.77293)]
triangle[(18.8538,2.66219),(-18.5157,14.1932),(-30.7924,-25.5926)]
triangle[(8.85844,7.98693),(-18.7035,9.69593),(-20.7421,-23.1819)]
triangle[(-14.2871,-4.59259),(18.2433,17.715),(-13.036,63.3285)]
triangle[(-0.378455,19.6844),(13.4874,-6.11705),(51.2777,14.1916)]
triangle[(-6.13513,-4.70251),(-17.9087,-7.45502),(-15.1217,-19.3763)]
triangle[(16.7775,1.79232),(-10.4125,15.4401),(-33.2148,-29.9882)]
triangle[(18.4169,-19.1876),(16.5748,10.9579),(-18.2249,8.83139)]
triangle[(6.81579,14.8286),(19.7258,-5.01899),(53.8432,17.1729)]
triangle[(17.5417,-5.96848),(18.1904,0.710748),(9.5016,1.55469)]
triangle[(8.22768,1.81937),(4.38464,-0.736453),(8.09731,-6.31897)]
triangle[(20.0368,-13.4765),(13.4131,8.80768),(-10.8799,1.58691)]
triangle[(15.2668,-7.26315),(-2.23417,-1.23142),(-13.3761,-33.5598)]
triangle[(0.883969,6.45211),(-12.3007,-19.7463),(27.1807,-39.6158)]
triangle[(13.4872,11.5391),(9.86065,20.5748),(-5.22226,14.5212)]
triangle[(14.7673,-16.9422),(12.66,-18.3429),(15.4532,-22.5453)]
triangle[(13.1578,-7.41832),(6.02691,-13.4201),(12.3927,-20.9834)]
triangle[(15.6709,5.27423),(-20.0748,-6.87857),(-1.48032,-61.5716)]
triangle[(18.8609,11.0142),(2.01994,-18.5736),(50.2903,-46.0483)]
triangle[(2.52505,8.15123),(9.95135,3.91654),(15.3702,13.4195)]
triangle[(-8.41053,16.6105),(20.5011,14.6204),(23.3968,56.6874)]
triangle[(-3.33288,4.82892),(-2.96327,-11.2158),(25.3651,-10.5632)]
triangle[(-3.4919,15.9709),(-19.2425,-17.374),(39.3512,-45.0511)]
triangle[(1.38144,0.798735),(18.796,-4.90347),(29.4008,27.4837)]
triangle[(-1.80539,7.67239),(-9.29491,7.64149),(-9.25276,-2.57585)]
triangle[(12.4613,14.4112),(13.4557,-14.3906),(51.7963,-13.0669)]
triangle[(-16.1102,-17.8371),(9.9065,-12.5548),(0.00951678,36.1904)]
triangle[(11.1484,1.81884),(15.9432,19.5713),(-12.2222,27.1785)]
triangle[(0.649391,-20.7573),(10.186,-11.9618),(-6.07419,5.66837)]
triangle[(16.3184,13.7629),(-7.78026,14.347),(-8.85414,-29.9616)]
triangle[(-11.0504,-15.3827),(3.32392,2.44277),(-19.1489,20.5646)]
triangle[(-8.31302,-8.7702),(-3.16227,-4.52005),(-9.70021,3.40326)]
triangle[(3.85937,-9.55098),(-8.61269,-2.42851),(-22.785,-27.2454)]
triangle[(-19.4995,-10.7462),(15.3299,8.91467),(-15.5292,63.5817)]
triangle[(14.194,5.59361),(-16.8303,14.6137),(-32.0173,-37.6218)]
triangle[(-5.49166,12.1639),(-5.05647,-10.493),(18.6383,-10.0379)]
triangle[(1.09244,0.536135),(-7.37059,-9.85614),(5.76743,-20.5552)]
triangle[(6.38109,3.91668),(16.9359,19.4986),(-3.53143,33.3626)]
triangle[(-14.976,15.6938),(-9.35994,-9.52188),(34.9761,0.352613)]
triangle[(-18.302,-8.32406),(-17.9766,7.61909),(-49.7758,8.26809)]
triangle[(17.3958,3.81186),(-14.1777,2.47514),(-11.9484,-50.1821)]
triangle[(1.09648,7.80461),(10.529,19.3046),(-12.2819,38.0145)]
triangle[(-18.6013,5.34109),(18.1307,2.03413),(22.0681,45.7696)]
triangle[(-13.341,14.942),(0.762007,11.2346),(4.63549,25.9696)]
triangle[(-1.57498,-13.203),(-18.1055,17.8118),(-52.0135,-0.260694)]
triangle[(14.1351,-11.1618),(4.28939,20.2408),(-49.5992,3.345)]
triangle[(-8.6085,17.9165),(5.73589,-7.66168),(50.1504,17.2463)]
triangle[(17.3102,16.7362),(-0.946932,-20.5291),(54.3198,-47.6055)]
triangle[(-1.7378,-17.8928),(-13.7886,6.79765),(-56.0454,-13.8268)]
triangle[(20.156,20.5885),(20.4468,7.95076),(34.8385,8.28189)]
triangle[(-15.5265,-8.38283),(-3.44735,-15.7579),(6.39945,0.369543)]
triangle[(-17.3875,7.87689),(-8.01553,1.23029),(3.88237,18.0068)]
triangle[(5.12583,-6.61112),(0.767567,-20.3899),(21.6812,-27.0049)]
triangle[(20.5967,-18.5343),(-11.8253,-3.52047),(-40.4588,-65.3538)]
triangle[(8.84138,4.10079),(14.4895,15.1564),(-6.49861,25.8788)]
triangle[(-6.77712,-1.26021),(-17.3522,-6.11854),(-10.1923,-21.7035)]
triangle[(-18.6644,8.70756),(-8.34199,3.40514),(1.97797,23.4954)]
triangle[(15.7319,11.3157),(14.3634,-1.23116),(32.9197,-3.25518)]
triangle[(20.2342,10.1968),(4.54527,-3.67111),(27.1912,-29.2908)]
triangle[(16.0676,18.4983),(-18.1637,-12.0443),(19.0794,-53.7854)]
triangle[(-16.7718,-18.413),(-6.06229,-14.9262),(-12.9611,6.26311)]
triangle[(18.0368,-12.1216),(18.5409,-15.899),(25.4655,-14.9749)]
triangle[(-13.9234,-8.89628),(-2.27576,-8.96605),(-2.19737,4.12053)]
triangle[(-20.0094,12.1126),(12.114,-20.4649),(72.1297,38.7142)]
triangle[(18.4502,-6.58898),(6.07256,1.13768),(-6.44226,-18.9102)]
triangle[(-1.20653,-14.6245),(-9.85177,-8.24314),(-17.7293,-18.9153)]
triangle[(2.35845,20.0034),(5.65744,1.58682),(33.7157,6.61294)]
triangle[(-17.2299,-0.388902),(5.84462,17.9868),(-23.7778,55.1838)]
triangle[(-11.5222,14.3448),(5.37893,-0.760675),(23.3851,19.3859)]
triangle[(13.7015,-5.02342),(-19.2244,-3.9028),(-20.5254,-42.1273)]
triangle[(14.9171,10.5638),(-14.9895,-0.396286),(5.99827,-57.6653)]
triangle[(13.7194,0.525302),(-18.0024,-5.74757),(-9.6827,-47.8198)]
triangle[(-4.038,-3.41736),(0.612789,-8.53525),(7.60706,-2.17932)]
triangle[(14.9666,7.79793),(0.902813,15.2888),(-14.0248,-12.7375)]
triangle[(-16.0534,20.6247),(6.84893,-1.11423),(48.0816,42.3251)]
triangle[(-3.02148,-17.6598),(-14.6079,-14.7909),(-18.8708,-32.007)]
triangle[(-13.9631,2.95034),(16.0933,8.98621),(4.11815,68.6179)]
triangle[(9.22636,20.452),(1.95324,-6.08151),(47.3161,-18.5159)]
triangle[(-14.8275,9.89235),(-15.8961,-11.9035),(21.4012,-13.7321)]
triangle[(-10.8752,8.41011),(17.8479,-15.7382),(56.2349,29.921)]
triangle[(-1.4027,15.6931),(1.04754,-11.4683),(49.0293,-7.13983)]
triangle[(18.5002,9.47513),(-8.52741,1.64764),(4.78274,-44.3112)]
triangle[(-7.8217,13.1132),(9.91892,-11.1212),(36.8759,8.61252)]
triangle[(-14.238,20.1223),(-1.65258,1.5681),(26.2735,20.5105)]
triangle[(-11.4168,-19.1282),(0.448389,14.9406),(-64.0064,37.3884)]
triangle[(3.51401,-12.8915),(20.3721,18.3701),(-28.5674,44.7611)]
triangle[(0.00928427,15.5055),(-19.5951,-11.5575),(13.1289,-35.2626)]
triangle[(-19.6569,17.0391),(10.2427,10.2324),(23.2423,67.3355)]
triangle[(8.90373,9.14218),(-1.10752,-15.8142),(28.779,-27.8032)]
triangle[(-19.4173,-3.67424),(-4.07255,9.81134),(-24.3008,32.8283)]
triangle[(4.32808,18.381),(17.8543,-10.4228),(54.244,6.6657)]
triangle[(3.21646,11.9713),(-14.1282,9.08724),(-8.75052,-23.254)]
triangle[(-20.0671,-7.74373),(-8.94535,-3.3971),(-17.0209,17.2659)]
triangle[(19.3355,13.0687),(-11.1387,-7.98901),(18.1935,-50.4381)]
triangle[(7.79067,-10.0744),(-1.66923,-5.43147),(-9.52732,-21.4422)]
triangle[(2.51285,7.96324),(-3.53522,-7.16559),(18.196,-15.8531)]
triangle[(-13.2024,12.0943),(-19.5931,1.72534),(-4.41021,-7.63238)]
triangle[(10.3551,15.8953),(18.2762,-19.09),(83.9781,-4.21439)]
triangle[(-12.9907,-5.16924),(-5.78894,13.1812),(-27.4075,21.6655)]
triangle[(-6.20921,4.40349),(-12.5241,12.1232),(-23.8394,2.86714)]
triangle[(-14.9481,-16.7283),(4.2901,14.3436),(-52.7318,49.6489)]
triangle[(20.4107,19.1024),(-6.72052,-13.6128),(58.359,-67.5841)]
triangle[(-13.2967,-13.4631),(-18.1437,15.8566),(-73.1231,6.7678)]
triangle[(17.0631,3.40556),(-6.05967,-9.53231),(11.2225,-40.4193)]
triangle[(6.23686,-15.1412),(-15.9428,-13.9414),(-17.4578,-41.9457)]
triangle[(-12.4681,2.79187),(0.854297,1.90075),(1.92776,17.9493)]
triangle[(0.372279,-5.48813),(11.5781,18.4564),(-13.2664,30.0833)]
triangle[(-13.9331,-2.06921),(16.2211,-2.91667),(17.3297,36.5326)]
triangle[(15.3118,-19.5839),(-11.9274,18.969),(-65.0778,-18.5839)]
triangle[(-11.1351,-12.0788),(-7.24284,-9.79018),(-10.6847,-3.93659)]
triangle[(10.4351,14.3521),(-13.2086,-9.65931),(26.6337,-48.8913)]
triangle[(-0.409897,-9.63893),(-18.6149,-6.96915),(-22.4049,-32.8132)]
triangle[(-8.42634,15.3819),(8.46429,15.1696),(8.86926,47.3971)]
triangle[(19.8947,-17.2176),(-18.2789,17.4049),(-54.3643,-22.3816)]
triangle[(-5.81784,18.1307),(15.0028,-17.4825),(68.0841,13.5506)]
triangle[(-1.33524,-14.8187),(-14.2291,13.8806),(-43.8785,0.559789)]
triangle[(3.15812,9.2361),(13.763,9.1798),(13.8591,27.2818)]
triangle[(1.94251,10.2371),(0.463797,-1.8815),(16.8624,-3.88247)]
triangle[(-13.8573,-8.70525),(0.0627832,-3.67346),(-9.10748,21.6954)]
triangle[(19.7752,12.6212),(19.1106,2.1737),(33.3897,1.2654)]
triangle[(-17.9263,11.2153),(-19.2943,-17.4293),(18.0823,-19.2144)]
triangle[(-2.66811,-4.26248),(1.11872,2.45334),(-7.64697,7.39603)]
triangle[(13.0629,-12.9365),(-7.20505,-2.11626),(-27.0077,-39.2096)]
triangle[(-1.28866,2.889),(15.3029,-18.2822),(54.6112,12.5232)]
triangle[(7.31231,8.32443),(2.57376,16.049),(-11.9815,7.12016)]
triangle[(2.37283,-2.88667),(-1.38911,-14.6469),(19.708,-21.3956)]
triangle[(13.3215,7.33328),(-17.681,3.98476),(-12.8817,-40.4495)]
triangle[(18.9768,-14.246),(1.62946,17.7391),(-37.1502,-3.29317)]
triangle[(0.602456,9.50867),(-0.237926,-1.54597),(12.6185,-2.52333)]
triangle[(13.9415,9.60379),(9.11676,12.2989),(4.1185,3.3513)]
triangle[(-8.19945,19.6134),(19.5752,-8.04004),(74.8183,47.4452)]
triangle[(-7.03196,5.49012),(14.4541,-14.7731),(50.0497,22.9707)]
triangle[(8.20265,13.2948),(-20.3349,-20.0234),(45.5671,-76.4695)]
triangle[(17.9351,-12.6761),(13.7822,-4.33389),(2.30663,-10.0467)]
triangle[(1.41681,6.83511),(18.9674,0.12388),(27.9221,23.5414)]
triangle[(0.778539,4.58092),(16.9436,3.8044),(17.9554,24.868)]
triangle[(20.0752,7.99039),(-8.06423,-19.1618),(23.349,-51.7172)]
triangle[(-9.62808,-5.70625),(16.1689,18.9842),(-21.9814,58.8442)]
triangle[(12.234,-10.1046),(-8.12731,-12.4017),(-3.79165,-50.8311)]
triangle[(-2.08994,2.97512),(0.672268,-0.338954),(5.02444,3.28848)]
triangle[(6.63486,-6.41986),(13.3501,14.9976),(-19.9977,25.4534)]
triangle[(-11.4683,7.73546),(-20.6454,16.7668),(-35.4816,1.69121)]
triangle[(-16.0129,13.1038),(-13.3033,11.6481),(-11.3015,15.3741)]
triangle[(11.8909,-16.1919),(-4.73635,8.996),(-48.4606,-19.8677)]
triangle[(9.91851,11.237),(-13.9555,-8.9037),(12.0813,-39.7667)]
triangle[(-13.4888,-2.36994),(-16.2875,-11.5085),(-3.34968,-15.4709)]
triangle[(-14.2998,-11.8768),(-7.66547,7.94959),(-38.1768,18.1592)]
triangle[(-10.4303,-17.4478),(0.491931,17.0418),(-43.4721,30.9644)]
triangle[(15.3217,12.3322),(2.47133,-9.79967),(38.5596,-30.7534)]
triangle[(-18.8811,4.3209),(-13.4621,6.91412),(-17.643,15.6508)]
triangle[(-0.625924,17.8375),(-12.3998,-14.5272),(44.9016,-35.3727)]
triangle[(9.6428,-16.779),(-5.13317,-11.24),(-15.6963,-39.4189)]
triangle[(-17.2111,19.8621),(19.0438,-12.3936),(81.7939,58.1362)]
triangle[(-10.7277,6.24587),(-6.4382,9.49976),(-10.1717,14.4214)]
triangle[(6.95381,0.580493),(-11.0364,-2.46387),(-5.84429,-33.1462)]
triangle[(2.24528,20.6397),(14.9692,4.92394),(35.4377,21.4958)]
triangle[(15.7961,-12.2931),(11.1512,-20.2734),(19.8302,-25.3251)]
triangle[(-12.7622,-20.6595),(4.88581,9.12913),(-46.4368,39.5348)]
triangle[(-16.7388,-4.75433),(6.43349,8.40261),(-14.3051,44.9278)]
triangle[(4.38244,9.19824),(7.60775,-1.24064),(24.7518,4.05636)]
triangle[(-10.9194,-1.67558),(-20.9288,-1.34225),(-21.302,-12.5474)]
triangle[(-8.7613,-16.0309),(-12.499,19.6587),(-49.5471,15.7787)]
triangle[(1.69045,10.2575),(10.6037,3.2661),(22.5622,18.5117)]
triangle[(-1.58724,-2.13691),(-7.67109,-14.1386),(15.9218,-26.0982)]
triangle[(-6.14655,-12.2919),(-12.5294,-10.2235),(-14.8881,-17.5022)]
triangle[(16.1615,10.9131),(-14.4865,-15.853),(19.4934,-54.7611)]
triangle[(8.49813,-9.34135),(15.8621,-19.3033),(28.4371,-10.0077)]
triangle[(-5.78388,13.4544),(19.0042,8.61821),(26.7935,48.5419)]
triangle[(8.52114,19.0888),(-12.2056,4.56222),(6.34227,-21.9022)]
triangle[(-5.43558,-7.64893),(14.4249,-10.5136),(18.3595,16.7643)]
triangle[(18.8148,4.01455),(-17.075,-9.33997),(7.85864,-76.3483)]
triangle[(-11.0917,-14.559),(-18.2732,17.7443),(-67.2241,6.86176)]
triangle[(-17.584,-17.3104),(-16.697,-11.997),(-22.6565,-11.0022)]
triangle[(-10.0836,-15.7341),(-12.5037,19.3017),(-78.3245,14.755)]
triangle[(7.34031,11.3833),(-2.04316,-15.8897),(34.8588,-28.5861)]
triangle[(-14.3094,4.96285),(18.5935,2.58968),(21.4289,41.9005)]
triangle[(-19.0459,17.8759),(14.4181,-12.4908),(55.8549,33.1724)]
triangle[(-16.3125,18.8097),(17.3669,17.8542),(18.3494,52.4846)]
triangle[(0.216637,-13.4162),(-20.8735,19.7223),(-78.6169,-17.027)]
triangle[(12.7879,2.68118),(1.74073,-14.5496),(29.1052,-32.0938)]
triangle[(1.08163,-6.67313),(4.18083,12.6311),(-18.878,16.3331)]
triangle[(20.9397,-6.95797),(-7.97912,6.82471),(-27.2079,-33.5211)]
triangle[(-8.29774,17.657),(-12.2183,11.7654),(-2.60793,5.37016)]
triangle[(-16.6972,-0.50789),(5.3912,-19.125),(25.1248,4.28806)]
triangle[(-20.1551,-6.54305),(3.58641,14.1022),(-37.6583,61.5325)]
triangle[(0.974796,-11.8496),(-18.2012,4.17236),(-35.7263,-16.8027)]
triangle[(-15.8054,-10.6531),(-20.9352,-11.0444),(-20.3181,-19.1352)]
triangle[(13.2196,19.3256),(-17.5114,6.90736),(4.53822,-47.658)]
triangle[(-7.72666,4.67617),(-15.9513,3.14094),(-13.5721,-9.60507)]
triangle[(15.4701,18.9305),(0.0523442,3.86249),(22.3522,-18.9551)]
triangle[(5.43054,-19.2185),(16.0875,20.3909),(-37.9581,34.9319)]
triangle[(-1.00003,13.8326),(9.6166,-4.08649),(29.3999,7.63463)]
triangle[(-17.0637,1.5418),(-10.8323,-8.15057),(7.88548,3.88343)]
triangle[(-0.84476,-18.0823),(-6.23294,-8.22591),(-17.4673,-14.3674)]
triangle[(-17.2809,4.20336),(1.29956,13.6169),(-10.289,36.4904)]
triangle[(12.1738,-18.2856),(-16.4138,11.2962),(-68.9457,-39.4701)]
triangle[(1.04914,-4.80077),(4.32747,10.2139),(-11.8734,13.7512)]
triangle[(-20.9863,-14.7857),(-7.50219,-7.38413),(-19.8067,15.0321)]
triangle[(5.64287,4.4096),(2.74975,-3.37154),(13.0268,-7.19265)]
triangle[(-1.14621,-18.625),(19.1811,8.23557),(-8.6923,29.3294)]
triangle[(12.1816,-14.488),(19.3034,4.084),(-2.25691,12.3518)]
triangle[(-8.67563,20.7871),(16.5204,12.0265),(28.0076,45.0643)]
triangle[(-9.00473,-9.28101),(14.547,-11.9116),(18.4657,23.1731)]
triangle[(10.3198,-0.592407),(5.26233,10.101),(-10.6607,2.57009)]
triangle[(-18.0921,-9.75353),(-11.1978,-20.1159),(0.940775,-12.04)]
triangle[(4.38527,-5.32644),(1.16597,-15.8619),(18.6037,-21.1903)]
triangle[(7.63393,-7.76608),(7.53647,-11.3444),(11.7485,-11.4591)]
triangle[(13.0197,1.02795),(-11.5975,-20.1924),(14.2715,-50.2025)]
triangle[(3.55856,7.23202),(0.172691,20.1523),(-23.5152,13.9447)]
triangle[(7.7529,-2.21113),(11.6537,4.07924),(4.63738,8.43013)]
triangle[(11.3216,-20.5782),(-14.406,-19.6069),(-15.9308,-59.9956)]
triangle[(8.36745,-12.1121),(-13.8202,9.63892),(-37.0195,-14.0261)]
triangle[(15.1147,-10.9896),(-20.9936,15.4934),(-67.4783,-47.8863)]
triangle[(17.9378,-19.996),(5.84283,-0.0269498),(-29.2072,-21.2562)]
triangle[(8.12867,-16.4183),(17.3954,1.86714),(-15.0733,18.3217)]
triangle[(-19.6617,-17.3694),(8.86946,-16.64),(7.76312,26.6322)]
triangle[(8.10361,20.3743),(-14.5459,-10.1189),(45.5358,-54.7459)]
triangle[(-7.45821,-19.7451),(-0.630688,4.53416),(-37.0225,14.7678)]
triangle[(-13.8473,-8.52285),(17.1134,-10.1777),(19.5558,35.519)]
triangle[(0.327136,13.4975),(20.6728,-8.00122),(61.1811,30.3345)]
triangle[(1.17233,5.63427),(10.3126,-10.0298),(28.7615,0.735405)]
triangle[(-17.8687,-1.54252),(-8.44851,13.77),(-32.7911,28.7454)]
triangle[(20.0507,-14.0006),(6.10376,-0.976089),(-12.4273,-20.8195)]
triangle[(5.28761,7.2417),(17.6407,-19.1848),(52.4407,-2.91754)]
triangle[(6.14268,13.5529),(11.136,3.54494),(26.4772,11.1992)]
triangle[(-7.32699,0.695521),(1.21727,0.648483),(1.27151,10.5016)]
triangle[(6.80606,-6.35359),(-19.3572,0.5022),(-30.932,-43.6698)]
triangle[(-0.145903,-0.542937),(13.9108,6.19467),(6.82801,20.9716)]
triangle[(20.8489,9.90643),(13.456,-13.8833),(39.3353,-21.9255)]
triangle[(9.23737,18.3176),(-9.62389,-9.64186),(30.5309,-36.73)]
triangle[(11.323,-10.3032),(-3.63981,19.5038),(-51.7637,-4.65389)]
triangle[(-9.97921,0.102168),(-13.2329,17.1857),(-46.4467,10.8598)]
triangle[(19.0447,-20.5412),(-8.59956,16.2863),(-50.5614,-15.2121)]
triangle[(-12.7107,-4.15151),(-13.5494,17.5511),(-45.8736,16.3019)]
triangle[(-5.68454,-20.2295),(-2.51258,-10.4475),(-15.6813,-6.17732)]
triangle[(-11.2915,18.5123),(4.92804,-0.694871),(36.2093,25.7206)]
triangle[(-2.68603,-16.1451),(-8.17968,18.0112),(-43.8605,12.2723)]
triangle[(-9.15738,4.66687),(-0.691861,-17.4953),(31.2936,-5.27739)]
triangle[(-10.5788,6.65112),(11.4946,-6.68669),(26.6625,18.4154)]
triangle[(6.261,-9.21589),(0.203861,16.1414),(-25.338,10.0402)]
triangle[(-14.3303,13.6707),(11.7777,20.5256),(-0.0301371,65.4971)]
triangle[(-0.110002,4.9184),(8.30659,-4.55152),(19.1207,5.05974)]
triangle[(4.9977,0.661595),(-7.45483,0.3168),(-7.00331,-15.9903)]
triangle[(-17.8797,-4.779),(4.41109,-10.8116),(14.6836,27.146)]
triangle[(-0.359888,6.69578),(18.1739,-17.1789),(43.5173,2.49505)]
triangle[(-4.81533,13.8862),(-6.57076,-13.174),(44.6547,-16.4971)]
triangle[(-13.9147,-12.9467),(7.81589,13.8287),(-26.6645,41.8126)]
triangle[(-1.31823,15.9612),(17.2216,-13.2916),(71.9916,21.4204)]
triangle[(-8.5234,15.003),(17.2391,-20.3071),(63.5455,13.4784)]
triangle[(13.8026,6.07658),(9.31135,5.70233),(9.87874,-1.10654)]
triangle[(-6.23811,5.15659),(-10.2308,-18.6672),(15.9517,-23.0552)]
triangle[(16.8175,18.3165),(12.735,7.00925),(32.7013,-0.199488)]
triangle[(-9.67994,2.21589),(-5.21759,-3.87483),(5.33117,3.85369)]
triangle[(-11.1344,6.78553),(-3.38558,-0.886983),(9.7769,12.4063)]
triangle[(0.600337,-9.8809),(-19.0767,-7.13377),(-23.3767,-37.9331)]
triangle[(1.26545,2.59685),(-20.9265,-3.13383),(-10.6425,-42.9583)]
triangle[(-9.13285,3.25353),(13.6103,-12.1732),(31.3159,13.9297)]
triangle[(14.1799,-9.06749),(-8.34092,4.66328),(-28.4231,-28.2749)]
triangle[(-17.7651,-3.95709),(7.47153,15.5931),(-19.5881,50.5234)]
triangle[(18.1978,-6.29545),(-19.0456,-13.6843),(-5.707,-80.9171)]
triangle[(8.04995,-15.5522),(-7.24105,4.15863),(-44.2736,-24.5699)]
triangle[(-13.6507,9.57777),(-6.188,-12.2776),(36.5134,2.30323)]
triangle[(-14.0127,20.1024),(4.97224,-14.1895),(52.7737,12.2748)]
triangle[(17.3994,17.8646),(-10.6804,-17.6452),(27.4894,-47.8285)]
triangle[(15.1898,10.5893),(-4.56077,-9.90191),(29.8307,-43.0503)]
triangle[(5.11315,12.7501),(2.67069,8.8247),(9.54154,4.54951)]
triangle[(0.683974,-17.0404),(-12.0016,-1.96155),(-33.4271,-19.9864)]
triangle[(-3.95392,-4.79444),(2.22231,12.4975),(-18.1735,19.7824)]
triangle[(-11.5956,-19.2068),(8.49462,18.8964),(-45.8998,47.5762)]
triangle[(7.31932,-10.0189),(8.12553,1.99235),(-11.6847,3.32203)]
triangle[(12.2815,11.0815),(-20.571,-1.14409),(-8.05178,-34.7858)]
triangle[(13.1461,15.5737),(8.82353,2.89423),(34.0713,-5.71299)]
triangle[(16.4569,10.726),(-18.7073,4.33001),(-9.77045,-44.8038)]
triangle[(-4.50502,-8.59809),(13.1395,19.8859),(-21.0486,41.0638)]
triangle[(-19.8903,-12.0009),(-0.999252,-8.28878),(-5.47861,14.5069)]
triangle[(-15.3535,-17.2176),(7.01593,-4.37379),(-6.1653,18.5833)]
triangle[(17.5814,-14.1009),(11.5334,4.5156),(-10.036,-2.49169)]
triangle[(-19.7326,-19.8804),(-8.58396,10.5989),(-54.2696,27.3097)]
triangle[(-7.92634,17.0865),(-1.33786,-13.294),(49.3383,-2.30407)]
triangle[(11.0971,-3.63457),(-11.037,-2.09251),(-13.5957,-38.8186)]
triangle[(10.6548,-14.6679),(-5.21163,-0.809091),(-32.6173,-32.1848)]
triangle[(-0.0106279,-11.6886),(11.9778,14.3287),(-25.15,31.4367)]
triangle[(8.26075,-14.67),(-17.5145,12.3349),(-50.1739,-18.8373)]
triangle[(-17.1106,5.18466),(7.48897,13.2573),(-2.69789,44.2995)]
triangle[(11.176,-18.5741),(7.97768,17.5809),(-49.3932,12.5057)]
triangle[(16.783,16.4889),(-20.0625,-17.5294),(33.9414,-76.0213)]
triangle[(-17.3449,-17.3355),(-13.161,17.0501),(-59.691,22.7117)]
triangle[(-17.331,19.0033),(0.498151,-4.42379),(38.2336,24.2948)]
triangle[(-7.11202,14.9095),(7.53097,-7.00775),(45.6056,18.4301)]
triangle[(9.31295,16.2889),(-9.08707,9.97184),(-2.43898,-9.39225)]
triangle[(10.5818,-4.70572),(6.47978,-19.0904),(22.2977,-23.6012)]
triangle[(-5.31453,-6.17441),(-0.143333,5.46447),(-19.6582,14.135)]
triangle[(7.23704,17.6332),(4.97314,-14.7393),(58.9523,-18.5142)]
