triangle[(11.5104,-17.5582),(-5.63724,-7.33905),(-18.1006,-28.2524)]
triangle[(-5.22012,-13.6266),(-7.44921,-1.02163),(-22.7508,-3.7276)]
triangle[(-6.62772,-15.8951),(10.5701,13.3897),(-23.3622,33.3168)]
triangle[(7.72628,6.53037),(8.05351,-17.5688),(49.6768,-17.0036)]
triangle[(4.18151,16.623),(-8.64428,-17.417),(31.3866,-32.5001)]
triangle[(-7.52706,14.5914),(4.43989,-16.9278),(55.4106,2.42437)]
triangle[(3.40432,4.80594),(5.45387,0.997909),(12.5593,4.82218)]
triangle[(13.8639,9.20955),(3.82077,-19.4419),(54.3176,-37.1425)]
triangle[(15.6377,-19.3444),(-12.8692,-16.7117),(-15.5639,-45.8901)]
triangle[(14.148,-10.763),(8.57984,-10.7071),(18.5046,-18.2022)]
