triangle[(6.86254,-13.3263),(17.0579,12.3724),(-28.874,30.5949)]
triangle[(1.96874,15.1471),(19.1044,18.2172),(13.2769,50.7434)]
triangle[(-3.31934,8.64405),(-5.61305,0.84082),(9.26135,-3.53142)]
triangle[(-0.141641,12.8389),(17.67,16.6718),(13.7964,34.6722)]
triangle[(20.4345,-15.4879),(20.3587,19.9535),(-48.6107,19.806)]
triangle[(-7.56774,-0.728449),(2.39687,-19.6497),(27.8195,-6.26117)]
triangle[(11.1555,-15.6061),(1.73977,-10.2844),(-3.91178,-20.2838)]
triangle[(6.39986,-10.4973),(14.9497,-14.2464),(19.7725,-3.24782)]
triangle[(-20.9427,-19.4139),(4.85633,19.5147),(-65.8127,66.349)]
triangle[(-0.194229,7.9245),(-20.9124,4.46289),(-16.8363,-19.9331)]
