triangle[(-18.2503,0.679556),(5.40535,-5.88015),(12.6592,20.2787)]
triangle[(5.60299,13.5877),(15.2591,19.1163),(8.44904,31.0105)]
triangle[(-12.0491,-19.7251),(16.564,4.66827),(-18.2589,45.5152)]
triangle[(8.87896,5.34738),(-18.4936,12.2669),(-30.488,-35.1806)]
triangle[(13.2467,-6.54905),(1.34571,-12.5756),(8.82222,-27.3399)]
triangle[(15.8183,1.31651),(4.58683,-13.4733),(30.5856,-33.2169)]
triangle[(9.22713,14.036),(2.73499,10.3492),(9.10498,-0.86791)]
triangle[(-1.1995,20.7014),(-9.5323,14.6758),(1.99314,-1.26267)]
triangle[(3.31482,-12.1488),(-18.7541,-10.8),(-21.2511,-51.6573)]
triangle[(8.99357,16.438),(-15.4281,9.68627),(-8.11384,-16.7698)]
