triangle[(-2.95516,12.3996),(-4.35106,14.9881),(-8.44709,12.7791)]
triangle[(-9.59735,-7.23835),(-8.59119,4.99255),(-21.6124,6.06373)]
triangle[(-5.91297,5.95915),(16.8103,-12.6805),(36.0317,10.7519)]
triangle[(14.0648,15.9504),(2.62731,-15.7268),(61.591,-37.0166)]
triangle[(16.0383,0.70403),(1.80315,19.7268),(-26.8723,-1.7317)]
triangle[(6.5332,-10.4047),(3.73726,5.56716),(-14.9902,2.28884)]
triangle[(10.6736,7.29771),(-20.4238,2.6207),(-14.7761,-34.9308)]
triangle[(0.693022,-6.6373),(9.88384,-17.876),(25.1337,-5.40485)]
triangle[(17.7727,4.95478),(16.3972,8.64797),(10.3209,6.38504)]
triangle[(17.4785,0.420961),(-18.8637,8.3492),(-31.0297,-47.4184)]
