triangle[(-4.73292,-9.41053),(1.41511,14.4947),(-25.533,21.4253)]
triangle[(20.119,15.9855),(-8.66698,6.36676),(3.60526,-30.3603)]
triangle[(15.8121,-10.0225),(12.0104,19.3447),(-17.4354,15.5329)]
triangle[(-12.9933,8.98115),(-0.109731,-0.222351),(16.3788,22.8592)]
triangle[(-2.36684,6.98115),(3.05556,12.4568),(-7.37137,22.7823)]
triangle[(-14.8126,15.7725),(-5.4018,-5.0034),(28.6172,10.4061)]
triangle[(0.741248,16.9273),(-17.9411,11.2092),(-6.5967,-25.8561)]
triangle[(14.1696,-18.8213),(11.2799,-9.48212),(1.4889,-12.5116)]
triangle[(-5.16558,16.5395),(-3.70499,-2.83213),(19.9571,-1.04805)]
triangle[(12.114,1.83713),(15.1452,20.5994),(-8.92752,24.4884)]
