triangle[(-8.28312,16.286),(-12.3686,1.5527),(15.4082,-6.14964)]
triangle[(-6.71781,5.20829),(11.3473,-17.7419),(34.491,0.475578)]
triangle[(-3.97725,-4.43781),(14.9783,-19.4929),(37.6252,9.02143)]
triangle[(20.0877,-15.5068),(-12.2607,-7.71799),(-23.1154,-52.7994)]
triangle[(-17.4538,-7.18535),(9.65215,-13.9471),(22.1934,36.327)]
triangle[(11.0081,14.7488),(10.0583,11.9822),(14.1557,10.5754)]
triangle[(0.483227,12.6339),(-12.0079,8.95147),(-4.93237,-15.0493)]
triangle[(4.70359,15.3135),(14.0273,-8.979),(59.3042,8.39881)]
triangle[(20.2744,7.85337),(12.1572,-20.2651),(42.0462,-28.8934)]
triangle[(-13.31,-1.96287),(11.6382,1.24141),(5.56353,48.5379)]
