triangle[(7.18295,-9.60406),(-20.287,-20.0499),(-8.2244,-51.7716)]
triangle[(18.7706,-12.522),(-10.771,10.5431),(-39.8101,-26.6498)]
triangle[(17.1451,8.88896),(8.87998,4.27083),(14.8573,-6.42679)]
triangle[(10.3767,17.5356),(9.91223,2.87637),(30.4257,2.2264)]
triangle[(14.2376,12.2262),(-2.81622,-15.6152),(29.6862,-35.5241)]
triangle[(-6.89301,-2.08308),(10.8843,-6.2538),(18.8,27.4861)]
triangle[(-17.2719,4.68188),(11.9743,3.62496),(13.0431,33.2025)]
triangle[(18.6041,19.7483),(-1.25086,-6.73343),(39.2771,-37.1197)]
triangle[(6.45271,-7.87006),(-10.4791,-18.8711),(1.68911,-37.5992)]
triangle[(16.4455,0.282992),(12.6217,20.5798),(-8.94875,16.516)]
