triangle[(-16.4742,12.4654),(-18.942,11.5608),(-17.8273,8.51959)]
triangle[(-13.3171,12.3602),(14.9595,-15.1927),(56.5399,27.4798)]
triangle[(17.2475,-15.0638),(15.025,-8.6393),(5.73428,-11.8533)]
triangle[(-6.32549,9.05105),(-16.5776,-20.1159),(27.6086,-35.6472)]
triangle[(-1.08267,12.3769),(19.8636,-15.1484),(63.0373,17.7059)]
triangle[(-5.03337,-8.51915),(-0.383781,-13.5145),(6.07165,-7.50579)]
triangle[(8.22344,-5.27189),(-0.735523,-3.49573),(-3.39547,-16.9126)]
triangle[(3.93311,-2.42245),(7.70466,10.1453),(-12.3344,16.159)]
triangle[(17.7559,-1.80311),(-0.635742,-1.85483),(-0.577596,-22.5305)]
triangle[(-0.741212,11.9359),(-15.2601,-12.0619),(21.2508,-34.1514)]
