triangle[(14.8651,-2.82164),(3.85665,-20.7967),(23.4686,-32.8075)]
triangle[(20.8445,0.0284975),(-6.04347,-15.708),(9.80577,-42.7886)]
triangle[(-5.61422,-2.38679),(9.22042,12.4963),(-8.76814,30.4263)]
triangle[(-0.962218,-4.62782),(2.31663,-1.31751),(-4.29335,5.22964)]
triangle[(-18.0813,10.8119),(12.9922,9.84497),(14.4014,55.1307)]
triangle[(-8.29871,-16.6987),(5.68956,16.3944),(-48.1722,39.1615)]
triangle[(0.270937,9.345),(-6.31966,19.7447),(-22.5372,9.46712)]
triangle[(-15.1044,-4.70394),(-19.7176,13.6438),(-51.2178,5.7237)]
triangle[(-7.92263,12.5212),(1.13225,19.1057),(-11.9884,37.1489)]
triangle[(-19.0209,1.62734),(-17.8957,-10.7349),(-4.0231,-9.47229)]
