triangle[(9.53291,12.5903),(14.0696,-0.886514),(32.7736,5.40978)]
triangle[(16.4515,-10.8168),(-1.61963,2.16475),(-27.4564,-33.8017)]
triangle[(-5.90871,-11.2157),(-6.93758,19.436),(-54.9733,17.8236)]
triangle[(3.54553,16.2559),(17.3715,-11.8042),(72.9244,15.5682)]
triangle[(-5.23328,14.8114),(2.1207,6.11104),(16.295,18.0919)]
triangle[(-13.3354,15.5085),(20.5837,10.1796),(29.4894,66.866)]
triangle[(3.25804,-5.66907),(-3.09476,-4.74574),(-4.57757,-14.948)]
triangle[(18.2885,-4.13987),(17.924,0.866083),(12.1045,0.442296)]
triangle[(1.4125,16.0995),(4.77358,10.733),(14.582,16.8762)]
triangle[(-11.4009,-4.37768),(4.56496,-19.9999),(24.4084,0.279944)]
triangle[(-10.371,19.0598),(-11.8454,8.5657),(2.38765,6.56593)]
triangle[(17.5783,-19.884),(15.2695,-5.43099),(-7.07322,-9.00021)]
triangle[(-7.10921,-2.43201),(16.7417,12.2177),(-9.09399,54.2802)]
triangle[(11.2759,9.42593),(15.8956,18.375),(-1.6993,27.4578)]
triangle[(-10.8802,-1.30015),(-11.3116,-16.5175),(10.6599,-17.1404)]
triangle[(8.94898,19.3693),(-12.5512,-2.90648),(28.6746,-42.6969)]
triangle[(15.1371,-16.321),(19.5009,-15.5264),(18.0636,-7.63324)]
triangle[(5.11059,-6.89733),(8.56077,-3.42736),(2.05711,3.03921)]
triangle[(6.60786,17.3816),(16.9641,16.8768),(17.6299,30.5345)]
triangle[(14.0846,15.8735),(-13.0566,16.4584),(-13.9402,-24.5436)]
triangle[(16.9027,10.5552),(10.1227,-6.19915),(35.8985,-16.6301)]
triangle[(-0.366763,16.4114),(4.80014,-11.9835),(49.4609,-3.85683)]
triangle[(18.5912,-14.878),(6.67704,2.66581),(-25.7736,-19.3717)]
triangle[(20.4075,17.145),(-2.48743,-3.94197),(32.4304,-41.8535)]
triangle[(-18.7141,-7.90806),(-7.28397,-9.53122),(-4.47995,10.2144)]
triangle[(1.82887,9.58671),(9.05961,12.6232),(3.57012,25.6952)]
triangle[(-8.65553,1.01646),(-18.0112,19.3514),(-40.9002,7.67197)]
triangle[(10.6693,14.833),(18.6479,14.5633),(19.0366,26.0578)]
triangle[(-2.6266,-18.3188),(-4.44799,-9.32972),(-17.8599,-12.0473)]
triangle[(5.61383,-12.8472),(-17.5357,20.8349),(-62.3483,-9.96459)]
triangle[(20.4708,3.31028),(-3.3563,-10.7012),(15.6308,-42.9897)]
triangle[(13.7041,18.7323),(4.56386,-8.64679),(58.6119,-26.6902)]
triangle[(5.64958,-13.1497),(-20.1472,16.075),(-54.5015,-14.2497)]
triangle[(8.35884,2.36617),(-3.30298,-8.72127),(14.1153,-27.0419)]
triangle[(1.02411,2.67543),(-16.6387,15.0332),(-40.8764,-19.6094)]
triangle[(16.1793,-2.96433),(16.5719,11.1067),(1.52274,11.5266)]
triangle[(20.7936,-5.5389),(-19.1619,16.0176),(-46.1419,-33.9903)]
triangle[(-5.05286,-19.5017),(-17.991,-13.9581),(-25.029,-30.3839)]
triangle[(12.779,-7.2121),(8.98797,17.4625),(-34.9336,10.7144)]
triangle[(-11.4151,8.22801),(16.784,-19.0122),(66.742,32.7043)]
triangle[(-0.591738,-16.3179),(6.94319,8.83365),(-22.6747,17.7066)]
triangle[(-7.22156,8.41975),(-14.7917,2.99978),(-9.09134,-4.96208)]
triangle[(14.6258,-9.93201),(0.842401,-12.1057),(3.22583,-27.219)]
triangle[(-1.69611,5.07167),(2.5403,-20.6307),(45.9681,-13.4726)]
triangle[(-14.9325,-18.49),(-5.77022,7.36483),(-32.4545,16.821)]
triangle[(1.81924,-2.49591),(14.3517,-19.2026),(35.7033,-3.1857)]
triangle[(-17.6496,2.51882),(1.78236,20.3915),(-30.937,55.9654)]
triangle[(14.7375,-9.67722),(8.13407,14.0649),(-31.5941,3.01525)]
triangle[(-14.6321,-3.15711),(-19.0338,-8.33988),(-9.13835,-16.7439)]
triangle[(19.1788,18.7259),(-15.8958,18.3211),(-15.4487,-20.4081)]
triangle[(6.65448,8.70659),(-11.3382,17.8985),(-28.4272,-15.5521)]
triangle[(-16.9797,20.3816),(-5.77319,-18.6785),(65.0899,1.65241)]
triangle[(2.86431,7.00437),(-18.9896,19.4363),(-42.8652,-22.5342)]
triangle[(13.5711,17.0529),(-8.85353,8.68648),(1.15992,-18.1527)]
triangle[(-7.55592,-0.59462),(6.33008,-7.86774),(14.5702,7.86446)]
triangle[(-10.8368,0.225498),(-6.36085,-7.34868),(6.61623,0.320036)]
triangle[(3.58823,-2.4623),(18.5828,19.0975),(-19.6141,45.663)]
triangle[(-5.59222,-4.02804),(-20.1583,13.0211),(-50.6312,-13.0136)]
triangle[(20.5443,17.44),(3.74573,13.4368),(8.15783,-5.07783)]
triangle[(0.50223,-1.37394),(-18.2352,-5.44048),(-13.316,-28.1069)]
triangle[(-1.41143,14.1099),(-19.7392,-8.56951),(17.2146,-38.4328)]
triangle[(8.62841,4.08147),(-20.6001,-10.7151),(-0.143162,-51.125)]
triangle[(16.6658,6.21476),(3.3667,11.1716),(-5.29294,-12.0622)]
triangle[(-4.45629,14.5596),(17.2305,-20.8918),(64.2272,7.85769)]
triangle[(-5.7003,11.9587),(6.74263,-2.81529),(25.9487,13.3604)]
triangle[(12.3248,-17.7434),(3.94366,-14.2216),(-0.851784,-25.6338)]
triangle[(-18.9435,11.0657),(-14.2544,-0.913893),(0.947849,5.03658)]
triangle[(10.2911,6.58141),(-7.49332,6.73563),(-7.70912,-18.1508)]
triangle[(2.23571,1.10516),(12.5121,14.7548),(-3.62956,26.9073)]
triangle[(-14.9445,13.8548),(14.1399,1.24302),(29.1226,35.795)]
triangle[(10.5819,-7.38456),(5.8556,-6.42073),(4.76214,-11.7827)]
triangle[(-3.51906,-6.07199),(-13.6526,-14.9592),(-0.072798,-30.4435)]
triangle[(20.5787,-9.85721),(-6.55641,4.03867),(-21.787,-25.7027)]
triangle[(-16.7258,-7.57437),(10.9988,6.93893),(-7.17692,41.6599)]
triangle[(11.4639,-1.6007),(-19.0455,13.2148),(-38.9833,-27.8429)]
triangle[(-3.29622,-14.4509),(15.1328,2.24119),(-9.32595,29.2451)]
triangle[(6.83664,-8.92766),(-8.23158,-17.2413),(1.66563,-35.1797)]
triangle[(1.35878,16.379),(3.10293,-20.0909),(62.539,-17.2484)]
triangle[(10.3035,-19.7682),(-8.06348,-9.42717),(-21.5819,-33.4375)]
triangle[(17.4319,-1.14384),(1.72512,8.02555),(-7.92855,-8.51081)]
triangle[(-8.26451,1.01269),(9.66015,6.40733),(0.295733,37.5223)]
triangle[(-8.22171,5.96821),(14.1134,7.70645),(10.6629,52.0428)]
triangle[(10.591,12.7973),(15.8173,-8.19628),(46.3912,-0.584934)]
triangle[(1.81234,5.79688),(-8.34167,-3.94015),(5.6065,-18.4856)]
triangle[(-14.7694,-16.2043),(-20.9412,-6.68054),(-33.873,-15.061)]
triangle[(-1.01481,19.7374),(5.05635,-3.1602),(27.9581,2.91207)]
triangle[(18.2166,-10.5142),(-0.432264,19.9285),(-45.9445,-7.95181)]
triangle[(-14.3944,17.822),(13.1814,-20.0904),(79.6863,28.2823)]
triangle[(10.9146,10.6755),(11.7293,-0.453488),(28.2069,0.752835)]
triangle[(-4.74366,-14.3508),(0.801949,18.834),(-42.5597,26.0803)]
triangle[(10.8901,1.49824),(-18.8154,12.2447),(-37.1579,-38.4578)]
triangle[(-1.78579,2.94842),(7.91859,-14.9876),(29.8233,-3.136)]
triangle[(-17.0228,9.75809),(-13.2711,-18.3624),(25.6296,-13.1726)]
triangle[(-16.1366,-11.4984),(15.1289,20.1127),(-34.2758,68.9774)]
triangle[(0.575317,-1.12766),(-11.8579,7.67988),(-20.9695,-5.18253)]
triangle[(-14.7341,-7.21845),(-10.7569,16.9574),(-43.6038,22.3611)]
triangle[(9.99983,-12.6899),(-12.8187,-4.72404),(-27.5569,-46.9424)]
triangle[(-19.0178,-7.17814),(-14.4443,-5.28665),(-16.6312,0.00118642)]
triangle[(-10.7336,-2.5126),(10.2937,1.26903),(6.41286,22.848)]
triangle[(0.105154,-6.3397),(-18.3804,4.06188),(-32.9897,-21.9016)]
triangle[(-3.17774,14.2951),(2.6227,3.43691),(17.6002,11.4379)]
triangle[(-6.86249,14.2525),(2.5981,14.9442),(1.44182,30.7593)]
triangle[(7.17869,-8.13452),(-19.2562,4.13584),(-38.7257,-37.8086)]
triangle[(-2.25851,12.4478),(1.05658,5.77322),(8.88038,9.65908)]
triangle[(-5.39514,-4.06157),(-4.94098,1.44175),(-14.8343,2.25821)]
triangle[(-13.454,-2.72706),(8.1961,-2.43389),(7.82682,24.8378)]
triangle[(19.7793,10.986),(19.7414,-19.1726),(59.5439,-19.2225)]
triangle[(-4.36514,-3.90614),(-3.9802,-11.8933),(7.02815,-11.3628)]
triangle[(3.94428,18.992),(13.1153,9.64067),(31.6971,27.8641)]
triangle[(0.543251,2.49896),(-5.71496,-10.4832),(13.8358,-19.9079)]
triangle[(20.802,-2.78401),(13.4079,2.12823),(8.0914,-5.87433)]
triangle[(-20.1293,-3.86819),(-20.6104,5.56179),(-35.2755,4.81365)]
triangle[(-8.71696,-10.2675),(-5.88284,-18.9711),(5.70201,-15.1988)]
triangle[(15.7109,-13.0715),(2.49295,20.5869),(-61.6802,-4.61443)]
triangle[(-5.99332,3.65384),(-14.1104,5.43396),(-17.5123,-10.0781)]
triangle[(3.96316,2.51152),(11.3348,6.03259),(4.99066,19.3145)]
triangle[(-20.4001,-6.97839),(10.9557,15.6048),(-16.5838,53.8424)]
triangle[(-0.47242,0.362718),(-10.3027,7.92213),(-22.6979,-8.19665)]
triangle[(16.9154,19.4226),(1.63136,-19.7057),(75.6674,-48.6253)]
triangle[(11.1339,2.67091),(11.8729,17.1955),(-7.33378,18.1728)]
triangle[(16.7544,-9.71327),(-0.025949,1.84121),(-21.0642,-28.7123)]
triangle[(-10.4726,-3.28698),(11.7575,-7.92069),(16.7933,16.2382)]
triangle[(14.5041,5.34937),(-3.31364,7.40685),(-5.63525,-12.6983)]
triangle[(18.0873,-13.1472),(-13.3647,6.04904),(-34.1272,-27.9692)]
triangle[(11.5597,-20.5989),(20.485,4.07522),(-13.7721,16.4669)]
triangle[(5.61563,-5.4083),(-2.96932,-20.5642),(19.6253,-33.3627)]
triangle[(20.7822,-18.2955),(-4.78232,-7.52875),(-20.3243,-44.4314)]
triangle[(-3.31296,2.00628),(-20.9423,9.72289),(-29.5314,-9.89966)]
triangle[(-14.4423,-16.9558),(-12.8304,1.51162),(-35.6406,3.50255)]
triangle[(16.9406,20.0461),(9.11116,17.2569),(14.2467,2.84117)]
triangle[(2.0518,-20.1837),(11.9993,6.2415),(-32.2593,22.9023)]
triangle[(-4.22697,-15.7183),(13.108,7.0495),(-17.9124,30.6678)]
triangle[(7.70836,-19.9921),(-0.905931,13.8059),(-36.3375,4.77526)]
triangle[(13.3262,15.2579),(15.8374,16.0471),(14.2608,21.0637)]
triangle[(3.94047,10.9328),(3.92984,-16.7639),(47.2178,-16.7805)]
triangle[(6.00379,15.1995),(-19.935,-18.5332),(38.9398,-63.8051)]
triangle[(12.204,-5.29654),(-13.384,-8.97864),(-7.52927,-49.6651)]
triangle[(-18.0969,20.404),(19.8541,-19.2995),(85.9318,43.8617)]
triangle[(-20.4699,12.9686),(3.19875,-4.84719),(33.2762,35.1112)]
triangle[(-12.4311,-0.57479),(-12.2334,-18.59),(14.9489,-18.2917)]
triangle[(-11.9696,-2.66103),(-14.0095,-17.1523),(5.2415,-19.8622)]
triangle[(12.5802,20.4339),(14.9448,-8.06332),(55.9823,-4.65812)]
triangle[(11.1083,6.35769),(16.7611,-11.6395),(42.9278,-3.42079)]
triangle[(14.7037,16.3591),(-9.57484,2.56543),(11.6251,-34.7491)]
triangle[(9.39716,-8.37014),(9.8936,-10.8961),(13.3282,-10.2211)]
triangle[(15.4686,-13.0476),(-8.12411,10.5885),(-33.4675,-14.7084)]
triangle[(-18.4902,-20.7571),(16.2047,-0.388237),(-12.267,48.1085)]
triangle[(-12.678,-6.36139),(17.2442,6.77182),(-5.17491,57.8507)]
triangle[(12.405,15.9515),(1.41814,10.4623),(10.022,-6.75867)]
triangle[(1.09834,5.5292),(-0.663076,-3.06732),(15.0485,-6.2866)]
triangle[(-17.0447,2.75839),(10.8164,2.7702),(10.7945,54.3384)]
triangle[(-2.179,-6.06619),(17.1108,6.75279),(-1.90838,35.3726)]
triangle[(-19.7516,18.7076),(3.33759,5.48286),(20.2894,35.0792)]
triangle[(8.7312,-11.5848),(7.27734,-14.0857),(12.1779,-16.9346)]
triangle[(4.67159,-12.7267),(-17.5069,19.0386),(-51.607,-4.76996)]
triangle[(15.7187,-2.3554),(-9.49849,-1.2087),(-11.3334,-41.5599)]
triangle[(19.603,19.8708),(9.04571,10.1768),(27.1286,-9.51648)]
triangle[(11.9206,7.83687),(14.3807,-18.2423),(42.5066,-15.5892)]
triangle[(9.576,7.97487),(18.5457,8.62829),(17.3541,24.9857)]
triangle[(-2.55947,4.89363),(-1.07849,18.8047),(-27.6768,21.6363)]
triangle[(-9.54119,15.8383),(-1.1566,17.4601),(-3.38733,28.9926)]
triangle[(-16.8111,-15.4159),(4.59135,-6.1808),(-5.81268,17.9305)]
triangle[(-13.3997,10.3566),(-13.3057,-10.5559),(12.547,-10.4397)]
triangle[(-11.1,12.4901),(-5.24247,-19.046),(26.6942,-13.1141)]
triangle[(19.2235,19.216),(10.9936,13.4186),(19.0033,2.04804)]
triangle[(-15.1076,-14.7189),(-12.2374,6.72673),(-44.6071,11.0589)]
triangle[(-19.1102,7.95874),(4.90655,-7.64164),(35.5005,39.4578)]
triangle[(-19.6283,0.145591),(-2.81804,-19.7406),(21.0815,0.462103)]
triangle[(5.27578,-13.6767),(-3.45798,-0.929099),(-27.358,-17.3037)]
triangle[(-18.2907,4.68872),(1.88675,13.5894),(-7.01513,33.7696)]
triangle[(-7.34908,5.49773),(3.73784,-14.786),(25.5194,-2.8804)]
triangle[(3.65179,6.8499),(19.3242,11.0315),(14.4338,29.3604)]
triangle[(16.7764,12.3204),(-6.48605,10.1385),(-2.14343,-36.1613)]
triangle[(-18.4144,-7.68196),(-3.25538,8.18705),(-22.3327,26.4109)]
triangle[(3.99205,10.3994),(14.3328,15.1655),(8.98383,26.7707)]
triangle[(-3.6299,14.4769),(-0.900179,-20.4553),(43.208,-17.0085)]
triangle[(-10.6384,9.59984),(4.22636,15.6666),(-7.28485,43.8714)]
triangle[(-15.5996,14.7318),(-5.73226,11.0449),(-0.389605,25.3434)]
triangle[(-17.4327,-20.7422),(-17.3243,14.1789),(-65.902,14.3296)]
triangle[(11.5129,20.6927),(14.3541,-12.4635),(74.5199,-7.30779)]
triangle[(-0.163925,1.90146),(5.1239,-8.53864),(22.7715,0.399709)]
triangle[(18.7242,12.8623),(19.6914,-16.817),(64.4915,-15.3571)]
triangle[(-12.3937,6.96482),(-7.22436,18.9886),(-26.6458,27.3384)]
triangle[(20.2964,-0.552723),(9.03304,17.8976),(-25.1318,-2.95905)]
triangle[(17.8724,9.79219),(-14.1175,8.51737),(-11.7861,-49.9857)]
triangle[(15.2537,13.4825),(-5.74241,20.8474),(-19.5881,-18.6243)]
triangle[(1.32462,-11.3383),(11.1048,7.04604),(-19.5119,23.3335)]
triangle[(-1.3415,-20.5595),(-8.13665,1.55172),(-50.3359,-11.4168)]
triangle[(11.7306,5.72896),(17.0958,11.5946),(6.75399,21.0542)]
triangle[(12.4102,-0.218937),(4.46476,17.408),(-27.4276,3.03238)]
triangle[(-6.54761,-20.7975),(-1.71634,-1.26848),(-34.8706,6.93351)]
triangle[(-10.1157,-14.1137),(17.7813,7.45107),(-23.4848,60.8346)]
triangle[(-20.4155,-20.5237),(-3.35329,13.1232),(-55.7482,39.6925)]
triangle[(15.1167,-13.5802),(13.3116,-12.1029),(10.6321,-15.377)]
triangle[(0.194696,6.06797),(13.0689,13.6649),(5.17767,27.0377)]
triangle[(0.581951,13.7025),(14.8606,0.898276),(32.6022,20.6829)]
triangle[(5.39427,-18.4579),(-6.36848,-9.30157),(-23.4043,-31.1869)]
triangle[(-19.6821,-11.5201),(-8.70314,-3.18598),(-17.4364,8.31875)]
triangle[(-0.839161,15.3034),(9.19661,-12.8089),(60.4649,5.4934)]
triangle[(-4.05595,3.57288),(6.90793,-16.4487),(31.9861,-2.71582)]
triangle[(20.5725,14.2492),(12.574,3.59919),(27.3818,-7.52197)]
triangle[(-12.7289,9.7965),(16.093,0.632785),(29.1676,41.7551)]
triangle[(17.7706,-11.5456),(-16.3651,3.4952),(-44.2231,-59.7295)]
triangle[(19.5484,-15.95),(-0.27399,-16.9162),(1.56785,-54.7021)]
triangle[(-9.15838,20.1349),(-5.71705,-12.7301),(34.6558,-8.50263)]
triangle[(-2.29879,3.72095),(2.03764,-8.6224),(19.3896,-2.52635)]
triangle[(18.3116,4.34397),(-4.20443,3.57256),(-2.9177,-33.985)]
triangle[(-18.2843,-2.32873),(-14.263,-15.919),(4.10832,-10.4831)]
triangle[(16.2006,-16.793),(2.53008,12.5774),(-53.601,-13.5489)]
triangle[(17.6921,-2.23023),(18.3645,-7.12864),(27.0891,-5.93095)]
triangle[(-2.04981,-18.5539),(-6.45888,-7.93588),(-17.9072,-12.6897)]
triangle[(0.891677,-7.34493),(13.6846,1.88223),(0.156822,20.6378)]
triangle[(0.151237,16.5112),(4.56618,2.4646),(32.2512,11.1662)]
triangle[(-10.3212,-18.6744),(12.1513,-10.232),(0.462025,20.8835)]
triangle[(8.21542,11.6886),(-14.2257,-7.28374),(10.5327,-36.569)]
triangle[(-19.6185,7.6142),(-10.4482,-18.544),(39.8395,-0.91463)]
triangle[(20.8277,2.48953),(-9.30493,-12.4793),(6.23309,-43.7576)]
triangle[(-1.07782,-2.97261),(-15.8357,-1.87108),(-17.3514,-22.1782)]
triangle[(-17.3151,4.04328),(-2.37647,16.1941),(-20.0909,37.9727)]
triangle[(8.58419,-5.01103),(3.95023,12.9136),(-26.6664,4.99847)]
triangle[(-9.93515,-17.6165),(20.0665,-0.583701),(-12.4291,56.6542)]
triangle[(6.03865,16.5123),(-10.9767,8.40758),(-0.752607,-13.0571)]
triangle[(-4.88139,-11.8703),(3.48063,-7.07576),(-1.67737,1.92014)]
triangle[(10.3061,19.2475),(13.6269,-11.4051),(47.1661,-7.77154)]
triangle[(15.3329,-11.6403),(12.4653,-10.7308),(11.3856,-14.1349)]
triangle[(-13.5987,3.1719),(-20.8726,5.39324),(-25.1392,-8.57797)]
triangle[(-2.80581,-6.54061),(5.90978,7.86892),(-18.8884,22.868)]
triangle[(1.44661,-11.1585),(-18.4725,6.91349),(-46.7481,-24.2522)]
triangle[(-4.10073,1.02539),(-2.6879,15.0815),(-26.5707,17.482)]
triangle[(-7.95632,-20.1055),(-6.59458,-9.8709),(-20.6235,-8.00431)]
triangle[(-4.90993,13.7943),(8.14477,20.947),(0.918413,34.1361)]
triangle[(-16.45,4.72058),(-15.363,-20.6539),(12.7698,-19.4487)]
triangle[(-0.973461,-19.9988),(20.3898,20.9718),(-32.5917,48.5979)]
triangle[(12.3041,11.5651),(-18.2207,-16.4654),(14.3712,-51.9574)]
triangle[(-16.4213,-0.18962),(-14.8299,-3.80203),(-7.72777,-0.6732)]
triangle[(12.3658,18.5466),(-3.30576,14.8451),(3.16435,-12.5487)]
triangle[(2.97541,-6.78209),(-13.3498,-3.4555),(-19.0339,-31.3501)]
triangle[(6.35203,-13.8288),(4.39811,-1.79562),(-9.72853,-4.08947)]
triangle[(8.56782,-18.5965),(-8.11789,-10.8771),(-18.9891,-34.3754)]
triangle[(1.07607,-18.1798),(-20.7357,2.40368),(-51.7015,-30.41)]
triangle[(15.516,5.60666),(-20.3808,9.82954),(-25.2254,-31.352)]
triangle[(-18.3872,-6.59178),(20.2977,5.8991),(-3.39196,79.2673)]
triangle[(-13.859,16.1337),(4.32676,13.6372),(8.3145,42.685)]
triangle[(7.40335,0.529424),(-3.25427,0.424564),(-3.08934,-16.3394)]
triangle[(-4.23796,3.15019),(-3.24461,-17.0063),(33.1597,-15.2122)]
triangle[(-3.74831,-17.1818),(-8.7002,16.5668),(-52.5116,10.1384)]
triangle[(-9.60211,5.62157),(17.0559,4.89256),(17.8963,35.6237)]
triangle[(13.549,15.8128),(-10.1402,8.84232),(0.748624,-28.1629)]
triangle[(11.4972,-2.57768),(16.1706,-16.649),(42.5282,-7.89505)]
triangle[(5.57963,-12.9849),(-6.65474,-10.6158),(-10.6101,-31.0412)]
triangle[(-20.5821,16.8783),(-14.8595,-2.8288),(13.1675,5.30965)]
triangle[(-0.319302,-0.723881),(-7.95776,1.57788),(-10.456,-6.71266)]
triangle[(-9.28507,-15.637),(-9.08865,-2.58548),(-24.045,-2.36039)]
triangle[(20.1377,15.2929),(8.76298,14.604),(10.1109,-7.65146)]
triangle[(-17.3614,19.5464),(-15.6874,15.3256),(-8.75051,18.0768)]
triangle[(-20.5575,-9.93238),(7.52417,1.79486),(-14.6464,54.8838)]
triangle[(-1.32697,-13.8506),(3.02299,15.8991),(-31.1574,20.8969)]
triangle[(-9.98309,-20.144),(-1.73001,20.5922),(-72.2144,34.8722)]
triangle[(10.9221,2.90869),(-20.2707,-10.5215),(5.22714,-69.7425)]
triangle[(-2.75788,-4.0275),(10.5604,-20.1633),(35.3269,0.278733)]
triangle[(5.33206,12.8725),(-1.40857,15.728),(-4.46402,8.5156)]
triangle[(-13.6772,20.3321),(-14.1957,7.50253),(6.55193,6.66408)]
triangle[(20.0646,-11.5029),(10.5364,0.13252),(-2.26143,-10.3475)]
triangle[(1.89474,-17.7258),(19.3694,8.39243),(-15.3695,31.6349)]
triangle[(18.1117,0.548169),(17.647,-18.167),(45.8776,-18.8679)]
triangle[(-14.7498,18.3206),(-6.08085,-8.92178),(32.9191,3.4886)]
triangle[(15.141,-16.6768),(3.66987,5.87177),(-32.7664,-12.6645)]
triangle[(-5.73313,20.082),(13.1207,10.0416),(28.167,38.2954)]
triangle[(2.32774,2.97663),(-8.34986,6.89913),(-14.2713,-9.21982)]
triangle[(-0.989498,18.1841),(1.63348,19.4541),(-0.0981276,23.0305)]
triangle[(6.85423,-19.3367),(-4.93972,-1.08244),(-32.8115,-19.0902)]
triangle[(-3.99944,16.0854),(-6.96162,-4.99823),(34.2409,-10.787)]
triangle[(-8.9069,-6.13728),(10.946,1.52379),(2.9253,22.3086)]
triangle[(-20.352,-4.9131),(-6.56175,13.8908),(-38.6777,37.4437)]
triangle[(-7.72706,-0.851351),(4.08066,16.3292),(-24.3789,35.8887)]
triangle[(20.4279,-12.1309),(-13.0016,-1.86024),(-33.3659,-68.143)]
triangle[(-16.6336,-5.9012),(-17.5229,2.08477),(-32.1884,0.45178)]
triangle[(13.3484,-20.1745),(6.40419,-18.5358),(3.61533,-30.3541)]
triangle[(5.45402,1.69697),(-6.92743,-11.5307),(15.6659,-32.6787)]
triangle[(18.4354,-14.4779),(-19.6329,9.79993),(-67.9417,-65.9497)]
triangle[(-20.8751,2.77941),(-2.68805,2.31896),(-1.80087,37.361)]
triangle[(19.2159,16.8177),(-7.63775,7.21662),(2.99633,-22.5263)]
triangle[(17.2266,1.49001),(-0.166827,17.4049),(-30.006,-15.2066)]
triangle[(8.45911,-16.3961),(-10.3025,-4.72714),(-24.2614,-27.1706)]
triangle[(-17.8116,-0.690972),(-14.323,18.2259),(-34.6397,21.9726)]
triangle[(-18.1459,9.96247),(-5.94039,-3.87859),(12.8068,12.6534)]
triangle[(-5.09516,-6.04247),(18.2167,-4.27612),(14.9918,38.2856)]
triangle[(10.5865,1.10359),(-11.2915,-7.82576),(5.97353,-50.1272)]
triangle[(6.43376,2.93342),(13.169,-10.1386),(29.2158,-1.87058)]
triangle[(-11.4851,-2.50277),(12.2956,0.958774),(7.14219,36.3623)]
triangle[(20.9502,18.8796),(18.2611,7.68321),(35.7623,3.47984)]
triangle[(-20.5793,16.5125),(-16.4814,6.34805),(-1.71674,12.3006)]
triangle[(2.10145,8.64909),(2.22112,-1.54543),(17.9641,-1.36063)]
triangle[(-0.898354,-13.7245),(9.80654,18.8663),(-23.3711,29.7639)]
triangle[(-16.7626,-11.4927),(-15.5561,15.104),(-42.5397,16.3281)]
triangle[(-17.8141,12.151),(15.5264,-9.63489),(39.6244,27.244)]
triangle[(-14.361,-8.70599),(-6.06673,10.293),(-35.0767,22.9576)]
triangle[(-8.97306,-7.58304),(-5.02054,-5.79107),(-8.37743,1.61318)]
triangle[(-2.43471,16.5084),(10.4788,-4.09324),(34.4018,10.9022)]
triangle[(-20.3717,-19.3013),(-17.1127,-8.82616),(-29.0292,-5.1188)]
triangle[(-5.07284,3.0701),(6.0657,-15.3612),(39.6416,4.92968)]
triangle[(-16.916,-9.99505),(14.5644,-19.6984),(28.3285,24.9558)]
triangle[(-18.2414,-1.41046),(-15.4357,-0.717121),(-16.3708,3.06644)]
triangle[(1.13244,-20.6777),(-17.999,-12.2287),(-33.3322,-46.9481)]
triangle[(19.9376,16.345),(2.73009,-6.57254),(39.3822,-34.0926)]
triangle[(15.3523,15.3406),(-7.26469,14.6629),(-5.96677,-28.6572)]
triangle[(-13.8429,-7.10325),(2.15907,8.07163),(-25.8942,37.6539)]
triangle[(-5.89784,-20.8364),(15.4781,-13.064),(4.57548,16.921)]
triangle[(20.2205,-19.5098),(-19.0337,11.7076),(-69.7779,-52.1005)]
triangle[(4.33231,-20.9868),(-15.2328,-15.3453),(-21.7399,-37.9122)]
triangle[(0.97635,18.858),(-18.4752,-6.80736),(20.7834,-36.561)]
triangle[(-2.79395,-8.62579),(9.17955,-19.8915),(31.3409,3.66219)]
triangle[(-3.13923,-2.14417),(-6.32208,-6.38497),(-1.99829,-9.63011)]
triangle[(15.6678,-5.05473),(10.5792,18.355),(-28.5275,9.85437)]
triangle[(-18.2463,-17.0328),(-20.0903,-8.19891),(-37.0523,-11.7395)]
triangle[(-3.22831,-0.0338486),(20.3403,20.4689),(-4.81135,49.3815)]
triangle[(-0.206487,-19.4188),(-7.34354,-19.697),(-7.03455,-27.623)]
triangle[(-10.6984,-16.5436),(5.17992,3.92097),(-27.5872,29.3449)]
triangle[(-15.7504,3.67918),(-1.19207,5.98054),(-4.32359,25.7904)]
triangle[(-0.262137,7.55604),(9.59171,7.54805),(9.59976,17.4614)]
triangle[(-2.93072,-18.3946),(16.6085,3.94941),(-25.9565,41.1714)]
triangle[(13.2734,12.0973),(19.8998,1.227),(39.5132,13.1831)]
triangle[(1.40551,18.4235),(-0.321392,-12.7574),(42.6626,-15.138)]
triangle[(5.22254,-16.5551),(-17.5658,2.77198),(-44.4669,-28.9467)]
triangle[(-17.1535,5.27282),(-14.5421,18.7695),(-31.9653,22.1406)]
triangle[(4.85288,-7.09269),(7.40793,-14.547),(20.3267,-10.119)]
triangle[(-6.26766,-12.2333),(-19.5332,8.21662),(-52.6948,-13.2948)]
triangle[(-6.43082,-1.14832),(6.525,-2.43351),(8.93565,21.8679)]
triangle[(-10.491,-14.0558),(-12.341,11.2211),(-39.2654,9.25046)]
triangle[(2.41104,-9.09813),(19.5871,0.726889),(7.02131,22.6943)]
triangle[(-18.0232,5.25939),(-14.308,4.83781),(-13.8627,8.76233)]
triangle[(13.6035,-14.0913),(-10.911,1.85313),(-30.4345,-28.1643)]
triangle[(-15.5944,-19.9831),(17.6928,16.1676),(-38.7079,68.1007)]
triangle[(6.24595,19.1405),(-5.42099,-14.7193),(28.9105,-26.5487)]
triangle[(18.4261,-2.03527),(-4.90701,-7.74479),(5.48555,-50.2161)]
triangle[(-16.7198,6.32901),(12.7097,-14.0245),(37.0762,21.2074)]
triangle[(11.4199,-7.36115),(19.0431,-12.54),(25.6055,-2.8802)]
triangle[(-19.5316,18.124),(-7.1545,10.3957),(6.4369,32.1625)]
triangle[(-11.5005,-14.8801),(-7.26025,1.36132),(-25.4406,6.10774)]
triangle[(-10.5493,3.57042),(-19.5423,6.31646),(-23.9746,-8.19862)]
triangle[(9.0032,-1.29899),(14.9485,1.4423),(10.3,11.524)]
triangle[(-11.207,7.48293),(-12.2563,-2.21898),(6.4463,-4.24181)]
triangle[(12.0867,17.2786),(17.6212,-16.7178),(74.3238,-7.4868)]
triangle[(-20.974,13.1488),(-15.1215,-20.354),(37.0644,-11.2378)]
triangle[(-18.1251,3.30552),(5.84728,-12.1829),(28.8894,23.4807)]
triangle[(6.33434,1.84327),(-13.9314,-1.54764),(-7.70076,-38.7848)]
triangle[(7.64271,-8.6646),(15.6822,0.0499192),(-1.38549,15.7956)]
triangle[(1.37742,-2.44157),(-10.5654,-2.45778),(-10.5409,-20.4997)]
triangle[(8.3721,16.3723),(-7.73457,13.7026),(-4.84977,-3.7015)]
triangle[(-3.26848,-15.0893),(13.3029,-11.8481),(7.31773,18.7527)]
triangle[(8.87028,-18.4077),(-11.7392,-9.27629),(-29.3543,-49.0331)]
triangle[(-19.1893,5.06317),(20.7393,-20.6668),(69.8117,55.4853)]
triangle[(20.2486,-11.3796),(15.3865,4.91791),(-16.6574,-4.64191)]
triangle[(-10.7783,-5.55008),(-11.2311,-8.07655),(-8.22463,-8.61532)]
triangle[(-19.8771,-2.78884),(-15.3447,-15.993),(-1.86939,-11.3675)]
triangle[(8.93396,-8.95093),(-7.53988,9.2213),(-43.2164,-23.1208)]
triangle[(-0.509418,1.13854),(-1.28773,-6.40421),(11.4273,-7.71623)]
triangle[(13.8197,-13.9973),(10.6652,-3.66721),(-2.71079,-7.75181)]
triangle[(14.2429,-16.0523),(0.382354,19.1641),(-36.6908,4.57276)]
triangle[(-10.041,-6.94499),(-10.1423,-0.666036),(-17.3995,-0.78307)]
triangle[(-20.5821,17.0398),(3.09745,-20.6587),(66.7812,19.343)]
triangle[(15.9834,-9.68685),(-6.27662,-6.82982),(-11.7403,-49.3988)]
triangle[(15.8232,-9.947),(-15.9911,16.836),(-53.225,-27.3926)]
triangle[(-10.935,-4.98648),(14.4177,-14.8875),(33.3986,33.7152)]
triangle[(14.8784,8.11156),(-19.1655,11.05),(-23.3282,-37.1779)]
triangle[(-19.0334,0.297378),(5.45133,11.3961),(-11.1851,48.0974)]
triangle[(10.4997,-20.7851),(17.2396,16.7612),(-42.4715,27.48)]
triangle[(-8.28312,15.746),(-11.4695,18.3672),(-16.4407,12.3242)]
triangle[(8.20996,11.5438),(-1.46609,15.3557),(-7.15005,0.927477)]
triangle[(2.01146,13.4258),(4.36353,9.66729),(10.6506,13.6017)]
triangle[(7.93612,16.4653),(7.8617,20.3132),(3.83148,20.2352)]
triangle[(4.9849,-19.531),(-4.93689,-4.21503),(-28.7608,-19.6483)]
triangle[(-18.6661,5.58069),(14.4877,-6.82771),(38.6522,57.737)]
triangle[(8.69275,13.5165),(16.3937,-13.3243),(49.9922,-3.68448)]
triangle[(-0.166211,-10.4948),(-20.3414,-3.67796),(-30.4737,-33.6657)]
triangle[(-15.7148,8.08531),(6.91211,-14.4144),(48.6095,27.5188)]
triangle[(5.03922,-8.9869),(18.3371,16.5307),(-25.5993,39.4272)]
triangle[(6.01598,-2.06917),(9.54296,0.212609),(6.84163,4.38811)]
triangle[(-10.2295,-20.5213),(-0.80393,-12.8353),(-13.4513,2.67456)]
triangle[(-12.2703,-11.7364),(-16.78,19.5671),(-59.9903,13.3421)]
triangle[(5.07508,6.61179),(6.74928,3.71682),(9.86101,5.51636)]
triangle[(8.7627,14.8771),(-16.082,4.66901),(2.22781,-39.8938)]
triangle[(-18.701,7.82959),(16.3722,2.3094),(26.1126,64.1965)]
triangle[(17.4367,16.2823),(-5.80366,-2.79413),(29.0472,-45.2521)]
triangle[(14.1523,-5.30738),(-20.4251,-1.73565),(-26.9886,-65.2762)]
triangle[(16.0254,-12.8092),(20.8684,15.7941),(-21.8952,23.0347)]
triangle[(0.0642706,20.7002),(5.19334,-19.4915),(51.0556,-13.6388)]
triangle[(-9.05335,7.82321),(4.63363,-8.29136),(24.3223,8.43126)]
triangle[(-1.6961,14.1357),(18.0894,16.6714),(14.0589,48.1208)]
triangle[(11.4464,-0.775778),(-19.7836,-6.20962),(-9.10144,-67.6033)]
triangle[(8.38734,-4.97995),(-8.62027,-8.25713),(-3.93188,-32.5886)]
triangle[(-4.69707,-19.1869),(12.4658,8.95446),(-25.7065,32.235)]
triangle[(1.63609,-6.18298),(6.657,20.0494),(-39.4767,28.8794)]
triangle[(-14.3705,1.92203),(1.01686,-4.76235),(11.7897,20.0367)]
triangle[(17.0104,10.7963),(-14.8108,-5.95133),(9.78649,-52.6872)]
triangle[(-6.54287,-20.8346),(-12.9883,-10.1652),(-28.4807,-19.5242)]
triangle[(7.15026,-19.0267),(-14.1455,10.5823),(-58.5512,-21.3557)]
triangle[(5.40116,-12.7165),(-7.1094,-10.1075),(-12.1512,-34.2834)]
triangle[(-17.2297,-20.5045),(-3.58434,13.542),(-40.6043,28.379)]
triangle[(-19.1756,15.2623),(13.3379,3.98642),(34.1867,64.1032)]
triangle[(16.3931,13.4363),(-18.7988,-19.2006),(23.8822,-65.223)]
triangle[(14.6218,6.02122),(-16.3647,-17.5413),(10.9923,-53.5178)]
triangle[(-1.84741,4.9562),(9.47057,7.97193),(5.096,24.3896)]
triangle[(5.04357,-19.5361),(6.93475,-5.18856),(-20.2226,-1.60891)]
triangle[(16.0549,17.8054),(17.9235,-15.7238),(77.6871,-12.3932)]
triangle[(-15.2731,-4.10479),(17.3661,20.3367),(-23.4582,74.8535)]
triangle[(-5.56666,9.3477),(-17.0042,-11.0543),(20.5688,-32.118)]
triangle[(12.4396,-12.9602),(-6.12876,19.8733),(-41.474,-0.115471)]
triangle[(13.199,7.31869),(4.88316,14.4126),(-3.64214,4.41875)]
triangle[(18.179,8.8122),(2.58734,-15.6995),(35.4237,-36.5864)]
triangle[(2.08594,-6.46372),(17.1346,-20.5236),(43.6902,7.89961)]
triangle[(-2.1468,2.64664),(-8.85132,-19.2159),(17.0991,-27.1741)]
triangle[(9.91236,-6.02857),(0.827204,10.3555),(-30.1588,-6.82661)]
triangle[(0.347257,19.9703),(-1.42439,-8.0588),(53.225,-11.513)]
triangle[(2.29893,-8.4151),(4.39251,-10.8862),(7.63067,-8.1428)]
triangle[(-2.49381,0.82756),(-12.2576,-0.460765),(-10.0808,-16.9579)]
triangle[(4.11055,-15.2031),(4.55406,-19.9977),(14.0448,-19.1198)]
triangle[(-5.21486,15.3694),(10.7973,1.38008),(30.8951,24.3841)]
triangle[(-11.376,-17.9672),(-2.3285,-6.13562),(-15.9094,4.2496)]
triangle[(11.8954,-7.94294),(0.372597,-19.2264),(22.5804,-41.9051)]
triangle[(20.8677,8.35865),(-6.71769,5.94412),(-1.90273,-49.0655)]
triangle[(13.692,-1.13133),(6.40528,-9.60765),(16.4326,-18.2277)]
triangle[(-8.96122,-2.22416),(16.4956,12.1942),(1.31199,39.0022)]
triangle[(-19.8583,20.2435),(12.1758,-15.6735),(83.9391,48.3317)]
triangle[(-18.0689,-16.2747),(-16.662,8.87329),(-61.1013,11.3594)]
triangle[(3.13485,-3.64652),(-20.3795,16.9672),(-58.6822,-26.7253)]
triangle[(-3.0197,-15.3658),(-18.4843,15.0042),(-73.8359,-13.1813)]
triangle[(-6.75904,-5.97483),(-16.0774,-10.6124),(-9.34388,-24.1421)]
triangle[(13.8676,19.4956),(11.0809,5.62072),(31.5926,1.50095)]
triangle[(6.07636,-14.5069),(-0.997588,3.71286),(-23.915,-5.18495)]
triangle[(-10.3263,-15.6263),(-6.95076,-11.1741),(-11.4553,-7.75886)]
triangle[(-13.555,-0.837336),(12.0504,13.4999),(-9.39327,51.797)]
triangle[(-5.48953,1.3542),(14.5388,5.15256),(7.08226,44.4703)]
triangle[(3.27646,-16.5544),(-8.91112,10.8839),(-59.3114,-11.503)]
triangle[(-11.6471,20.6846),(-12.8297,14.4651),(-4.25336,12.8344)]
triangle[(14.5164,-19.3278),(19.9441,-0.139696),(-17.9647,10.5837)]
triangle[(10.8794,18.9046),(10.4564,-7.32262),(38.0111,-7.76697)]
triangle[(-16.2969,4.19627),(0.63987,6.15941),(-2.60982,34.1957)]
triangle[(4.43503,-19.1006),(-9.38414,11.2494),(-45.7762,-5.3208)]
triangle[(12.2801,-0.316956),(3.02359,14.8052),(-25.8737,-2.88327)]
triangle[(3.65491,5.31249),(5.91929,-10.801),(30.1915,-7.39008)]
triangle[(2.14542,11.4535),(18.385,-0.141899),(35.5637,23.9173)]
triangle[(-13.0192,4.18435),(-4.93717,1.77968),(-0.395821,17.0431)]
triangle[(14.184,10.476),(-14.5784,-1.47382),(0.80199,-38.4933)]
triangle[(-4.39746,-1.97716),(3.07302,17.7398),(-28.1537,29.5712)]
triangle[(17.5627,-20.4136),(-19.0626,11.7237),(-82.9397,-61.0739)]
triangle[(-11.267,-19.5145),(12.7702,-6.99941),(-12.1427,40.8499)]
triangle[(0.944062,-10.9232),(-16.5364,6.43744),(-40.5365,-17.7283)]
triangle[(-2.96078,10.6073),(-3.50913,-14.2666),(26.5532,-14.9293)]
triangle[(-16.2662,-13.6968),(-15.1046,10.4337),(-45.1434,11.8798)]
triangle[(-2.18157,-14.0075),(7.47139,4.30469),(-29.0929,23.5789)]
triangle[(14.9878,-3.12472),(-12.5635,14.8009),(-35.3255,-20.1838)]
triangle[(15.5824,-16.1205),(4.38867,-17.6461),(6.08112,-30.064)]
triangle[(-10.932,12.3792),(-13.4254,-9.10352),(13.6695,-12.2484)]
triangle[(3.91591,7.10665),(-3.1011,6.85433),(-2.82245,-0.895161)]
triangle[(-14.5548,11.4419),(-2.12723,16.5184),(-9.11734,33.6306)]
triangle[(-18.3373,-20.3973),(20.1028,-13.4524),(10.0596,42.1362)]
triangle[(-20.4354,-19.2999),(12.2034,13.2251),(-27.5462,53.1136)]
triangle[(-1.99297,6.77773),(19.0169,8.39269),(17.0438,34.0613)]
triangle[(-14.0002,7.6031),(-9.54617,-6.03788),(6.1256,-0.920761)]
triangle[(17.0889,-3.42234),(-8.88595,9.43427),(-28.8134,-30.8261)]
triangle[(7.71183,-13.9289),(-14.8139,-3.61117),(-25.6644,-27.3002)]
triangle[(-13.3603,-1.32599),(-16.3645,-13.5879),(7.05561,-19.3259)]
triangle[(4.72712,16.9251),(9.74974,6.49542),(23.9984,13.3572)]
triangle[(20.735,18.7601),(12.4495,5.97153),(37.0942,-9.99542)]
triangle[(17.9313,-11.8093),(-5.57754,-14.2593),(-1.09401,-57.2805)]
triangle[(14.8705,-5.62511),(0.760676,17.3284),(-33.949,-4.00816)]
triangle[(-15.836,13.4215),(2.01642,-14.711),(49.785,15.6021)]
triangle[(9.3947,20.1627),(3.31427,-17.9156),(43.6899,-24.3628)]
triangle[(17.5708,-4.5641),(14.9477,15.4929),(-12.2411,11.937)]
triangle[(13.9908,3.69506),(2.04283,-6.12481),(13.8006,-20.4306)]
triangle[(-0.953018,5.62038),(-16.0203,6.33865),(-16.9402,-12.9585)]
triangle[(7.2681,8.37609),(-0.186545,-13.6228),(36.6938,-26.1202)]
triangle[(13.6121,-8.41955),(-19.6497,6.73638),(-41.6794,-41.6108)]
triangle[(15.1573,17.5631),(4.59125,-20.0823),(53.3651,-33.7718)]
triangle[(-17.3989,-18.4764),(15.202,-12.9567),(9.32133,21.7767)]
triangle[(12.6073,-6.60872),(-2.95133,11.5696),(-32.258,-13.5136)]
triangle[(-2.25808,4.36426),(14.7168,-4.91205),(31.2769,25.3915)]
triangle[(4.15751,15.9215),(15.1154,5.3285),(32.9986,23.8277)]
triangle[(5.52364,1.74747),(1.73893,9.76507),(-10.9912,3.75582)]
triangle[(-4.56178,5.22326),(-8.652,-13.6837),(14.2146,-18.6305)]
triangle[(2.56893,3.26449),(-9.28632,15.6413),(-33.6432,-7.68919)]
triangle[(-20.0029,17.1941),(20.7244,9.70241),(33.2231,77.6494)]
triangle[(-11.1839,-8.93395),(5.36028,4.40546),(-9.24579,22.5206)]
triangle[(20.0023,-15.6114),(-18.476,-19.8397),(-10.5487,-91.9794)]
triangle[(1.60783,12.5528),(-19.7346,-13.2103),(15.5348,-42.4279)]
triangle[(7.48644,6.30793),(-17.9892,-19.4143),(13.7252,-50.8246)]
triangle[(-11.9053,13.7727),(16.4158,1.05253),(30.0634,31.4386)]
triangle[(0.530607,-5.06249),(-18.7471,-15.2696),(-3.77821,-43.5407)]
triangle[(-19.4015,10.4652),(18.8907,-5.2214),(37.7917,40.9172)]
triangle[(0.595333,14.6731),(13.2483,-13.536),(68.144,11.087)]
triangle[(3.07208,-11.6391),(2.17646,5.08677),(-30.4702,3.33863)]
triangle[(-3.21527,-2.99312),(-20.4944,2.80724),(-30.6332,-27.3961)]
triangle[(-4.89097,-20.9613),(16.4548,9.42108),(-17.6275,33.3663)]
triangle[(10.7773,0.350534),(19.8834,9.10525),(2.50336,27.183)]
triangle[(-11.0394,-2.72362),(11.9536,6.1199),(-5.06134,50.3584)]
triangle[(-10.5304,12.3191),(16.9041,15.4961),(11.2403,64.4041)]
triangle[(19.5981,16.7428),(-17.2056,18.9926),(-20.0488,-27.5174)]
triangle[(-14.8629,20.364),(17.7281,-17.8831),(58.6582,16.994)]
triangle[(0.082028,-18.0634),(9.14256,18.2426),(-62.2513,36.0597)]
triangle[(-19.9143,-13.2634),(-13.2209,18.6742),(-69.1587,30.3976)]
triangle[(1.46834,7.84929),(-17.0559,-10.6721),(2.23848,-29.9695)]
triangle[(-9.79409,-5.0118),(-12.7319,20.017),(-39.8762,16.8309)]
triangle[(-15.9982,-20.9561),(19.2507,-17.3294),(12.5614,47.6863)]
triangle[(18.5585,-12.157),(-17.3072,-17.0821),(-7.9813,-84.9955)]
triangle[(4.92784,-4.5169),(-20.0649,5.82172),(-32.8528,-25.0919)]
triangle[(-9.99858,-0.489373),(0.0659961,6.34813),(-7.55262,17.5625)]
triangle[(-9.56706,5.16615),(8.22371,-14.4119),(40.8335,15.221)]
triangle[(-19.2048,-5.08734),(-0.741833,20.3938),(-47.3615,54.1731)]
triangle[(-15.3517,-9.15074),(17.2346,15.9257),(-20.1483,64.504)]
triangle[(-14.2681,11.2626),(19.8763,17.4439),(9.94557,72.2998)]
triangle[(15.5422,18.8003),(17.2874,19.8523),(15.2854,23.1734)]
triangle[(-0.926368,-8.94525),(8.63619,15.7974),(-33.4676,32.0697)]
triangle[(-17.5373,-0.552581),(0.94531,9.17648),(-11.1226,32.1022)]
triangle[(-12.9937,-13.8204),(6.75101,15.3966),(-44.0691,49.7406)]
triangle[(2.82485,-0.359454),(14.7261,5.66337),(4.26697,26.331)]
triangle[(-8.85571,-19.1023),(-19.7646,-15.9187),(-25.3941,-35.2081)]
triangle[(14.8821,4.24655),(-19.3141,13.4302),(-36.4283,-50.2959)]
triangle[(0.84341,0.392069),(11.512,-20.9178),(45.8043,-3.74967)]
triangle[(-11.0724,10.007),(-6.97325,-2.65276),(8.52968,2.36704)]
triangle[(16.2679,6.43143),(-16.3079,14.818),(-28.2811,-31.6897)]
triangle[(7.00792,-5.70949),(-18.1767,-6.72144),(-16.8715,-39.2036)]
triangle[(-17.0042,9.23488),(19.527,15.1606),(13.1286,54.6059)]
triangle[(-19.7018,19.8282),(7.01486,3.82622),(27.9449,38.7708)]
triangle[(7.6273,6.15791),(-1.81501,-12.5256),(17.5667,-22.3208)]
triangle[(20.3203,4.11249),(11.4937,-6.40749),(28.7485,-20.8848)]
triangle[(5.16677,11.6178),(6.09089,-0.0110573),(22.8492,1.32069)]
triangle[(3.36798,13.0697),(5.50413,-2.14842),(34.1702,1.87541)]
triangle[(-17.3513,10.7371),(-12.457,5.80112),(-6.45822,11.7493)]
triangle[(15.7711,5.09321),(-15.7499,13.767),(-31.0331,-41.773)]
triangle[(6.46846,15.3045),(-6.25824,-10.3145),(44.5598,-35.5593)]
triangle[(14.6295,-6.85617),(9.54208,-16.3369),(28.1629,-26.3289)]
triangle[(16.0386,-3.9112),(-12.3031,-1.7594),(-15.8683,-48.7168)]
triangle[(-1.56784,5.48224),(6.75304,-10.7743),(29.4841,0.860543)]
triangle[(9.70988,16.3593),(-12.8763,6.34693),(3.30753,-30.1608)]
triangle[(18.3103,10.1316),(-5.99001,-19.4221),(35.3402,-53.4055)]
triangle[(-10.7763,-5.61557),(3.15253,12.6031),(-27.7296,36.2136)]
triangle[(-0.412642,0.85635),(-20.3878,-19.3294),(18.0252,-57.3418)]
triangle[(-5.55483,-20.5207),(17.6687,12.4089),(-33.6999,48.6365)]
triangle[(-1.35432,11.8083),(-5.75737,7.38515),(1.24531,0.414297)]
triangle[(11.8559,-6.3452),(-6.05971,2.93312),(-15.3854,-15.0741)]
triangle[(8.82176,-10.96),(-20.8278,-1.20343),(-38.3844,-54.5569)]
triangle[(18.9645,-2.89486),(-3.40156,-18.0747),(11.926,-40.6585)]
triangle[(-18.2219,10.7178),(-17.6324,-5.36141),(7.32196,-4.44652)]
triangle[(-13.0485,-20.3971),(-15.2728,-20.7835),(-14.7804,-23.6182)]
triangle[(0.628159,7.87813),(-0.0962262,5.28627),(2.94636,4.43591)]
triangle[(-11.097,9.443),(-4.84172,12.0503),(-9.56325,23.3777)]
triangle[(-5.32048,6.95393),(4.51283,-16.4609),(34.904,-3.6978)]
triangle[(-20.5048,-8.63218),(8.73848,2.8661),(-7.55809,44.3127)]
triangle[(11.6075,-4.08718),(-10.3248,13.0462),(-28.9373,-10.7795)]
triangle[(12.446,-9.08221),(-4.29773,-14.2969),(2.31126,-35.5176)]
triangle[(-13.7341,6.34256),(-19.1991,6.81887),(-19.9158,-1.40439)]
triangle[(2.23359,-11.76),(11.9982,-8.66327),(6.8129,7.68686)]
triangle[(12.3197,15.4081),(-9.87753,-20.8504),(48.328,-56.4834)]
triangle[(15.7056,0.611717),(-13.2527,17.5687),(-44.2417,-35.3529)]
triangle[(-4.40687,-9.86591),(3.14998,19.1991),(-29.7335,27.7488)]
triangle[(-20.0472,11.4518),(8.98865,18.9292),(-1.13607,58.245)]
triangle[(-14.0478,-17.1802),(-19.9715,11.1733),(-57.8708,3.25519)]
triangle[(7.80651,-12.2104),(-12.4921,1.56485),(-33.3711,-29.2015)]
triangle[(6.31711,-17.1479),(19.5819,19.5761),(-25.2685,35.7761)]
triangle[(4.36132,-6.36423),(-8.4575,-10.9379),(-2.0404,-28.9234)]
triangle[(-9.77169,-2.3881),(10.8183,4.21559),(2.0146,31.6652)]
triangle[(2.94682,1.38246),(-2.1316,11.6618),(-13.9279,5.83394)]
triangle[(20.6772,-16.8148),(13.2039,-16.1396),(12.0693,-28.6988)]
triangle[(-10.5828,-8.58033),(13.1281,-10.1816),(15.4887,24.773)]
triangle[(-13.8344,11.3991),(5.20669,5.0739),(15.7625,36.8506)]
triangle[(-9.11266,-9.62877),(3.4019,13.4805),(-32.0132,32.6591)]
triangle[(9.33266,-5.33846),(20.688,-10.3269),(29.286,9.24497)]
triangle[(20.7957,6.26861),(-2.29285,-2.96314),(15.1961,-46.7028)]
triangle[(2.07518,-8.09055),(-9.46754,-3.41462),(-18.5971,-25.9512)]
triangle[(16.5935,13.8782),(20.606,-11.1843),(63.3755,-4.33689)]
triangle[(7.20987,0.180753),(12.7591,10.4396),(-6.83039,21.036)]
triangle[(-18.7854,8.88853),(15.5551,-1.5632),(35.9533,65.4576)]
triangle[(-15.0859,20.6878),(-10.4571,-18.9213),(49.9831,-11.8581)]
triangle[(-5.18593,-7.373),(6.88263,2.49557),(-6.75585,19.1745)]
triangle[(3.75347,7.45565),(-11.0684,-20.8488),(30.4416,-42.5859)]
triangle[(-11.5648,18.0278),(8.86364,-14.4674),(61.8144,18.8206)]
triangle[(14.6645,-19.09),(14.5104,4.27295),(-15.1511,4.07737)]
triangle[(-1.68637,-0.420524),(-3.18833,10.7397),(-20.4468,8.41705)]
triangle[(-12.4943,-8.13935),(15.2869,9.9894),(-4.34531,40.0745)]
triangle[(-18.8016,14.4007),(-20.9358,-10.476),(10.0318,-13.1327)]
triangle[(-18.7475,9.61376),(-19.0018,-7.79126),(7.27003,-8.17506)]
triangle[(2.26206,10.4218),(0.83471,-16.5247),(49.8629,-19.1217)]
triangle[(-8.44195,1.95592),(-19.6485,11.6641),(-34.7495,-5.76766)]
triangle[(-12.5268,-18.9729),(-10.0986,-17.2052),(-12.1625,-14.3701)]
triangle[(-6.22643,-7.91745),(20.4487,-4.64463),(14.855,40.9467)]
triangle[(11.4022,5.72798),(-5.94793,-3.99339),(4.05984,-21.8547)]
triangle[(19.4113,8.18394),(17.9945,-2.10713),(31.1643,-3.92023)]
triangle[(7.93103,-16.853),(-0.545321,-6.32242),(-17.8939,-20.2869)]
triangle[(16.3951,11.4881),(-13.6955,-20.2419),(19.1138,-51.3561)]
triangle[(-2.05107,-15.3728),(-7.13964,16.0209),(-59.3062,7.56532)]
triangle[(8.35078,-20.6659),(20.7413,18.5533),(-55.6762,42.6959)]
triangle[(-7.85545,-3.07772),(-7.74137,8.66813),(-25.4273,8.83991)]
triangle[(15.2585,12.8608),(-3.22927,12.8211),(-3.1729,-13.4515)]
triangle[(-17.5551,-10.5025),(-11.9008,-11.235),(-10.828,-2.95375)]
triangle[(-5.45783,18.3923),(-7.98638,7.43666),(12.6898,2.6646)]
triangle[(9.15174,14.3476),(-8.74377,8.17509),(3.27884,-26.6812)]
triangle[(12.8724,-19.7837),(9.47463,5.40258),(-17.2036,1.80357)]
triangle[(-2.73503,11.7715),(-1.95715,3.95672),(12.3814,5.38396)]
triangle[(3.09746,-11.1204),(-1.39416,7.92974),(-38.6344,-0.850716)]
triangle[(-15.0556,-6.46266),(-12.704,16.5527),(-35.8754,18.9203)]
triangle[(7.26849,0.57759),(-1.99173,13.8286),(-18.0822,2.58406)]
triangle[(-17.3779,13.9028),(-0.169014,-4.72799),(24.2134,17.7936)]
triangle[(-17.6251,-0.959839),(-6.0331,9.22558),(-21.4184,26.7356)]
triangle[(17.8998,-9.89678),(-7.67182,4.63262),(-27.3159,-29.9408)]
triangle[(19.5224,15.1676),(-18.346,-19.8929),(29.2283,-71.2774)]
triangle[(13.9065,-2.27485),(-4.17388,2.10075),(-11.3867,-27.7033)]
triangle[(-14.1004,7.79859),(3.27475,-19.8271),(38.6514,2.42303)]
triangle[(20.7124,-18.1399),(-8.37769,11.2897),(-39.4362,-19.4106)]
triangle[(3.06039,15.929),(-9.97666,-4.6913),(31.059,-30.6359)]
triangle[(-18.8563,16.9682),(14.3442,7.6553),(23.6869,40.9621)]
triangle[(-16.8325,15.8194),(15.4698,0.375214),(46.1062,64.4527)]
triangle[(-18.6917,-4.78114),(-16.3357,-14.9756),(-1.15575,-11.4674)]
triangle[(10.0782,-6.27641),(-9.78049,-12.3706),(-0.372566,-43.0275)]
triangle[(4.3394,-17.8019),(14.3031,15.11),(-44.4219,32.8883)]
triangle[(-3.00119,-10.5904),(11.3024,0.387351),(-9.12904,27.0085)]
triangle[(-14.2198,-7.01252),(-9.66828,-8.67592),(-7.39406,-2.45301)]
triangle[(-7.13833,-3.80746),(12.276,11.1483),(-9.20237,39.0299)]
triangle[(-12.0249,-13.3044),(2.69758,1.99236),(-26.9249,30.5028)]
triangle[(-16.9845,9.30384),(-15.0223,-14.7156),(20.9824,-11.7742)]
triangle[(12.854,-0.725059),(-18.7897,19.2118),(-50.9178,-31.7819)]
triangle[(4.81989,-2.35398),(15.7226,-11.3665),(28.004,3.49056)]
triangle[(-7.00937,-17.2269),(10.9923,0.777435),(-8.63516,20.4021)]
triangle[(14.9256,6.64725),(-1.55587,-13.7691),(34.2247,-42.6536)]
triangle[(17.6311,6.13428),(5.90137,-3.04477),(16.5964,-16.7118)]
triangle[(-7.24644,20.3315),(10.2158,12.1536),(24.5537,42.7696)]
triangle[(-11.7818,-6.21345),(-18.736,-9.47902),(-13.8295,-19.9276)]
triangle[(-16.8312,13.018),(16.9711,14.8089),(14.7228,57.2444)]
triangle[(19.9989,1.03594),(-10.6849,9.82975),(-22.9426,-32.9407)]
triangle[(0.550677,15.9265),(-7.76079,-3.11058),(16.8465,-13.8539)]
triangle[(7.20548,4.08205),(-2.74103,-5.97747),(17.2897,-25.7831)]
triangle[(-11.9192,11.1515),(3.40563,-14.0226),(47.1611,12.6137)]
triangle[(18.7688,8.60279),(-18.2191,6.09662),(-14.9219,-42.5656)]
triangle[(3.49778,10.1575),(9.64443,18.803),(-4.07454,28.5567)]
triangle[(1.30581,4.42626),(20.6816,-3.55777),(30.5112,20.297)]
triangle[(-15.0041,14.6436),(10.4681,6.85444),(25.9931,57.6244)]
triangle[(6.43237,-0.0946728),(-9.33398,-5.12707),(-1.74977,-28.8882)]
triangle[(17.3334,-11.0306),(-1.21392,11.3347),(-43.05,-23.3595)]
triangle[(-16.4049,7.8056),(-4.01945,-17.7487),(31.3429,-0.60957)]
triangle[(-16.1326,-13.717),(7.22142,-4.98817),(-5.31538,28.554)]
triangle[(13.3709,-20.6316),(13.9527,15.9699),(-23.3061,16.5621)]
triangle[(17.508,-10.6516),(19.3409,-8.69449),(16.7175,-6.23775)]
triangle[(12.4692,-0.599604),(-4.10278,-6.96548),(6.33305,-34.1325)]
triangle[(15.1889,-1.95434),(2.18915,-1.99944),(2.24922,-19.3134)]
triangle[(16.2723,-8.34306),(-4.23156,1.86886),(-20.7646,-31.3268)]
triangle[(13.1613,13.0063),(-15.02,4.95001),(-5.57438,-28.0912)]
triangle[(18.0876,-15.8285),(-11.3421,-14.0314),(-14.6655,-68.4572)]
triangle[(-15.4051,-0.23391),(3.82533,19.3191),(-32.2662,54.8153)]
triangle[(-8.16828,-1.23406),(-0.888587,-3.87662),(3.14574,7.23707)]
triangle[(4.40024,-3.55582),(4.30536,12.6591),(-20.1915,12.5158)]
triangle[(-12.7861,0.173851),(-11.6358,-1.87287),(-8.12361,0.100967)]
triangle[(2.35124,1.8371),(-14.9806,0.761438),(-13.659,-20.5329)]
triangle[(3.11092,-2.67023),(-14.7339,16.6945),(-49.4193,-15.2685)]
triangle[(14.1722,-4.92566),(-13.8249,-17.1375),(7.85556,-66.8424)]
triangle[(-2.87936,0.25348),(19.3732,11.8913),(-1.35892,51.5328)]
triangle[(-11.1599,-7.27603),(13.2248,18.0644),(-34.9873,64.4584)]
triangle[(-8.05855,15.2592),(12.1085,20.2158),(3.18125,56.5385)]
triangle[(-9.5352,5.09587),(12.8656,-12.5365),(31.3079,10.8932)]
triangle[(-5.62767,-2.31298),(-2.99164,15.8482),(-26.3006,19.2314)]
triangle[(11.1167,17.8849),(18.6108,9.89588),(31.7501,22.2213)]
triangle[(4.62334,-15.4845),(0.0405592,9.88784),(-30.6932,4.33667)]
triangle[(-13.7158,14.7466),(-18.8985,10.1961),(-13.3777,3.90813)]
triangle[(0.0416493,-15.7254),(1.47264,-17.529),(3.37534,-16.0193)]
triangle[(-17.0821,18.2145),(-15.775,15.5806),(-12.6363,17.1383)]
triangle[(-18.7314,-19.0454),(15.2644,20.8165),(-54.9307,80.6819)]
triangle[(7.70179,10.1181),(7.30075,0.707315),(19.9242,0.169366)]
triangle[(-5.0572,-3.42791),(12.6747,16.9574),(-23.5587,48.4746)]
triangle[(-0.00282267,-5.2712),(2.05948,13.6463),(-20.4367,16.0988)]
triangle[(-3.56413,20.656),(-4.30776,11.9468),(8.43491,10.8587)]
triangle[(-19.8454,-5.38965),(9.1609,11.2408),(-15.3313,53.9591)]
triangle[(0.758187,-14.7411),(-12.2728,-10.1039),(-21.2449,-35.3164)]
triangle[(-13.4813,17.6911),(-8.57666,-14.856),(43.0438,-7.07711)]
triangle[(5.96757,-16.721),(-12.2755,18.1253),(-54.2746,-3.86258)]
triangle[(3.51577,20.3901),(9.6719,2.60098),(27.8223,8.88216)]
triangle[(8.46697,-5.18457),(-10.307,-17.2815),(9.70234,-48.3354)]
triangle[(-16.2165,8.60367),(1.38109,19.3613),(-12.346,41.8165)]
triangle[(-10.0989,10.7053),(-19.7584,-15.3582),(29.7027,-33.6894)]
triangle[(-5.04822,2.5095),(18.6183,-12.3794),(34.0049,12.0783)]
triangle[(-16.5455,1.56676),(-10.1484,-18.7344),(15.1061,-10.7764)]
triangle[(-14.673,8.52041),(-7.05933,5.97112),(-1.97844,21.1455)]
triangle[(-9.86335,-1.84056),(-18.9684,-11.1475),(-6.18931,-23.6493)]
triangle[(-11.9391,4.15074),(4.19446,18.9557),(-22.1636,47.6792)]
triangle[(-4.95912,-3.17701),(5.96739,1.83256),(0.309681,14.1727)]
triangle[(16.4391,-11.834),(20.877,-3.22997),(4.65363,5.13794)]
triangle[(11.6046,-10.8503),(11.5534,5.34808),(-19.3526,5.25036)]
triangle[(0.162689,0.177368),(-18.5635,16.1524),(-47.3725,-17.6178)]
triangle[(14.0536,-13.8056),(-6.39419,9.42824),(-48.2963,-27.4494)]
triangle[(19.4036,15.814),(1.94777,-17.487),(67.6847,-51.9452)]
triangle[(-19.0604,3.81751),(1.29807,11.67),(-7.50412,34.4907)]
triangle[(20.9313,-1.88127),(17.9292,-20.034),(37.9304,-23.3418)]
triangle[(11.3963,-0.0389024),(10.5577,-10.4195),(25.007,-11.5868)]
triangle[(1.3066,-7.22272),(6.46917,5.55391),(-7.71655,11.2858)]
triangle[(-19.2504,-15.1715),(-10.8683,9.80932),(-54.1344,24.3268)]
triangle[(-15.9999,5.84579),(-10.0649,15.0997),(-28.248,26.7615)]
triangle[(11.7852,1.37462),(9.1126,-9.01692),(19.9881,-11.814)]
triangle[(20.702,12.2315),(-0.626007,18.539),(-10.787,-15.8184)]
triangle[(-7.17171,-19.893),(11.0177,9.92254),(-40.3512,41.2609)]
triangle[(-10.7453,-10.4425),(1.90853,7.68861),(-16.9807,20.8715)]
triangle[(19.8676,-20.1116),(12.3513,-4.00567),(-3.79075,-11.5389)]
triangle[(-6.02291,-1.92749),(16.7549,1.4913),(11.6206,35.6984)]
triangle[(-16.4715,11.67),(-8.5564,-1.96251),(14.6405,11.5058)]
triangle[(-8.66492,-2.33305),(19.4133,-20.1102),(44.7949,19.979)]
triangle[(2.86446,-12.6581),(-6.19243,-0.961141),(-20.2608,-11.8542)]
triangle[(1.60318,-9.80137),(16.5384,3.64889),(0.0511695,21.9563)]
triangle[(-13.5709,-5.10098),(-9.19743,-8.32447),(-4.76805,-2.31494)]
triangle[(13.3007,19.0761),(-15.2857,2.29438),(10.4839,-41.6021)]
triangle[(0.350029,17.0281),(10.0268,15.1573),(13.196,31.5498)]
triangle[(-19.4868,1.93784),(-9.75224,18.5348),(-31.6676,31.3888)]
triangle[(0.968156,-20.6297),(-1.70123,-3.52064),(-19.6095,-6.31472)]
triangle[(-2.83555,-15.5064),(-3.28834,-5.75008),(-20.2913,-6.53918)]
triangle[(-9.73275,14.2863),(4.45534,12.3584),(7.89673,37.6848)]
triangle[(11.037,6.34791),(-18.1991,-10.3371),(9.99436,-59.7387)]
triangle[(-15.0605,12.982),(13.2045,16.798),(5.93013,70.6774)]
triangle[(18.3555,-0.980302),(-8.84583,-8.5186),(-0.956361,-36.9871)]
triangle[(1.0491,5.46797),(4.33261,-18.7715),(46.6944,-13.0331)]
triangle[(-3.92812,-8.57168),(3.42955,14.0692),(-29.7492,24.8514)]
triangle[(20.928,5.67855),(17.9376,10.9862),(10.1073,6.57456)]
triangle[(-13.9567,-4.54141),(-17.163,-17.1665),(2.40645,-22.1365)]
triangle[(-16.0661,15.5083),(16.755,6.97789),(31.5732,63.9917)]
triangle[(-17.4787,14.5865),(-0.447298,-1.88181),(26.6004,26.0907)]
triangle[(15.0468,11.0398),(4.24405,16.3567),(-4.19742,-0.794525)]
triangle[(3.26155,-10.4657),(19.0426,1.95232),(5.2294,19.5064)]
triangle[(2.47256,-0.0410399),(9.38413,-1.60869),(12.3698,11.5548)]
triangle[(-18.9641,15.626),(4.19545,-13.5605),(36.7896,12.3032)]
triangle[(8.04254,13.3119),(-0.926067,-1.33672),(22.9806,-15.9736)]
triangle[(-20.6714,-16.097),(-16.2873,-5.54886),(-33.0576,1.42138)]
triangle[(-14.0377,18.4266),(13.9056,0.814562),(32.5928,30.4638)]
triangle[(3.41913,0.666905),(-11.5486,13.5667),(-33.555,-11.9676)]
triangle[(7.49175,13.8546),(-2.26323,20.4979),(-9.05957,10.5182)]
triangle[(15.3138,-18.1675),(16.0356,10.3821),(-36.1733,11.7021)]
triangle[(-12.8398,13.6848),(-5.8192,10.4097),(0.544507,24.0508)]
triangle[(5.39546,5.02878),(-5.31882,13.6938),(-18.1872,-2.2181)]
triangle[(9.53459,-1.2797),(7.19201,6.79793),(-4.14905,3.50893)]
triangle[(11.8763,2.32179),(2.59634,1.69569),(3.36921,-9.75984)]
triangle[(1.24493,1.77714),(-18.282,1.58689),(-17.9776,-29.6522)]
triangle[(-12.3272,9.89546),(-16.9737,16.6523),(-30.1377,7.5998)]
triangle[(20.9952,9.39011),(10.0612,0.893234),(22.3359,-14.9021)]
triangle[(17.2231,-11.6732),(-15.7109,8.01341),(-44.2747,-39.7714)]
triangle[(7.74538,-2.03425),(2.27269,-11.537),(21.2209,-22.4494)]
triangle[(-9.5178,4.78201),(20.4131,18.3606),(-2.49825,68.8633)]
triangle[(-14.7013,2.73512),(7.11467,15.0199),(-6.64814,39.4606)]
triangle[(1.75572,-19.4203),(-0.327657,-2.79294),(-18.0271,-5.01064)]
triangle[(20.5914,-20.4395),(-19.445,15.9895),(-86.4223,-57.6203)]
triangle[(-13.8914,6.30663),(-2.26251,7.15667),(-3.71412,27.0153)]
triangle[(-1.41275,-14.192),(16.4169,9.71012),(-15.3837,33.4317)]
triangle[(-3.16489,9.44773),(-5.5502,-4.31128),(17.0183,-8.22383)]
triangle[(9.7704,-1.31258),(-16.0876,7.15309),(-28.0898,-29.507)]
triangle[(6.95903,-15.4664),(0.587762,18.4485),(-53.8479,8.22213)]
triangle[(-20.246,5.6152),(11.6591,-0.220634),(19.3048,41.5794)]
triangle[(-12.1432,-15.8528),(20.8514,-17.905),(24.5307,41.2472)]
triangle[(17.7136,-0.495284),(-15.7135,15.0916),(-34.9303,-26.1203)]
triangle[(-14.1291,-11.0017),(9.79691,20.0952),(-36.5405,55.7473)]
triangle[(-7.56638,11.7801),(-11.0277,-18.1402),(27.7206,-22.6228)]
triangle[(8.63355,-7.00189),(16.3061,-18.389),(39.0067,-3.09346)]
triangle[(-4.79731,8.91664),(-19.8622,-4.71671),(4.77685,-31.943)]
triangle[(-6.99757,6.51618),(13.8497,-8.20931),(32.5099,18.2084)]
triangle[(-14.7451,-14.9954),(-12.9214,-4.07847),(-31.5508,-0.966437)]
triangle[(8.4041,-6.50564),(-10.615,12.3216),(-43.3917,-20.7892)]
triangle[(6.59972,-10.9991),(14.8479,-18.0185),(26.4169,-4.42432)]
triangle[(15.4817,10.9145),(-11.7001,-10.4473),(25.2968,-57.5239)]
triangle[(3.73589,18.0762),(-9.23132,13.4721),(-4.15188,-0.833755)]
triangle[(3.71495,-1.07149),(13.627,6.34988),(4.09097,19.0863)]
triangle[(15.2872,11.8618),(-3.00101,11.0535),(-1.7028,-18.3177)]
triangle[(15.7501,5.71697),(-14.257,-7.84758),(12.2687,-66.527)]
triangle[(-18.0679,-7.17839),(-0.765024,-17.6312),(15.4985,9.29018)]
triangle[(20.7861,-10.0326),(12.1209,-15.7601),(18.376,-25.2235)]
triangle[(-12.1576,1.19214),(12.0739,15.5424),(-10.5481,53.7414)]
triangle[(-13.9399,9.63039),(6.14814,-12.0058),(30.8974,10.9724)]
triangle[(13.4735,-12.3),(16.6627,-15.2881),(21.8024,-9.80266)]
triangle[(8.67091,10.0182),(-14.6124,-16.2894),(20.4004,-47.2772)]
triangle[(11.7652,11.1013),(4.23712,-9.39539),(37.9321,-21.771)]
triangle[(-8.25763,4.21445),(11.695,-7.53088),(35.1563,32.3245)]
triangle[(7.79211,-12.1701),(-2.72866,-10.6518),(-5.10945,-27.1484)]
triangle[(-8.25641,-2.40361),(-12.2128,-16.2239),(13.6589,-23.6304)]
triangle[(-12.7908,6.12969),(-5.13423,19.4669),(-29.9332,33.7034)]
triangle[(19.7232,10.6344),(-18.6643,-12.5314),(25.235,-85.2755)]
triangle[(12.0204,-6.16849),(-19.7593,14.1862),(-59.9866,-48.6206)]
triangle[(-2.63254,1.20254),(12.5443,19.8324),(-20.926,47.0992)]
triangle[(19.3521,-10.5752),(18.6096,0.582614),(5.85983,-0.265788)]
triangle[(12.2825,16.2955),(-12.0776,4.68357),(2.00146,-24.8522)]
triangle[(-6.70634,10.6589),(4.44467,-19.1182),(61.1477,2.11613)]
triangle[(-16.4936,-19.7917),(18.3564,0.279065),(-7.21709,44.6839)]
triangle[(-4.64055,13.293),(-12.4626,12.1609),(-10.7126,0.06947)]
triangle[(3.35837,-18.82),(-13.9562,7.58282),(-42.7849,-11.3226)]
triangle[(-13.9033,-6.25463),(17.0721,2.99333),(3.86398,47.233)]
triangle[(14.6125,20.9733),(5.90752,15.8775),(13.5705,2.78692)]
triangle[(-20.1208,13.7658),(-10.6356,2.67291),(4.57128,15.6759)]
triangle[(-14.1547,-5.7817),(-6.88699,-16.3215),(7.93354,-6.10206)]
triangle[(-1.78717,-2.59036),(-19.517,-9.39577),(-9.86835,-34.5328)]
triangle[(7.81935,13.2217),(19.7187,19.1563),(13.6428,31.339)]
triangle[(2.90328,-8.03139),(11.5329,11.1908),(-8.06803,19.9905)]
triangle[(7.87605,-3.34294),(-5.43177,-9.77045),(7.29418,-36.1188)]
triangle[(-2.61046,-2.3371),(-20.937,-3.59515),(-19.5541,-23.7408)]
triangle[(20.1101,7.01191),(-1.49829,17.9548),(-15.8527,-10.39)]
triangle[(-7.46269,-8.96078),(8.13428,-3.9197),(0.337123,20.2045)]
triangle[(-16.0477,-15.6282),(15.1395,-11.91),(8.8591,40.7684)]
triangle[(-2.69331,19.1909),(-10.065,19.6257),(-10.8973,5.51335)]
triangle[(1.38309,18.2448),(-0.933377,15.9225),(1.41155,13.5835)]
triangle[(12.0238,-19.8966),(12.4943,-5.96049),(-3.15157,-5.43219)]
triangle[(-10.9871,-0.521158),(-6.76119,2.2953),(-11.5963,9.55004)]
triangle[(2.60969,9.42454),(-16.755,-14.5678),(13.8984,-39.3088)]
triangle[(-8.20557,-2.13358),(-18.4063,-4.43464),(-15.1412,-18.9092)]
triangle[(-16.0765,3.47765),(9.12917,9.86472),(0.664876,43.2678)]
triangle[(5.60271,-14.025),(-2.29304,7.00068),(-41.2571,-7.63146)]
triangle[(1.73125,-12.3444),(-11.6432,-20.0958),(-3.42517,-34.2753)]
triangle[(11.4755,17.9696),(-8.18417,-11.9419),(37.1665,-41.7492)]
triangle[(-14.4732,16.0552),(-5.28858,6.18999),(7.04477,17.6726)]
triangle[(-20.8253,-13.8194),(5.00309,20.1614),(-53.9753,64.9902)]
triangle[(-6.03388,12.7736),(8.46417,13.631),(7.24638,34.2219)]
triangle[(17.1109,13.6123),(-10.6542,-15.1356),(37.2332,-61.386)]
triangle[(-3.64592,5.95244),(-10.6956,-10.9629),(20.0754,-23.787)]
triangle[(1.87857,-15.8344),(10.3904,6.21313),(-21.7682,18.6285)]
triangle[(-11.2416,-17.2077),(2.19387,17.3107),(-61.391,42.0596)]
triangle[(-19.4514,20.4896),(5.70267,10.4567),(21.76,50.7149)]
triangle[(-7.71404,20.5869),(-1.89711,-15.6074),(34.4098,-9.77242)]
triangle[(-1.17339,-3.01008),(17.4067,11.1947),(-7.96578,44.3825)]
triangle[(20.2642,-16.753),(7.31138,19.5516),(-33.4922,4.99359)]
triangle[(-14.6472,-12.9105),(-19.8438,13.583),(-53.3549,7.00987)]
triangle[(18.7445,12.2694),(2.49176,-19.6048),(45.9384,-41.7583)]
triangle[(12.3402,0.822048),(8.44127,-8.27588),(18.0518,-12.3945)]
triangle[(-19.96,11.1571),(-6.44236,-17.3407),(47.1556,8.08286)]
triangle[(-15.341,6.68623),(13.5052,2.29974),(19.1381,39.3424)]
triangle[(-20.1419,-5.06677),(8.72545,0.775079),(0.90786,39.4055)]
triangle[(16.7172,20.505),(3.94465,17.4263),(7.34339,3.32599)]
triangle[(17.3845,-17.8642),(-11.8893,10.1902),(-56.6693,-36.5361)]
triangle[(14.7687,-8.67463),(-14.1083,-10.2947),(-11.7287,-52.7101)]
triangle[(-19.8609,20.5857),(-20.4359,13.8025),(-8.75621,12.8124)]
triangle[(-18.4066,-15.8098),(3.45124,-18.4246),(7.3119,13.8479)]
triangle[(-15.7755,16.9138),(16.7911,-5.55202),(39.4188,27.2493)]
triangle[(6.61881,-19.9066),(-2.05068,6.45122),(-42.5256,-6.8616)]
triangle[(-6.59941,-3.55646),(7.01264,0.22336),(0.0263063,25.3829)]
triangle[(18.5098,11.8157),(-20.1013,-12.3551),(9.58421,-59.7755)]
triangle[(-7.38584,11.2702),(10.7077,13.0047),(7.40089,47.4999)]
triangle[(17.2118,11.4164),(6.07648,2.19697),(20.1481,-14.7988)]
triangle[(9.00893,2.82025),(-13.4748,-2.0256),(-4.88198,-41.8946)]
triangle[(20.5989,10.6195),(1.13729,13.8911),(-2.34107,-6.80056)]
triangle[(1.43869,-6.65682),(1.66024,6.28122),(-22.7601,6.69938)]
triangle[(-2.8418,19.1761),(14.9388,10.9337),(29.3033,41.9211)]
triangle[(17.3164,-1.4961),(-11.9617,18.4094),(-49.025,-36.1052)]
triangle[(19.8297,10.0339),(9.24135,-9.56768),(39.0348,-25.6615)]
triangle[(12.6537,6.1234),(-18.4939,-8.11317),(4.68043,-58.8155)]
triangle[(-3.60301,17.891),(-7.63323,8.91883),(5.34344,3.0898)]
triangle[(-1.13762,2.76647),(8.30526,5.67288),(3.47328,21.3719)]
triangle[(-18.2873,-12.6445),(13.8602,20.7958),(-43.7361,76.1654)]
triangle[(18.9444,-3.13612),(13.0748,8.9003),(-3.30003,0.915008)]
triangle[(5.82891,20.2674),(18.9865,8.04502),(39.211,29.817)]
triangle[(-2.11405,4.07741),(12.2487,4.10504),(12.2163,20.9249)]
triangle[(-4.25833,-4.94005),(18.903,-17.755),(32.2483,6.36491)]
triangle[(-15.3314,-4.38839),(3.9301,-2.95159),(2.48251,16.4545)]
triangle[(20.1147,-16.8224),(17.4102,-17.3059),(18.3535,-22.5826)]
triangle[(5.47706,-8.84457),(-3.51858,-13.0322),(3.52532,-28.1635)]
triangle[(3.29557,-12.2016),(15.9692,8.17282),(-22.2653,31.956)]
triangle[(14.0739,3.94113),(12.6334,5.72429),(10.0837,3.66455)]
triangle[(-19.1831,-16.2934),(-15.7145,6.00969),(-43.8748,10.3891)]
triangle[(19.2318,13.1419),(-16.6232,16.054),(-21.0825,-38.85)]
triangle[(-6.72455,-4.03034),(5.56315,-19.8477),(32.0241,0.708371)]
triangle[(-13.2383,-12.5027),(0.440002,5.77827),(-25.418,25.1259)]
triangle[(1.45963,-7.75364),(2.7374,-15.3735),(10.6765,-14.0421)]
triangle[(8.23256,6.87471),(-14.9697,-13.8872),(6.98762,-38.4255)]
triangle[(8.03103,-0.377626),(16.0629,-15.9403),(43.2957,-1.88561)]
triangle[(-6.00447,19.5464),(6.58568,-18.195),(58.2232,-0.969271)]
triangle[(-11.6262,-6.75031),(1.52714,-0.0609789),(-8.33676,19.3346)]
triangle[(-0.554294,16.3774),(-13.2264,-12.4569),(35.3949,-33.8251)]
triangle[(-18.953,16.315),(-3.29954,-3.22691),(24.9344,19.3891)]
triangle[(-13.2911,14.7409),(-10.8597,-16.3605),(28.3138,-13.298)]
triangle[(-0.587273,-16.4104),(8.44129,5.26167),(-29.3654,21.0119)]
triangle[(-10.1198,-17.0466),(-12.4885,14.0054),(-62.2196,10.2119)]
triangle[(-4.24395,-9.19109),(7.76408,10.0881),(-18.7065,26.5753)]
triangle[(-13.4122,11.2812),(-19.269,-13.4291),(17.7585,-22.2053)]
triangle[(0.855201,-13.9458),(11.4757,-5.40828),(-4.42525,14.3723)]
triangle[(-7.47158,18.7592),(20.9032,12.6925),(29.9538,55.0233)]
triangle[(-6.73257,7.07709),(20.8377,-7.53773),(46.9357,41.6951)]
triangle[(-9.19766,4.66109),(4.72059,-18.1509),(32.0353,-1.48537)]
triangle[(-10.875,-11.8592),(-12.1269,-1.23732),(-28.5527,-3.17332)]
triangle[(-12.0531,-5.70579),(-16.772,-2.17309),(-23.3914,-11.0151)]
triangle[(-14.4086,0.75389),(8.11204,9.28423),(-2.65857,37.7193)]
triangle[(4.04289,-2.70785),(19.5174,3.90966),(9.76122,26.7238)]
triangle[(-19.9469,-18.353),(-16.8029,10.2714),(-52.2002,14.1593)]
triangle[(-7.47219,-1.32558),(-4.23246,-16.1547),(10.808,-12.8688)]
triangle[(-14.1883,-20.6311),(7.9555,4.62817),(-28.8232,36.8706)]
triangle[(1.39419,-10.3458),(-7.75043,15.8898),(-47.138,2.16099)]
triangle[(11.42,-14.4045),(-3.50233,-7.29815),(-11.7986,-24.7193)]
triangle[(8.61252,-15.676),(-17.4361,-9.75744),(-24.5496,-41.0655)]
triangle[(13.8291,-12.1809),(-5.18715,1.37606),(-23.2317,-23.9349)]
triangle[(14.2177,9.8816),(-17.8369,-15.3317),(29.6665,-75.7246)]
triangle[(6.41322,1.2308),(5.59481,-12.1654),(27.8957,-13.5278)]
triangle[(-8.13349,7.84466),(0.553531,-4.22518),(17.1746,7.73746)]
triangle[(13.7023,18.7966),(-6.91345,-7.19496),(27.9501,-34.8477)]
triangle[(-16.6792,-4.75484),(4.03801,9.28486),(-12.9327,34.3271)]
triangle[(-0.706418,8.046),(-9.32773,16.6476),(-24.4612,1.47947)]
triangle[(-9.93437,-3.78797),(-3.08728,2.6239),(-13.2812,13.5098)]
triangle[(-2.97995,-15.3105),(-0.0763198,13.1042),(-51.9935,18.4095)]
triangle[(18.1311,14.5971),(-7.88987,9.11317),(-1.85695,-19.5126)]
triangle[(-3.64548,-18.6247),(-13.685,-13.8395),(-23.0751,-33.5403)]
triangle[(-10.8788,-18.7137),(5.14367,-9.92933),(-11.4679,20.3698)]
triangle[(-15.9133,-4.5054),(-6.04696,-17.1953),(19.109,2.36343)]
triangle[(-14.2895,1.99436),(19.4799,1.58972),(20.1971,61.4393)]
triangle[(-19.6877,15.3536),(12.9544,7.08335),(25.9387,58.3317)]
triangle[(-4.84596,-10.6149),(-8.79266,-20.6952),(2.14127,-24.9761)]
triangle[(-2.67893,-0.108575),(-13.9771,11.1825),(-28.038,-2.88728)]
triangle[(6.05527,1.30447),(-3.33151,-7.41742),(10.6841,-22.5015)]
triangle[(16.1503,-14.7556),(11.2899,-20.291),(17.7663,-25.9775)]
triangle[(-2.63693,6.05243),(-10.7427,-3.29604),(2.80823,-15.0457)]
triangle[(-2.0976,-1.00632),(16.441,16.7311),(-11.0309,45.4438)]
triangle[(-4.47977,18.6618),(-10.6566,15.3378),(-6.12599,6.91863)]
triangle[(-3.519,3.18124),(-7.53154,-19.1494),(21.2465,-24.3205)]
triangle[(10.3424,-11.8293),(5.99634,20.1193),(-53.9067,11.9705)]
triangle[(16.2938,-0.835225),(17.7855,14.5936),(-0.706806,16.3815)]
triangle[(4.02856,12.8473),(-0.250626,-18.492),(48.7757,-25.1863)]
triangle[(-1.7369,0.933553),(-19.3107,5.49735),(-25.3061,-17.5891)]
triangle[(-20.8267,16.6206),(10.6407,11.9406),(16.9842,54.5926)]
triangle[(10.1723,11.4754),(3.87879,8.34353),(7.34999,1.36807)]
triangle[(19.691,8.64969),(-8.65943,2.97106),(-0.108746,-39.7181)]
triangle[(18.9126,-2.98569),(7.57304,0.422438),(2.30094,-17.1189)]
triangle[(3.71306,18.0772),(0.289316,17.3037),(1.6553,11.2578)]
triangle[(-1.80968,-12.1971),(0.3238,-12.177),(0.287803,-8.35568)]
triangle[(10.7032,-20.8886),(2.89,16.8027),(-72.0432,1.26945)]
triangle[(-0.948409,-14.9373),(-12.8035,11.0192),(-47.2882,-4.73096)]
triangle[(10.4091,2.34511),(-16.5964,5.04891),(-21.7553,-46.4781)]
triangle[(1.43699,-19.9644),(-20.9638,19.547),(-81.6287,-14.8467)]
triangle[(-2.17225,-15.5323),(2.99296,20.2407),(-52.6281,28.2717)]
triangle[(-2.08859,7.81361),(-11.2735,-17.9113),(40.0324,-36.2297)]
triangle[(15.798,-4.71626),(9.44095,1.15034),(1.9949,-6.9182)]
triangle[(5.93499,0.609641),(-6.56693,15.4726),(-33.4175,-7.11249)]
triangle[(-19.1712,6.68249),(-11.9094,3.12628),(-4.8658,17.5093)]
triangle[(9.95605,-4.21369),(12.6939,-11.3486),(22.9213,-7.42405)]
triangle[(-12.3909,-0.407484),(0.311112,6.23565),(-6.477,19.2149)]
triangle[(4.62914,6.88633),(11.2931,10.9906),(4.12601,22.6274)]
triangle[(14.0026,-19.3862),(-16.9818,-12.3274),(-29.8136,-68.6521)]
triangle[(-19.886,-1.00497),(-15.9185,12.1104),(-40.5009,19.5468)]
triangle[(0.790566,12.5505),(17.7363,-10.1713),(62.6733,23.3423)]
triangle[(-6.13421,20.8742),(17.1688,-11.2495),(50.6118,13.0106)]
triangle[(16.8877,18.5645),(14.7361,16.7937),(16.865,14.207)]
triangle[(-2.96183,0.459873),(16.6836,17.5798),(-3.33896,40.5562)]
triangle[(20.4003,-15.4942),(-4.77153,3.58515),(-37.0414,-38.9892)]
triangle[(-8.16031,-7.13751),(6.53945,19.4197),(-41.9435,46.2556)]
triangle[(-6.22834,-1.2408),(1.26487,-2.01639),(2.40922,9.03947)]
triangle[(-20.7352,-9.92082),(0.501461,11.3695),(-37.1747,48.9506)]
triangle[(0.675134,7.21241),(6.21046,20.8266),(-20.5169,31.6935)]
triangle[(16.395,11.8757),(-15.4638,19.2643),(-27.565,-32.9147)]
triangle[(15.4043,-12.156),(-18.5296,11.6378),(-50.0847,-33.365)]
triangle[(-19.6756,2.45726),(19.7648,-7.62732),(38.8419,66.9823)]
triangle[(1.67756,18.7835),(18.4624,13.3181),(28.4393,43.9577)]
triangle[(-19.3324,0.0705279),(-12.9024,-14.8319),(14.4883,-3.01359)]
triangle[(-16.0187,18.042),(10.9345,4.6774),(32.0832,47.3294)]
triangle[(-13.4615,19.5337),(16.7226,11.8786),(28.129,56.8541)]
triangle[(-3.26289,8.03548),(-15.8615,13.6701),(-24.9357,-6.61943)]
triangle[(18.3427,-14.5316),(0.840044,19.3452),(-47.4273,-5.5924)]
triangle[(5.43217,14.8381),(1.85076,-0.365803),(17.4637,-4.04356)]
triangle[(0.368308,-0.42378),(-3.87531,-18.5768),(30.2153,-26.5461)]
triangle[(14.3239,-2.64733),(20.3532,-9.38286),(28.3271,-2.24511)]
triangle[(-0.781349,-14.7967),(-14.4764,1.52986),(-38.6302,-18.7309)]
triangle[(11.9064,-15.1933),(4.6443,20.1201),(-51.7977,8.51302)]
triangle[(-5.62698,-20.0108),(1.25415,-7.19049),(-24.2858,6.51767)]
triangle[(9.15229,-5.9688),(18.8143,15.9817),(-12.2012,29.6338)]
triangle[(6.38819,20.4932),(10.2394,-4.14461),(47.2693,1.64361)]
triangle[(-14.6911,5.99589),(0.813771,9.45841),(-4.16975,31.7742)]
triangle[(2.4384,-5.59433),(-7.56643,6.85456),(-30.7065,-11.7424)]
triangle[(20.6495,-12.892),(-3.24668,-2.99344),(-17.6615,-37.7924)]
triangle[(-9.10954,5.47327),(-12.2187,5.778),(-12.5567,2.32971)]
triangle[(6.70313,-13.7475),(-5.262,-1.26664),(-29.5415,-24.5429)]
triangle[(11.9328,16.579),(14.2837,14.0442),(18.5768,18.0259)]
triangle[(-10.483,5.55493),(17.8485,1.44171),(24.6061,47.9874)]
triangle[(-17.222,-18.9247),(9.14611,4.16256),(-15.3917,32.1873)]
triangle[(-18.1138,-18.0984),(5.35704,13.7311),(-44.9895,50.8563)]
triangle[(-19.4824,-11.0064),(-14.9209,10.2468),(-42.9231,16.2568)]
triangle[(20.8797,11.8179),(-8.98084,4.6019),(3.75071,-48.0825)]
triangle[(-17.8603,8.25444),(-15.0099,-0.736321),(-2.54357,3.21596)]
triangle[(-16.55,3.56427),(12.1908,14.5306),(-5.00628,59.6009)]
triangle[(-13.1007,17.3194),(-13.4981,6.3217),(8.05585,5.54286)]
triangle[(-18.7198,4.8303),(1.78722,-19.7129),(38.0582,10.5932)]
triangle[(11.8715,0.367117),(13.1562,-18.2388),(39.3382,-16.431)]
triangle[(-4.08184,1.92137),(-19.6,10.4123),(-31.0773,-10.564)]
triangle[(-13.1356,-10.4261),(16.5372,-13.7443),(21.3635,29.4152)]
triangle[(11.5282,-14.7462),(10.3774,18.0604),(-54.0971,15.7988)]
triangle[(12.6957,14.2039),(-16.2765,13.9577),(-16.0089,-17.5279)]
triangle[(20.1493,-11.5145),(0.233787,12.5381),(-42.1552,-22.5598)]
triangle[(-0.0408071,16.4461),(18.4639,-8.40335),(64.6774,26.0107)]
triangle[(11.8783,-15.3173),(2.12836,-20.187),(8.42103,-32.7859)]
triangle[(-13.7452,-4.76888),(9.74501,2.41636),(-4.55042,49.1514)]
triangle[(3.51207,0.280626),(-14.7784,-10.5447),(3.56116,-41.5314)]
triangle[(-16.65,-12.7285),(8.41994,18.9156),(-45.7399,61.8236)]
triangle[(-5.24183,10.7229),(18.4593,19.9558),(1.00427,64.7635)]
triangle[(-0.638215,11.0896),(-14.2375,14.7676),(-19.7372,-5.56784)]
triangle[(4.52287,12.1472),(-10.0407,-9.67751),(14.9183,-26.3326)]
triangle[(-0.431291,-17.4698),(7.45407,15.966),(-36.2076,26.263)]
triangle[(10.1011,-8.53315),(-9.66736,13.4271),(-50.5598,-23.3841)]
triangle[(-10.4974,-3.35975),(3.4946,1.03324),(-1.29109,16.276)]
triangle[(19.7491,-0.165031),(-3.1221,6.87904),(-10.5882,-17.3625)]
triangle[(-0.155323,-4.65842),(-12.0404,10.2115),(-40.3701,-12.4315)]
triangle[(-15.1808,18.5711),(-11.1266,-0.334651),(17.1392,5.72684)]
triangle[(-11.4095,-14.7345),(-5.17837,-5.90101),(-19.6606,4.31471)]
triangle[(-18.619,-12.7255),(4.27184,-15.7659),(10.2086,28.9328)]
triangle[(-11.88,4.87773),(8.44372,-20.7093),(38.6785,3.30618)]
triangle[(18.004,-7.72825),(18.3846,14.9693),(-22.8419,15.6605)]
triangle[(-9.80718,3.74266),(14.7548,-5.84476),(32.044,38.4483)]
triangle[(-3.83044,15.1686),(4.09864,-7.66568),(48.5812,7.78066)]
triangle[(-17.3228,3.9454),(-1.52756,-3.69291),(9.37494,18.8523)]
triangle[(-13.6467,8.46807),(18.3979,-15.2948),(54.8019,33.7966)]
triangle[(-6.61045,9.07269),(-1.13033,-9.86554),(20.2153,-3.68879)]
