triangle[(3.41269,-8.81587),(10.2169,3.14305),(-4.96413,11.7806)]
triangle[(-16.2934,-7.56895),(-0.68602,1.1312),(-10.6682,19.0384)]
triangle[(1.67903,4.79912),(20.0951,3.52673),(21.4515,23.1589)]
triangle[(-2.37651,2.49628),(13.0482,11.9491),(-5.08842,41.5437)]
triangle[(-12.9261,-19.6008),(20.3611,11.5417),(-21.0131,55.7653)]
triangle[(14.2621,12.1056),(-7.50662,1.93268),(12.3918,-40.6474)]
triangle[(-8.68811,-17.997),(12.9495,-1.02266),(-19.8923,40.8416)]
triangle[(-16.3003,2.96392),(14.1645,-15.467),(47.7758,40.0896)]
triangle[(-1.69056,3.31802),(-14.3221,16.7775),(-30.843,1.27295)]
triangle[(-15.3109,13.2178),(-0.118906,-18.2286),(42.1912,2.21175)]
triangle[(18.382,12.4579),(6.62434,-3.31285),(35.8098,-25.0716)]
triangle[(2.05901,3.98157),(-14.9928,12.9075),(-27.7949,-11.5492)]
triangle[(-20.4686,-8.9685),(19.129,2.89321),(7.25682,42.5256)]
triangle[(1.5128,14.3485),(-1.03231,-17.8681),(56.9362,-22.4476)]
triangle[(14.6089,8.48927),(-7.13564,5.86952),(-3.93052,-20.7337)]
triangle[(18.0036,12.5357),(6.30137,-9.89716),(37.2156,-26.0238)]
triangle[(16.2978,-5.84173),(13.1347,-17.304),(34.0714,-23.0816)]
triangle[(6.53748,-13.5678),(-16.0019,2.16817),(-44.6818,-38.9115)]
triangle[(0.950234,-20.3977),(8.583,-10.0557),(-9.5955,3.36074)]
triangle[(-9.62825,1.48413),(-2.47444,-10.9439),(16.768,0.132457)]
triangle[(9.16142,-16.8402),(11.6054,-10.7709),(3.02612,-7.31625)]
triangle[(-9.76422,-8.88447),(-12.7313,-1.59872),(-25.2846,-6.71095)]
triangle[(15.842,11.2171),(19.3949,2.2908),(36.8234,9.22785)]
triangle[(1.15601,-5.77684),(11.7939,-10.2223),(17.1137,2.50787)]
triangle[(8.66259,4.12463),(-5.76709,20.4817),(-23.9738,4.42032)]
triangle[(13.0262,2.48991),(1.58688,-11.5283),(19.2131,-25.9119)]
triangle[(17.3414,8.40419),(-6.12719,12.529),(-13.6242,-30.1263)]
triangle[(-1.57173,17.3693),(-8.37163,-16.0199),(41.149,-26.1051)]
triangle[(-6.78448,-15.6153),(-12.6391,5.81719),(-36.098,-0.590949)]
triangle[(-7.59549,4.96021),(6.38355,6.99157),(2.61429,32.9302)]
triangle[(-0.463111,-8.96351),(-19.291,-10.3059),(-17.2488,-38.9483)]
triangle[(13.0638,1.43735),(10.8001,-5.35763),(24.2707,-9.84528)]
triangle[(1.31036,-4.2861),(11.7689,-14.8753),(31.0729,4.19062)]
triangle[(-13.2816,-14.898),(-17.2602,1.34321),(-33.6146,-2.66311)]
triangle[(11.2173,17.4874),(-18.8997,-1.43861),(7.01633,-42.6789)]
triangle[(8.78891,6.72385),(-9.23709,11.5719),(-17.9431,-20.7988)]
triangle[(4.72521,18.4857),(6.41471,10.0306),(15.1751,11.781)]
triangle[(19.9525,-5.06271),(14.6144,18.7925),(-27.4169,9.38701)]
triangle[(-6.24057,-9.31038),(-15.8718,1.33991),(-30.6638,-12.0368)]
triangle[(18.2365,-1.94478),(-10.7669,-1.17825),(-11.9777,-46.9907)]
triangle[(19.5513,-10.8436),(-9.15775,-15.6029),(-1.34094,-62.7553)]
triangle[(10.1403,-1.98408),(-14.7766,-16.5343),(1.93876,-45.159)]
triangle[(-18.7791,-7.44001),(8.70105,-12.3068),(13.9965,17.5938)]
triangle[(11.7755,0.0784198),(6.86212,-6.09666),(13.9885,-11.7671)]
triangle[(-11.9772,1.40603),(-18.5757,20.0149),(-47.5303,9.74791)]
triangle[(0.550035,13.0435),(20.5457,15.3298),(17.9035,38.4393)]
triangle[(1.36014,4.78961),(-1.49815,-1.31348),(4.8748,-4.29815)]
triangle[(17.3867,12.0846),(-8.4528,-6.70515),(15.3886,-39.4916)]
triangle[(-11.4944,-4.1311),(-0.956692,1.04813),(-7.06755,13.4813)]
triangle[(-9.02001,-16.6093),(19.4713,5.66783),(-22.4097,59.2316)]
triangle[(17.8552,-8.60779),(-16.6547,-7.4886),(-17.8197,-43.41)]
triangle[(-15.9565,-11.1139),(19.5241,3.246),(-4.76854,63.2682)]
triangle[(-3.94639,-6.08806),(-18.3013,4.91445),(-38.6289,-21.6069)]
triangle[(1.33151,20.2379),(-12.314,-11.2455),(28.0835,-28.7545)]
triangle[(-4.04839,2.6511),(-10.2064,13.243),(-21.0866,6.91737)]
triangle[(-17.6563,-6.53059),(-13.4298,18.7933),(-47.7686,24.5244)]
triangle[(10.8613,4.57157),(20.1618,-15.0088),(48.136,-1.72131)]
triangle[(-6.80872,13.8193),(-16.277,-19.2862),(28.4544,-32.0795)]
triangle[(-17.5227,-15.0604),(9.59377,-1.88882),(-16.7482,52.3418)]
triangle[(18.3382,5.47044),(3.69993,-12.7522),(38.1593,-40.4334)]
triangle[(-9.39234,5.76327),(11.6421,-20.2207),(56.4269,16.0333)]
triangle[(-2.4836,-12.0335),(10.2011,-2.93884),(-4.76296,17.9323)]
triangle[(15.3273,-0.464013),(8.81696,14.9566),(-13.1685,5.67469)]
triangle[(6.15174,13.2497),(5.61262,-7.20001),(36.0935,-8.00357)]
triangle[(-13.7328,11.4438),(-19.1672,19.4111),(-35.0896,8.55054)]
triangle[(8.31727,-8.01053),(-2.6193,-2.11656),(-9.78931,-15.4209)]
triangle[(-18.9979,-8.07469),(-13.7056,15.942),(-46.6902,23.2104)]
triangle[(-11.8534,0.318083),(-20.8722,13.5996),(-40.2453,0.444222)]
triangle[(13.3362,-12.4888),(-0.843453,-3.17213),(-13.4527,-22.3631)]
triangle[(-14.407,15.9677),(-9.75001,-20.9134),(50.7117,-13.2788)]
triangle[(-4.57253,5.20192),(-13.0972,-11.8748),(18.9348,-27.865)]
triangle[(-14.7052,5.91677),(-17.619,-1.73428),(-8.57667,-5.17785)]
triangle[(-6.12451,-3.03768),(18.0728,-14.3605),(35.7167,23.3454)]
triangle[(-12.8148,12.2955),(6.06814,5.94418),(17.758,40.699)]
triangle[(-2.90401,8.98073),(-4.99481,-9.39231),(26.9343,-13.0258)]
triangle[(-11.8366,13.0092),(8.53621,1.40187),(22.9418,26.6862)]
triangle[(15.425,11.4533),(-5.82744,17.1918),(-14.3008,-14.1888)]
triangle[(15.8562,-6.67936),(7.59856,8.55865),(-19.7558,-6.26495)]
triangle[(8.57795,-11.3142),(-3.61523,9.42724),(-34.3638,-8.64879)]
triangle[(9.0283,-15.0814),(0.453235,-13.3263),(-1.84931,-24.5758)]
triangle[(-16.4658,-11.4396),(10.6701,-6.16501),(2.21168,37.3505)]
triangle[(-9.76374,-0.205051),(7.29086,15.8126),(-12.466,36.8485)]
triangle[(-19.4493,-7.0397),(-13.6265,18.5749),(-57.4594,28.5391)]
triangle[(13.0073,10.4543),(-15.6696,-18.9211),(21.936,-55.6325)]
triangle[(10.2837,4.55252),(-20.0685,5.05827),(-21.0623,-54.5788)]
triangle[(-3.34627,19.3521),(16.2371,-19.5636),(65.4361,5.19465)]
triangle[(20.4571,3.26963),(-7.05812,17.1749),(-30.0627,-28.3456)]
triangle[(5.31413,-11.4678),(0.592635,-12.1833),(1.6362,-19.0693)]
triangle[(-17.7068,-6.08171),(-12.3278,-1.16865),(-20.3996,7.66853)]
triangle[(4.53812,-9.25634),(-17.775,-11.322),(-14.358,-48.2319)]
triangle[(11.1411,-1.00617),(12.0241,10.2846),(-10.171,12.0203)]
triangle[(-8.99987,-19.3687),(-13.8665,-19.6025),(-13.5945,-25.2649)]
triangle[(-1.6253,-10.2604),(15.43,-0.336987),(-2.75407,30.916)]
triangle[(-8.20309,-6.29122),(8.47285,-19.6623),(27.6134,4.20929)]
triangle[(2.36777,5.36416),(-17.4653,-17.3578),(21.1457,-51.0597)]
triangle[(-8.41704,-17.5825),(8.26015,3.9975),(-27.8777,31.9251)]
triangle[(-0.740751,-18.874),(9.69459,4.76902),(-16.6639,16.4029)]
triangle[(17.8681,2.14772),(-15.8077,11.0913),(-30.6086,-44.6391)]
triangle[(16.2268,-10.832),(-14.9191,-14.6657),(-8.37722,-67.8124)]
triangle[(15.9122,-18.6974),(11.8552,-5.0385),(-4.32144,-9.8433)]
triangle[(-6.85002,0.235767),(4.47413,-9.09102),(15.1003,3.81079)]
triangle[(-16.3505,-9.53723),(17.2839,15.4759),(-12.9741,56.1629)]
triangle[(-10.0367,3.64108),(4.14972,14.2549),(-7.60384,29.9647)]
triangle[(15.5698,1.29768),(15.0751,13.672),(-7.71111,12.761)]
triangle[(-18.6667,8.80565),(-13.4041,-17.4366),(27.7725,-9.17905)]
triangle[(0.870129,-1.57797),(8.5922,10.8331),(-8.81361,21.6629)]
triangle[(6.31729,3.97047),(-11.2228,16.6098),(-28.5527,-7.43967)]
triangle[(10.483,-11.2911),(-0.240765,-19.1178),(13.1052,-37.4038)]
triangle[(10.0433,16.5021),(-5.29695,-20.32),(66.4882,-50.226)]
triangle[(-8.10589,-13.3287),(-3.93342,-11.5936),(-6.86276,-4.54951)]
triangle[(10.3798,18.6258),(-9.7171,-11.3106),(46.0189,-48.7272)]
triangle[(10.8122,-10.1819),(-1.02871,10.044),(-40.6182,-13.1329)]
triangle[(15.2937,14.2133),(-1.86335,-9.79433),(37.2085,-37.7171)]
triangle[(0.912493,-17.9644),(18.9286,-9.48739),(6.78786,16.3152)]
triangle[(4.61582,-16.716),(-1.51417,11.1949),(-32.1224,4.47253)]
triangle[(20.1496,-2.27941),(14.1792,15.3663),(-16.855,4.86592)]
triangle[(18.3514,13.2951),(-7.93887,9.06395),(-0.786906,-35.3746)]
triangle[(-3.24341,-17.9316),(3.90249,-15.3343),(-0.0621255,-4.42657)]
triangle[(4.20215,-15.4288),(8.57813,6.33044),(-20.5838,12.1952)]
triangle[(6.89625,4.80645),(6.25832,-4.89548),(23.3426,-6.01881)]
triangle[(8.91416,-4.39265),(18.9083,-7.31012),(23.2587,7.59263)]
triangle[(-20.4933,15.6401),(10.5808,-1.66631),(38.6196,48.6781)]
triangle[(-2.08173,-10.0319),(3.61843,10.0236),(-32.2974,20.2315)]
triangle[(-11.5344,-17.933),(-14.0426,17.3783),(-54.3293,14.5167)]
triangle[(-9.02524,14.6029),(-10.5367,-12.7323),(17.4488,-14.2797)]
triangle[(2.82265,-12.5231),(-10.7298,-10.3992),(-13.8824,-30.5154)]
triangle[(19.7834,9.15244),(12.7124,4.48262),(19.8564,-6.33475)]
triangle[(-2.87452,0.0692991),(7.29003,-14.3191),(30.7764,2.27267)]
triangle[(-18.9655,-13.6534),(13.847,-2.28219),(-3.42926,47.5696)]
triangle[(0.102792,-9.77319),(19.6828,-1.76987),(7.23812,28.676)]
triangle[(8.14426,16.2234),(-11.7805,5.46343),(6.01691,-27.4927)]
triangle[(6.96771,17.8638),(16.1918,4.7665),(36.7646,19.2553)]
triangle[(-0.82114,-15.7638),(6.60536,-17.0304),(8.35268,-6.78555)]
triangle[(11.1,-11.2052),(-11.1613,-11.8439),(-10.3164,-41.2921)]
triangle[(-17.083,11.8681),(-6.9955,-15.6778),(22.001,-5.05901)]
triangle[(8.59739,-12.7669),(-2.15144,16.3738),(-39.0574,2.76062)]
triangle[(-14.7998,-14.8651),(-3.78291,20.6782),(-59.8308,38.0507)]
triangle[(-10.393,11.7539),(-9.17289,20.9647),(-26.8611,23.3078)]
triangle[(18.922,14.7843),(9.26948,14.4716),(9.60218,4.20016)]
triangle[(-1.07426,-10.791),(-5.44025,-6.0654),(-12.708,-12.7801)]
triangle[(2.28261,5.61449),(7.22972,10.1888),(-0.346853,18.3829)]
triangle[(-18.5027,14.6209),(20.2978,-8.37674),(44.3865,32.2645)]
triangle[(-3.88307,13.6044),(13.2302,7.72345),(21.9055,32.9682)]
triangle[(-20.5579,2.26736),(20.9534,-3.40021),(32.0796,78.0921)]
triangle[(-0.917676,-12.4045),(-17.3226,1.46241),(-40.8154,-26.3303)]
triangle[(15.2251,18.3993),(13.4591,9.73618),(27.6464,6.84402)]
triangle[(7.91081,12.9683),(9.12778,-14.8531),(58.9515,-12.6737)]
triangle[(-16.0677,-7.87099),(-17.891,8.85242),(-40.0627,6.43518)]
triangle[(-15.1769,6.69849),(-20.8561,11.7673),(-29.8475,1.69321)]
triangle[(-3.68398,6.81284),(-13.1855,4.74325),(-11.0769,-4.93742)]
triangle[(14.7397,7.29627),(-3.67373,20.487),(-18.4274,-0.108328)]
triangle[(-3.24003,5.99812),(-13.2082,7.06323),(-14.9661,-9.38894)]
triangle[(-15.267,-8.76156),(2.63298,-4.68118),(-5.47509,30.8877)]
triangle[(-0.897293,6.35528),(-1.76424,-17.7868),(45.5877,-19.4872)]
triangle[(17.1727,14.7407),(-8.97455,-9.72701),(29.1087,-50.4244)]
triangle[(1.34301,6.48713),(13.2179,-5.85625),(25.7678,6.21731)]
triangle[(-19.5416,-14.6081),(11.8992,14.333),(-30.7967,60.7164)]
triangle[(16.4017,15.3059),(6.19908,11.4123),(12.052,-3.92472)]
triangle[(19.331,3.62285),(-3.29249,3.63658),(-3.30814,-22.1665)]
triangle[(19.4679,15.0248),(-15.9495,-17.1667),(29.0889,-66.7184)]
triangle[(-1.87704,-18.5193),(-13.0764,-12.123),(-21.5635,-26.9831)]
triangle[(-11.6907,19.0945),(19.9018,14.1302),(25.064,46.9821)]
triangle[(-6.97292,-18.639),(3.56236,7.42411),(-23.6511,18.4244)]
triangle[(-16.1483,-5.1314),(-4.71296,-12.8467),(7.76552,5.64847)]
triangle[(-19.409,1.43888),(-9.43934,9.66227),(-17.8989,19.9182)]
triangle[(-16.3889,-10.4245),(-13.4677,10.6686),(-43.7895,14.8679)]
triangle[(-12.7122,-6.63839),(-17.2748,1.12316),(-31.9537,-7.50588)]
triangle[(1.5863,-3.22417),(-1.63354,-9.00277),(9.59015,-15.2566)]
triangle[(0.927454,15.7424),(7.45718,8.75819),(21.2664,21.6687)]
triangle[(-0.866298,-13.235),(-11.2468,-20.851),(-1.86251,-33.6418)]
triangle[(-0.336766,5.50209),(1.98985,19.3832),(-21.978,23.4005)]
triangle[(14.5009,4.34717),(12.8671,16.107),(-10.4325,12.8699)]
triangle[(4.27967,20.5658),(-18.1966,-18.7568),(26.3918,-44.243)]
triangle[(5.65356,-5.62503),(-10.0047,-14.3403),(-0.4842,-31.4452)]
triangle[(2.37145,-15.0155),(12.856,-19.7659),(20.9207,-1.96636)]
triangle[(19.9931,-8.7748),(-19.5398,11.5657),(-57.962,-63.1099)]
triangle[(12.6397,10.9541),(-15.8465,-18.327),(41.9891,-74.5925)]
triangle[(15.1031,-5.00224),(0.343951,-13.8564),(17.6497,-42.7036)]
triangle[(-6.19622,-9.92556),(-4.44603,2.47901),(-21.343,4.86305)]
triangle[(-17.9919,19.7615),(-17.0275,-19.8852),(45.2536,-18.3703)]
triangle[(13.1805,19.2629),(14.021,-5.44312),(62.6847,-3.78773)]
triangle[(7.1025,2.89198),(8.41024,6.41778),(2.34603,8.66703)]
triangle[(-6.39341,-15.9554),(-18.3509,17.0517),(-78.3492,-4.6839)]
triangle[(-14.9428,14.3173),(7.83185,-10.9981),(47.9652,25.1073)]
triangle[(10.6476,-19.9102),(-17.454,-4.63667),(-33.8054,-34.7215)]
triangle[(-4.324,1.97962),(4.1325,-17.5079),(37.7702,-2.911)]
triangle[(-16.6249,17.2916),(4.06479,-9.52954),(45.3629,22.3276)]
triangle[(14.1753,16.2554),(6.06451,16.398),(5.86721,5.17922)]
triangle[(10.0516,-3.10288),(-0.0813271,20.216),(-32.3954,6.17435)]
triangle[(-15.7512,-13.1343),(-0.0774604,6.709),(-35.9954,35.0797)]
triangle[(-2.06201,-15.2827),(19.2002,15.6903),(-39.3136,55.8587)]
triangle[(13.7604,-16.5466),(-20.9279,-9.54765),(-33.7807,-73.2486)]
triangle[(-9.17278,-14.5121),(16.304,5.71666),(-20.2709,51.7804)]
triangle[(13.8297,-8.83686),(-13.8564,10.0988),(-33.2355,-18.2356)]
triangle[(-12.9458,-7.87695),(16.2557,8.35998),(-7.77952,51.5865)]
triangle[(-0.0913902,-2.15937),(10.8116,-4.28599),(14.8265,16.2979)]
triangle[(-14.3502,12.4139),(-7.62999,-11.7043),(20.4744,-3.87332)]
triangle[(-3.35368,6.28189),(4.54649,3.48222),(7.96377,13.1252)]
triangle[(-8.33343,-11.3937),(11.6655,18.5021),(-48.0635,58.4581)]
triangle[(-17.3911,-17.2328),(-5.45066,1.84239),(-29.8023,17.0857)]
triangle[(-16.7873,20.2526),(-4.94937,10.1814),(10.4632,28.2977)]
triangle[(1.75959,-20.1413),(0.166613,-12.9289),(-9.7864,-15.1272)]
triangle[(-3.17089,3.61639),(6.63764,-1.90348),(17.3085,17.0581)]
triangle[(6.8157,4.138),(-12.8607,2.38191),(-10.687,-21.973)]
triangle[(16.0206,16.472),(19.4363,15.6037),(20.5085,19.8217)]
triangle[(1.6806,-20.4472),(0.395573,13.488),(-62.123,11.1206)]
triangle[(16.7635,-9.18475),(-2.17928,18.159),(-37.918,-6.59953)]
triangle[(-10.4234,-17.683),(19.9382,18.3674),(-51.9582,78.9185)]
triangle[(18.2117,-0.827286),(-9.71967,18.6319),(-48.3911,-36.8764)]
triangle[(-17.7556,-17.4309),(-18.2512,8.7825),(-59.8164,7.99665)]
triangle[(-6.83824,-4.5927),(2.80195,-15.3478),(17.3299,-2.32591)]
triangle[(-3.99089,20.4367),(-11.3227,11.3216),(2.39959,0.283976)]
triangle[(17.3165,0.327529),(-6.9412,17.3298),(-24.8397,-8.20646)]
triangle[(13.6624,2.91364),(-17.5224,14.9093),(-38.8097,-40.4307)]
triangle[(-13.408,18.6063),(5.53714,5.78199),(25.2711,34.9346)]
triangle[(-10.5828,-2.09931),(-19.9844,-6.58093),(-13.3834,-20.4284)]
triangle[(10.4125,9.24128),(-7.45776,10.0696),(-8.76115,-18.0487)]
triangle[(16.5856,12.1761),(18.9746,-20.3963),(58.2857,-17.5131)]
triangle[(14.3736,12.1079),(-17.4281,-10.1954),(21.2902,-65.4028)]
triangle[(-18.4788,4.1865),(-18.8633,-6.65291),(2.76874,-7.42021)]
triangle[(-0.834737,3.38125),(17.6466,1.84866),(19.7061,26.6838)]
triangle[(-20.9245,-18.9414),(14.3348,11.0206),(-32.8429,66.5391)]
triangle[(5.75849,-15.1187),(4.37017,-6.37324),(-6.17467,-8.04721)]
triangle[(12.9446,-13.9596),(-8.03444,11.2889),(-51.5195,-24.843)]
triangle[(-14.0662,-16.0736),(-2.23132,-18.5952),(2.10571,1.76006)]
triangle[(12.1373,2.84553),(-14.8745,15.0973),(-37.67,-35.1605)]
triangle[(15.6354,2.25421),(-8.56222,-11.3791),(17.5937,-57.8029)]
triangle[(-3.6821,-14.35),(-15.1169,-1.01376),(-33.1582,-16.4829)]
triangle[(-2.76097,-15.707),(-8.37611,7.41908),(-34.6629,1.03651)]
triangle[(-12.1457,-15.2701),(-14.3398,-8.23655),(-22.8991,-10.9066)]
triangle[(9.75981,1.72213),(-16.4413,1.93273),(-16.7861,-40.9671)]
triangle[(5.27885,-0.157812),(15.3215,14.6404),(-13.6981,34.3342)]
triangle[(19.631,5.15246),(-18.1405,12.3118),(-30.0416,-50.4767)]
triangle[(6.16798,-6.39123),(6.63733,5.39058),(-8.48935,5.99318)]
triangle[(15.6322,-3.60121),(-6.55511,-13.6075),(8.3304,-46.6138)]
triangle[(10.7856,13.2349),(7.05836,-7.96753),(35.2509,-12.9236)]
triangle[(-20.8236,-13.6197),(-13.2825,19.7557),(-57.3521,29.7131)]
triangle[(-2.88867,-1.79792),(-4.13704,-4.97886),(0.718501,-6.88443)]
triangle[(-18.9732,-3.97913),(-16.9625,-13.771),(-4.62919,-11.2384)]
triangle[(-16.4487,-15.0264),(8.9391,12.9162),(-25.6319,44.3264)]
triangle[(13.1018,-19.4036),(-15.1203,17.6989),(-54.6317,-12.3554)]
triangle[(1.3965,7.12967),(12.1633,-4.70619),(27.8555,9.5686)]
triangle[(18.7363,8.68044),(11.1987,18.4717),(-5.80535,5.3815)]
triangle[(-7.7986,-11.4046),(-20.6548,0.346233),(-36.1023,-16.5543)]
triangle[(14.214,8.39679),(20.4745,8.74312),(20.0397,16.603)]
triangle[(3.43295,12.0616),(-9.5818,17.4417),(-17.8367,-2.52748)]
triangle[(-12.3702,-15.4191),(11.0188,11.1005),(-22.3867,40.5625)]
triangle[(4.36022,-7.51992),(-16.4446,-18.0713),(-1.19041,-48.1489)]
triangle[(13.1182,-18.3348),(3.98764,17.22),(-46.7011,4.20299)]
triangle[(8.27129,15.5163),(-6.17541,18.3899),(-9.09129,3.73041)]
triangle[(1.64795,16.5012),(6.19296,15.2887),(8.54141,24.0917)]
triangle[(-3.02904,3.37517),(14.5821,11.2121),(-0.847319,45.8853)]
triangle[(3.15894,1.07531),(-11.0122,-17.2875),(25.1181,-45.1704)]
triangle[(-2.18097,-3.11818),(11.0692,-19.2324),(29.8932,-3.75419)]
triangle[(-2.39561,-15.1536),(-10.4677,1.78282),(-39.723,-12.1606)]
triangle[(-14.2151,-18.6756),(-6.27054,8.02092),(-40.9545,18.3424)]
triangle[(-7.22665,6.118),(4.26902,-13.4872),(33.6223,3.72428)]
triangle[(9.75191,-11.5324),(18.0026,5.97111),(-4.17574,16.4254)]
triangle[(-13.376,6.33998),(13.7796,-1.02237),(22.9615,32.8446)]
triangle[(-17.2747,10.835),(2.83697,-8.19105),(30.8502,21.4206)]
triangle[(10.361,-7.76329),(-20.6861,-2.96875),(-29.8393,-62.2407)]
triangle[(-5.84747,2.7049),(-8.2025,19.8949),(-33.8546,16.3805)]
triangle[(16.3951,-18.7913),(-12.0792,-3.58159),(-39.2558,-54.4592)]
triangle[(17.9956,1.94553),(-17.7764,16.6152),(-41.3847,-40.9537)]
triangle[(4.61639,10.981),(-4.44052,-10.3015),(25.1414,-22.8903)]
triangle[(8.9958,-9.96135),(-7.38345,10.485),(-45.7729,-20.2681)]
triangle[(-8.65279,-4.55991),(-20.0702,-12.8187),(-9.73028,-27.1131)]
triangle[(-0.247527,-16.1248),(11.2593,-5.92952),(-4.76406,12.155)]
triangle[(8.09871,3.45256),(-19.9423,6.43292),(-25.4342,-45.2382)]
triangle[(-5.19059,-19.7579),(-0.519628,-12.6236),(-12.0703,-5.06121)]
triangle[(7.06587,10.3488),(17.0007,16.9309),(6.54514,32.7121)]
triangle[(-10.7667,-9.25275),(-7.91079,5.35677),(-33.2874,10.3174)]
triangle[(7.08065,4.96952),(3.51603,-7.66624),(20.163,-12.3625)]
triangle[(-10.2058,6.89505),(2.27251,18.0657),(-18.2023,40.9374)]
triangle[(7.18858,20.3512),(-9.71151,-3.6284),(36.1308,-35.9366)]
triangle[(-3.20281,12.6784),(15.8159,-0.75856),(37.7794,30.3287)]
triangle[(-20.5381,-12.7856),(14.2254,-15.2195),(17.7056,34.4885)]
triangle[(0.855368,-3.29982),(14.9482,13.2467),(-3.571,29.0196)]
triangle[(-15.024,-4.2681),(-0.607974,-14.7103),(12.8442,3.86096)]
triangle[(5.8928,0.624739),(-2.65207,20.1933),(-38.4839,4.54683)]
triangle[(-6.00521,-16.0598),(-8.75307,-0.597775),(-27.8921,-3.99911)]
triangle[(12.209,-17.8528),(-14.9694,9.10483),(-45.6536,-21.8308)]
triangle[(-11.7052,1.57682),(9.6361,3.58267),(7.34535,27.9552)]
triangle[(12.6103,7.35551),(-1.35694,10.0707),(-6.12674,-14.4652)]
triangle[(18.0434,8.33559),(-5.78014,-12.1148),(25.7566,-48.8534)]
triangle[(19.4601,2.55735),(-7.24961,-2.00969),(-1.16193,-37.6127)]
triangle[(18.8496,4.24742),(-6.31847,9.22983),(-13.3222,-26.1486)]
triangle[(1.67839,-8.46169),(14.9647,1.84223),(-5.29783,27.9695)]
triangle[(-19.2036,17.2603),(-2.15379,12.2177),(7.3691,44.4161)]
triangle[(1.41589,-18.3987),(-4.99243,-14.5196),(-11.5291,-25.3183)]
triangle[(9.05011,-9.56123),(2.13963,-14.4423),(7.83329,-22.5033)]
triangle[(19.5059,-17.2529),(5.37172,-10.0089),(-5.63942,-31.4934)]
triangle[(-13.7604,-11.9513),(-4.19606,-0.0655763),(-17.8622,10.9314)]
triangle[(0.738845,3.86088),(13.1805,13.1773),(-0.966323,32.0697)]
triangle[(-10.4219,-7.41696),(13.6165,18.9874),(-16.929,46.796)]
triangle[(-6.82073,10.7975),(13.3898,5.87196),(22.7029,44.0851)]
triangle[(-16.8962,10.3408),(12.6366,-12.8256),(50.0228,34.8348)]
triangle[(-3.79539,19.6978),(15.4289,-0.959303),(39.2052,21.1679)]
triangle[(4.10832,11.1962),(-3.49056,-20.7965),(34.427,-29.8026)]
triangle[(10.3005,6.60303),(5.92539,-15.4288),(49.3724,-24.0565)]
triangle[(-9.15978,13.3047),(5.51662,18.0111),(-1.42237,39.6496)]
triangle[(0.477312,-2.75144),(14.7019,17.1815),(-5.86195,31.8563)]
triangle[(-16.0834,-1.04453),(11.4719,-6.76048),(19.3927,31.4241)]
triangle[(-14.9394,15.032),(9.76335,-6.58504),(43.0648,31.47)]
triangle[(-5.76227,6.30014),(-15.1967,-12.8123),(16.5241,-28.4706)]
triangle[(-15.7834,-0.332133),(10.3996,-18.2917),(41.6952,27.3339)]
triangle[(-1.46322,8.33292),(-3.98488,18.5612),(-16.4696,15.4833)]
triangle[(17.0036,-1.41162),(-5.81163,-1.88975),(-4.96929,-42.0846)]
triangle[(-0.0111203,-20.1197),(-13.2126,20.2256),(-68.3052,2.19868)]
triangle[(7.24143,16.0599),(12.5685,6.33034),(26.4132,13.9104)]
triangle[(-1.13571,-0.253842),(12.6179,-2.62367),(15.3666,13.3287)]
triangle[(8.20102,-10.6467),(15.3611,-9.30641),(13.3967,1.18773)]
triangle[(-11.3721,-14.522),(12.4273,-5.84217),(-3.67335,38.3044)]
triangle[(-8.28609,-14.8878),(19.1836,-3.35168),(0.131939,42.014)]
triangle[(0.064646,4.10048),(-0.18342,0.822388),(5.03399,0.427567)]
triangle[(14.4982,14.4772),(-14.5806,14.2127),(-14.0587,-43.1622)]
triangle[(-5.76738,-18.2603),(12.5305,-10.8794),(3.25897,12.1055)]
triangle[(9.39177,-6.3628),(-20.3543,-14.6305),(-5.86665,-66.7549)]
triangle[(6.08184,-1.29893),(-1.96156,-5.73077),(5.19381,-18.7172)]
triangle[(-2.8445,-14.7447),(-17.4808,-0.592245),(-32.6743,-16.3052)]
triangle[(18.9039,6.74961),(15.0251,15.619),(4.4252,10.9833)]
triangle[(5.20151,-4.78759),(-3.26026,-0.19618),(-11.8625,-16.0497)]
triangle[(-2.48321,16.5778),(7.13823,-13.2249),(45.9171,-0.705596)]
triangle[(8.84999,-10.9687),(-1.97726,-13.3537),(1.75707,-30.3063)]
triangle[(-6.75776,11.9715),(12.8866,0.95524),(33.8224,38.2882)]
triangle[(19.216,-13.5208),(-10.2812,1.07643),(-28.8529,-36.4519)]
triangle[(-5.03131,-13.3511),(18.701,-4.62524),(3.90708,35.6106)]
triangle[(3.35004,13.6814),(16.6089,-12.293),(54.2694,6.93119)]
triangle[(-19.9943,20.2238),(1.06433,0.0837555),(29.4241,29.7371)]
triangle[(17.1311,18.5808),(-18.8878,6.10129),(2.0041,-54.1978)]
triangle[(14.113,11.4912),(8.78487,0.3895),(22.7759,-6.32529)]
triangle[(10.8434,-9.07027),(-19.0293,3.98844),(-44.1162,-53.3995)]
triangle[(2.24762,-4.70989),(9.24743,5.00583),(-2.54143,13.4993)]
triangle[(-5.41711,14.788),(13.6145,11.9451),(16.9543,34.3029)]
triangle[(-13.4246,-17.5271),(-4.78049,-10.716),(-12.3903,-1.0582)]
triangle[(-4.14514,-8.54679),(4.69798,-10.2997),(7.77874,5.24231)]
triangle[(16.0553,-15.573),(11.3624,16.262),(-47.1609,7.63498)]
triangle[(-15.4888,19.3477),(15.4244,-3.83732),(61.7672,57.9529)]
triangle[(18.4727,8.1771),(-20.1796,-18.419),(17.9501,-73.8333)]
triangle[(-19.7518,-3.62214),(-12.0484,-15.004),(7.84918,-1.53689)]
triangle[(-7.99526,-16.0099),(-0.21195,-12.9077),(-3.95889,-3.50663)]
triangle[(0.194438,12.2887),(7.33208,19.8512),(-3.95099,30.5004)]
triangle[(14.6686,-10.7638),(16.0548,-8.16742),(11.2404,-5.59701)]
triangle[(-19.0611,-11.9606),(13.5005,4.82523),(-8.7133,47.9162)]
triangle[(-19.7976,4.02215),(-9.10093,-6.59673),(9.48198,12.1224)]
triangle[(-19.8117,-20.6371),(8.77209,1.71852),(-23.0038,42.3471)]
triangle[(3.08282,11.7944),(17.5626,-19.1143),(50.4432,-3.71077)]
triangle[(-12.3099,7.84596),(-17.8954,1.14226),(-6.40357,-8.43256)]
triangle[(0.855897,-9.13669),(1.88686,18.4414),(-49.6597,20.3684)]
triangle[(8.20439,11.8089),(-17.9177,1.47338),(-3.51707,-34.9228)]
triangle[(3.63349,-19.2525),(17.9179,-2.24966),(-2.86631,15.2117)]
triangle[(5.97906,4.92368),(-4.20871,5.94729),(-5.52147,-7.11827)]
triangle[(20.621,-6.01351),(4.69868,5.63873),(-11.918,-17.0673)]
triangle[(9.69504,-18.4654),(-8.98612,11.5269),(-53.5077,-16.204)]
triangle[(-19.5001,-2.41312),(16.178,-3.71679),(18.1844,51.1926)]
triangle[(3.71092,-12.0475),(3.75004,3.17263),(-18.5086,3.22984)]
triangle[(16.9196,2.64969),(-6.73901,16.7734),(-26.4488,-16.2426)]
triangle[(9.301,-4.23406),(7.45723,-15.1506),(28.8841,-18.7695)]
triangle[(16.9094,0.367661),(3.74314,-17.2887),(30.38,-37.1517)]
triangle[(-1.85511,0.260005),(10.7122,6.20518),(3.57683,21.2885)]
triangle[(-5.29695,-20.8599),(19.7786,8.70864),(-15.5229,38.646)]
triangle[(10.9943,-5.25801),(-4.90812,1.47734),(-14.5138,-21.2022)]
triangle[(-3.72839,6.55297),(4.58126,-2.02765),(16.8179,9.82252)]
triangle[(-13.1803,0.0161548),(-2.66851,1.32487),(-4.62135,17.0104)]
triangle[(20.5753,19.86),(-9.23504,10.6446),(7.1044,-42.2106)]
triangle[(-10.7457,-18.6554),(1.58171,-14.1941),(-5.41549,5.14014)]
triangle[(6.69535,12.0775),(11.4605,-2.12615),(36.6872,6.33712)]
triangle[(9.30945,-10.442),(18.4985,-18.3475),(29.8753,-5.12375)]
triangle[(-1.92812,9.29588),(2.74758,2.60729),(15.2107,11.3197)]
triangle[(-19.7483,19.6416),(7.80925,19.4914),(8.10351,73.4675)]
triangle[(15.5485,5.9533),(-19.864,9.78907),(-26.7909,-54.161)]
triangle[(6.13237,8.05325),(-0.430299,-5.65788),(24.6017,-17.6391)]
triangle[(-8.37975,1.49626),(-20.2752,16.8444),(-42.0934,-0.0656246)]
triangle[(17.4928,-11.0403),(13.4369,6.89849),(-4.82215,2.77015)]
triangle[(-17.5177,-7.56124),(-6.49902,2.46385),(-20.0445,17.3518)]
triangle[(-3.30146,5.69767),(13.4524,0.592163),(23.0901,32.2186)]
triangle[(6.05876,-4.04665),(2.55915,9.23882),(-20.8359,3.07616)]
triangle[(-17.9691,6.1061),(-2.29337,0.217205),(6.75875,24.3131)]
triangle[(17.5222,8.59209),(15.6363,-19.0958),(51.193,-21.5176)]
triangle[(-13.759,8.88294),(-8.83221,16.562),(-18.5797,22.8158)]
triangle[(-14.547,13.6117),(-3.12389,16.6341),(-6.28881,28.596)]
triangle[(3.41564,13.4765),(17.953,7.51243),(28.9816,34.3944)]
triangle[(20.0045,19.2864),(-6.9033,11.8224),(7.24305,-39.175)]
triangle[(-14.8582,3.24995),(-18.7319,19.2743),(-39.1631,14.3352)]
triangle[(-5.72763,-8.22128),(4.40904,4.09861),(-7.96685,14.2814)]
triangle[(7.88274,18.0839),(-0.659408,-0.100556),(21.8676,-10.6826)]
triangle[(13.6139,-15.1528),(-7.37244,14.0578),(-47.2806,-14.6142)]
triangle[(-8.24979,-19.2101),(-11.2033,-9.73703),(-28.4647,-15.1187)]
triangle[(-14.9118,-8.73884),(-18.531,-12.5112),(-12.5448,-18.2543)]
triangle[(-2.44788,-3.31531),(13.7014,9.03426),(-2.34571,30.0186)]
triangle[(13.9009,5.58798),(18.1667,15.0185),(8.71073,19.2958)]
triangle[(19.6809,-7.84248),(-9.84579,7.42603),(-36.7458,-44.594)]
triangle[(-5.10998,6.60613),(-7.47839,-11.5846),(20.411,-15.2158)]
triangle[(-16.9658,-11.0644),(17.7357,3.64298),(-0.381535,46.3898)]
triangle[(11.8615,2.28557),(-11.7506,-17.7932),(10.7506,-44.254)]
triangle[(-2.64949,-14.4566),(17.5958,-8.42735),(6.88599,27.5347)]
triangle[(-15.5638,6.1313),(-2.5172,9.50454),(-8.31827,31.9412)]
triangle[(14.3014,8.44374),(-3.51536,0.660184),(4.48611,-17.6554)]
triangle[(17.1414,6.6894),(-9.33564,9.50887),(-12.662,-21.728)]
triangle[(8.17054,1.96102),(-10.4138,4.04041),(-14.082,-28.7435)]
triangle[(-3.00891,12.4532),(13.7035,10.828),(15.4064,28.3383)]
triangle[(10.9543,7.19135),(-8.14851,11.5408),(-13.6468,-12.608)]
triangle[(-8.97539,10.3225),(-17.5452,-9.61863),(2.96932,-18.4348)]
triangle[(-10.3837,-5.29361),(18.469,3.97006),(2.79347,52.7931)]
triangle[(-2.24351,10.4597),(5.36997,-3.40697),(20.4171,4.85465)]
triangle[(5.83587,16.6519),(20.7507,14.6847),(23.0194,31.8864)]
triangle[(1.19655,6.31885),(14.0539,11.6182),(8.56995,24.9233)]
triangle[(-8.91076,-0.00865915),(-1.12795,12.6301),(-18.4133,23.2743)]
triangle[(-6.56173,2.39629),(-12.6081,-9.05124),(-0.431892,-15.4824)]
triangle[(-14.8134,11.1907),(4.13844,-18.1419),(36.4349,2.72493)]
triangle[(-20.4019,-16.074),(9.38382,8.61912),(-30.5441,56.7817)]
triangle[(6.23159,9.10908),(-7.67951,3.67292),(-2.20509,-10.3361)]
triangle[(5.48482,-2.47059),(19.1257,7.71636),(5.33986,26.1763)]
triangle[(17.7773,12.4063),(10.4857,19.4411),(-0.472074,8.08318)]
triangle[(-11.0198,-9.18446),(1.02139,-16.2915),(13.616,5.04683)]
triangle[(-2.46031,-5.77769),(12.3214,5.73449),(-7.54387,31.2416)]
triangle[(6.35116,15.7011),(-9.44637,-6.2363),(29.585,-34.3435)]
triangle[(11.2627,-17.9575),(-10.2946,14.906),(-51.7564,-12.2916)]
triangle[(-19.6189,-13.7133),(12.5807,8.69272),(-11.3188,43.0387)]
triangle[(-8.45536,6.54666),(-14.7081,-17.1796),(12.9104,-24.4581)]
triangle[(-14.8288,7.02333),(-17.7953,-15.4721),(26.9866,-21.3777)]
triangle[(5.48568,11.1819),(2.86918,-20.1025),(46.8103,-23.7775)]
triangle[(1.22493,-0.0262266),(-14.5252,-19.5691),(13.5923,-42.2297)]
triangle[(-20.5686,-3.25749),(-7.87463,1.80949),(-17.6503,26.2999)]
triangle[(-4.29232,20.857),(-18.5498,-14.0719),(28.193,-33.1516)]
triangle[(9.69423,20.5148),(13.2737,4.51941),(36.6237,9.74466)]
triangle[(-8.35109,-12.7118),(-12.9772,-20.0576),(-3.47382,-26.0426)]
triangle[(-10.0051,-13.1096),(-1.07681,14.1813),(-39.9431,26.8965)]
triangle[(-11.7876,-19.3665),(6.1064,7.77461),(-31.5095,32.5746)]
triangle[(-15.1736,3.1813),(-15.1805,19.2098),(-33.3621,19.202)]
triangle[(-1.90484,11.0124),(9.52042,10.2014),(10.5843,25.1889)]
triangle[(-16.5294,11.1633),(0.437566,-20.9715),(62.0238,11.5457)]
triangle[(13.6489,10.5629),(-5.49925,-4.91091),(12.9029,-27.6828)]
triangle[(-15.7066,15.8628),(-14.9763,7.91054),(0.796756,9.35901)]
triangle[(-8.70437,14.5325),(8.29429,5.93121),(18.5048,26.1101)]
triangle[(11.2927,-8.03892),(13.4979,-5.19589),(10.2028,-2.64005)]
triangle[(-3.5901,9.26249),(12.8109,-2.50269),(32.2509,24.5972)]
triangle[(0.60952,-0.318523),(-17.6491,-4.6017),(-12.9783,-24.513)]
triangle[(9.85124,-5.09905),(-12.7945,7.18449),(-27.8276,-20.5303)]
triangle[(14.6741,-19.2757),(3.18153,-11.3808),(-6.42772,-25.3689)]
triangle[(10.1619,-11.7135),(8.29455,-14.2724),(10.9678,-16.2232)]
triangle[(12.3348,-1.32233),(-18.9224,-15.5833),(1.34249,-59.9996)]
triangle[(0.303588,1.47916),(-0.778155,-15.3132),(27.6332,-17.1434)]
triangle[(7.26779,-12.3614),(9.11525,-18.8908),(19.01,-16.0912)]
triangle[(5.02023,20.8721),(-13.5839,-3.44105),(16.4574,-26.4283)]
triangle[(-8.62922,-14.5453),(-17.3865,-0.0380583),(-41.4574,-14.5684)]
triangle[(7.32101,-11.2342),(19.9315,12.7694),(-19.0939,33.2718)]
triangle[(8.20605,17.2717),(-9.24097,17.4745),(-9.6421,-17.0348)]
triangle[(0.495373,17.8143),(19.0523,5.16014),(34.2798,27.4907)]
triangle[(-7.01404,16.7014),(18.6628,13.4014),(24.0162,55.0548)]
triangle[(4.89038,-19.9959),(-13.3073,-2.74385),(-38.0228,-28.814)]
triangle[(-5.42557,9.60383),(-5.07108,15.1874),(-16.0228,15.8827)]
triangle[(2.51687,11.2837),(-17.0336,-16.2138),(20.1503,-42.6512)]
triangle[(-11.9186,3.97849),(-0.100472,0.377245),(4.6278,15.894)]
triangle[(10.8577,14.157),(7.88031,-1.94442),(26.1798,-5.32822)]
triangle[(-4.11816,-5.29423),(-19.9921,-5.09564),(-20.3245,-31.6696)]
triangle[(9.25344,-13.4434),(13.7602,14.676),(-36.1925,22.682)]
triangle[(-1.28488,-13.7187),(-19.8306,1.92247),(-44.8053,-27.69)]
triangle[(4.56471,5.79399),(-2.41332,-15.6756),(33.5673,-27.37)]
triangle[(-3.9379,9.78009),(13.2361,-11.4695),(54.1852,21.6258)]
triangle[(8.98566,-9.8653),(-17.6341,7.3852),(-44.0934,-33.4449)]
triangle[(-7.67292,18.0511),(3.46456,10.031),(12.4381,22.4924)]
triangle[(-5.05126,14.1173),(-17.6314,-16.5307),(32.0875,-36.9388)]
triangle[(3.07309,-14.2554),(13.8684,5.03765),(-19.6336,23.7834)]
triangle[(7.69486,-15.9769),(-1.45462,7.62608),(-32.4116,-4.37413)]
triangle[(-20.7866,-15.5412),(-2.4937,-2.83001),(-16.3964,17.1776)]
triangle[(9.83247,-8.71848),(16.3795,8.57922),(-7.51959,17.6247)]
triangle[(12.5754,12.5605),(-11.725,1.5591),(7.14343,-40.1183)]
triangle[(13.1436,2.61761),(9.05352,7.34752),(-0.185638,-0.641847)]
triangle[(-20.8308,-8.27142),(-9.28237,-2.09219),(-18.4449,15.0319)]
triangle[(7.08133,10.2897),(0.736487,-14.3438),(39.7946,-24.404)]
triangle[(8.08011,14.4639),(-8.19519,-4.48001),(20.9135,-29.4882)]
triangle[(-3.34003,-11.5427),(-10.8724,15.1666),(-62.5327,0.597718)]
triangle[(-13.7807,-14.5761),(-9.0449,-14.4185),(-9.2775,-7.42905)]
triangle[(-13.8917,6.31032),(14.7673,-6.71811),(29.2075,25.0465)]
triangle[(20.7276,-2.58588),(-20.8576,-1.79107),(-21.9872,-60.8948)]
triangle[(-4.47659,3.95082),(-4.96562,19.8242),(-32.4169,18.9785)]
triangle[(7.43465,-15.9771),(5.96959,8.6687),(-43.093,5.75219)]
triangle[(-17.0713,-4.15543),(13.6711,-20.2658),(31.9805,14.6728)]
triangle[(-5.24861,3.98044),(0.46202,10.4131),(-7.73545,17.6904)]
triangle[(2.846,1.46055),(16.4948,2.78137),(14.7918,20.3795)]
triangle[(6.04673,-9.49108),(-18.1552,-12.5095),(-13.5283,-49.6088)]
triangle[(3.4479,12.8035),(2.20435,17.2766),(-3.39569,15.7198)]
triangle[(-15.9357,-15.3693),(2.81258,-12.7489),(-1.41638,17.5082)]
triangle[(17.536,10.0767),(-18.4619,-2.44194),(-1.93132,-49.9763)]
triangle[(-15.686,-2.53332),(-2.33209,3.09907),(-11.6388,25.1646)]
triangle[(0.282024,16.4126),(-18.6243,-9.69068),(12.8864,-32.5135)]
triangle[(13.8108,-6.31034),(10.4986,-7.35218),(12.1126,-12.4833)]
triangle[(14.1262,-12.108),(-3.75722,-2.67098),(-20.4154,-34.2388)]
triangle[(-1.95544,18.0815),(-19.0901,10.0381),(-4.99562,-19.9869)]
triangle[(13.1602,-14.0788),(-16.6153,15.0484),(-67.2616,-36.7251)]
triangle[(1.44442,-12.1271),(17.7327,-10.8179),(15.8473,12.6371)]
triangle[(8.74402,0.506783),(-1.4309,-4.71092),(7.69274,-22.5027)]
triangle[(-16.0056,-1.92194),(-11.3591,-16.6484),(8.85093,-10.2717)]
triangle[(-1.06604,-19.3902),(-13.1354,-9.70594),(-25.1537,-24.6841)]
triangle[(15.4581,-3.27819),(-4.70048,0.642561),(-9.48745,-23.9697)]
triangle[(-5.68871,-6.14992),(-11.9122,0.886748),(-22.5661,-8.53598)]
triangle[(1.10573,-6.05301),(3.60435,1.11306),(-10.5985,6.0652)]
triangle[(3.04764,15.4331),(14.0937,-6.74741),(39.8794,6.09405)]
triangle[(1.33283,-19.6892),(-1.75864,-15.2863),(-9.76022,-20.9046)]
triangle[(17.5234,-16.979),(18.9947,2.28495),(-8.84958,4.41157)]
triangle[(10.3707,-4.24932),(4.55125,-3.72173),(3.91223,-10.7703)]
triangle[(16.0451,-11.5211),(-12.079,10.4869),(-35.1142,-18.95)]
triangle[(14.5304,20.2195),(-3.43609,-0.963627),(21.3782,-22.0099)]
triangle[(4.30928,17.9147),(-19.241,16.9466),(-18.1064,-10.6521)]
triangle[(6.16435,-15.6419),(10.465,14.7547),(-29.6913,20.4363)]
triangle[(-13.7355,20.3035),(-13.0654,13.2631),(-5.89574,13.9455)]
triangle[(-12.6392,-4.34787),(16.3398,18.1345),(-23.2748,69.1962)]
triangle[(-1.29648,-8.4762),(-5.23839,13.2178),(-46.0303,5.80568)]
triangle[(2.7202,18.7135),(-15.4342,0.725332),(16.3404,-31.3429)]
triangle[(-13.3572,19.7671),(6.97349,-16.5655),(50.6616,7.88106)]
triangle[(-7.10884,2.26385),(-6.66035,13.9667),(-19.8635,14.4727)]
triangle[(-0.136861,-18.3684),(0.384459,16.5722),(-48.5683,17.3026)]
triangle[(8.98757,-10.0977),(20.7345,-6.47081),(16.0546,8.68682)]
triangle[(10.9435,-0.324058),(-18.012,-16.7056),(3.13594,-54.0861)]
triangle[(-7.03069,-13.3161),(-8.44204,10.9699),(-49.9184,8.55958)]
triangle[(-19.3436,10.4753),(20.2333,9.17122),(21.6575,52.3951)]
triangle[(8.90268,18.8308),(2.03763,-7.29413),(34.4302,-15.8062)]
triangle[(7.99076,-19.7451),(13.6295,3.37465),(-14.3045,10.1875)]
triangle[(9.80006,-2.03751),(1.58571,1.14645),(-2.6346,-9.74164)]
triangle[(17.3005,10.274),(-16.5206,-1.01161),(3.66067,-61.4911)]
triangle[(3.31902,15.5378),(12.9596,3.41391),(32.336,18.8215)]
triangle[(-17.8619,18.1028),(-18.9359,7.71342),(-2.15475,5.97876)]
triangle[(-19.2443,1.15331),(-20.4529,-1.62281),(-16.8138,-3.20702)]
triangle[(11.7856,-13.0797),(-17.0063,-20.8176),(-8.58365,-52.1573)]
triangle[(-6.68864,3.9706),(-2.81689,-17.4616),(30.9146,-11.368)]
triangle[(-0.650814,-12.5936),(1.49,13.0646),(-26.5459,15.4038)]
triangle[(16.8534,-15.6904),(6.9438,8.27968),(-39.0349,-10.7287)]
triangle[(-10.3981,-8.59571),(19.9298,7.27109),(1.9545,41.6292)]
triangle[(14.7516,20.3397),(-8.49061,-19.5897),(68.6605,-64.498)]
triangle[(0.882396,6.20654),(-0.805679,11.3402),(-8.83578,8.69967)]
triangle[(7.88831,-6.34484),(0.621305,2.5086),(-13.5134,-9.09335)]
triangle[(1.36691,-12.2375),(19.2946,0.202827),(5.12323,20.6252)]
triangle[(-1.34164,16.0196),(5.97385,-10.8999),(34.0292,-3.27576)]
triangle[(-18.1484,16.6597),(6.40461,-17.5186),(45.7846,10.7711)]
triangle[(4.89923,1.22496),(-17.228,16.0326),(-45.4835,-26.19)]
triangle[(-16.8828,19.821),(10.3267,20.0003),(10.0179,66.847)]
triangle[(1.95799,18.9936),(4.91699,-19.1624),(73.6444,-13.8326)]
triangle[(-16.321,20.2524),(-11.2965,4.63586),(13.4322,12.5921)]
triangle[(-11.9036,-17.1677),(4.08481,18.5317),(-37.1337,36.9919)]
triangle[(-7.19477,1.68326),(-13.0103,-19.0397),(23.1088,-29.176)]
triangle[(7.67765,-0.66045),(18.9805,1.696),(15.8867,16.5354)]
triangle[(-16.9196,-20.4348),(-13.2415,16.1846),(-56.6019,20.5398)]
triangle[(-11.677,13.4358),(-11.0859,-16.5936),(35.8966,-15.6686)]
triangle[(-9.99367,-0.995388),(13.7455,11.1727),(-5.29088,48.3116)]
triangle[(-14.5978,6.58343),(7.05871,6.22324),(7.53608,34.9248)]
triangle[(-5.69729,-15.3321),(-7.1677,-18.3896),(-1.69103,-21.0235)]
triangle[(7.69454,-18.3525),(16.6314,9.41395),(-12.1217,18.6684)]
triangle[(-4.16233,-11.9206),(-19.6231,2.00858),(-45.5052,-26.7193)]
triangle[(19.5554,-7.85285),(5.69529,5.26811),(-12.7924,-14.2611)]
triangle[(0.893305,-13.0259),(9.54878,-0.76306),(-12.0656,14.4929)]
triangle[(-0.193476,19.7901),(-10.4866,-7.44796),(30.7498,-23.0309)]
triangle[(20.8452,-6.19713),(4.98685,-3.39454),(2.12907,-19.5653)]
triangle[(6.77869,20.6047),(1.72552,8.89692),(24.5824,-0.968283)]
triangle[(11.2421,10.2041),(9.66821,-19.625),(61.8241,-22.3769)]
triangle[(-0.851481,-13.1777),(-2.01956,11.2349),(-34.3579,9.68761)]
triangle[(14.7143,-9.83949),(16.6696,11.4861),(-25.7257,15.3732)]
triangle[(1.1356,17.3031),(-2.04488,-19.7681),(64.5316,-25.4799)]
triangle[(-16.2075,6.61488),(16.5606,-11.4811),(35.8189,23.3917)]
triangle[(8.04847,-12.5512),(18.594,-17.9015),(26.5317,-2.25603)]
triangle[(-4.89067,16.5325),(-6.2197,-4.95492),(27.4131,-7.03516)]
triangle[(-3.40025,-4.03294),(-13.5877,17.7059),(-46.0024,2.51539)]
triangle[(-12.3244,4.80001),(17.8084,-13.1328),(42.0626,27.622)]
triangle[(-5.15398,-18.0628),(2.99048,8.67854),(-49.5759,24.6884)]
triangle[(20.585,-9.33476),(-10.4972,15.9049),(-46.9752,-29.0172)]
triangle[(-9.94136,-13.1188),(14.1958,-8.98571),(7.62006,29.4172)]
triangle[(13.8269,8.20512),(17.2526,-12.1197),(51.9801,-6.26636)]
triangle[(-7.59726,7.07409),(-0.381392,5.19345),(2.89905,17.7802)]
triangle[(-18.3224,2.58215),(-13.6579,-2.63431),(-8.26381,2.189)]
triangle[(18.7935,16.7554),(1.35378,-20.2973),(49.4966,-42.9568)]
triangle[(8.55971,-15.9173),(-15.329,-15.0547),(-16.7728,-55.0437)]
triangle[(1.8825,-3.04015),(-16.7701,-2.05474),(-18.7315,-39.1803)]
triangle[(-3.58684,-4.09914),(6.41586,4.25985),(-5.4859,18.502)]
triangle[(-1.4463,-9.25008),(-14.9022,-8.6106),(-15.6934,-25.2595)]
triangle[(-18.3156,-13.1679),(-6.68008,8.87635),(-44.5063,28.842)]
triangle[(-11.0999,-0.946273),(1.8759,19.1083),(-22.7847,35.0644)]
triangle[(5.88762,-1.12133),(10.332,-10.8768),(27.5263,-3.04349)]
triangle[(0.804429,-2.55435),(15.0257,18.6623),(-16.3791,39.7127)]
triangle[(15.5562,6.57009),(-16.4924,0.264588),(-4.84941,-58.9123)]
triangle[(2.27883,19.8139),(-10.6221,7.36432),(2.83856,-6.58441)]
triangle[(-1.09124,-10.2482),(11.9918,-2.01103),(0.0672481,16.9286)]
triangle[(10.294,-20.008),(-4.34575,-1.48312),(-25.5843,-18.2674)]
triangle[(-1.01964,-14.8025),(-2.3057,-3.11484),(-16.3395,-4.65906)]
triangle[(18.9562,20.6949),(12.4836,-5.57323),(61.1547,-17.5661)]
triangle[(0.925107,9.92964),(4.57659,18.5891),(-7.98745,23.8871)]
triangle[(4.9396,-19.2923),(-5.5049,-2.48467),(-25.3447,-14.8134)]
triangle[(-17.4719,15.4759),(4.31478,-18.2412),(57.0489,15.8337)]
triangle[(-2.84523,-14.204),(-4.05484,-8.89699),(-10.6812,-10.4073)]
triangle[(-13.6686,2.77432),(20.962,-12.4551),(40.9694,33.0405)]
triangle[(20.6443,14.0136),(13.4072,-1.39598),(42.9941,-15.2916)]
triangle[(9.13105,9.9463),(7.85413,1.59604),(21.0029,-0.414672)]
triangle[(0.242908,12.1102),(19.2409,-20.1274),(53.347,-0.0282318)]
triangle[(-8.47664,1.174),(-4.59381,13.418),(-18.6249,17.8676)]
triangle[(-17.0549,-19.3241),(8.37231,11.4877),(-29.3699,42.6343)]
triangle[(-1.6888,12.6987),(13.7844,19.8998),(1.14819,47.0515)]
triangle[(-20.5576,6.81076),(-3.31772,12.6695),(-14.7002,46.1635)]
triangle[(20.0526,11.3536),(-15.0372,-13.626),(16.8432,-58.4096)]
triangle[(13.0552,8.58843),(-8.08605,-19.2376),(36.3215,-52.9769)]
triangle[(7.28667,5.10836),(-12.4067,-8.38777),(11.6929,-43.5535)]
triangle[(13.904,17.4278),(-6.61638,16.2311),(-4.78002,-15.2567)]
triangle[(18.0812,-20.5316),(3.19137,-1.18334),(-30.5695,-27.1647)]
triangle[(-17.0015,4.73848),(15.6699,-8.63856),(29.8614,26.0221)]
triangle[(-18.4742,18.1992),(-16.7471,1.13835),(8.39315,3.68331)]
triangle[(6.37519,-7.79785),(3.92026,-13.0833),(9.47553,-15.6636)]
triangle[(-8.18084,17.2575),(-11.7349,-11.9282),(35.581,-17.6901)]
triangle[(-11.1155,1.34757),(13.6259,8.15687),(4.95824,39.6508)]
triangle[(-3.75435,3.42073),(-15.8294,7.47492),(-22.7776,-13.2196)]
triangle[(9.6607,-14.9089),(-3.59693,-15.3886),(-2.78312,-37.8809)]
triangle[(6.94605,19.2386),(16.563,-12.0481),(72.2171,5.05897)]
triangle[(0.611412,-9.48356),(11.1591,1.32251),(-3.46623,15.5982)]
triangle[(0.548961,-19.1654),(-4.61191,-16.7807),(-9.08834,-26.4681)]
triangle[(2.76618,-10.4037),(5.38954,3.21777),(-14.3927,7.02762)]
triangle[(4.59229,-4.2133),(20.4693,3.57454),(9.66435,25.6026)]
triangle[(-5.51702,1.69058),(17.3351,-16.5013),(36.0046,6.95078)]
triangle[(-20.2059,-20.7237),(-0.20824,1.82297),(-42.645,39.462)]
triangle[(-15.9176,-12.1879),(-17.1166,17.1752),(-52.3244,15.7375)]
triangle[(-2.46441,-2.05484),(6.36527,9.54087),(-15.7759,26.4005)]
triangle[(18.9233,15.6169),(-18.6574,15.2649),(-18.1339,-40.6272)]
triangle[(-14.5694,-18.9184),(-1.97183,-2.25437),(-31.8251,20.314)]
triangle[(-11.2585,-19.8995),(-16.9215,6.61781),(-51.4116,-0.747965)]
triangle[(20.672,-20.1362),(15.9993,19.178),(-57.5238,10.4394)]
triangle[(8.08363,-17.4814),(18.7322,-5.11906),(1.00111,10.1539)]
triangle[(1.40057,-7.86835),(-0.681965,-0.241269),(-11.7226,-3.25585)]
triangle[(10.4973,-5.04613),(-11.4232,-9.54884),(-6.12939,-35.3208)]
triangle[(-18.4465,-1.56574),(12.9397,18.8466),(-23.3521,74.6495)]
triangle[(-9.65212,-7.58233),(-16.5592,-8.89509),(-15.0503,-16.8342)]
triangle[(10.4478,-0.43429),(-7.73806,-18.3414),(17.3465,-43.8165)]
triangle[(9.69563,13.508),(13.4574,2.94514),(30.3258,8.95255)]
triangle[(2.23055,12.5025),(-5.56799,-9.72201),(21.6267,-19.2646)]
triangle[(-9.5619,-7.36239),(-20.7467,-19.9908),(2.07959,-40.2076)]
triangle[(18.2691,7.36219),(13.9252,-2.6613),(27.2113,-8.41917)]
triangle[(19.0716,-11.2307),(7.34003,8.13144),(-14.1237,-4.87355)]
triangle[(-15.1087,-7.39396),(-13.2137,-8.85916),(-11.2031,-6.25877)]
triangle[(-12.607,5.34369),(-5.44109,-5.45775),(15.0536,8.13893)]
triangle[(17.8941,-14.8923),(-11.7326,7.09365),(-45.1833,-37.9821)]
triangle[(14.188,-5.41156),(-15.3768,-9.49705),(-9.55227,-51.6468)]
triangle[(15.984,9.14978),(-17.0343,-16.2643),(21.8562,-66.7914)]
triangle[(16.9064,18.5433),(-4.74425,-18.7013),(42.8534,-46.3702)]
triangle[(-10.6028,3.71615),(17.445,11.6601),(3.60166,60.5372)]
triangle[(3.487,-18.4498),(-16.4761,16.4855),(-83.6909,-21.923)]
triangle[(-7.16919,-14.8776),(2.87779,-2.89282),(-20.2448,16.4912)]
triangle[(-13.9986,-11.1122),(8.81387,-8.16626),(4.01257,29.013)]
triangle[(12.0947,14.3089),(-1.7602,-19.0424),(64.8068,-46.6959)]
triangle[(-7.78316,6.68654),(8.73631,9.64767),(5.11292,29.8617)]
triangle[(6.35543,-16.1648),(2.29609,20.0123),(-35.958,15.72)]
triangle[(3.10932,-16.0592),(-14.1747,-0.812366),(-40.6848,-30.8646)]
triangle[(10.0004,11.913),(-6.39885,5.29011),(2.3796,-16.4465)]
triangle[(-20.6199,14.6343),(16.4152,17.8373),(11.7914,71.2998)]
triangle[(7.73396,-2.44237),(13.9209,1.27554),(9.3003,8.96457)]
triangle[(-19.8921,6.57771),(16.5939,10.3918),(9.58365,77.4538)]
triangle[(6.63504,-3.95502),(11.4921,3.098),(2.45007,9.32473)]
triangle[(-9.94554,5.28853),(-4.98526,-5.05206),(9.67325,1.97948)]
triangle[(4.10756,-14.3239),(10.3385,15.0483),(-33.0636,24.2555)]
triangle[(-18.2654,0.252885),(-9.87805,-0.490668),(-9.00523,9.35478)]
triangle[(-13.5319,-15.1087),(8.92489,-11.9901),(5.01319,16.1775)]
triangle[(-6.51611,-4.45066),(-4.53502,-14.474),(9.31416,-11.7368)]
triangle[(-5.54949,-19.4551),(-17.4929,6.72044),(-52.8646,-9.41901)]
triangle[(1.61779,-17.974),(10.9398,16.2456),(-30.6061,27.5635)]
triangle[(10.3165,0.436399),(9.21114,11.2109),(-3.26393,9.93105)]
triangle[(-19.3108,-1.66826),(-19.2718,7.82363),(-31.3445,7.87331)]
triangle[(5.01029,-1.29295),(-12.5214,-20.8711),(22.2444,-52.0028)]
triangle[(-6.36054,-18.102),(-2.91616,2.06342),(-42.6705,8.85372)]
triangle[(-5.3833,-2.22764),(-15.9551,15.2317),(-39.9334,0.712542)]
triangle[(17.5886,-10.0778),(-19.8261,-16.2257),(-7.94132,-88.5531)]
triangle[(2.6704,-11.6211),(-17.9138,-2.70684),(-31.0449,-33.0282)]
triangle[(0.789286,8.52137),(18.4951,-15.5083),(59.6556,14.8199)]
triangle[(-13.379,-6.26707),(-2.48957,3.86833),(-15.2234,17.5495)]
triangle[(4.71999,-14.1889),(-11.5176,5.32508),(-39.5687,-18.0163)]
triangle[(-16.1869,10.3671),(9.42998,4.80225),(15.8548,34.3777)]
triangle[(-0.317833,-17.8391),(-9.49875,15.784),(-66.2357,0.291709)]
triangle[(7.16093,4.53154),(-12.5052,-4.27713),(-0.147449,-31.8668)]
triangle[(16.8413,-0.706468),(-5.19203,5.45042),(-15.864,-32.7409)]
triangle[(9.21167,-11.1998),(-1.22214,0.295057),(-14.7122,-11.9498)]
triangle[(12.1853,0.454188),(10.754,-3.54823),(16.9625,-5.76843)]
triangle[(18.7972,-1.28171),(-1.08393,-11.1965),(13.7739,-40.9894)]
triangle[(4.71809,11.01),(18.3631,1.80426),(29.6162,18.4839)]
triangle[(-0.185512,12.2155),(-7.20988,2.60715),(2.46637,-4.46686)]
triangle[(-15.9991,-6.31425),(10.9134,12.7386),(-19.2388,55.3291)]
triangle[(4.92889,-0.95961),(1.42297,5.26455),(-10.9207,-1.68836)]
triangle[(19.1644,-18.2637),(-3.11573,-16.7411),(-5.37367,-49.7821)]
triangle[(13.0347,20.0292),(-4.72434,-14.6711),(34.9272,-34.9641)]
triangle[(9.21126,-19.2669),(-20.4144,0.351011),(-49.2542,-43.201)]
triangle[(-11.2956,2.23889),(17.7391,-2.3572),(25.0814,44.0261)]
triangle[(-3.77789,-3.12425),(17.1343,-12.3255),(29.6562,16.1337)]
triangle[(-15.9858,9.47218),(2.06493,13.5139),(-2.75258,35.0295)]
triangle[(20.7755,5.43736),(-14.0894,14.5166),(-28.1661,-39.5388)]
triangle[(5.43483,18.2246),(-20.6797,-1.22834),(6.26092,-37.3948)]
triangle[(-6.78744,17.3237),(-12.8879,2.55431),(15.7621,-9.27941)]
triangle[(-20.5535,-3.31296),(-7.10896,-1.34004),(-9.72713,16.5015)]
triangle[(-5.30517,14.1798),(-14.1087,6.59012),(-4.7839,-4.2261)]
triangle[(-2.03815,-1.49436),(-0.530182,9.48774),(-13.3312,11.2455)]
triangle[(-14.2617,-6.84742),(-2.23747,-9.02617),(1.0516,9.12582)]
triangle[(-13.1157,-15.8396),(-5.5146,14.3773),(-40.3309,23.1354)]
triangle[(-14.8598,5.73445),(0.235871,17.3759),(-12.9987,34.5374)]
triangle[(15.8771,-4.7689),(3.27184,-9.05999),(11.5553,-33.393)]
triangle[(-6.99246,-10.6607),(-1.89988,20.0224),(-47.412,27.5762)]
triangle[(-0.999731,-6.91884),(7.12413,12.6544),(-22.7562,25.0562)]
triangle[(-5.86181,-13.2308),(11.4551,-9.29974),(3.78446,24.491)]
triangle[(2.04705,8.46174),(17.5036,-14.7633),(49.1349,6.28778)]
triangle[(16.2446,11.4442),(-19.3614,-7.86732),(8.19328,-58.6717)]
triangle[(-8.2746,13.0842),(15.5922,7.01667),(22.927,35.8686)]
triangle[(-3.58021,-4.77726),(-1.59959,13.404),(-26.1845,16.0822)]
triangle[(5.82412,-4.17974),(18.5268,-9.92142),(29.3967,14.1268)]
triangle[(8.14994,18.8909),(0.185042,-1.65017),(34.0243,-14.7715)]
triangle[(-6.21498,9.89609),(-14.0395,-4.80562),(1.03705,-12.8296)]
triangle[(20.0028,2.23446),(-11.2075,-5.7568),(4.48838,-67.0581)]
triangle[(8.69352,12.8877),(6.41632,0.467215),(28.2932,-3.54374)]
triangle[(7.63944,-17.8244),(18.7661,-18.4573),(19.7316,-1.48404)]
triangle[(-5.43824,0.0138326),(-8.51807,8.74148),(-20.5028,4.51229)]
triangle[(20.4847,-12.1019),(-5.15841,14.0238),(-52.7226,-32.6619)]
triangle[(-12.5996,1.79554),(3.34562,11.9635),(-13.7364,38.7512)]
triangle[(3.83983,17.7378),(-13.0777,10.5144),(0.540147,-21.379)]
triangle[(-7.45063,11.1012),(13.9526,-5.96035),(32.3923,17.1718)]
triangle[(10.6336,-3.65062),(-17.4594,-0.067418),(-23.3032,-45.884)]
triangle[(13.046,15.2135),(-14.2789,3.68811),(4.58796,-41.042)]
triangle[(8.39699,-19.0974),(17.1823,5.00218),(-26.9401,21.0866)]
triangle[(17.8165,-1.89482),(-11.2609,5.25427),(-25.4729,-52.55)]
triangle[(0.287565,17.3812),(16.5749,-6.38309),(59.3746,22.9506)]
triangle[(-14.6697,-5.98688),(6.34945,17.8216),(-31.3605,51.1136)]
triangle[(-2.29378,-9.1125),(13.3289,14.4402),(-28.5421,42.2136)]
triangle[(-5.44829,-6.10176),(4.05588,-4.05379),(1.06922,9.80668)]
triangle[(14.0637,-6.43525),(-5.34014,-17.7542),(8.16394,-40.904)]
triangle[(10.1227,-11.7828),(20.0923,9.63645),(-14.688,25.8248)]
triangle[(7.23841,18.0415),(-10.8883,15.7194),(-8.54086,-2.60496)]
triangle[(2.49498,14.252),(-14.298,19.5654),(-19.9646,1.65636)]
triangle[(-8.97139,-8.15591),(19.5836,-10.459),(23.0787,32.8755)]
triangle[(-5.4399,17.2406),(-18.1921,-7.60425),(14.9083,-24.5937)]
triangle[(-15.2775,11.1964),(6.92156,4.99),(14.6029,32.4646)]
triangle[(17.5011,-15.4076),(1.99765,0.228465),(-18.5738,-20.1685)]
triangle[(19.4688,5.55685),(3.12211,-20.7161),(34.963,-40.5271)]
triangle[(-12.6778,20.748),(-16.6018,8.53035),(2.6139,2.35869)]
triangle[(9.32033,4.77243),(19.1747,0.693352),(24.9255,14.5863)]
triangle[(8.90434,18.9805),(-3.41998,7.99048),(8.87503,-5.79729)]
triangle[(17.5171,18.1133),(8.01058,-17.553),(49.4353,-28.5943)]
triangle[(17.4119,-16.5215),(-13.1231,4.20099),(-35.6572,-29.0035)]
triangle[(-6.22763,8.64751),(-13.8756,6.09796),(-11.0645,-2.33466)]
triangle[(9.81808,1.43683),(5.60227,-13.6771),(29.5439,-20.3553)]
triangle[(12.063,11.2025),(-16.3664,-8.23952),(15.112,-54.2696)]
triangle[(17.6762,-10.8005),(1.77851,-8.95548),(-1.87375,-40.4254)]
triangle[(8.01355,7.55629),(19.8646,-12.0654),(52.6884,7.75932)]
triangle[(-2.23487,-10.1711),(-20.0629,-13.9417),(-14.0385,-42.426)]
triangle[(12.8302,18.202),(5.17474,-16.8583),(60.5694,-28.9539)]
triangle[(-10.1442,-10.9639),(-3.13111,-12.5302),(-0.309273,0.104258)]
triangle[(5.88246,-20.6748),(-11.2214,-16.9611),(-15.5343,-36.8242)]
triangle[(0.701263,19.8594),(-16.9568,-0.0767014),(5.27485,-19.768)]
triangle[(-13.1418,-4.99426),(-14.2661,6.28604),(-29.4417,4.7735)]
triangle[(-0.230468,-5.32012),(14.3575,16.0266),(-10.7153,33.1609)]
triangle[(-6.09016,-9.25077),(-15.3836,-8.80324),(-16.0518,-22.6805)]
triangle[(9.0713,-8.96042),(2.30648,0.106804),(-12.0819,-10.628)]
triangle[(10.498,14.2859),(-10.194,-9.74195),(27.2394,-41.9785)]
triangle[(0.635325,20.0022),(16.7346,-20.298),(93.8453,10.5064)]
triangle[(-9.23038,-3.46223),(11.6041,-11.5523),(21.648,14.3142)]
triangle[(11.1273,8.60301),(-12.2371,-14.0326),(21.9806,-49.3519)]
triangle[(-3.48509,-5.73469),(2.80279,8.86507),(-12.7533,15.5648)]
triangle[(-16.9178,-10.6534),(10.5659,-13.7057),(15.2825,28.7641)]
triangle[(-1.61742,9.94947),(6.98024,-4.13038),(34.9573,12.9534)]
triangle[(-0.459221,9.70612),(-18.6593,15.3002),(-29.0634,-18.5489)]
triangle[(-2.33685,7.71218),(2.72138,-16.9136),(33.3571,-10.621)]
triangle[(-10.3174,9.73186),(11.0985,4.31905),(17.3321,28.9823)]
triangle[(-3.89368,-0.766303),(-6.28349,-10.1485),(4.31417,-12.8479)]
triangle[(-20.4645,19.2738),(2.76591,2.52405),(23.4299,31.1832)]
triangle[(-13.6592,-10.8808),(2.07849,-18.6577),(12.9897,3.42307)]
triangle[(3.5291,4.12339),(-15.4088,5.42581),(-17.8804,-30.5124)]
triangle[(2.14659,15.2211),(-16.6747,12.4056),(-13.6698,-7.68253)]
triangle[(-9.3148,19.1485),(-14.9952,-9.56582),(29.2339,-18.3155)]
triangle[(4.63533,1.75404),(1.77679,-6.0467),(10.6998,-9.31648)]
triangle[(18.4497,5.0997),(12.6925,-15.5301),(42.21,-23.7677)]
triangle[(-3.40721,14.3026),(-16.5506,-11.3533),(34.1837,-37.3443)]
triangle[(6.46132,-19.8888),(19.0877,19.2239),(-53.082,42.5217)]
triangle[(5.5135,-4.81225),(9.17456,9.41325),(-15.6936,15.8133)]
triangle[(0.0175062,-2.74893),(-6.78887,-15.3703),(8.15608,-23.4297)]
triangle[(-4.93157,17.329),(4.91969,20.8742),(0.759672,32.4339)]
triangle[(9.27153,-14.3414),(-1.55574,-8.69114),(-8.06409,-21.1627)]
triangle[(6.52069,-15.4133),(-14.6015,-16.6056),(-13.2025,-41.3906)]
triangle[(-3.24022,-12.5951),(-2.32514,16.3056),(-58.6024,18.0875)]
triangle[(15.8188,15.7465),(-17.853,-13.5296),(19.7343,-56.7605)]
triangle[(14.3456,-12.2255),(0.0944799,10.9052),(-30.7103,-8.07415)]
triangle[(2.32446,-0.789948),(8.00853,-17.4941),(30.5443,-9.82563)]
triangle[(-9.00834,20.4321),(-10.513,-20.2962),(63.5616,-23.0328)]
triangle[(-16.8653,-10.7881),(-17.3319,-18.6736),(-4.56789,-19.4289)]
triangle[(-13.6801,19.9187),(10.5813,-11.6772),(43.164,13.342)]
triangle[(-8.43209,15.5759),(9.96032,4.3806),(22.5613,25.0825)]
triangle[(16.7412,-7.89058),(-6.29972,-20.9184),(6.74171,-43.9834)]
triangle[(10.523,0.504635),(-5.01268,12.8645),(-21.1748,-7.45036)]
triangle[(-11.2434,-9.05159),(-0.763847,-0.0777831),(-12.3063,13.4013)]
triangle[(-17.5181,5.22186),(15.4686,1.02332),(21.7808,50.6167)]
triangle[(-2.12655,11.5264),(-17.3897,-16.5985),(25.4423,-39.8431)]
triangle[(5.63719,19.1844),(-0.352988,-10.7779),(40.6491,-18.9752)]
triangle[(6.0307,19.5109),(0.696372,-17.5552),(62.253,-26.414)]
triangle[(6.38999,15.7373),(6.08294,-16.8484),(42.7394,-17.1938)]
triangle[(0.731512,-15.5813),(-15.9659,-2.2674),(-39.534,-31.8251)]
triangle[(14.4642,1.80711),(8.51774,-1.73911),(15.17,-12.894)]
triangle[(-13.5455,-18.3104),(-9.91883,-11.2044),(-17.41,-7.38116)]
triangle[(8.74163,14.078),(18.0914,-6.87856),(52.2571,8.36448)]
triangle[(20.2364,-4.61224),(-14.106,-5.91925),(-11.6131,-71.4199)]
triangle[(15.5188,12.4288),(4.00077,-1.67186),(30.9849,-23.7137)]
triangle[(-5.79928,16.3081),(5.05894,-1.92587),(32.1862,14.2283)]
triangle[(1.72791,-4.14875),(-18.5713,-10.2612),(-9.48604,-40.4332)]
triangle[(9.2673,-12.8429),(-8.23329,-12.7927),(-8.29916,-35.7373)]
triangle[(9.95387,-11.2981),(-18.3137,-1.14643),(-36.604,-52.076)]
triangle[(-10.8745,4.15519),(-7.29013,12.8094),(-21.9711,18.89)]
triangle[(-12.1057,-8.9713),(18.24,-9.11292),(18.4856,43.5135)]
triangle[(-19.7018,-14.3704),(11.5248,-4.00971),(-9.03623,57.9603)]
triangle[(-5.59752,-6.91854),(-9.69377,-17.586),(8.13871,-24.4336)]
triangle[(-11.6405,-19.5263),(16.6501,2.45972),(-11.9186,39.2206)]
triangle[(10.0698,5.033),(-11.8163,-16.9369),(27.7341,-56.3365)]
triangle[(0.590926,-8.12888),(-14.6469,-12.3586),(-8.39813,-34.8706)]
triangle[(12.8747,-6.29297),(8.28758,15.7692),(-27.109,8.40965)]
triangle[(-6.9204,-6.54992),(-13.3211,-12.5265),(-5.05428,-21.3799)]
triangle[(-18.8599,-16.0454),(-1.29803,14.7338),(-36.2068,34.6519)]
triangle[(0.481224,12.882),(-13.5541,-16.9611),(36.0482,-40.2892)]
triangle[(12.6985,13.13),(-12.6908,10.0384),(-8.83797,-21.6026)]
triangle[(1.26962,-7.69501),(-20.4093,-5.05407),(-23.8336,-33.1636)]
triangle[(13.2812,-5.80929),(-3.46979,2.47649),(-17.4959,-25.8794)]
triangle[(-1.96685,-19.1817),(11.0009,-6.3435),(-12.426,17.3197)]
triangle[(-4.10666,17.0362),(10.3102,-12.1495),(54.3792,9.61924)]
triangle[(1.12233,7.41312),(-12.5237,-16.0723),(33.7891,-42.9822)]
triangle[(-1.95296,3.80883),(-13.6703,4.85021),(-15.3518,-14.0698)]
triangle[(17.5433,3.91),(13.6371,3.82452),(13.796,-3.43947)]
triangle[(7.73994,10.2274),(-3.11587,-9.1132),(29.5999,-27.4765)]
triangle[(6.9225,-8.82798),(3.2773,13.3802),(-22.8189,9.0968)]
triangle[(8.77667,-4.83392),(-15.811,8.50719),(-33.5241,-24.138)]
triangle[(1.57407,10.0019),(5.20453,17.7887),(-8.57694,24.214)]
triangle[(4.93475,-10.7299),(-0.108128,13.9037),(-36.3372,6.48703)]
triangle[(-0.0511254,-7.69264),(10.99,-19.683),(24.0749,-7.63403)]
triangle[(-2.54232,19.536),(-19.6906,-7.51556),(31.4592,-39.94)]
triangle[(4.70007,1.07691),(20.016,20.9993),(-1.4472,37.4998)]
triangle[(-14.6582,13.7383),(15.4331,11.0943),(19.1516,53.4139)]
triangle[(-17.0937,-8.42139),(20.2612,-3.99287),(12.2485,63.5949)]
triangle[(16.0529,0.355176),(15.2715,-9.54034),(27.9826,-10.5441)]
triangle[(-20.2675,-17.6504),(-17.6002,-15.7029),(-20.9605,-11.1009)]
triangle[(-14.9379,-1.72587),(-5.51411,-3.96055),(-1.30048,13.8086)]
triangle[(10.2967,18.6715),(-16.0385,20.7176),(-18.4306,-10.071)]
triangle[(8.42503,-7.07694),(14.4173,8.99601),(-10.021,18.1071)]
triangle[(11.5152,-19.2087),(5.52267,-2.0515),(-22.3185,-11.7756)]
triangle[(-7.24532,-20.681),(-19.4887,-10.6236),(-37.8782,-33.0102)]
triangle[(13.1002,-2.15578),(12.0861,13.9502),(-4.06314,12.9334)]
triangle[(18.7909,-1.14726),(-9.19922,10.3487),(-22.773,-22.7003)]
triangle[(-9.76493,0.669044),(9.39526,5.71381),(-0.484479,43.2374)]
triangle[(-19.3506,3.51719),(16.7256,18.1583),(-0.18459,59.8256)]
triangle[(11.3001,-12.52),(-17.106,-20.8319),(-1.58311,-73.8815)]
triangle[(-4.71729,14.028),(-4.70989,6.5909),(9.79932,6.60533)]
triangle[(8.60365,0.760958),(-20.8798,14.0103),(-43.4568,-36.2297)]
triangle[(14.1718,-14.0071),(-7.22458,3.08862),(-29.4058,-24.6726)]
triangle[(-18.2746,-16.2793),(-12.4455,-10.1241),(-21.6821,-1.37692)]
triangle[(-2.43781,-19.4807),(-4.76317,-9.72266),(-16.9899,-12.6363)]
triangle[(3.83417,-4.80239),(2.30165,-15.8742),(17.0781,-17.9195)]
triangle[(19.2227,1.47622),(-7.54785,-13.1695),(12.5454,-49.8975)]
triangle[(15.9451,-2.57019),(-2.47716,-7.48406),(6.89683,-42.6276)]
triangle[(3.15872,-11.2852),(13.9266,14.2473),(-32.3929,33.7817)]
triangle[(5.46231,6.75885),(-19.1428,8.63545),(-21.7649,-25.7443)]
triangle[(10.7194,19.2778),(-3.54778,4.4074),(15.9933,-14.3409)]
triangle[(-6.67058,3.10939),(13.57,15.9997),(-4.8007,44.8456)]
triangle[(2.92264,17.5778),(-10.668,-15.6638),(30.2389,-32.3884)]
triangle[(16.1046,17.8617),(18.2213,18.48),(17.4001,21.2916)]
triangle[(-1.91018,5.75045),(18.4523,-3.62733),(30.3433,22.1923)]
triangle[(1.07525,18.9322),(9.38962,-19.4684),(50.2691,-10.6173)]
triangle[(-18.2411,1.84144),(-1.03771,-1.49812),(3.5631,22.2024)]
triangle[(0.0367222,-6.8557),(5.96097,2.96806),(-7.61848,11.1572)]
triangle[(6.33277,-2.3214),(0.457266,5.04257),(-12.9336,-5.64163)]
triangle[(10.7723,-14.9434),(9.20086,18.3292),(-43.119,15.8581)]
triangle[(1.75056,-11.0224),(-15.5926,11.8099),(-58.3645,-20.6791)]
triangle[(-18.0756,-1.89091),(15.9472,-2.51999),(16.6073,33.1819)]
triangle[(-15.9536,-7.48169),(-5.52783,-7.05848),(-6.04902,5.78108)]
triangle[(7.82704,2.39518),(8.59736,-12.0075),(30.0264,-10.8614)]
triangle[(9.15471,20.0295),(-6.50043,12.1272),(1.52075,-3.76348)]
triangle[(19.6311,-6.24086),(-3.4615,16.9821),(-45.07,-24.3929)]
triangle[(9.89184,-0.520954),(-8.18652,-4.37749),(-3.64866,-25.6497)]
triangle[(18.4028,2.13801),(13.5486,-11.6895),(28.83,-17.0541)]
triangle[(-0.787972,4.66638),(12.5812,16.4013),(-3.63853,34.88)]
triangle[(7.69521,-0.720624),(-20.5823,-17.7331),(11.4808,-71.0274)]
triangle[(6.24158,-13.9302),(8.67866,15.4436),(-46.4453,20.0171)]
triangle[(11.1705,-2.90322),(12.5628,-13.5967),(25.7444,-11.8804)]
triangle[(15.2649,8.62336),(17.2657,18.6375),(4.41417,21.2051)]
triangle[(-15.183,20.1131),(-11.9888,-18.6464),(44.3466,-14.0036)]
triangle[(5.41165,14.7555),(-8.42066,-10.8362),(28.184,-30.621)]
triangle[(0.936601,-9.08298),(-19.1773,2.94662),(-35.0346,-23.5674)]
triangle[(-10.8901,-14.321),(4.44026,-3.24806),(-11.6226,18.9907)]
triangle[(7.05786,-7.88909),(8.95874,-9.66644),(11.9121,-6.5078)]
triangle[(-6.22629,0.962718),(3.48387,0.515298),(4.03405,12.4555)]
triangle[(16.9417,-9.88827),(10.2249,-15.4151),(15.7597,-22.1416)]
triangle[(3.91023,6.65037),(-11.8144,10.3946),(-18.9492,-19.5699)]
triangle[(9.91585,15.5062),(-10.0497,4.18427),(10.7982,-32.5798)]
triangle[(-9.24923,-2.78949),(18.9703,4.98856),(5.62559,53.4047)]
triangle[(-15.4757,0.478147),(8.47836,-9.93582),(20.2452,17.1302)]
triangle[(-7.7562,-11.8453),(9.8192,-12.0841),(10.0764,6.84109)]
triangle[(-5.55527,6.18747),(-17.2298,18.3146),(-37.1732,-0.884351)]
triangle[(11.2297,10.2),(-13.3044,1.43501),(-2.04489,-30.0815)]
triangle[(15.1961,15.6365),(11.7001,-3.81288),(36.9005,-8.34257)]
triangle[(8.47146,0.276439),(2.74597,2.05557),(-0.148932,-7.26062)]
triangle[(2.60455,-15.9018),(-10.4035,-11.1565),(-17.7523,-31.3013)]
triangle[(-11.2553,-14.0085),(-6.90247,-13.7005),(-7.23326,-9.02605)]
triangle[(8.59198,-5.72374),(-5.38836,18.3349),(-33.9866,1.7167)]
triangle[(16.9973,4.47342),(-14.3889,2.18787),(-11.0531,-43.6203)]
triangle[(-16.0844,3.53468),(8.20047,8.40709),(-1.28494,55.6838)]
triangle[(-20.251,11.6392),(-2.49167,-1.58954),(22.957,32.5748)]
triangle[(12.2192,-16.3066),(7.14101,11.7331),(-36.6149,3.80867)]
triangle[(-10.9316,2.2526),(-7.32584,13.6953),(-29.7748,20.7693)]
triangle[(-3.59123,0.882126),(-10.8824,-3.78628),(-3.95896,-14.5995)]
triangle[(17.5643,-19.6582),(-1.42495,-3.26513),(-18.7749,-23.3627)]
triangle[(3.5617,-18.9801),(6.78757,17.5739),(-35.9307,21.3438)]
triangle[(-20.113,-5.36004),(6.39296,-20.6465),(23.6201,9.22436)]
triangle[(0.562567,20.5405),(-12.7399,-13.0499),(25.0694,-28.0232)]
triangle[(14.7136,12.3976),(7.77125,-6.39607),(43.6873,-19.6634)]
triangle[(-9.09498,-18.1997),(-13.14,-6.58385),(-29.6725,-12.3409)]
triangle[(-10.9618,18.8204),(18.0898,-2.64273),(42.9934,31.0657)]
triangle[(-17.0234,5.23284),(3.1757,0.54944),(8.64577,24.1414)]
triangle[(18.2646,7.92236),(9.79901,-8.18564),(40.874,-24.5171)]
triangle[(8.8865,18.0367),(14.6998,-2.5444),(51.5044,7.85142)]
triangle[(2.50741,-16.2506),(10.3395,4.45453),(-27.1963,18.6532)]
triangle[(0.494995,20.2998),(6.72312,18.9923),(9.28549,31.1977)]
triangle[(-5.35956,-4.82927),(-7.57116,-3.47168),(-9.93242,-7.3183)]
triangle[(16.2777,14.2653),(1.73675,5.54869),(16.0309,-18.2967)]
triangle[(-6.52163,13.3802),(-3.54627,13.0902),(-2.97146,18.9892)]
triangle[(17.2214,-10.6628),(-12.9113,-5.50278),(-18.6719,-39.1429)]
triangle[(-20.1752,-9.97959),(12.5713,-10.0915),(12.7549,43.6251)]
triangle[(-2.33432,-5.69993),(3.80286,18.6739),(-29.4022,27.0347)]
triangle[(-17.017,-18.2782),(12.3762,20.8497),(-28.7011,51.7072)]
triangle[(19.5042,4.7693),(-16.7118,-0.851476),(-9.35763,-48.2365)]
triangle[(-0.722589,17.1844),(11.9565,16.5906),(12.6762,31.9585)]
triangle[(13.1841,-17.8575),(10.5374,14.0242),(-27.1765,10.8933)]
triangle[(0.893327,8.2329),(-12.5644,11.0743),(-16.5203,-7.66258)]
triangle[(-9.14625,-6.12419),(-12.3826,-1.62954),(-20.1082,-7.19231)]
triangle[(-17.5754,-7.48577),(-8.64337,-8.16571),(-7.61518,5.34114)]
triangle[(-15.6022,-8.89255),(18.4683,-11.1288),(20.799,24.3803)]
triangle[(-9.70481,-17.0058),(3.47919,-13.0954),(-2.56389,7.2792)]
triangle[(13.513,10.6733),(11.7014,-11.4464),(53.1113,-14.8379)]
triangle[(-17.4264,-1.12748),(-3.13139,12.1692),(-24.5187,35.1623)]
triangle[(-14.6494,-4.67595),(-6.68951,7.3517),(-21.0626,16.8638)]
triangle[(-14.266,20.2087),(-18.7162,16.3657),(-14.7252,11.7441)]
triangle[(-2.99355,-13.1479),(2.0629,-5.70879),(-6.65822,0.219095)]
triangle[(7.72337,11.7729),(16.0826,-12.47),(45.8136,-2.21837)]
triangle[(13.4022,3.5402),(7.87754,-1.7245),(16.429,-10.6983)]
triangle[(6.76635,3.09265),(-12.1042,15.9358),(-28.0835,-7.54283)]
triangle[(13.0652,-2.16142),(1.28093,6.09159),(-14.6829,-16.7029)]
triangle[(0.553555,-5.19607),(-11.9331,12.4415),(-34.2281,-3.34238)]
triangle[(-5.71728,9.69915),(14.9729,-0.0578061),(30.4559,32.7748)]
triangle[(-5.02302,-12.5657),(-18.8843,2.62626),(-42.6664,-19.0728)]
triangle[(4.74955,-17.1605),(-9.12273,-16.5616),(-9.84644,-33.3244)]
triangle[(-19.5211,-1.98643),(-12.3122,15.0452),(-31.4409,23.1417)]
triangle[(2.48418,16.4352),(6.77452,12.0604),(15.1405,20.2649)]
triangle[(7.11687,11.741),(-1.23025,20.2851),(-10.3752,11.3511)]
triangle[(20.4054,-3.72651),(7.09439,19.7368),(-19.0245,4.9192)]
triangle[(-10.2211,4.96658),(-1.79403,-6.50025),(10.9439,2.86093)]
triangle[(-8.55373,-9.01959),(12.5051,-16.1934),(24.2461,18.2723)]
triangle[(-18.9543,0.682266),(-15.3141,-16.9983),(10.6739,-11.6476)]
triangle[(8.64646,2.7315),(3.53439,19.2455),(-14.3763,13.701)]
triangle[(-19.834,-19.8395),(14.9881,0.0247244),(-9.19771,42.4227)]
triangle[(12.6504,5.03566),(-1.51138,-3.17606),(10.2515,-23.4621)]
triangle[(-13.4173,20.0365),(-6.27042,-10.4079),(25.7041,-2.90173)]
triangle[(3.80118,-3.19449),(7.4426,11.3037),(-11.778,16.1312)]
triangle[(17.9711,14.2254),(-6.38936,-7.0814),(15.2754,-31.8511)]
triangle[(-11.0875,-15.1312),(8.06036,7.1624),(-32.406,41.9187)]
triangle[(-11.8697,-14.4131),(-13.1365,-5.1032),(-31.5533,-7.60917)]
triangle[(-8.02716,-11.3925),(-12.0952,-12.5882),(-10.651,-17.502)]
triangle[(-12.272,2.87846),(16.5929,-2.19278),(25.2698,47.1955)]
triangle[(-15.2814,-11.1072),(-6.28197,-6.9758),(-13.5023,8.75224)]
triangle[(1.08759,-7.73802),(12.2587,-9.2212),(14.7881,9.82963)]
triangle[(-6.88994,-2.74421),(-12.0366,14.9206),(-47.1509,4.68997)]
triangle[(-16.3743,-20.7425),(1.67584,13.3798),(-60.9188,46.4913)]
triangle[(20.1174,13.8139),(-15.8896,-4.83679),(11.4019,-57.5261)]
triangle[(0.382616,20.3362),(-1.65092,7.83363),(23.0476,3.81643)]
triangle[(17.9344,-2.91769),(-20.6969,5.71777),(-37.7004,-70.3483)]
triangle[(-1.77977,0.890329),(-5.33057,-4.07273),(4.28003,-10.9486)]
triangle[(16.3899,6.0791),(-5.57486,-9.38435),(11.2301,-33.2546)]
triangle[(-9.51792,-9.06831),(-7.63865,-5.95374),(-13.3704,-2.49531)]
triangle[(0.805479,-20.227),(-5.46673,-18.7889),(-7.64615,-28.2944)]
triangle[(15.9137,-7.74435),(5.4457,-3.91936),(0.706254,-16.89)]
triangle[(20.2613,6.98938),(7.84807,10.5293),(2.43381,-8.45668)]
triangle[(-3.82453,-8.78954),(5.45604,5.46259),(-18.6406,21.1536)]
triangle[(-2.86804,19.9076),(4.40447,8.25728),(26.7648,22.2154)]
triangle[(11.2647,-6.57967),(18.5819,15.225),(-10.7088,25.0544)]
triangle[(-10.2595,15.6317),(15.3791,17.4421),(13.1898,48.447)]
triangle[(14.5893,-13.8697),(4.43524,7.70269),(-37.8646,-12.2078)]
triangle[(4.27435,-14.2241),(-3.41859,17.74),(-61.1051,3.85641)]
triangle[(-3.70127,-6.26623),(-4.17719,-9.43049),(1.15571,-10.2326)]
triangle[(-15.8293,-7.37105),(4.24861,-14.6366),(13.2232,10.1639)]
triangle[(2.39186,16.0192),(4.27743,9.68699),(11.0534,11.7047)]
triangle[(18.2907,-11.8779),(-5.5668,11.7138),(-32.2312,-15.2512)]
triangle[(3.80177,-8.89337),(20.1047,-4.67861),(15.4813,13.2046)]
triangle[(17.5853,-10.8226),(8.2742,12.2734),(-17.5267,1.8719)]
triangle[(1.23791,-6.84552),(-6.20637,3.07345),(-20.8058,-7.88358)]
triangle[(-16.22,-3.03542),(-10.8228,5.89735),(-26.4941,15.3659)]
triangle[(-9.66842,-15.9651),(16.3986,7.54543),(-10.1172,36.9446)]
triangle[(-20.509,-13.3875),(-6.87526,5.8751),(-27.0636,20.1641)]
triangle[(-14.6735,4.23439),(-12.8686,9.7004),(-20.2173,12.127)]
triangle[(-18.4585,-12.536),(-4.71451,-7.47306),(-13.5112,16.4067)]
triangle[(-20.8724,-12.5691),(-15.0887,3.75064),(-34.0126,10.4573)]
triangle[(2.61982,4.59218),(10.165,-14.1706),(36.0613,-3.7568)]
triangle[(-15.6809,1.5776),(8.48185,11.6502),(-1.93318,36.6344)]
triangle[(7.75736,-20.68),(-12.7783,-13.405),(-23.2079,-42.8459)]
triangle[(-8.02394,-9.94616),(18.8624,8.26822),(-4.44822,42.6771)]
triangle[(-9.46464,-17.1956),(19.3799,-7.47833),(9.1138,22.9953)]
triangle[(20.8475,-11.724),(-15.2517,3.87979),(-43.0572,-60.448)]
triangle[(20.4559,-8.29156),(20.9029,13.579),(-4.04313,14.0889)]
triangle[(-13.8598,-2.63474),(-5.56791,0.362888),(-9.91332,12.383)]
triangle[(13.3106,4.78802),(17.4721,-5.10717),(35.1502,2.32752)]
triangle[(-0.124797,0.693704),(7.14118,-0.441867),(8.87217,10.6339)]
triangle[(-7.0143,15.1352),(-16.4381,-7.7201),(23.8453,-24.33)]
triangle[(-18.5671,0.186885),(-12.0042,3.36529),(-15.5783,10.745)]
