triangle[(2.15575,4.65581),(-2.46869,-5.61329),(17.7752,-14.7297)]
triangle[(-12.8533,2.53471),(12.016,1.71761),(12.9662,30.6378)]
triangle[(8.80649,-6.83049),(15.7353,2.87177),(4.77179,10.7013)]
triangle[(7.62599,4.36225),(16.753,-13.4639),(46.6895,1.86357)]
triangle[(-13.0998,15.3612),(5.81432,-6.94097),(48.3987,29.1742)]
triangle[(19.8719,7.82993),(16.6312,-2.74288),(35.8005,-8.61836)]
triangle[(-7.26347,-8.9375),(-15.3639,-18.228),(-0.626297,-31.0778)]
triangle[(3.19289,-10.7165),(10.7148,-20.2268),(21.8399,-11.4277)]
triangle[(-4.33613,7.12576),(-0.339332,-15.2765),(34.7733,-9.01205)]
triangle[(19.0754,-19.5915),(-20.7186,-11.9985),(-28.4226,-52.3736)]
