triangle[(-9.34352,20.7754),(-19.5712,11.9005),(-4.8432,-5.07248)]
triangle[(-18.8308,-9.49616),(13.9019,0.321718),(3.9611,33.4644)]
triangle[(-0.648291,2.07703),(14.8487,0.421535),(16.5494,16.341)]
triangle[(12.0503,16.4572),(7.24198,14.2368),(11.2546,5.54752)]
triangle[(-5.72483,-13.4626),(16.0566,-5.62515),(3.21191,30.0721)]
triangle[(-7.95785,-20.9646),(-15.6061,8.37324),(-59.2442,-3.00298)]
triangle[(12.8832,-19.4863),(-18.6335,3.23943),(-51.2571,-42.0039)]
triangle[(9.31071,10.8691),(-13.6779,-14.3255),(26.9205,-51.3693)]
triangle[(18.3884,-18.5629),(15.584,-15.2994),(10.3764,-19.7745)]
triangle[(-4.09375,-4.90378),(-17.8731,-18.075),(4.83622,-41.8329)]
