triangle[(10.0683,-14.8382),(2.17864,8.58056),(-35.6548,-4.16532)]
triangle[(20.792,20.999),(3.86838,-19.0929),(61.0362,-43.2247)]
triangle[(-2.12686,2.11531),(17.5621,-8.45312),(37.5975,28.8727)]
triangle[(-20.2888,-0.274445),(-9.86138,12.048),(-32.6991,31.3737)]
triangle[(-11.4089,1.58484),(1.39672,-20.4957),(35.8285,-0.527035)]
triangle[(0.562233,6.90421),(3.69054,3.86558),(8.3055,8.61675)]
triangle[(-15.0979,-8.21997),(-6.96101,2.0377),(-24.1948,15.7084)]
triangle[(13.6009,6.3943),(-19.4788,12.1115),(-25.5775,-23.1752)]
triangle[(-19.1965,10.8411),(12.732,-19.8146),(62.7235,32.2526)]
triangle[(-14.0128,-17.2258),(-16.0149,-2.65292),(-38.8294,-5.78728)]
