triangle[(13.9957,-11.5822),(10.0725,-0.565666),(-10.011,-7.71769)]
triangle[(-15.0791,8.04628),(-14.8626,2.61986),(-5.45274,2.99519)]
triangle[(2.89374,-1.11094),(-15.3609,-19.8811),(3.43331,-38.1591)]
triangle[(10.5095,7.24869),(-17.7652,20.3247),(-34.005,-14.7912)]
triangle[(-11.5328,-8.383),(-12.568,3.78641),(-33.0601,2.04321)]
triangle[(15.3363,9.95356),(5.84823,5.89853),(12.8447,-10.472)]
triangle[(19.1094,12.5716),(12.0176,-0.935034),(36.5168,-13.7986)]
triangle[(-19.2058,3.92203),(-0.0975758,-12.4696),(28.2321,20.555)]
triangle[(15.2182,-9.62967),(-11.4252,15.2492),(-60.9218,-37.7578)]
triangle[(11.0452,-3.62295),(13.6348,17.7742),(-26.4943,22.6308)]
triangle[(6.58771,-6.43089),(1.89573,-9.17608),(7.08747,-18.0496)]
triangle[(-7.03821,0.632127),(-11.2348,-20.3544),(9.75498,-24.5517)]
triangle[(10.2291,6.08218),(6.15591,16.4008),(-13.9276,8.47293)]
triangle[(0.466028,-4.59151),(-0.0573074,1.57028),(-6.47462,1.02525)]
triangle[(-11.6697,10.2028),(-5.79639,6.05207),(-1.0946,12.7051)]
triangle[(-4.74824,2.98806),(-2.13993,1.63761),(-0.377657,5.04133)]
triangle[(-17.5277,13.9672),(13.2718,6.247),(27.2401,61.9731)]
triangle[(-12.2803,4.86649),(-12.9117,20.1399),(-39.4344,19.0435)]
triangle[(-15.784,9.78906),(4.24201,-9.45604),(34.2731,21.7937)]
triangle[(-20.5015,-16.4258),(-10.9558,-2.606),(-38.023,16.0898)]
triangle[(-19.4978,19.5148),(12.5644,19.6283),(12.3587,77.7723)]
triangle[(9.44548,14.2446),(12.179,-12.4746),(46.4324,-8.97035)]
triangle[(4.80118,8.00167),(17.2024,-18.3158),(47.6972,-3.94609)]
triangle[(-4.08007,-3.25765),(7.98562,-19.2511),(24.4198,-6.85289)]
triangle[(-17.5561,6.78255),(10.3599,-13.2901),(47.0024,37.6706)]
triangle[(18.7293,-12.5101),(-18.5345,16.0038),(-70.7197,-52.1952)]
triangle[(19.1956,4.04899),(15.7625,-10.8093),(38.8858,-16.1521)]
triangle[(6.07264,-1.10363),(-10.1933,-6.72096),(-1.78747,-31.0616)]
triangle[(3.01791,-15.3538),(-1.03429,-20.1307),(6.82398,-26.7969)]
triangle[(-10.7233,-5.88777),(-3.11715,15.6775),(-39.6578,28.5654)]
triangle[(-19.8362,-2.5409),(1.69158,-10.9045),(10.4529,11.6471)]
triangle[(6.01888,-11.3109),(5.26732,19.22),(-26.5358,18.4372)]
triangle[(19.817,3.58254),(6.37926,3.10466),(7.00951,-14.6177)]
triangle[(2.43705,17.7156),(-1.34905,4.73743),(14.187,0.205152)]
triangle[(-8.38705,14.5736),(-13.4941,-5.12121),(14.9119,-12.4872)]
triangle[(16.0824,-1.89263),(7.2813,-16.0994),(27.5047,-28.6278)]
triangle[(-17.6901,-3.00909),(-14.7153,1.28975),(-19.7581,4.77944)]
triangle[(3.94457,13.7344),(-13.7891,3.59944),(1.09609,-22.4459)]
triangle[(-8.62804,-18.1561),(-4.69822,-4.69505),(-25.0861,1.25699)]
triangle[(2.09332,20.0205),(7.14982,-5.69579),(48.378,2.41077)]
triangle[(-6.55706,-4.64613),(4.95393,-2.50263),(2.10794,12.7808)]
triangle[(19.7447,-5.78757),(7.86792,5.37195),(-12.4397,-16.2409)]
triangle[(6.72093,-13.19),(-1.93694,7.13712),(-38.6388,-8.49525)]
triangle[(2.86724,-4.40518),(-17.0801,20.5862),(-43.9372,-0.850366)]
triangle[(6.02302,13.7782),(13.1736,-7.12378),(45.0224,3.7717)]
triangle[(-0.401618,-4.19736),(11.9903,9.58747),(-15.0838,33.9258)]
triangle[(-11.9927,-0.366299),(-4.74323,9.25352),(-20.3227,20.9941)]
triangle[(16.565,-14.2735),(-12.3088,4.54918),(-46.6463,-48.1242)]
triangle[(6.3346,-11.6901),(-20.4522,3.60273),(-48.8495,-46.1376)]
triangle[(4.85414,1.10384),(-1.41275,-3.40559),(5.45511,-12.9501)]
triangle[(-2.06186,15.776),(-5.57124,9.03283),(5.83795,3.0951)]
triangle[(19.7896,13.6832),(-19.894,-11.2667),(15.1402,-66.9896)]
triangle[(13.3284,-15.9067),(6.2598,0.430535),(-23.5316,-12.4593)]
triangle[(-0.532557,-17.1241),(-9.2355,18.7505),(-73.6086,3.13391)]
triangle[(7.91166,2.3113),(-3.43419,8.11627),(-11.1671,-6.99771)]
triangle[(9.06353,-19.6621),(-10.5563,-13.2412),(-18.627,-37.9022)]
triangle[(18.1328,-12.3584),(0.879902,-4.37025),(-10.792,-29.5792)]
triangle[(0.13082,-12.4727),(18.1166,-17.3567),(24.2682,5.2974)]
triangle[(-20.2534,-20.643),(1.91863,0.287718),(-38.5278,43.1327)]
triangle[(-6.58023,3.61978),(-6.02494,11.4062),(-17.6232,12.2333)]
triangle[(-3.2534,16.6968),(-16.8282,16.473),(-16.6036,2.85311)]
triangle[(20.1029,-19.7008),(-11.1415,-2.95925),(-44.5159,-65.2454)]
triangle[(9.03466,6.41478),(4.24982,11.0099),(-1.14757,5.38977)]
triangle[(0.129047,-1.63772),(15.7831,-5.41476),(22.0864,20.7097)]
triangle[(-20.1155,5.98676),(-16.8062,11.2779),(-27.304,17.8438)]
triangle[(-14.3344,-19.9503),(-9.98797,-8.36285),(-28.305,-1.49225)]
triangle[(7.49631,19.9279),(11.6197,15.3022),(19.9599,22.7367)]
triangle[(17.3627,-17.145),(20.2147,-2.6607),(-7.39834,2.77633)]
triangle[(17.28,3.3596),(-2.20849,2.23957),(-1.01564,-18.516)]
triangle[(-0.0470496,-4.31434),(-17.9252,-1.30579),(-22.3227,-27.4379)]
triangle[(5.66597,11.711),(10.7223,-10.4056),(36.5928,-4.49099)]
triangle[(-6.9855,16.7403),(-14.6679,-5.18932),(25.4048,-19.2276)]
triangle[(-13.9732,4.7031),(-7.15182,12.2712),(-15.3436,19.6548)]
triangle[(3.1908,13.9225),(-17.7092,17.845),(-22.1056,-5.58009)]
triangle[(8.81647,-5.24629),(5.22507,15.7036),(-19.1118,11.5315)]
triangle[(-2.45242,-15.2272),(3.72902,-4.81563),(-8.64486,2.53086)]
triangle[(-11.3248,1.26542),(-13.3489,0.93591),(-12.9412,-1.56905)]
triangle[(-18.3923,8.93497),(-15.2236,19.0232),(-33.9206,24.8958)]
triangle[(-0.663405,16.0497),(1.80582,9.80166),(13.1348,14.2788)]
triangle[(11.1667,4.97673),(3.78035,4.14828),(5.37591,-10.0775)]
triangle[(-17.2679,18.949),(-18.6947,11.5998),(-6.89249,9.30835)]
triangle[(-1.59592,12.3859),(-10.0398,-16.5546),(39.0049,-30.8643)]
triangle[(-11.1636,1.95989),(12.091,1.82609),(12.3072,39.4063)]
triangle[(8.32469,14.6637),(-18.2786,-4.67482),(3.93693,-35.236)]
triangle[(-20.7561,17.9673),(8.37076,9.94283),(20.2546,53.0784)]
triangle[(11.4312,-14.2645),(14.814,-18.6409),(21.9237,-13.1454)]
triangle[(-4.47915,-8.50084),(-17.6609,-11.9904),(-12.9921,-29.6269)]
triangle[(-5.16865,0.692549),(-14.5797,18.9458),(-38.2748,6.72902)]
triangle[(-2.3247,14.8266),(7.91043,-19.2992),(46.9616,-7.58689)]
triangle[(1.10126,15.5979),(-3.94144,16.2847),(-4.72564,10.5273)]
triangle[(9.90209,8.49701),(4.78524,20.3341),(-8.546,14.5714)]
triangle[(-4.57925,-13.1887),(11.0182,-3.79592),(-1.42724,16.8707)]
triangle[(8.8879,10.8328),(-15.0996,-5.74209),(6.71307,-37.3097)]
triangle[(-5.60137,17.9293),(15.28,-11.0053),(62.1655,22.8308)]
triangle[(-15.0212,-3.68528),(-10.0168,-12.2448),(6.15974,-2.78711)]
triangle[(-20.0023,17.3037),(17.5077,3.67789),(43.5283,75.3091)]
triangle[(-6.23549,0.304049),(19.325,6.4903),(10.2269,44.0824)]
triangle[(11.8123,14.3535),(-12.0264,-6.73386),(16.9871,-39.533)]
triangle[(17.1258,5.17322),(-3.2602,-18.8286),(31.323,-48.202)]
triangle[(1.18056,-2.16219),(13.6959,-0.320335),(10.5976,20.7325)]
triangle[(19.2996,-14.7249),(-18.2737,-8.4798),(-27.6506,-64.8959)]
triangle[(20.1551,15.008),(8.60202,17.2139),(5.67869,1.90345)]
triangle[(-1.97273,3.73987),(20.879,-7.27363),(34.0455,20.0454)]
triangle[(-15.0125,-17.5368),(-2.55835,-11.561),(-11.8569,7.8183)]
triangle[(10.5473,18.7393),(-20.6534,-10.2723),(18.9829,-52.8996)]
triangle[(-7.7478,12.5114),(3.77869,6.19525),(14.6747,26.0797)]
triangle[(-0.982179,0.136598),(-8.16424,-19.7347),(12.0303,-27.0336)]
triangle[(-12.689,16.9373),(4.80729,18.685),(2.20599,44.7261)]
triangle[(-5.17011,-20.3243),(19.2191,7.55116),(-34.6578,54.6899)]
triangle[(-14.4982,3.61402),(13.9761,3.563),(14.045,42.0259)]
triangle[(20.7574,-20.1775),(-0.919948,9.36108),(-48.7438,-25.7352)]
triangle[(-0.669399,-6.8152),(6.19578,0.829691),(-4.16132,10.1305)]
triangle[(10.8908,12.4454),(11.3656,16.133),(6.45063,16.7658)]
triangle[(-12.2447,-8.78971),(-11.9114,-4.31798),(-19.2113,-3.77385)]
triangle[(-1.01037,10.8292),(-14.1629,-20.726),(21.0575,-35.4063)]
triangle[(-5.37119,0.778407),(12.9459,12.788),(-0.0648501,32.632)]
triangle[(-12.006,-10.1605),(20.7405,8.57823),(-14.1052,69.4723)]
triangle[(-15.1079,4.94596),(14.3186,17.8743),(-4.99965,61.8451)]
triangle[(-20.3821,14.5504),(-17.335,3.72849),(-2.98455,7.76901)]
triangle[(13.5122,14.9873),(-0.900803,-17.1936),(42.6534,-36.7005)]
triangle[(-6.41883,13.6964),(-7.82838,-9.56175),(33.2905,-12.0537)]
triangle[(-17.0727,20.7389),(5.16507,-8.27993),(37.0496,16.1538)]
triangle[(2.54382,12.442),(-14.1329,0.789549),(3.54268,-24.5073)]
triangle[(19.2207,0.46174),(-20.1333,-0.220097),(-18.8451,-74.5722)]
triangle[(-15.6638,6.45571),(18.9393,20.0474),(-8.11649,88.9285)]
triangle[(-12.3751,-5.98829),(9.48839,-14.62),(22.9057,19.3653)]
triangle[(-17.996,18.0333),(-20.8414,4.38174),(-6.81282,1.45781)]
triangle[(20.0313,19.0954),(8.08343,-15.4504),(65.2488,-35.2214)]
triangle[(-12.7093,-10.4936),(13.9895,8.50394),(-12.7319,46.0577)]
triangle[(10.5041,-0.179814),(17.0284,-15.9865),(42.7629,-5.36448)]
triangle[(3.85748,3.87606),(12.8032,-2.29443),(20.0993,8.28314)]
triangle[(-10.5439,-5.65499),(14.7339,-20.3586),(38.6207,20.7064)]
triangle[(-9.61962,4.41132),(6.16829,20.0679),(-19.0246,45.4722)]
triangle[(-20.5216,9.79694),(-1.82836,-20.043),(36.7503,4.12469)]
triangle[(2.61283,14.0975),(11.3389,19.9201),(5.21348,29.1)]
triangle[(-8.8158,-17.9249),(-13.394,15.7463),(-70.8927,7.92832)]
triangle[(-9.77006,-9.00323),(-10.3848,15.138),(-44.7146,14.2638)]
triangle[(-19.851,-13.0718),(7.06479,-16.7442),(14.1466,35.161)]
triangle[(-16.0864,-3.93851),(1.28451,-16.272),(20.7425,11.1332)]
triangle[(12.43,-18.8837),(-0.27809,-14.7988),(-5.33047,-30.517)]
triangle[(9.94796,2.54496),(0.869509,-4.23497),(13.8117,-21.5648)]
triangle[(2.60957,4.29532),(1.62462,16.8578),(-22.8869,14.936)]
triangle[(-16.7017,-10.0115),(-13.3457,7.07517),(-36.4644,11.6159)]
triangle[(-15.4023,18.2654),(20.3858,3.9089),(38.6782,49.5085)]
triangle[(8.77299,-13.7339),(-3.45434,0.549098),(-24.7762,-17.7041)]
triangle[(-6.10618,5.25727),(-15.0585,-18.0934),(31.0062,-35.7539)]
triangle[(-8.93025,-13.3995),(-9.97053,14.1364),(-63.4161,12.1173)]
triangle[(10.0154,13.3251),(-9.19962,8.0177),(-2.2759,-17.0493)]
triangle[(7.96708,-1.49719),(-6.90697,9.9211),(-18.703,-5.44497)]
triangle[(-2.00221,4.94448),(20.3702,5.74291),(19.1288,40.5287)]
triangle[(8.03355,12.3591),(13.2927,12.0109),(13.664,17.6177)]
triangle[(8.05614,5.21605),(-15.4407,-1.82321),(-8.22235,-25.918)]
triangle[(5.86721,-6.72981),(3.12068,16.0814),(-27.7551,12.3639)]
triangle[(10.7355,19.1023),(-3.3034,-6.22798),(27.4932,-23.2965)]
triangle[(15.972,-18.1158),(-1.67854,4.22321),(-41.0615,-26.8941)]
triangle[(-4.55339,13.5973),(17.4671,-18.123),(69.7868,18.1976)]
triangle[(-12.558,-11.1296),(2.82932,-11.7639),(3.89732,14.1455)]
triangle[(-4.46573,-15.4052),(-3.18874,-6.24558),(-14.8221,-4.62372)]
triangle[(14.1982,-1.14437),(-2.88151,5.65556),(-14.9202,-24.5827)]
triangle[(-4.72464,-11.4275),(-3.37192,20.4493),(-47.1866,22.3086)]
triangle[(-3.84063,15.9439),(-3.65111,-11.382),(44.1136,-11.0508)]
triangle[(-19.5048,10.9645),(-15.631,13.3966),(-19.2883,19.2217)]
triangle[(3.70834,-8.82278),(-20.5198,-14.657),(-12.4927,-47.9915)]
triangle[(11.4025,14.8986),(3.67975,7.66873),(17.8234,-7.43898)]
triangle[(10.9535,-16.1097),(6.34395,2.92794),(-14.593,-2.14148)]
triangle[(-12.9477,10.7896),(-11.5997,-20.4463),(32.9733,-18.5227)]
triangle[(4.66403,-19.5919),(12.2433,4.03921),(-34.6862,19.0911)]
triangle[(16.4035,-20.9264),(16.6141,-1.22797),(-19.9817,-0.836691)]
triangle[(-6.5733,-20.4151),(4.24856,-4.38235),(-25.0449,15.3903)]
triangle[(8.55013,-13.1708),(-11.8955,-15.6717),(-8.10586,-46.6543)]
triangle[(-12.3705,-14.1685),(2.26538,-1.8677),(-14.7889,18.424)]
triangle[(-2.50691,13.4354),(-11.6589,11.6326),(-9.34859,-0.0956442)]
triangle[(-12.6803,-1.69514),(-0.178905,0.722043),(-4.26129,21.8357)]
triangle[(9.81054,6.84662),(11.2155,20.0256),(-9.89285,22.2758)]
triangle[(9.09789,-6.81305),(4.15287,11.3524),(-17.6323,5.42207)]
triangle[(-10.7702,19.5473),(-13.1576,-18.8631),(57.4072,-23.2491)]
triangle[(10.599,-12.5347),(13.7285,11.1544),(-12.8699,14.6681)]
triangle[(-6.32586,4.15812),(18.8412,18.5117),(-3.27571,57.2909)]
triangle[(-8.36028,7.13687),(-9.094,2.85882),(-4.76803,2.11688)]
triangle[(1.13949,12.5461),(12.5,-20.6262),(78.5979,2.0104)]
triangle[(3.52953,9.82567),(-20.0146,-14.1111),(10.8189,-44.4388)]
triangle[(11.3425,-4.97655),(-11.2847,-4.33109),(-12.2865,-39.4509)]
triangle[(-10.2521,0.203959),(1.94573,-15.2169),(21.0541,-0.102319)]
triangle[(-7.05403,-9.85762),(15.1961,-16.7306),(28.5562,26.5203)]
triangle[(-11.6126,17.2871),(2.38488,-9.19954),(33.2898,7.13294)]
triangle[(17.6126,12.3201),(18.0899,-6.5486),(40.1462,-5.9907)]
triangle[(11.9617,11.6953),(9.75517,11.8586),(9.59005,9.62756)]
triangle[(-1.44172,1.5083),(17.4627,9.21151),(6.5322,36.0362)]
triangle[(3.22981,-17.9064),(-5.51672,14.4151),(-52.7635,1.62964)]
triangle[(-11.877,1.5836),(-8.31068,-17.546),(23.5291,-11.61)]
triangle[(-18.8493,-0.594759),(16.4174,-1.02336),(17.042,50.3709)]
triangle[(12.5322,-16.7955),(-11.7398,-5.08044),(-28.4473,-39.6962)]
triangle[(13.4626,17.8792),(-10.8623,13.8381),(-6.01157,-15.3603)]
triangle[(-4.73112,-15.3634),(10.2139,-14.806),(9.25008,11.035)]
triangle[(16.168,16.6292),(9.51082,-2.24642),(28.6655,-9.00206)]
triangle[(8.6287,14.135),(-0.753806,7.69452),(10.0498,-8.04427)]
triangle[(1.66202,20.2156),(14.8741,8.21607),(32.6245,27.7602)]
triangle[(-11.2718,18.7428),(-11.6643,-6.40097),(21.3985,-6.91706)]
triangle[(4.17243,-3.66135),(9.69685,-17.011),(25.3846,-10.519)]
triangle[(13.1435,1.84502),(9.94325,3.08529),(8.68705,-0.156094)]
triangle[(15.0188,7.03234),(16.6479,13.0067),(7.40158,15.5281)]
triangle[(6.25961,16.3788),(-10.9209,-1.89223),(9.02832,-20.6508)]
triangle[(1.45692,16.965),(10.1021,-12.7694),(58.0467,1.17027)]
triangle[(-20.1785,7.57836),(3.19602,2.66311),(8.70745,28.8727)]
triangle[(-20.8553,-16.755),(-20.1804,16.8459),(-61.0494,17.6667)]
triangle[(-1.89154,1.56967),(4.44501,-1.81106),(9.74332,8.11963)]
triangle[(9.77893,-9.95885),(-8.24997,-3.18173),(-19.2915,-32.555)]
triangle[(-17.6992,-4.68326),(7.24185,-9.94011),(15.1596,27.6255)]
triangle[(13.5207,-12.21),(7.58062,6.90795),(-27.1958,-3.89737)]
triangle[(-19.678,-14.163),(-4.54518,1.37857),(-33.1661,29.2467)]
triangle[(-1.26682,2.71648),(2.03437,-16.5051),(24.1445,-12.7079)]
triangle[(9.79875,10.8067),(19.8148,-15.6087),(56.4191,-1.72931)]
triangle[(-5.48464,-1.50882),(1.83153,-8.38817),(14.5504,5.13832)]
triangle[(-2.7336,19.1707),(20.2017,12.1137),(29.4103,42.042)]
triangle[(9.85585,10.1618),(-16.7849,11.2574),(-18.4955,-30.3394)]
triangle[(-13.7433,10.7631),(-8.90951,-2.94145),(9.81503,3.66298)]
triangle[(11.9815,-11.2104),(-8.33141,-13.8096),(-3.23222,-53.66)]
triangle[(-15.4429,2.2506),(-20.9805,-0.427883),(-17.3383,-7.95795)]
triangle[(-6.9252,2.0046),(17.8464,-14.7447),(39.8061,17.7328)]
triangle[(-12.5254,17.1515),(-4.86442,11.2763),(1.72604,19.8698)]
triangle[(3.49869,-15.9355),(6.07755,7.97988),(-30.3595,11.909)]
triangle[(11.7348,-1.19163),(18.2072,7.86939),(3.67277,18.2516)]
triangle[(-14.282,16.7279),(-4.08934,-9.3306),(44.7219,9.76176)]
triangle[(-19.9871,-20.2716),(9.36105,20.8071),(-46.1391,60.4584)]
triangle[(-19.7479,-13.8892),(0.379038,-18.202),(7.40714,14.5971)]
triangle[(5.7158,-3.04187),(-4.00906,14.3294),(-26.2721,1.86602)]
triangle[(8.13406,5.86936),(-15.197,-10.043),(9.13977,-45.7262)]
triangle[(-1.18976,-19.3323),(20.1313,14.6482),(-16.1168,37.392)]
triangle[(-15.8536,-17.5047),(-15.9203,3.65724),(-40.079,3.5811)]
triangle[(20.3599,15.2917),(-16.4895,-6.88295),(7.63115,-46.966)]
triangle[(9.48697,3.42157),(-18.5169,-4.88554),(-3.67785,-54.9089)]
triangle[(13.86,-8.77426),(-16.5755,2.07599),(-29.4067,-33.9161)]
triangle[(5.80202,-20.3591),(15.8988,3.05831),(-20.439,18.7259)]
triangle[(-18.1204,6.0274),(-5.6603,1.64823),(2.10816,23.7519)]
triangle[(-8.73387,-2.588),(-11.2959,-15.2798),(3.13825,-18.1936)]
triangle[(4.89051,-4.60583),(12.907,19.7294),(-27.9547,33.19)]
triangle[(6.82313,12.9751),(-17.1026,-13.0095),(23.2549,-50.1692)]
triangle[(-14.38,19.2558),(19.5861,3.744),(49.031,68.2192)]
triangle[(-8.98663,7.32889),(-9.91179,20.7424),(-24.7915,19.7161)]
triangle[(-9.65023,-3.10735),(12.8484,8.23882),(-3.26123,40.1832)]
triangle[(11.0974,17.723),(19.9023,-20.2415),(72.1363,-8.12714)]
triangle[(15.7802,-7.71092),(-19.4111,-19.0162),(-4.9657,-63.9821)]
triangle[(2.5599,13.3175),(-7.97831,-15.1876),(39.5929,-32.7745)]
triangle[(-12.4545,-12.5799),(5.78482,-14.4207),(8.63185,13.7889)]
triangle[(-8.02316,-20.9527),(17.4481,1.93492),(-24.3604,48.4628)]
triangle[(-12.6407,-10.4688),(0.0425482,15.3469),(-26.094,28.1878)]
triangle[(16.1601,-19.5264),(-2.17702,-6.34321),(-17.0444,-27.0229)]
triangle[(18.9526,-20.3395),(-10.2088,-0.254327),(-42.056,-46.4929)]
triangle[(8.23645,-13.2591),(12.8301,16.2627),(-23.7123,21.9487)]
triangle[(13.3704,-0.834147),(-17.8259,-4.42521),(-12.2861,-52.5506)]
triangle[(8.0766,7.8317),(14.3203,16.0389),(-0.594042,27.3851)]
triangle[(13.812,-9.76866),(-17.944,15.6701),(-63.466,-41.1565)]
triangle[(18.5154,9.59442),(7.66442,-7.85054),(35.4959,-25.162)]
triangle[(5.31912,-2.82303),(6.69606,-12.9186),(26.7897,-10.178)]
triangle[(-6.97183,-7.5141),(9.87423,-17.4208),(23.5623,5.85531)]
triangle[(-14.6684,-16.8826),(-20.6049,0.838847),(-47.2874,-8.09952)]
triangle[(-7.14129,-3.27894),(9.53149,-20.4835),(40.6098,9.63429)]
triangle[(-4.76286,0.2284),(-4.225,20.8742),(-24.9031,21.4129)]
triangle[(13.2999,-2.75092),(15.375,5.2993),(2.75576,8.55209)]
triangle[(3.90303,-13.107),(4.53645,-10.2745),(0.651213,-9.40565)]
triangle[(15.5022,11.3769),(-0.608138,-3.58639),(17.1038,-22.6561)]
triangle[(7.3173,19.2316),(18.778,-8.57487),(47.9819,3.4618)]
triangle[(11.3948,13.2163),(19.2521,15.6786),(16.0467,25.9071)]
triangle[(-6.1063,16.3734),(-16.8609,-17.7846),(40.086,-35.7142)]
triangle[(-0.80579,-10.8883),(-18.6684,-6.60404),(-24.4982,-30.9105)]
triangle[(6.51274,9.09242),(-15.8247,-10.6534),(13.001,-43.2626)]
triangle[(-17.0117,3.1712),(-1.32092,18.1362),(-26.1621,44.1821)]
triangle[(11.5956,7.09877),(-8.34267,8.93709),(-10.5778,-15.3052)]
triangle[(-2.82136,-10.5163),(13.9012,1.79657),(-7.5053,30.8697)]
triangle[(19.4793,18.1485),(4.72926,14.1795),(11.045,-9.29144)]
triangle[(2.46964,11.4487),(6.6148,-9.36104),(34.0251,-3.90108)]
triangle[(0.0452274,19.4849),(3.22133,6.96283),(20.1877,11.2662)]
triangle[(-14.339,-14.3242),(-17.1349,0.896198),(-41.1049,-3.50704)]
triangle[(14.3374,-16.2009),(-11.7537,4.85058),(-37.7546,-27.375)]
triangle[(0.110445,15.6352),(-8.12237,19.6775),(-14.7508,6.1774)]
triangle[(-17.2452,20.7163),(-10.4248,12.0134),(6.51627,25.29)]
triangle[(19.5971,-4.16209),(10.7297,-7.67639),(15.6736,-20.151)]
triangle[(6.67231,-1.87308),(-1.09117,13.3965),(-17.0669,5.27403)]
triangle[(-3.32634,-13.5385),(5.00335,-15.4848),(7.60666,-4.34347)]
triangle[(-2.52501,10.2685),(-16.5839,-11.4352),(6.42052,-26.3367)]
triangle[(-1.4488,0.00909276),(9.224,-1.14624),(11.4856,19.7459)]
triangle[(-17.3458,3.54684),(-10.0312,-13.4738),(13.6212,-3.30919)]
triangle[(0.902488,-15.7096),(-14.595,8.77958),(-61.3683,-20.82)]
triangle[(-5.49551,-9.31591),(-12.3012,3.48817),(-29.4052,-5.60299)]
triangle[(19.8283,14.3408),(13.553,-7.92073),(45.587,-16.9508)]
triangle[(-7.28912,12.5868),(-5.97002,-20.9611),(31.3134,-19.4951)]
triangle[(-16.1026,17.4616),(0.962521,20.8918),(-5.57342,53.4084)]
triangle[(-7.95247,9.89835),(17.0983,-11.7355),(60.1891,38.1612)]
triangle[(17.6609,-17.9606),(2.39443,-3.46534),(-15.7535,-22.5788)]
triangle[(9.77707,11.4299),(15.9562,17.9114),(5.3786,27.9955)]
triangle[(0.954135,-11.5002),(-1.12689,7.15229),(-25.851,4.39386)]
triangle[(11.2918,-15.5087),(14.6382,18.6057),(-51.9377,25.1365)]
triangle[(-4.09911,17.494),(-6.92195,-13.0939),(40.5066,-17.4709)]
triangle[(9.72638,7.87417),(20.7536,11.6901),(13.9061,31.4776)]
triangle[(7.35278,-3.29033),(11.889,10.6637),(-13.0787,18.7802)]
triangle[(11.86,19.4454),(18.9044,-16.0552),(80.7832,-3.77646)]
triangle[(-10.022,7.96161),(-0.722273,5.77414),(3.19103,22.411)]
triangle[(-18.3456,8.84967),(-3.08338,18.7027),(-17.9411,41.7171)]
triangle[(-12.1909,13.6191),(11.0854,-11.2137),(41.8938,17.6637)]
triangle[(-12.9952,12.7162),(10.1047,-15.089),(59.6028,26.0327)]
triangle[(12.3707,-10.6111),(6.704,-12.9979),(10.6801,-22.4379)]
triangle[(-13.4863,3.66762),(-10.8088,-1.37837),(-5.0303,1.68778)]
triangle[(-12.3331,16.4916),(13.9463,11.4415),(22.6893,56.9387)]
triangle[(-17.9925,5.84383),(-10.1018,-12.9811),(17.0049,-1.61895)]
triangle[(4.05212,7.91218),(15.3244,-3.75336),(33.6523,13.9566)]
triangle[(6.82312,-9.86028),(2.76013,7.39652),(-18.6295,2.36048)]
triangle[(-7.17103,-10.705),(-1.50407,6.05643),(-22.0823,13.0138)]
triangle[(11.8132,6.08239),(-5.91,6.31353),(-6.18941,-15.112)]
triangle[(-16.3013,-19.7803),(0.256865,-1.28792),(-23.3904,19.886)]
triangle[(-0.599249,8.75973),(-0.182802,-10.7006),(26.953,-10.1199)]
triangle[(-13.6734,6.24178),(-4.91205,17.4372),(-21.5523,30.4596)]
triangle[(-3.42338,-6.90419),(-17.6445,18.7089),(-68.354,-9.44657)]
triangle[(-12.6036,14.3486),(-6.74735,-5.37994),(26.3652,4.44926)]
triangle[(-13.6674,12.4673),(0.866453,18.2762),(-7.33741,38.8021)]
triangle[(-5.08785,11.7141),(-15.934,-8.929),(13.0616,-24.1637)]
triangle[(10.2536,-0.125309),(10.5443,-8.40515),(26.7321,-7.83684)]
triangle[(11.8048,5.72127),(19.6098,11.3966),(11.5591,22.4683)]
triangle[(-4.47761,4.14448),(16.9613,14.9669),(4.22148,40.204)]
triangle[(17.315,20.303),(-11.6153,-10.1539),(34.9231,-54.3596)]
triangle[(-12.5,-5.76434),(8.06695,-13.4608),(17.566,11.9232)]
triangle[(13.4904,8.81023),(9.46891,-7.48899),(33.3866,-13.3902)]
triangle[(7.30809,-6.60503),(3.24087,6.29719),(-19.6841,-0.929533)]
triangle[(3.72611,-10.6223),(-1.58154,17.3815),(-48.393,8.50917)]
triangle[(1.35758,-13.7778),(2.59375,-5.19461),(-7.23961,-3.7784)]
triangle[(-6.54495,-8.16448),(4.1397,-12.0619),(8.82188,0.774193)]
triangle[(-5.43327,-19.1903),(4.99407,-11.3113),(-4.2565,0.931195)]
triangle[(1.78154,-8.79156),(-19.1454,8.51),(-48.2702,-26.7176)]
triangle[(7.29173,0.513865),(2.64185,7.70171),(-4.93324,2.80131)]
triangle[(-4.08677,2.67568),(3.55223,-13.1041),(24.8617,-2.78815)]
triangle[(-2.41548,0.629832),(14.7638,17.9001),(-15.7553,48.2585)]
triangle[(-16.1531,6.29118),(-5.53125,-9.73602),(26.2835,11.3488)]
triangle[(-11.7045,-10.2391),(19.4087,20.1587),(-19.2744,59.7522)]
triangle[(7.51598,-2.47997),(2.87322,-10.3745),(16.9661,-18.6625)]
triangle[(8.12054,-1.58766),(19.4697,-9.57494),(31.3614,7.322)]
triangle[(-7.65987,-12.9765),(9.49848,5.45625),(-12.3892,25.8307)]
triangle[(-20.4011,-16.0103),(-0.623485,-8.7246),(-11.5539,20.9471)]
triangle[(8.72638,-14.1084),(-15.5553,11.0817),(-51.2307,-23.3072)]
triangle[(-10.1897,14.6077),(-16.0984,-1.26751),(9.19084,-10.6802)]
triangle[(5.99306,7.48579),(4.54166,-1.77803),(14.0758,-3.27178)]
triangle[(2.07818,-9.83827),(-8.3248,3.64817),(-27.8772,-11.4339)]
triangle[(-14.5789,-19.7271),(10.3534,8.79151),(-44.2504,56.5288)]
triangle[(2.75548,-6.36791),(-18.2259,8.34591),(-36.1204,-17.171)]
triangle[(-3.02457,-12.2913),(-0.648062,-4.97534),(-14.6207,-0.436466)]
triangle[(9.17256,-19.0928),(-8.49135,-17.9322),(-10.7706,-52.6218)]
triangle[(15.777,-9.39894),(16.5341,-15.4401),(24.8225,-14.4014)]
triangle[(13.9886,-0.229636),(8.50052,-6.20739),(20.0459,-16.807)]
triangle[(-16.4645,13.5856),(-9.79432,19.6141),(-18.8017,29.5802)]
triangle[(11.8283,0.575876),(-3.00204,-18.3754),(32.6174,-46.2494)]
triangle[(18.9645,15.4591),(7.97147,-12.1344),(39.5985,-24.7343)]
triangle[(-6.31133,16.3259),(-16.7302,13.5142),(-13.1958,0.4174)]
triangle[(-11.047,-7.9321),(-13.2907,-2.49467),(-20.2428,-5.36345)]
triangle[(-16.8611,6.60747),(-0.180447,16.5536),(-15.9417,42.9866)]
triangle[(-20.1305,15.0761),(-13.9909,0.641719),(9.46955,10.6206)]
triangle[(-4.78497,-6.57301),(-14.4777,-2.99464),(-18.815,-14.7431)]
triangle[(-2.67195,-16.4156),(-20.5993,-0.098826),(-41.9364,-23.5421)]
triangle[(13.0982,20.6282),(-11.0032,6.63867),(13.7383,-35.9864)]
triangle[(-15.1116,-7.28188),(-6.48158,-9.70977),(-3.0548,2.47084)]
triangle[(-5.26259,-5.48575),(14.5662,-2.42174),(9.71638,28.9637)]
triangle[(19.2989,4.22895),(10.7851,11.9562),(-0.0413364,0.0277987)]
triangle[(-0.202232,6.80034),(-14.0635,-11.3602),(9.1107,-29.0482)]
triangle[(16.8463,-5.4245),(-12.5646,-11.4736),(-3.89047,-53.6476)]
triangle[(-1.85351,-11.2373),(-16.9561,-7.51367),(-21.7148,-26.8147)]
triangle[(17.7184,-20.5877),(-12.478,19.9257),(-60.4532,-15.8324)]
triangle[(-10.8317,7.03094),(-0.100326,-9.23582),(25.2318,7.47615)]
triangle[(-6.12065,-18.2159),(-10.2566,-13.9125),(-17.5781,-20.9491)]
triangle[(-19.7528,18.8446),(18.3579,10.5752),(30.0063,64.2584)]
triangle[(5.0672,14.2732),(-19.6527,-7.20016),(18.2166,-50.7948)]
triangle[(-7.00624,-5.56964),(15.3719,7.223),(-2.23248,38.0183)]
triangle[(-14.1333,-7.50357),(1.24263,3.94055),(-15.5894,26.5555)]
triangle[(-2.7668,-10.6152),(-5.59246,-18.4973),(9.08798,-23.7601)]
triangle[(7.49887,0.771804),(-9.10233,-9.90204),(7.13034,-35.149)]
triangle[(-9.82116,-16.2984),(7.43889,1.57212),(-20.0761,28.1472)]
triangle[(-17.0497,-1.04099),(-20.5247,13.3183),(-47.15,6.87494)]
triangle[(-12.495,-9.22641),(-8.00105,9.01255),(-36.1455,15.9472)]
triangle[(-19.8965,18.7114),(13.2729,4.21402),(31.9888,47.0353)]
triangle[(-8.57492,-0.833622),(-1.23595,11.5386),(-25.2374,25.7758)]
triangle[(-13.7191,-4.76085),(4.71661,-19.3482),(29.1988,11.5929)]
triangle[(0.0866669,11.8005),(15.1104,-8.32979),(40.2001,10.3953)]
triangle[(8.53537,3.87776),(-3.64318,3.90104),(-3.68274,-16.7983)]
triangle[(20.1164,7.56328),(-13.1475,1.53369),(-4.77698,-44.6447)]
triangle[(-18.216,6.64022),(-4.20857,0.384711),(5.8034,22.8037)]
triangle[(1.22124,-18.1216),(18.2936,4.08845),(-10.5287,26.2435)]
triangle[(-11.0881,-5.7392),(12.2299,-9.69513),(19.2852,31.8917)]
triangle[(20.635,-13.15),(-17.487,19.172),(-61.2414,-32.4338)]
triangle[(19.0086,18.1743),(7.90734,-0.619171),(38.6254,-18.7643)]
triangle[(5.4208,-8.93874),(11.9953,13.4079),(-23.4994,23.8507)]
triangle[(-9.94375,-1.40136),(16.7294,-19.1616),(41.9697,18.7455)]
triangle[(-3.6061,1.62096),(13.2342,13.7372),(-5.8715,40.292)]
triangle[(6.58055,12.5417),(11.6729,19.9543),(0.0803869,27.9181)]
triangle[(-13.7276,-18.498),(19.2912,0.0648998),(-14.6154,60.3765)]
triangle[(-7.74081,-4.58388),(3.22385,-11.5797),(12.6668,3.22025)]
triangle[(15.2991,13.3227),(16.2892,17.1395),(9.84544,18.8109)]
triangle[(18.2116,-10.518),(-1.24449,-0.993767),(-19.5012,-38.2884)]
triangle[(-18.5935,-8.24565),(-12.4316,-5.23265),(-18.4252,7.02482)]
triangle[(-10.1355,10.6524),(-11.4088,4.86812),(-1.98329,2.79324)]
triangle[(-16.8139,3.47983),(10.689,-20.391),(55.1688,30.8567)]
triangle[(3.62389,-12.7985),(13.3288,13.1499),(-16.9516,24.475)]
triangle[(15.0761,1.58303),(17.37,17.8789),(0.879893,20.2002)]
triangle[(-15.4849,-19.776),(-3.2123,-0.44205),(-41.6847,23.979)]
triangle[(-11.2432,-13.5776),(1.35787,10.3243),(-43.6867,34.0719)]
triangle[(-7.4721,-19.7176),(17.0151,9.70153),(-20.2998,40.7609)]
triangle[(-15.2469,-5.97407),(3.11541,-12.7832),(10.3445,6.71184)]
triangle[(-18.5839,-15.1884),(-0.0948054,17.8671),(-62.7493,52.912)]
triangle[(-17.3057,-0.23265),(-9.20805,10.518),(-22.4602,20.4999)]
triangle[(-4.85241,16.1663),(-11.4194,-6.79484),(34.4162,-19.9042)]
triangle[(8.35723,18.0453),(-8.55073,17.6584),(-8.016,-5.70797)]
triangle[(8.20082,-7.15608),(2.15159,-12.1353),(7.69966,-18.8756)]
triangle[(17.511,-18.3247),(5.51938,-19.8155),(7.49463,-35.7041)]
triangle[(10.7334,-16.9412),(4.92768,9.19787),(-21.5952,3.30694)]
triangle[(0.0633353,-7.15333),(-15.1308,1.3352),(-24.5944,-15.6043)]
triangle[(1.31832,-16.0571),(-11.1842,17.6627),(-47.053,4.36341)]
triangle[(12.4509,4.97145),(9.90263,-18.6867),(47.0237,-22.6851)]
triangle[(-19.5911,-15.8559),(-17.3855,15.8979),(-61.5479,18.9653)]
triangle[(10.2106,16.6548),(12.8227,-13.7031),(49.1582,-10.5766)]
triangle[(-2.13775,20.9681),(6.38707,7.25964),(31.6408,22.9641)]
triangle[(-16.3567,-18.9055),(-11.4609,-19.4719),(-10.5837,-11.8897)]
triangle[(-13.353,-7.06962),(-16.0076,9.63809),(-39.3184,5.93426)]
triangle[(5.99617,-9.10005),(-1.63641,-17.8969),(10.3738,-28.3175)]
triangle[(-9.7998,-1.31515),(-4.6528,-19.4947),(14.3851,-14.1046)]
triangle[(14.2023,-5.59643),(13.4017,18.156),(-27.8559,16.7655)]
triangle[(-7.75379,14.6785),(8.45963,2.39053),(24.4831,23.5328)]
triangle[(1.52871,-16.4549),(-10.3474,-3.77075),(-30.5532,-22.6894)]
triangle[(-19.629,12.9691),(-16.1178,-20.2275),(24.7349,-15.9066)]
triangle[(-17.6411,-6.37575),(14.7882,-13.2515),(25.743,38.4164)]
triangle[(-15.6101,-11.3673),(17.7266,17.3969),(-28.3566,70.8058)]
triangle[(-8.69152,10.2251),(-0.777692,-18.6315),(40.6819,-7.26138)]
triangle[(12.9979,12.0604),(7.6256,-4.08456),(30.59,-11.726)]
triangle[(-9.79847,-15.9329),(1.26962,-17.3502),(3.39866,-0.723843)]
triangle[(-5.22637,2.87673),(14.831,3.3733),(14.0491,34.9577)]
triangle[(-19.3355,-4.54463),(-14.413,20.1056),(-51.836,27.5786)]
triangle[(-8.48397,-7.87589),(16.8425,-17.0454),(32.6506,26.6168)]
triangle[(10.044,7.41628),(11.9484,5.27119),(15.9913,8.86052)]
triangle[(14.0033,-1.82783),(8.39888,14.8688),(-20.2401,5.25569)]
triangle[(-1.0179,17.2533),(7.65771,-7.1935),(54.3052,9.36064)]
triangle[(-16.422,1.08032),(-11.731,13.5864),(-36.6264,22.9246)]
triangle[(12.2503,-11.4506),(0.0106237,-16.6714),(6.4275,-31.7151)]
triangle[(-3.11901,3.37877),(1.69109,4.89373),(-0.399986,11.5331)]
triangle[(9.73008,-16.2788),(-6.89691,6.72438),(-41.0919,-17.9922)]
triangle[(-7.81719,-13.2818),(-5.27713,11.8889),(-54.6819,16.8745)]
triangle[(1.10652,0.659868),(-1.82383,17.2807),(-30.8455,12.164)]
triangle[(-17.9825,1.94682),(11.5621,11.2235),(-5.91207,66.8755)]
triangle[(12.41,19.2253),(8.80404,-18.4149),(81.787,-25.4067)]
triangle[(17.5733,4.59765),(3.86549,-4.11501),(13.5234,-19.3099)]
triangle[(-3.45822,-6.53138),(-5.30578,11.8657),(-35.3501,8.84842)]
triangle[(-20.0714,12.9272),(1.651,14.023),(0.0597447,45.5651)]
triangle[(1.28324,-2.05624),(-18.0386,5.92298),(-31.0285,-25.5324)]
triangle[(10.4641,-16.0615),(6.67899,18.9993),(-35.4228,14.4541)]
triangle[(-8.97541,19.0146),(-5.40537,-9.59134),(46.7151,-3.08668)]
triangle[(-16.8488,-11.3549),(9.65085,-12.9404),(12.0544,27.2308)]
triangle[(11.3667,-16.1294),(1.9973,-7.56929),(-11.8164,-22.689)]
triangle[(13.43,-6.03079),(-3.51271,3.96645),(-18.6288,-21.6513)]
triangle[(-19.1187,-2.07867),(14.0473,-15.3278),(33.4432,33.2248)]
triangle[(-17.4114,-19.1717),(11.936,-7.3864),(-4.10807,32.5659)]
triangle[(-14.6542,-14.0379),(17.3268,-1.5),(-6.62117,59.585)]
triangle[(-10.9871,15.4982),(-7.21798,-2.15766),(17.5167,3.12261)]
triangle[(18.0776,7.63385),(-17.4424,-8.84255),(14.2889,-77.2493)]
triangle[(-1.24771,3.41293),(-0.214144,-13.5479),(32.4585,-11.5569)]
triangle[(-0.83121,7.71428),(-4.67248,-9.61009),(29.1656,-17.1129)]
triangle[(9.86863,13.8831),(20.6044,-10.4301),(68.2062,10.5891)]
triangle[(11.2698,19.8345),(7.84345,-20.6996),(80.7416,-26.8617)]
triangle[(18.2403,-16.4437),(5.40456,-1.34678),(-22.7701,-25.3015)]
triangle[(9.45135,-19.8864),(7.49382,-16.7321),(3.01468,-19.5117)]
triangle[(-1.72971,-2.22462),(-14.939,11.1749),(-41.2983,-14.8102)]
triangle[(11.3346,-9.79505),(1.05597,17.3107),(-47.1268,-0.960554)]
triangle[(-12.3672,19.4466),(18.6216,-12.21),(53.4262,21.8602)]
triangle[(-5.68349,-20.0658),(3.82407,-17.1718),(-0.926216,-1.56591)]
triangle[(20.4411,16.4349),(-16.9124,11.3493),(-10.0783,-38.8457)]
triangle[(20.2476,-5.28163),(15.3972,5.64738),(-5.89292,-3.80124)]
triangle[(0.508895,3.04162),(-14.6565,-5.17534),(-5.43522,-22.1943)]
triangle[(11.9674,-14.9392),(7.84162,-13.5933),(6.42064,-17.9492)]
triangle[(1.56875,-2.6897),(13.0358,7.07061),(1.75176,20.3278)]
triangle[(-15.3917,-8.10916),(11.5275,-18.1969),(22.5682,11.2655)]
triangle[(-7.02235,-10.6703),(-9.30403,-10.0297),(-10.1013,-12.8692)]
triangle[(13.6564,4.37929),(-16.9006,-12.272),(14.9404,-70.7038)]
triangle[(-11.1405,-20.7488),(11.392,5.35758),(-31.563,42.4321)]
triangle[(-2.62182,6.24526),(-15.1453,16.8626),(-28.9078,0.629385)]
triangle[(2.57898,4.78961),(17.9437,5.67257),(16.6974,27.3602)]
triangle[(11.614,7.44522),(-4.79505,-4.27364),(7.51328,-21.5081)]
triangle[(-10.7835,17.4009),(-3.70977,-8.42868),(28.1954,0.308953)]
triangle[(4.70425,13.292),(6.69857,-18.0327),(65.5064,-14.2886)]
triangle[(-16.6038,-20.4211),(1.32866,8.43901),(-29.973,27.8886)]
triangle[(17.3608,3.15716),(-15.5156,4.32087),(-17.0477,-38.9635)]
triangle[(3.86339,-11.6382),(-10.5314,-12.4471),(-9.50461,-30.7203)]
triangle[(-8.24371,-8.22725),(14.7862,6.40162),(-14.0025,51.7232)]
triangle[(1.07577,-6.01807),(-16.6858,-12.9949),(-2.95826,-47.9424)]
triangle[(-15.2227,-14.682),(-2.66437,-3.14288),(-14.2398,9.45505)]
triangle[(-11.1556,-2.42608),(3.12456,15.3092),(-18.1976,32.4775)]
triangle[(20.9148,-2.9055),(-14.0647,-3.61091),(-12.6782,-72.3652)]
triangle[(13.595,-7.83876),(7.16175,20.9942),(-49.7157,8.30368)]
triangle[(12.3166,13.6755),(-3.04629,8.78149),(4.17263,-13.8797)]
triangle[(18.0608,-13.5222),(-17.0392,14.0391),(-67.2126,-49.8581)]
triangle[(-2.33852,-12.4194),(2.09203,11.1894),(-33.6491,17.8968)]
triangle[(-0.276557,16.5512),(1.47252,-16.4767),(56.437,-13.566)]
triangle[(14.9512,-7.66564),(7.2873,13.6329),(-18.4701,4.36453)]
triangle[(3.01069,-18.3548),(-4.47111,14.0937),(-64.6485,0.218325)]
triangle[(20.9191,6.33),(-7.3633,13.6588),(-17.4658,-25.3274)]
triangle[(-14.6237,18.3236),(-13.6816,20.9857),(-18.9606,22.8538)]
triangle[(6.85696,-20.2569),(19.1917,18.0526),(-26.9658,32.9142)]
triangle[(-19.882,0.221245),(-1.82618,14.8615),(-17.0266,33.6082)]
triangle[(-1.98445,-1.21164),(14.7984,-10.5307),(28.4475,14.0499)]
triangle[(-4.35706,2.50093),(-8.66297,-4.44155),(-0.854962,-9.28428)]
triangle[(-7.94647,-20.14),(5.26909,6.77956),(-36.9862,27.5238)]
triangle[(-18.8249,3.08019),(0.255831,-14.9458),(30.259,16.8129)]
triangle[(16.854,-13.6168),(-10.1758,12.7487),(-53.3801,-31.5442)]
triangle[(-6.47105,16.1344),(0.254447,1.33655),(17.3075,9.087)]
triangle[(-19.7899,17.2858),(15.543,-14.1443),(47.0482,21.273)]
triangle[(5.52886,15.4545),(-12.2083,-4.31202),(9.72161,-23.9904)]
triangle[(1.0591,10.7887),(20.0914,-18.2105),(66.7727,12.4267)]
triangle[(-8.19428,0.771994),(19.4089,12.6911),(7.21515,40.9303)]
triangle[(0.423174,-10.0135),(17.7941,4.74255),(-8.10665,35.2332)]
triangle[(17.9812,-10.5586),(-15.5881,3.79123),(-31.7872,-34.1042)]
triangle[(18.8468,2.27187),(5.73898,-16.0809),(29.7445,-33.2259)]
triangle[(-17.1105,-4.08549),(-13.1312,19.841),(-57.8847,27.2842)]
triangle[(1.42095,14.0879),(0.044529,-14.9468),(45.2352,-17.0891)]
triangle[(-8.81515,-15.4361),(-17.6669,-5.94087),(-33.103,-20.3309)]
triangle[(0.694454,8.2204),(-16.5651,0.883057),(-8.31626,-18.5207)]
triangle[(2.92441,10.5305),(-17.2169,-18.1917),(25.6142,-48.2268)]
triangle[(8.77795,-0.396186),(18.5423,-18.0526),(39.2885,-6.57956)]
triangle[(-4.56914,8.78465),(-19.9695,-19.6237),(27.1009,-45.1409)]
triangle[(14.4742,12.3384),(-17.2863,-1.83119),(7.72001,-57.8818)]
triangle[(-4.47409,-10.6359),(-18.3719,4.787),(-48.2881,-22.171)]
triangle[(-14.1018,20.5271),(10.3375,-7.43313),(50.3682,27.5567)]
triangle[(-15.9217,11.4957),(-11.8662,6.99693),(-6.21781,12.0888)]
triangle[(-20.616,-15.2415),(3.84158,6.67681),(-33.7228,48.5932)]
triangle[(-16.7636,-15.1525),(-8.74116,14.2916),(-55.5351,27.0413)]
triangle[(-20.9751,-12.9523),(-12.4776,2.48641),(-28.4962,11.3031)]
triangle[(-18.6963,14.3103),(3.69058,11.8418),(8.61134,56.4687)]
triangle[(12.7175,-0.922462),(-6.03217,-20.2977),(19.35,-44.8603)]
triangle[(-13.9189,-9.48538),(9.55882,-17.1544),(23.3063,24.9317)]
triangle[(7.71347,3.69984),(20.294,11.9819),(8.3066,30.191)]
triangle[(-14.0719,14.5668),(15.6634,-11.5089),(66.0759,45.9787)]
triangle[(-10.2148,16.8745),(-17.8251,-0.420086),(9.53663,-12.4602)]
triangle[(-18.7988,10.845),(12.6234,-18.4904),(65.5826,38.236)]
triangle[(-8.86973,-15.7602),(-8.43113,-2.60658),(-28.8929,-1.9243)]
triangle[(-7.16824,-19.6171),(7.86885,-4.85538),(-10.3584,13.712)]
triangle[(10.3905,-8.88775),(20.9629,19.4122),(-10.6343,31.2164)]
triangle[(-17.4323,15.3932),(-3.00059,1.03596),(19.2136,23.3653)]
triangle[(3.65909,5.49305),(14.1594,7.65745),(10.0437,27.6239)]
triangle[(-3.76643,20.4911),(-10.9672,-8.26933),(33.1028,-19.3032)]
triangle[(20.0236,19.4127),(-20.2209,-19.4937),(50.6571,-92.8096)]
triangle[(13.5973,-4.52097),(-0.0678516,13.9752),(-35.4536,-12.1682)]
triangle[(-12.8544,11.1656),(-10.4837,9.83878),(-8.70579,13.0154)]
triangle[(-13.3932,-9.93684),(17.9433,-15.1149),(27.9806,45.6284)]
triangle[(-19.9638,13.0303),(-7.00583,-6.55206),(19.6452,11.0833)]
triangle[(18.7213,1.82275),(16.1997,4.57024),(12.0457,0.75773)]
triangle[(-15.5615,-6.37316),(20.6932,8.56182),(-2.98559,66.042)]
triangle[(-7.64718,-1.24103),(-7.79669,-20.2123),(18.1384,-20.4167)]
triangle[(-5.31115,-7.53951),(4.5247,-13.4668),(11.896,-1.23484)]
triangle[(19.9995,-14.2302),(19.0299,-11.8117),(14.7919,-13.5108)]
triangle[(-15.5185,11.366),(10.4655,-4.71432),(41.5678,45.5436)]
triangle[(-18.6347,-1.07476),(13.5168,7.83707),(-0.46761,58.2889)]
triangle[(19.6199,-1.80605),(-14.4041,6.85734),(-25.7414,-37.6681)]
triangle[(13.1763,16.9447),(-18.0658,9.32865),(-4.87694,-44.7736)]
triangle[(-6.73782,19.4899),(-3.35833,-14.8097),(56.1422,-8.94718)]
triangle[(-18.5206,-8.36998),(10.213,7.98802),(-19.9024,60.887)]
triangle[(-20.9221,-2.58266),(4.34384,9.22528),(-18.6309,58.3854)]
triangle[(5.16244,-11.2288),(-8.91831,-14.7777),(-2.71486,-39.3906)]
triangle[(4.09705,17.829),(-8.65013,-3.97586),(18.9681,-20.1216)]
triangle[(-14.9781,20.4613),(9.23754,-9.57716),(47.8543,21.5539)]
triangle[(1.72137,-6.42007),(-20.5688,3.98411),(-31.3026,-19.0122)]
triangle[(-6.43383,11.4226),(-20.3659,-6.43986),(4.63119,-25.9367)]
triangle[(14.0429,9.00065),(13.8868,-10.2845),(33.8448,-10.4461)]
triangle[(-18.3851,-4.29365),(-3.1973,8.68464),(-23.7183,32.6994)]
triangle[(-15.4897,6.32314),(-14.6668,1.68018),(-8.85529,2.71024)]
triangle[(2.8642,-16.421),(14.6002,-11.6529),(5.48285,10.7881)]
triangle[(0.0889201,3.85756),(6.22522,-0.221231),(13.7958,11.1682)]
triangle[(20.9286,19.1298),(-8.68346,8.55351),(7.91284,-37.9136)]
triangle[(1.63528,-7.12297),(-15.8198,-5.61379),(-17.5135,-25.2035)]
triangle[(9.60615,7.69702),(2.0621,9.79361),(-1.85965,-4.31785)]
triangle[(-5.4332,11.5188),(-8.62971,-5.27146),(24.6564,-11.6084)]
triangle[(-20.4966,-2.04373),(-2.78353,9.70987),(-17.7806,32.311)]
triangle[(-8.20409,10.3737),(-9.50753,1.69975),(1.22095,0.0875822)]
triangle[(-11.9786,-19.7868),(-19.8797,19.5939),(-81.3077,7.26929)]
triangle[(-19.1572,-20.7787),(-9.29978,-5.51482),(-34.9072,11.0225)]
triangle[(-11.545,-9.52619),(3.99783,-6.32501),(-1.29816,19.3889)]
triangle[(18.9348,19.2794),(-18.5543,-7.57854),(22.6628,-65.1107)]
triangle[(-18.5306,14.8453),(-13.0424,-14.7562),(34.384,-5.96319)]
triangle[(-19.074,20.4597),(4.81795,-9.75486),(57.719,32.0764)]
triangle[(-1.7639,13.0946),(-18.1728,-15.8863),(36.5848,-46.8898)]
triangle[(-3.85926,8.02442),(7.91932,15.7509),(-6.30338,37.4326)]
triangle[(-10.4049,-11.959),(-0.0620829,-2.96076),(-14.4967,13.6307)]
triangle[(-17.5649,5.44099),(6.67032,7.17627),(4.02882,44.0682)]
triangle[(-5.37855,15.7174),(-7.87309,-0.0536429),(22.1596,-4.80398)]
triangle[(11.5641,13.6018),(-8.24089,8.59303),(-2.18459,-15.3542)]
triangle[(18.6346,14.3586),(20.4957,10.3293),(27.8649,13.7331)]
triangle[(-15.9009,-10.3043),(-9.13765,4.15246),(-30.2103,14.0108)]
triangle[(-9.12595,11.8774),(-20.7887,-18.2847),(21.7157,-34.7197)]
triangle[(11.4528,-6.2679),(-12.9166,-2.41548),(-18.1305,-35.397)]
triangle[(-15.5387,5.56579),(15.329,-11.0139),(38.4952,32.1164)]
triangle[(-0.848676,18.5307),(7.47118,-11.0408),(38.9872,-2.17386)]
triangle[(8.45868,-4.05051),(-15.7387,12.0164),(-32.4286,-13.1192)]
triangle[(14.2891,12.3508),(15.2072,3.10072),(32.7059,4.83758)]
triangle[(11.1548,13.1777),(-16.2766,3.97524),(-5.35426,-28.5829)]
triangle[(-1.35367,4.85346),(20.013,-1.46793),(29.6586,31.1348)]
triangle[(-12.679,10.5073),(6.98157,-6.50212),(36.5248,27.6458)]
triangle[(-5.32537,2.68687),(17.7999,3.18352),(17.2383,29.3309)]
triangle[(-17.7374,-15.5934),(15.9636,4.79603),(-9.46602,46.8278)]
triangle[(12.7163,4.03227),(11.1356,18.2698),(-8.48831,16.0911)]
triangle[(-6.24608,-19.4966),(-3.16593,-20.3241),(-2.02684,-16.0838)]
triangle[(17.3411,-0.298757),(-18.3829,-8.22947),(-9.96595,-46.1439)]
triangle[(-6.19735,3.46397),(12.9419,-20.7251),(58.723,15.4985)]
triangle[(12.8406,-9.37357),(-13.1098,13.4486),(-36.6669,-13.3376)]
triangle[(5.52155,15.2059),(12.7996,14.362),(14.2973,27.2789)]
triangle[(15.6163,11.1973),(20.3625,-16.3955),(58.2583,-9.87709)]
triangle[(20.7868,0.118436),(8.95797,-19.4812),(38.9811,-37.6008)]
triangle[(15.3162,14.5957),(6.46639,10.8898),(10.9902,0.0866116)]
triangle[(-9.27281,-2.73654),(7.66465,-2.98531),(8.01395,20.7966)]
triangle[(-9.64613,13.1516),(-17.1085,3.04479),(-6.11921,-5.06909)]
triangle[(20.9581,15.1295),(2.35818,-0.0192843),(20.5678,-22.3774)]
triangle[(15.1556,14.6334),(17.0599,-5.74761),(55.7637,-2.13128)]
triangle[(19.7011,0.745585),(19.3467,8.16617),(7.78613,7.61403)]
triangle[(11.232,8.62778),(17.5896,10.6589),(14.6132,19.9754)]
triangle[(-19.4674,17.1324),(-13.0929,-1.273),(7.02019,5.69294)]
triangle[(2.44709,-17.2346),(3.14425,3.965),(-24.8293,4.88491)]
triangle[(20.487,-15.3598),(4.43845,3.15015),(-29.4711,-26.2503)]
triangle[(19.2901,11.2867),(-4.71041,-6.80252),(17.3166,-36.0277)]
triangle[(-3.53819,15.9066),(12.4528,16.8826),(10.5672,47.7778)]
triangle[(1.07715,-19.9723),(-3.0849,-13.6984),(-9.79182,-18.1477)]
triangle[(19.5756,-1.2421),(9.32149,-15.9665),(31.3473,-31.3053)]
triangle[(20.4057,15.7996),(-6.39801,1.55164),(20.5371,-49.1193)]
triangle[(-12.2339,8.32308),(-7.13241,-3.32471),(14.7565,6.26219)]
triangle[(-11.4294,-17.0055),(1.2065,-17.9607),(2.45575,-1.43479)]
triangle[(-13.777,12.3205),(3.70792,11.0615),(5.8536,40.8594)]
triangle[(6.0861,-17.5397),(-8.64222,12.8181),(-49.8707,-7.18423)]
triangle[(9.08925,3.29409),(15.0142,-20.1763),(60.8768,-8.59848)]
triangle[(-18.4377,20.4579),(20.0976,8.97307),(32.2121,49.6212)]
triangle[(2.88339,-1.65487),(0.943603,-16.7858),(19.9614,-19.2239)]
triangle[(-2.82061,15.0551),(6.92079,-12.3634),(42.1698,0.160014)]
triangle[(-6.95587,3.93746),(15.1255,-16.2747),(40.175,11.0914)]
triangle[(18.7086,20.9224),(-16.1981,-1.00463),(7.1645,-38.1966)]
triangle[(2.98533,-17.0564),(-9.19966,13.893),(-70.0547,-10.0659)]
triangle[(-0.158868,-9.61158),(12.0376,3.08733),(-10.0611,24.3117)]
triangle[(-0.50742,-8.50202),(-9.2626,7.50061),(-25.737,-1.51269)]
triangle[(4.29519,-0.585309),(-8.7178,17.8974),(-35.3577,-0.858741)]
triangle[(14.0806,-19.5736),(4.80403,-2.10069),(-28.588,-19.829)]
triangle[(1.91619,10.9475),(-4.95088,-17.155),(38.637,-27.806)]
triangle[(10.9344,17.7865),(-19.9511,11.0535),(-7.38751,-46.5779)]
triangle[(6.28793,9.02726),(-16.2962,-11.7936),(14.3104,-44.9922)]
triangle[(11.1904,6.11944),(-17.5458,-8.65606),(-0.935639,-40.9603)]
triangle[(2.89603,-5.81396),(12.3594,13.3403),(-17.2063,27.9476)]
triangle[(17.3362,-15.5125),(12.0747,-5.60807),(0.0374347,-12.0025)]
triangle[(18.0539,-4.25066),(6.44869,-10.3221),(14.9909,-26.6501)]
triangle[(-9.93174,-12.8224),(17.3847,15.1206),(-12.5921,44.4252)]
triangle[(3.82282,-9.7142),(-11.3714,15.3126),(-43.7558,-4.34867)]
triangle[(-18.5688,20.6259),(0.312253,-6.2053),(38.4775,20.6515)]
triangle[(-20.8781,8.59869),(-5.85526,5.43169),(0.132263,33.8338)]
triangle[(9.27676,-12.7345),(-17.9398,6.18098),(-38.0955,-22.82)]
triangle[(-12.0548,-19.6624),(12.0713,20.797),(-38.0513,50.6852)]
triangle[(7.26519,-7.34854),(19.8397,-15.2533),(29.9361,0.807488)]
triangle[(-9.05209,-15.9966),(11.2835,19.7281),(-51.4338,55.4288)]
triangle[(18.1106,4.01972),(1.55881,12.292),(-10.8348,-12.5059)]
triangle[(20.712,-3.67777),(15.1524,-17.794),(40.0255,-27.59)]
triangle[(1.75664,-7.08947),(10.1168,-14.5503),(19.8483,-3.64561)]
triangle[(6.13063,-11.8221),(-8.81668,4.86907),(-30.3991,-14.4584)]
triangle[(20.6561,-10.4905),(-14.937,2.46847),(-30.2761,-39.6619)]
triangle[(11.6717,13.362),(13.9845,6.45589),(25.9924,10.4772)]
triangle[(-14.3091,15.6076),(2.38936,-16.1304),(44.2179,5.87704)]
triangle[(-19.9784,4.97991),(-8.66823,19.9401),(-30.5701,36.4983)]
triangle[(-17.2499,-13.8103),(-20.3177,-18.46),(-13.9141,-22.685)]
triangle[(18.1877,-15.2489),(14.3004,-5.22983),(-4.98893,-12.7137)]
triangle[(15.882,20.9173),(-19.4629,8.69729),(0.938048,-50.3099)]
triangle[(-17.5696,15.1544),(-7.67871,-13.1577),(34.0734,1.42839)]
triangle[(-13.0377,-20.1275),(-15.9959,0.715753),(-38.0272,-2.41102)]
triangle[(-18.4082,17.699),(5.29801,-9.05873),(57.0026,36.7494)]
triangle[(2.85078,-1.53261),(17.4753,11.5334),(-7.38116,39.3548)]
triangle[(-5.04348,-5.92026),(-3.11304,-18.3104),(12.7829,-15.8337)]
triangle[(-0.125941,-5.37305),(13.8017,-4.77354),(13.0057,13.7203)]
triangle[(-7.18196,-17.3218),(-6.32654,-13.211),(-10.9299,-12.2531)]
triangle[(-8.17678,0.179681),(20.1564,11.1923),(5.23795,49.5742)]
triangle[(9.81779,13.5473),(2.80354,-8.76048),(29.7461,-17.232)]
triangle[(-5.6747,11.4751),(6.75715,-5.69591),(34.6621,14.5073)]
triangle[(13.041,12.3049),(4.00998,-19.9006),(60.5948,-35.768)]
triangle[(4.84065,-15.2424),(-8.86894,-4.58823),(-20.3724,-19.3907)]
triangle[(-20.7572,-4.84139),(-9.85462,-9.04411),(-2.01028,11.3055)]
triangle[(-14.3275,12.0345),(1.70545,-16.5512),(52.6167,12.0035)]
triangle[(-8.59863,14.78),(6.71746,4.69891),(17.0417,20.3844)]
triangle[(-14.6524,2.91034),(-11.7428,19.3345),(-28.6368,22.3274)]
triangle[(-1.9169,15.1141),(18.8729,-18.4848),(69.8704,13.0707)]
triangle[(9.41418,-13.0514),(-7.185,-7.04221),(-17.1131,-34.4665)]
triangle[(-7.0415,-9.14779),(-6.39207,-15.4446),(-0.0225858,-14.7876)]
triangle[(6.87997,14.289),(16.3369,13.9846),(16.8624,30.312)]
triangle[(-8.2054,16.0366),(2.4527,11.3635),(7.94858,23.898)]
triangle[(16.9947,17.7554),(-1.78251,-11.1069),(29.0567,-31.1702)]
triangle[(-14.4649,-0.609473),(-7.14785,-15.1542),(12.205,-5.41836)]
triangle[(15.2743,-1.55022),(10.0848,13.1153),(-6.62069,7.20391)]
triangle[(-10.1009,5.83078),(16.8096,-4.10453),(35.9546,47.7511)]
triangle[(14.376,13.3001),(13.2882,-9.87806),(58.0266,-11.9776)]
triangle[(-16.9311,-4.85252),(5.65829,10.8315),(-16.1399,42.227)]
triangle[(10.9544,-7.70462),(-0.0525086,2.93374),(-17.5887,-15.2099)]
triangle[(3.39452,10.1601),(-14.5409,-9.1954),(23.9341,-44.8474)]
triangle[(-6.96004,-2.01599),(-7.20962,16.7624),(-39.44,16.334)]
triangle[(-20.3261,19.5961),(14.6405,16.596),(17.7446,52.7742)]
triangle[(-18.6911,12.0782),(-10.6597,-4.38485),(12.3506,6.84061)]
triangle[(14.3317,7.01778),(2.45157,16.1633),(-12.4295,-3.16742)]
triangle[(-4.86721,-6.76321),(9.51317,8.69682),(-7.71315,24.7201)]
triangle[(4.74725,13.56),(-4.68343,11.4985),(-1.67824,-2.24922)]
triangle[(-4.04783,12.4316),(2.89796,9.6222),(7.09477,19.9983)]
triangle[(12.3535,14.9662),(-12.267,-7.02909),(22.6446,-46.1074)]
triangle[(-5.86677,-5.73269),(13.4725,0.949116),(1.70391,35.0111)]
triangle[(-8.06535,19.4057),(-7.6426,0.270723),(19.3203,0.86641)]
triangle[(7.54069,-4.07053),(4.39603,10.5461),(-20.8221,5.12058)]
triangle[(-10.0346,12.2153),(4.14789,17.9019),(-3.99931,38.2211)]
triangle[(6.18998,-12.4259),(5.04577,-15.2251),(7.84719,-16.3702)]
triangle[(-2.97487,5.41877),(13.6415,-18.8117),(49.2559,5.61139)]
triangle[(-15.5488,1.53782),(-19.4224,0.650875),(-17.9861,-5.62161)]
triangle[(18.8636,8.99176),(13.3926,-15.7816),(43.6077,-22.4544)]
triangle[(11.9612,4.66476),(-20.6726,-0.283577),(-14.7631,-39.2566)]
triangle[(13.5285,-20.0962),(-10.6156,-2.13613),(-45.2287,-48.6673)]
triangle[(-11.6816,-16.0274),(20.6472,18.9663),(-18.4938,55.1266)]
triangle[(18.863,-15.2158),(-16.5673,7.51094),(-49.3254,-43.5579)]
triangle[(16.618,18.6753),(-7.59301,8.45815),(11.2937,-36.2965)]
triangle[(3.98938,11.5377),(15.0649,10.2509),(16.3934,21.685)]
triangle[(0.099758,-10.1999),(4.99065,9.56912),(-29.3862,18.074)]
triangle[(-18.2034,1.59824),(-3.01141,-18.2367),(27.1196,4.84119)]
triangle[(-14.076,-2.98367),(0.289486,18.8344),(-28.4068,37.7287)]
triangle[(-0.141566,9.53207),(-20.6065,9.64283),(-20.7994,-25.9934)]
triangle[(12.3909,-20.3548),(-2.91954,-10.2259),(-17.4824,-32.2387)]
triangle[(-4.51804,0.374515),(-18.5103,8.2445),(-30.3715,-12.8439)]
triangle[(-19.8755,-16.4171),(-5.12505,9.25905),(-53.1537,36.8505)]
triangle[(-9.87734,-4.19114),(19.4102,5.05756),(4.61763,51.9007)]
triangle[(16.5253,-11.4174),(11.9168,14.8562),(-33.7097,6.8531)]
triangle[(0.727202,0.667309),(-11.8741,-19.7005),(24.2837,-42.0708)]
triangle[(15.8361,-5.51098),(-6.07471,13.9853),(-30.8862,-13.8989)]
triangle[(13.304,-11.5096),(-5.6799,-4.20268),(-19.2277,-39.401)]
triangle[(-7.85298,-20.6126),(-11.484,12.3954),(-55.164,7.59037)]
triangle[(20.6714,-15.4306),(-17.9898,-16.0725),(-17.1533,-66.4565)]
triangle[(-14.2882,-0.326142),(15.8223,18.4084),(-11.243,61.9085)]
triangle[(3.77049,-17.3243),(18.923,18.1668),(-47.269,46.4267)]
triangle[(20.2631,-7.84485),(13.9351,-19.3063),(30.8659,-28.6541)]
triangle[(-6.69519,17.6017),(5.88586,-15.8952),(64.8651,6.25674)]
triangle[(-8.11315,19.4309),(7.25431,4.0602),(26.8038,23.6055)]
triangle[(-3.28624,-8.81624),(7.71776,12.6515),(-34.7769,34.4335)]
triangle[(-13.51,-18.0993),(-8.36776,-13.7414),(-14.5903,-6.39897)]
triangle[(-14.0001,7.39034),(7.64825,-9.89273),(25.6617,12.6705)]
triangle[(13.7872,-15.8982),(-5.15992,-8.642),(-18.7512,-44.1315)]
triangle[(12.7367,-0.679222),(-9.27508,-20.2343),(27.1319,-61.215)]
triangle[(9.63863,-1.3711),(20.5008,-10.2267),(33.7964,6.08156)]
triangle[(13.02,-4.90108),(-1.59161,17.4986),(-30.8379,-1.57908)]
triangle[(10.8548,12.8896),(14.7302,-14.1589),(66.3862,-6.75775)]
triangle[(-1.60662,4.63546),(-17.2659,-14.6279),(11.68,-38.1583)]
triangle[(-17.0574,7.55207),(14.7874,-1.91654),(28.8331,45.3219)]
triangle[(7.42886,8.32273),(-3.94668,-18.2726),(35.7818,-35.2656)]
triangle[(-16.5243,-7.35627),(16.5086,10.7247),(-7.76523,55.0716)]
triangle[(18.3292,-12.7353),(-0.372094,15.623),(-32.8391,-5.78777)]
triangle[(-11.2742,19.2218),(3.77073,6.52289),(28.2356,35.5075)]
triangle[(-13.1595,7.8098),(18.2082,18.696),(5.33175,55.7987)]
triangle[(-4.7449,-17.5995),(-1.91778,18.8749),(-65.0538,23.7686)]
triangle[(-18.8987,11.7739),(-4.50147,8.40405),(-0.678308,24.7379)]
triangle[(18.3761,-15.385),(2.63373,3.44795),(-27.6849,-21.8952)]
triangle[(-0.537327,-14.3936),(19.8064,-20.1662),(27.7079,7.68068)]
triangle[(-19.9187,-3.3054),(-7.76798,-6.4768),(-2.21106,14.8136)]
triangle[(19.3582,14.8715),(9.15735,11.878),(12.3782,0.902292)]
triangle[(-10.6286,15.375),(19.8879,-4.35004),(53.4211,47.529)]
triangle[(11.1999,-13.8275),(-12.7448,-17.9516),(-8.30897,-43.7065)]
triangle[(8.91869,8.76734),(-19.226,2.8214),(-10.5345,-38.3192)]
triangle[(11.1049,19.1806),(1.73177,-6.21243),(48.1306,-23.3394)]
triangle[(-16.9326,-20.5051),(18.44,-20.1619),(17.9012,35.3655)]
triangle[(15.1155,1.73),(7.35923,-3.38263),(16.2169,-16.8203)]
triangle[(14.3125,-18.2931),(6.65629,8.63571),(-35.6523,-3.39312)]
triangle[(-13.7874,16.0754),(17.9393,-6.95651),(61.4977,53.0458)]
triangle[(-11.8228,13.1577),(-16.0068,-14.7391),(14.7442,-19.3512)]
triangle[(-17.6416,-10.4858),(2.08175,-20.4958),(17.8514,10.576)]
triangle[(-16.6715,0.547026),(-16.1083,-19.2218),(16.5311,-18.292)]
triangle[(14.9365,14.0457),(19.4647,6.25134),(32.5833,13.8727)]
triangle[(8.45724,-2.67736),(15.3825,-2.71579),(15.4566,10.641)]
triangle[(12.5268,-14.4085),(0.832813,-12.4244),(-2.48849,-31.9998)]
triangle[(8.22552,-19.876),(8.0076,-3.00474),(-11.0554,-3.25097)]
triangle[(-6.61962,-6.73686),(8.24049,0.453582),(-3.90013,25.5439)]
triangle[(-7.8043,-0.840667),(16.867,8.56633),(0.440178,51.6481)]
triangle[(8.7366,-7.05331),(-11.004,20.6748),(-39.2917,0.53582)]
triangle[(3.22977,15.6575),(16.5864,-3.18829),(51.7534,21.7358)]
triangle[(13.5831,-11.1613),(15.4717,5.78431),(-3.00293,7.84323)]
triangle[(-15.1255,15.296),(6.76697,20.915),(-2.05368,55.2812)]
triangle[(-15.3285,-17.3154),(-19.7659,8.01143),(-67.2381,-0.306076)]
triangle[(-10.6521,-0.212948),(-9.81708,-6.85555),(-0.345376,-5.66493)]
triangle[(12.3311,3.26405),(15.4879,6.61392),(11.8865,10.0078)]
triangle[(-0.421848,6.64193),(14.6381,17.4179),(-3.3239,42.5207)]
triangle[(17.7948,11.6971),(-19.6098,9.71635),(-15.9521,-59.3567)]
triangle[(-8.85432,-18.0739),(4.61507,-8.87704),(-10.7182,13.5795)]
triangle[(-15.3028,-2.71512),(-14.9521,18.8705),(-48.2488,19.4115)]
triangle[(-10.3011,20.4427),(12.2359,-7.4689),(40.4382,15.3028)]
triangle[(3.58028,-1.26623),(20.1158,6.81129),(4.29323,39.2016)]
triangle[(-18.9968,-0.875514),(17.7653,2.8602),(13.956,40.3467)]
triangle[(20.4295,-20.68),(-8.33365,7.65644),(-49.5148,-34.1449)]
triangle[(-20.5677,17.1665),(11.349,-15.9065),(57.1737,28.316)]
triangle[(-10.5951,-2.41084),(-0.0484912,10.3704),(-25.2528,31.1681)]
triangle[(20.466,-6.57721),(-3.29514,4.11804),(-18.75,-30.2174)]
triangle[(-18.8581,9.93006),(-4.52125,16.0419),(-14.7692,40.081)]
triangle[(-1.83755,-1.65395),(-3.83929,20.7679),(-42.4141,17.3241)]
triangle[(6.18927,-18.2492),(-1.5728,-18.9046),(-0.773392,-28.3725)]
triangle[(-10.5652,-5.94843),(13.6586,11.201),(-7.62734,41.2677)]
triangle[(5.38236,17.5053),(-10.7089,10.7048),(0.652558,-16.1788)]
triangle[(-5.71653,-9.79465),(-13.1868,-3.67927),(-23.5739,-16.3676)]
triangle[(-11.7379,1.97753),(-9.03219,-19.7021),(14.7565,-16.7332)]
triangle[(-8.08076,9.86745),(13.7061,16.7986),(5.8157,41.6008)]
triangle[(-2.83176,-18.3138),(-19.7921,-2.97102),(-35.978,-20.8634)]
triangle[(17.7518,1.41653),(-15.99,-8.40549),(1.64188,-68.9766)]
triangle[(-19.4734,8.05335),(7.07822,16.9063),(-8.01178,62.1641)]
triangle[(-8.24663,15.5085),(-4.41166,-8.36131),(37.5625,-1.61765)]
triangle[(-8.02708,19.2509),(-7.71339,6.91058),(14.6615,7.47935)]
triangle[(-12.7803,-1.38518),(4.13178,4.4086),(-5.1159,31.4026)]
triangle[(-8.09703,2.84189),(-10.0109,-5.36906),(0.421504,-7.80066)]
triangle[(8.50752,-10.3195),(-11.7809,-14.4412),(-5.91073,-43.3366)]
triangle[(-17.8626,-3.09078),(7.43504,-1.21742),(4.75085,35.0294)]
triangle[(20.6932,6.97079),(-1.42194,14.5091),(-10.7049,-12.7242)]
triangle[(19.4489,19.9397),(-17.5629,-11.7895),(29.513,-66.7031)]
triangle[(-4.60321,-14.1753),(8.24332,-19.1871),(17.828,5.38083)]
triangle[(20.4813,-4.35044),(-17.2249,-5.69814),(-15.4433,-55.5444)]
triangle[(-3.80748,-0.655844),(5.34135,-0.795921),(5.49223,9.05841)]
triangle[(-1.95582,18.0274),(13.3566,10.7379),(25.7371,36.7447)]
triangle[(-13.6239,-2.76346),(19.1899,5.08912),(8.20109,51.0085)]
triangle[(12.3208,6.97428),(0.605312,14.6518),(-7.36123,2.49526)]
triangle[(14.5957,-5.24753),(-12.9919,19.3508),(-41.0706,-12.1401)]
triangle[(-2.85775,11.1983),(-18.0211,9.35223),(-14.5081,-19.5036)]
triangle[(-7.16891,-12.4139),(-18.6568,-10.1675),(-22.0732,-27.6378)]
triangle[(-5.85594,-3.42788),(-19.1011,-12.1514),(-4.20412,-34.7699)]
triangle[(18.6524,2.71346),(7.68673,4.31269),(5.44443,-11.0624)]
triangle[(18.8391,0.0194475),(10.2422,-0.344201),(10.8982,-15.8523)]
triangle[(4.91513,-18.2809),(6.81536,-12.1693),(-2.40397,-9.30284)]
triangle[(-8.91717,-3.59501),(1.31017,6.67753),(-16.3237,24.2338)]
triangle[(-0.245746,-15.4363),(-14.7741,-2.83451),(-31.228,-21.8038)]
triangle[(9.31715,3.10672),(-14.323,12.2415),(-29.0874,-25.9677)]
triangle[(-17.1302,5.72677),(-18.8085,-18.7744),(18.3371,-21.3187)]
triangle[(10.468,-4.36166),(6.17085,-4.49583),(6.35755,-10.475)]
triangle[(-4.69622,13.2216),(-19.0402,-8.56158),(13.8876,-30.2441)]
triangle[(5.6807,-20.2179),(5.38837,5.64612),(-42.8964,5.10039)]
triangle[(-0.491207,16.2876),(-2.44548,-15.8867),(40.6379,-18.5036)]
triangle[(-15.8247,13.7941),(20.3421,-4.97697),(41.1186,35.0538)]
triangle[(17.3812,18.3696),(6.34581,-2.14985),(39.4683,-19.9632)]
triangle[(5.38348,20.0838),(6.59773,7.7712),(31.0372,10.1814)]
triangle[(-8.08011,-3.889),(-12.3847,-15.7717),(-0.0797219,-20.2293)]
triangle[(-8.98786,-11.4793),(-12.214,15.0243),(-45.9104,10.9226)]
triangle[(2.70398,2.03929),(19.6101,2.86232),(18.6623,22.3308)]
triangle[(-8.46006,7.21837),(17.5887,0.459099),(26.4747,34.7037)]
triangle[(-4.68099,16.6242),(1.19451,-14.3779),(45.5289,-5.97568)]
triangle[(-13.0517,20.5507),(13.7359,3.607),(37.8194,41.6825)]
triangle[(-6.79839,10.021),(2.05419,20.1628),(-8.83041,29.6638)]
triangle[(-15.3071,-14.4758),(-1.73186,-4.67521),(-18.2264,18.1722)]
triangle[(-19.2899,16.699),(3.34846,9.56792),(13.3399,41.2865)]
triangle[(15.982,-9.64319),(12.1343,-6.61624),(8.374,-11.3962)]
triangle[(2.84696,15.6229),(-12.629,-8.93977),(23.4432,-31.6674)]
triangle[(-1.27579,2.72671),(-16.388,-3.01254),(-7.6686,-25.9718)]
triangle[(1.44163,-13.0016),(-19.1277,-15.1606),(-16.3242,-41.8702)]
triangle[(13.2563,2.63658),(4.65752,13.1814),(-7.2059,3.50749)]
triangle[(18.0395,10.3703),(11.6134,-19.1561),(49.6853,-27.4421)]
triangle[(-14.1748,-11.2691),(-2.87398,-8.14688),(-7.2068,7.53574)]
triangle[(6.53831,8.63107),(-1.25321,-5.56199),(25.6738,-20.3441)]
triangle[(-11.7587,-8.48711),(8.8781,18.7121),(-23.4917,43.2719)]
triangle[(-9.65942,16.1501),(10.7822,-15.715),(52.4954,11.0443)]
triangle[(8.17073,-13.7245),(-15.9271,-6.43537),(-27.4224,-44.439)]
triangle[(-16.7808,16.2845),(5.25773,9.90302),(16.8735,50.0181)]
triangle[(20.9777,-8.62773),(5.69777,14.0279),(-34.6073,-13.1556)]
triangle[(18.9229,19.964),(-16.5867,-3.77902),(8.19637,-40.844)]
triangle[(12.0657,16.1654),(-9.03155,3.88527),(13.7174,-35.1971)]
triangle[(-7.95622,19.2223),(12.5158,8.53941),(23.4192,29.4341)]
triangle[(16.811,-7.25132),(10.9629,14.4975),(-20.3974,6.06486)]
triangle[(14.8368,13.5716),(10.2241,18.4347),(2.92661,11.5131)]
triangle[(-9.04673,-13.7051),(-2.54165,2.34924),(-23.3223,10.7694)]
triangle[(-19.0815,15.162),(5.34566,-8.25772),(44.1402,32.2056)]
triangle[(15.7585,6.20947),(8.21194,2.15158),(12.8873,-6.54323)]
triangle[(10.5687,-9.08021),(-1.8236,-2.68911),(-8.67762,-15.979)]
triangle[(-0.488636,12.2456),(-6.39992,-18.2634),(32.0624,-25.7157)]
triangle[(16.4686,16.2621),(15.5882,6.71673),(28.3919,5.53583)]
triangle[(20.9853,7.61546),(10.3229,-7.82132),(32.2207,-22.9465)]
triangle[(-13.4634,-4.26617),(11.1718,-12.4563),(22.6356,22.026)]
triangle[(7.95606,18.6706),(19.4824,3.83171),(36.9311,17.3853)]
triangle[(-20.0872,-13.5885),(8.80412,16.3591),(-24.0338,48.0388)]
triangle[(-13.952,-9.91265),(4.5503,2.62327),(-15.7568,32.5953)]
triangle[(2.70772,0.96219),(11.5174,-0.316942),(13.8936,16.0484)]
triangle[(3.54482,-13.0598),(0.671761,13.5109),(-48.5829,8.18503)]
triangle[(2.08398,-10.6313),(-13.1815,8.45123),(-44.7701,-16.8187)]
triangle[(3.19769,-12.878),(15.0654,15.588),(-22.2653,31.1514)]
triangle[(-8.97131,-14.4477),(1.26797,-13.5519),(0.0320857,0.575258)]
triangle[(17.698,-0.287837),(-20.9615,17.0551),(-43.0359,-32.1514)]
triangle[(-14.5243,-1.38524),(-20.8925,-6.42395),(-14.0555,-15.0649)]
triangle[(-7.9276,3.29965),(6.22512,-20.1729),(53.0787,8.07742)]
triangle[(-10.596,19.5292),(-13.2739,-19.7546),(60.3333,-24.7724)]
triangle[(4.30722,-12.2546),(-2.8943,-13.1286),(-1.45745,-24.9681)]
triangle[(15.8201,-1.38197),(-16.8631,-10.8048),(-1.26009,-64.9244)]
triangle[(-9.05936,8.23905),(6.02306,-18.7348),(44.5446,2.8046)]
triangle[(5.13782,-5.47209),(3.8204,16.731),(-22.8099,15.1509)]
triangle[(-16.167,15.0253),(-0.599864,2.31501),(23.6953,32.0708)]
triangle[(13.6619,17.8211),(-11.1773,10.7573),(-0.301706,-27.4854)]
triangle[(9.66811,-0.904534),(-16.8391,-10.002),(0.881147,-61.6329)]
triangle[(16.1897,9.63521),(15.5903,5.11807),(20.9992,4.40031)]
triangle[(7.24665,-4.11757),(-20.0426,-5.73334),(-17.9854,-40.4793)]
triangle[(17.1799,15.7198),(17.3671,-7.3328),(60.574,-6.98204)]
triangle[(12.6229,11.9254),(-7.87571,-14.4971),(34.0056,-46.9888)]
triangle[(-7.08161,-5.90044),(-8.90496,20.4939),(-59.8021,16.9779)]
triangle[(-1.13174,-0.530656),(18.2505,16.797),(-6.01102,43.9353)]
triangle[(15.4385,-14.952),(-2.60112,-15.2907),(-1.93782,-50.6128)]
triangle[(-2.44221,-2.33351),(4.36976,-18.1769),(22.1672,-10.5247)]
triangle[(-16.7287,5.61543),(4.67244,-15.8595),(30.4003,9.77988)]
triangle[(-2.84884,-16.1643),(-2.5265,-18.8415),(2.02708,-18.2933)]
triangle[(-16.8711,-0.916532),(20.2197,20.6817),(-15.9916,82.8678)]
triangle[(-13.8467,20.3565),(-15.9139,20.0664),(-15.5003,17.1189)]
triangle[(17.3158,-5.97797),(13.9225,15.8903),(-24.0733,9.99455)]
triangle[(-14.0757,-1.82724),(-19.3983,-7.52241),(-11.0897,-15.2876)]
triangle[(1.3238,-14.161),(-20.6523,1.66194),(-40.4334,-25.8115)]
triangle[(-13.5021,2.17619),(7.17685,11.0063),(-8.5902,47.9305)]
triangle[(13.9739,-7.60084),(9.33901,19.6683),(-22.7858,14.208)]
triangle[(-13.5976,-17.6394),(0.0500783,-9.17621),(-13.228,12.2359)]
triangle[(-16.2638,-13.8329),(-19.4218,-20.9281),(-12.2373,-24.1259)]
triangle[(-18.4678,19.1514),(9.30464,-6.29529),(44.5212,32.14)]
triangle[(10.9282,10.724),(12.8423,14.7861),(5.00255,18.4803)]
triangle[(16.952,-15.43),(-19.3242,18.5109),(-56.6436,-21.3763)]
triangle[(-18.2456,14.9394),(-17.3233,-12.1558),(34.1322,-10.4043)]
triangle[(-16.8778,-16.9869),(-2.9809,-9.70258),(-11.8271,7.17404)]
triangle[(14.9579,1.0987),(-4.0351,19.0944),(-35.6943,-14.3193)]
triangle[(5.42962,7.0571),(-9.50828,-16.0189),(29.1094,-41.0175)]
triangle[(16.0303,20.9122),(-19.6704,0.167307),(21.7362,-71.0908)]
triangle[(-9.27937,14.3393),(-3.63276,-15.567),(52.638,-4.9425)]
triangle[(9.32097,8.918),(1.90739,-14.609),(43.5502,-27.731)]
triangle[(12.3534,7.06356),(-10.7975,-5.18765),(5.92803,-36.7935)]
triangle[(-15.2598,-3.66509),(-8.25926,19.2078),(-33.9704,27.0771)]
triangle[(13.7247,-18.9085),(-1.79482,14.7383),(-48.5577,-6.83098)]
triangle[(-4.03423,18.1071),(-5.02853,-6.57232),(27.0812,-7.86598)]
triangle[(5.30429,-5.41993),(0.244591,-16.1368),(11.9005,-21.6398)]
triangle[(-8.46151,-1.32646),(15.2336,-2.60997),(17.3692,36.8155)]
triangle[(-1.81398,-2.9984),(4.13561,11.8911),(-11.9661,18.3251)]
triangle[(20.2937,1.14131),(3.68848,-1.60013),(7.1092,-22.3197)]
triangle[(-8.71443,0.221318),(-1.60803,-2.27497),(1.82897,7.50945)]
triangle[(-19.2843,-13.3646),(16.2575,0.495515),(-6.64428,59.2229)]
triangle[(19.1743,1.85838),(-11.7389,-7.82694),(-1.75883,-39.6811)]
triangle[(-6.29376,-2.62162),(-5.03236,10.7001),(-22.5992,12.3634)]
triangle[(-6.94299,20.1519),(11.2414,-17.0396),(60.6713,7.12867)]
triangle[(-14.0812,-9.99157),(5.98782,8.73254),(-19.8586,36.4355)]
triangle[(6.33152,3.26793),(-8.98809,-14.9506),(23.9127,-42.6162)]
triangle[(6.20979,0.866655),(-19.4275,-3.11051),(-15.0669,-31.2192)]
triangle[(-2.38479,-7.27299),(-7.77546,2.79301),(-25.0439,-6.45482)]
triangle[(12.7567,-5.88901),(-2.84088,-7.90221),(-0.422353,-26.6401)]
triangle[(-8.00644,5.56099),(18.2932,-4.28606),(36.6323,44.6942)]
triangle[(-15.1408,5.15867),(-17.245,-10.5431),(9.79702,-14.167)]
triangle[(-11.0778,-15.3826),(14.7371,4.96752),(-17.0002,45.2274)]
triangle[(-20.2516,5.28245),(11.5234,17.2862),(-9.71125,73.4966)]
triangle[(-2.51788,-0.486229),(10.6722,4.81745),(3.27413,23.2162)]
triangle[(-8.06662,-11.575),(-14.1106,-10.78),(-15.021,-17.7004)]
triangle[(-2.45714,1.39815),(5.93668,-3.47372),(14.8734,11.9235)]
triangle[(-3.58832,19.1976),(15.1641,-9.33857),(58.8823,19.3906)]
triangle[(13.6662,18.5115),(-15.8045,3.31337),(0.346927,-28.0059)]
triangle[(12.9861,-9.21655),(-19.4132,-11.6223),(-16.7575,-47.3868)]
triangle[(14.7751,-6.86853),(-12.1295,17.3065),(-36.7889,-10.1372)]
triangle[(-4.31613,14.2566),(-14.816,13.4524),(-13.37,-5.42483)]
triangle[(5.8835,-17.6575),(11.1656,-0.703725),(-21.3662,9.43175)]
triangle[(2.79202,8.42067),(9.04811,9.93161),(6.07672,22.2347)]
triangle[(15.4486,-14.2676),(4.17099,-6.81298),(-10.6702,-29.2652)]
triangle[(16.034,12.4725),(14.8074,-17.985),(59.544,-19.7867)]
triangle[(20.4047,-10.2068),(12.5319,-17.3541),(21.8289,-27.5947)]
triangle[(-10.1128,9.48467),(3.99395,-6.47249),(32.8373,19.0261)]
triangle[(-12.8205,5.84034),(2.98504,3.6438),(5.5709,22.2507)]
triangle[(17.4674,8.57657),(1.64025,-16.2778),(36.056,-38.1936)]
triangle[(19.7525,15.5468),(-15.266,-16.1064),(21.9683,-57.2994)]
triangle[(-6.31722,-9.27691),(16.823,-11.5856),(20.3741,24.0068)]
triangle[(-19.8931,-9.06534),(9.815,4.75449),(-15.7156,59.6369)]
triangle[(-13.4932,-6.42253),(4.83322,-5.76892),(3.89469,20.5464)]
triangle[(-3.82569,13.0149),(5.86044,-12.7352),(53.1962,5.07057)]
triangle[(-8.65235,-6.90736),(17.9824,-5.82793),(16.345,34.575)]
triangle[(16.4838,6.28083),(-14.5335,14.1146),(-25.891,-30.8544)]
triangle[(11.2961,-2.64578),(14.1769,16.4944),(-22.2053,21.9702)]
triangle[(-20.4291,8.8599),(-4.27509,-6.07089),(15.5724,15.4026)]
triangle[(-17.6919,15.8835),(-20.2959,-12.1804),(20.578,-15.973)]
triangle[(9.85266,8.48162),(16.5715,15.9492),(6.08547,25.3839)]
triangle[(10.991,7.9367),(-16.5281,2.17917),(-5.55379,-50.2742)]
triangle[(-2.5206,-6.53579),(-14.5991,20.5811),(-57.1437,1.6307)]
triangle[(-14.5042,-7.77868),(17.1978,-18.0539),(32.4973,29.1493)]
triangle[(-17.2223,15.5915),(-1.50783,7.97305),(9.45515,30.5862)]
triangle[(1.17092,-11.9312),(1.84578,12.1681),(-39.5581,13.3276)]
triangle[(16.3128,13.8388),(-14.8038,-0.04304),(11.2938,-58.5419)]
triangle[(-14.8131,13.6254),(-9.68779,2.87075),(11.447,12.943)]
triangle[(5.27843,12.465),(-2.99132,-15.5951),(52.5606,-31.9671)]
triangle[(-2.11665,9.81284),(-7.08856,-14.3049),(21.0685,-20.1096)]
triangle[(-5.79913,-4.68257),(-17.1775,-12.0024),(-7.34312,-27.2894)]
triangle[(13.9261,11.1949),(-15.8677,-1.38313),(3.10438,-46.3228)]
triangle[(-12.5964,7.58527),(19.3441,-14.3493),(61.19,46.5856)]
triangle[(11.1419,-20.8586),(19.9242,-19.1303),(17.8488,-8.58384)]
triangle[(-8.70781,13.1031),(-8.16428,-17.3187),(44.9504,-16.3697)]
triangle[(-13.5233,-18.6547),(6.09127,16.5367),(-31.387,37.4259)]
triangle[(-5.14046,-6.93496),(12.5983,9.39852),(-14.0846,38.3771)]
triangle[(12.6372,2.23112),(0.31599,20.4719),(-30.0655,-0.0500111)]
triangle[(-4.99362,-12.1202),(-9.10458,-9.74611),(-11.5575,-13.9935)]
triangle[(-3.23743,-13.0489),(-0.498388,-11.0308),(-3.85303,-6.47772)]
triangle[(-6.52733,13.8146),(-4.62969,-17.5063),(54.896,-13.8998)]
triangle[(6.45172,0.416717),(20.2269,12.313),(-0.832615,36.6987)]
triangle[(-7.51609,4.67789),(2.90983,-4.68011),(19.5609,13.8711)]
triangle[(5.3164,-2.01974),(-6.27836,1.72047),(-11.0273,-13.0014)]
triangle[(1.68163,17.8998),(-18.677,-16.363),(40.9503,-51.7928)]
triangle[(-10.7775,1.22064),(9.92395,-6.48349),(20.7765,22.678)]
triangle[(8.01731,-15.9844),(-6.95601,0.436034),(-26.1988,-17.111)]
triangle[(7.82304,5.36529),(20.7347,4.75852),(21.6912,25.1114)]
triangle[(-8.64706,13.805),(17.2012,6.64967),(28.1408,46.1685)]
triangle[(4.81254,-18.0886),(20.5536,-10.7947),(8.02593,16.2415)]
triangle[(-0.773336,-0.215093),(8.43673,-8.20446),(17.5651,2.31869)]
triangle[(13.015,-11.7577),(-14.7007,-2.299),(-30.0446,-47.2591)]
triangle[(-8.43537,7.20437),(6.97685,-7.63297),(23.7457,9.78564)]
triangle[(0.687187,0.702462),(5.62253,9.46277),(-6.23169,16.1411)]
triangle[(2.47308,6.95936),(-14.1563,1.44571),(-3.89747,-29.4952)]
triangle[(-9.7767,-15.7836),(4.23848,-4.60813),(-9.13231,12.1602)]
triangle[(-5.51474,-2.43569),(-8.14085,14.7339),(-25.8799,12.0208)]
triangle[(9.46089,-17.9544),(2.80781,1.16207),(-23.2905,-7.92089)]
triangle[(12.0942,-17.7092),(-11.3178,15.5953),(-66.5684,-23.2441)]
