triangle[(-5.17611,7.86028),(14.0596,-18.9722),(49.0312,6.0984)]
triangle[(10.3127,20.6793),(14.8431,-11.8288),(56.1824,-6.06762)]
triangle[(11.2734,20.5178),(20.1301,-20.7494),(92.7293,-5.16823)]
triangle[(-9.39206,8.88379),(20.0513,5.91601),(24.0471,45.5579)]
triangle[(-2.0396,-20.2344),(18.5152,-18.9391),(16.1863,18.0176)]
triangle[(5.08287,-10.9519),(-5.50258,-13.4716),(-2.11934,-27.6846)]
triangle[(13.7722,-20.0981),(5.5849,-5.81013),(-17.7731,-19.1947)]
triangle[(-7.97829,-6.17484),(15.7929,3.16274),(4.01967,33.1345)]
triangle[(3.16474,-18.1453),(-6.64758,-6.08158),(-19.7365,-16.7278)]
triangle[(12.1494,18.3905),(10.1534,19.9495),(7.23016,16.2069)]
triangle[(17.0484,-10.1182),(-20.1368,-12.5516),(-16.2446,-72.0278)]
triangle[(2.0075,10.849),(-17.3194,9.265),(-14.1988,-28.8117)]
triangle[(-11.6595,-11.8681),(19.9786,-13.6667),(22.5304,31.2191)]
triangle[(-9.60186,-11.5826),(8.26044,8.85488),(-23.3146,36.4513)]
triangle[(-16.8217,7.65965),(14.5844,10.0117),(10.3847,66.0896)]
triangle[(7.65763,13.1469),(-12.8316,7.98384),(-6.35938,-17.7009)]
triangle[(3.69493,-7.01995),(-1.99733,-12.6385),(7.61599,-22.3779)]
triangle[(14.6216,-1.86576),(-20.0728,-13.4685),(-3.40885,-63.2971)]
triangle[(15.3708,-13.5348),(-18.4559,18.5114),(-62.2913,-27.7595)]
triangle[(5.84933,-16.8322),(-10.5946,9.99061),(-42.5884,-9.62345)]
triangle[(8.65449,18.8673),(-0.244147,14.5264),(6.31441,1.0817)]
triangle[(0.261177,-4.42202),(5.26029,9.71448),(-10.0903,15.1429)]
triangle[(14.5561,-17.2506),(9.03242,-6.12071),(-12.2692,-16.6925)]
triangle[(-0.327363,13.2595),(-4.07589,2.84164),(14.3923,-3.80355)]
triangle[(11.6505,-7.54122),(11.17,19.7045),(-21.523,19.1279)]
triangle[(10.4209,-15.59),(2.4983,7.02722),(-31.1045,-4.74349)]
triangle[(10.9915,-7.4017),(11.4578,-11.7441),(17.7383,-11.0697)]
triangle[(-16.7454,-0.95985),(0.476838,10.4047),(-21.3744,43.5187)]
triangle[(6.39076,-3.18761),(11.3157,18.4283),(-30.8919,28.0449)]
triangle[(3.55113,13.7718),(-8.84031,4.53572),(5.33192,-14.4783)]
triangle[(10.5511,-1.32768),(8.81737,1.7938),(2.93915,-1.47112)]
triangle[(11.2018,12.935),(0.288011,-5.52485),(35.7735,-26.5045)]
triangle[(3.98145,10.5003),(-1.21141,-6.43399),(21.0192,-13.2509)]
triangle[(12.8705,-3.43733),(-13.0648,15.0595),(-48.5293,-34.667)]
triangle[(-3.19107,18.5128),(-9.88485,9.24607),(6.17923,-2.35777)]
triangle[(4.26049,5.47116),(1.48802,11.6704),(-9.50626,6.7535)]
triangle[(-8.5876,12.1201),(13.1852,-17.1905),(46.1751,7.31535)]
triangle[(17.657,20.6231),(-20.0698,9.95392),(-6.49686,-38.0407)]
triangle[(12.4208,-2.47983),(-18.3947,-19.7343),(10.3127,-71.004)]
triangle[(-5.3369,-19.5411),(1.19481,11.6069),(-60.2856,24.4993)]
triangle[(6.39176,6.42764),(-10.5668,4.51226),(-7.21199,-25.1904)]
triangle[(-4.88205,-9.37457),(-14.0841,-1.37777),(-28.8613,-18.3821)]
triangle[(12.0264,-11.8251),(8.44591,16.1948),(-44.298,9.4549)]
triangle[(1.35362,11.4654),(-18.7895,0.00794694),(-2.21329,-29.1343)]
triangle[(20.8353,-20.386),(-16.0145,6.99077),(-63.4745,-56.8917)]
triangle[(9.97621,-5.28746),(0.653119,-16.5214),(21.8444,-34.1082)]
triangle[(-14.4246,-10.0552),(15.6588,-7.30688),(12.7105,24.9655)]
triangle[(13.7362,-3.9709),(17.1096,-16.3765),(31.1481,-12.559)]
triangle[(-12.3286,-18.3184),(15.7338,-12.5548),(4.41029,42.5785)]
triangle[(-8.03121,-15.9388),(-19.9332,8.15047),(-57.1416,-10.2334)]
triangle[(-15.3917,12.0697),(5.59759,-17.9611),(52.3021,14.6818)]
triangle[(-7.89908,19.6863),(8.40958,15.4892),(16.3888,46.4938)]
triangle[(3.15908,13.4949),(10.3088,15.9782),(6.0646,28.1977)]
triangle[(-9.51961,19.1643),(11.7766,17.524),(13.5254,40.2304)]
triangle[(-14.1359,-6.01569),(-9.17291,-13.6714),(1.35583,-6.84581)]
triangle[(-12.7298,-11.8099),(-15.0296,8.60826),(-41.8583,5.58649)]
triangle[(-4.0691,-18.4843),(-7.67879,-7.71992),(-23.6526,-13.0765)]
triangle[(-2.97959,0.748496),(-8.12556,1.09509),(-8.54201,-5.08813)]
triangle[(-14.848,11.9184),(5.38751,14.6832),(1.98628,39.5767)]
triangle[(-15.017,-5.03005),(17.2065,14.9111),(-7.70367,55.1643)]
triangle[(-20.4384,-6.49521),(4.99848,-16.3294),(23.0059,30.2485)]
triangle[(-5.00075,10.7347),(8.07614,-12.9479),(39.0109,4.13339)]
triangle[(-14.4232,8.34974),(-17.0931,-1.32638),(0.417613,-6.15808)]
triangle[(-0.684624,8.22423),(-14.0673,1.10241),(-5.65714,-14.7011)]
triangle[(14.2395,12.045),(0.400991,-7.78641),(35.3724,-32.1898)]
triangle[(-1.27762,0.98057),(-15.9995,-6.50641),(-1.62509,-34.7713)]
triangle[(-7.38452,0.308712),(1.75897,9.48081),(-13.1468,24.34)]
triangle[(-7.86585,6.23848),(15.4561,14.6749),(-0.129814,57.7615)]
triangle[(-9.62543,13.2397),(-6.77906,-18.1192),(29.7655,-14.8022)]
triangle[(4.93521,12.7719),(-9.58759,10.2652),(-5.46346,-13.6276)]
triangle[(2.75195,-5.51926),(12.2388,5.4389),(-8.6505,23.5234)]
triangle[(-2.94237,16.0697),(-15.8103,13.6158),(-13.0144,-1.04607)]
triangle[(-13.5833,-19.6057),(13.5689,2.75039),(-23.248,47.4657)]
triangle[(-11.5209,19.6654),(7.95092,-20.573),(64.5828,6.83189)]
triangle[(1.01238,-9.94614),(20.7595,-7.30569),(15.5837,31.4028)]
triangle[(-3.4802,10.1727),(-8.00815,12.4835),(-11.2865,6.05943)]
triangle[(-11.0998,13.042),(13.651,-19.7544),(49.6612,7.42178)]
triangle[(8.76666,-19.2843),(12.8867,-15.897),(8.27115,-10.2831)]
triangle[(1.23116,13.9325),(16.4156,-3.85731),(44.3636,19.9976)]
triangle[(-0.448288,11.5354),(-4.01606,10.1803),(-1.45886,3.44773)]
triangle[(-17.8413,18.4983),(-9.51491,-9.34191),(38.6567,5.06517)]
triangle[(12.7268,1.42846),(19.1584,-0.434558),(22.6114,11.486)]
triangle[(-13.4172,-20.8703),(-10.5994,9.44436),(-48.7313,12.9887)]
triangle[(13.7967,-16.1616),(-18.2758,15.0569),(-65.7576,-33.7237)]
triangle[(-0.116077,9.18103),(5.0734,17.2196),(-7.83884,25.5554)]
triangle[(4.94751,-20.4148),(14.3678,-2.54162),(-20.3952,15.7806)]
triangle[(-12.5316,-7.94444),(13.1168,-17.3413),(25.4867,16.4218)]
triangle[(6.09726,-1.66423),(2.35932,-3.73913),(5.9036,-10.1241)]
triangle[(3.38835,-3.79202),(16.2529,-19.1666),(38.8626,-0.248)]
triangle[(-7.15486,4.0431),(5.25927,-19.6343),(36.9612,-3.01284)]
triangle[(11.168,16.2962),(0.722169,-9.82339),(42.6659,-26.5976)]
triangle[(16.1422,18.4948),(6.7317,2.74825),(25.9853,-8.75815)]
triangle[(-0.494393,-14.935),(19.6113,-9.7257),(11.6263,21.0933)]
triangle[(-9.28098,12.9849),(17.3688,-6.56416),(41.4918,26.3209)]
triangle[(9.11541,-17.4403),(-17.4188,13.2908),(-77.2688,-38.3856)]
triangle[(-3.97548,17.7946),(7.75154,-11.6545),(54.9105,7.12476)]
triangle[(-7.96878,4.17213),(-5.87667,-15.9368),(30.7846,-12.1226)]
triangle[(-19.6282,10.6903),(6.63385,-7.08018),(40.6305,43.1615)]
triangle[(17.1055,-5.71278),(-12.5797,-15.1336),(3.13774,-64.6597)]
triangle[(-15.8362,20.2834),(-10.5989,-19.3448),(56.1925,-10.5176)]
triangle[(-10.8286,0.369698),(4.93239,10.7229),(-5.92963,27.2585)]
triangle[(-2.70239,4.02255),(-7.57266,19.1248),(-22.825,14.2061)]
triangle[(-9.30118,13.6724),(8.85447,-3.52248),(31.3933,20.2758)]
triangle[(-12.9261,20.8594),(-19.8014,13.3828),(-5.37892,0.120216)]
triangle[(-13.4934,-10.3036),(17.1063,-20.0617),(36.3211,40.1929)]
triangle[(-5.94922,4.35492),(12.5564,-19.854),(41.9517,2.61611)]
triangle[(-18.9022,14.1847),(-3.31725,11.628),(0.099382,32.4553)]
triangle[(8.75046,-6.32145),(14.9913,8.28838),(-13.6599,20.5271)]
triangle[(12.9288,-1.899),(-18.6973,-2.57428),(-17.9938,-35.5202)]
triangle[(15.6635,10.8431),(6.14214,18.2441),(-5.31196,3.50835)]
triangle[(3.43814,4.29834),(-20.9299,-13.7219),(8.70787,-53.8)]
triangle[(14.0614,-8.14633),(1.72301,11.34),(-37.0306,-13.198)]
triangle[(-7.34056,14.0164),(-8.68512,7.33828),(-1.004,5.79178)]
triangle[(-15.1639,14.1827),(-4.25942,0.771582),(15.3332,16.7022)]
triangle[(-19.1566,2.22531),(13.8806,-9.14481),(34.5823,51.0064)]
triangle[(-13.5009,19.8321),(9.54826,16.0718),(16.4214,58.2012)]
triangle[(-8.68041,10.0602),(15.8003,-1.33278),(28.6053,26.1822)]
triangle[(-19.3276,-3.65969),(0.994104,9.11124),(-22.6682,46.7638)]
triangle[(11.1284,-5.08605),(10.6946,6.17858),(-8.37385,5.4442)]
triangle[(14.994,-10.5116),(7.23063,-19.2321),(22.7703,-33.0661)]
triangle[(-6.95182,1.55072),(11.5265,12.7138),(-2.21006,35.4519)]
triangle[(-4.72405,-10.4706),(-8.39614,1.71892),(-28.4065,-4.30922)]
triangle[(-7.82592,-20.521),(-9.31595,-9.49094),(-28.5138,-12.0843)]
triangle[(-4.48267,-6.57222),(11.0056,-6.52645),(10.9596,9.04824)]
triangle[(7.05801,16.3824),(-4.11521,13.3418),(0.634976,-4.1137)]
triangle[(4.94205,20.5865),(9.20036,-14.937),(62.1409,-8.59084)]
triangle[(-1.89343,-19.282),(-10.7694,-2.91041),(-41.378,-19.5051)]
triangle[(-5.95153,-18.5282),(4.22234,-0.228373),(-27.8664,17.6115)]
triangle[(-16.2465,1.73453),(3.94546,-15.3068),(26.3863,11.283)]
triangle[(11.5408,-20.4662),(-13.2497,-4.56943),(-43.0368,-51.0215)]
triangle[(-6.05961,-7.19762),(4.93277,16.6301),(-32.9946,34.127)]
triangle[(-19.5002,-6.54253),(-8.38072,0.682259),(-20.1088,18.7326)]
triangle[(-4.10203,8.81925),(13.3844,-14.2257),(56.3882,18.4055)]
triangle[(20.8436,12.9491),(-5.70405,16.8091),(-10.4653,-15.9374)]
triangle[(2.92158,16.8084),(1.90001,-20.6661),(67.2365,-22.4472)]
triangle[(-20.9304,15.2632),(-1.5745,2.93493),(15.5408,29.8068)]
triangle[(3.82515,16.8398),(-0.762812,-3.12504),(26.8288,-9.46567)]
triangle[(6.35754,8.99762),(-6.77002,16.1046),(-19.4415,-7.30117)]
triangle[(18.7319,-16.7636),(14.3821,5.14725),(-24.5914,-2.58984)]
triangle[(-0.43267,-16.0901),(16.3098,6.97446),(-25.4555,37.2918)]
triangle[(-13.7356,-14.4405),(-7.71432,11.8761),(-39.9433,19.2502)]
triangle[(4.51841,-0.072054),(-19.1046,14.3639),(-47.9139,-32.7796)]
triangle[(10.349,17.575),(8.38142,10.9797),(17.8863,8.14402)]
triangle[(-15.1729,-4.11767),(17.3826,-13.107),(33.4229,44.9841)]
triangle[(18.2691,-16.473),(-7.27376,2.77125),(-38.0859,-38.1257)]
triangle[(-16.4026,14.0638),(-18.3239,-2.64802),(14.5723,-6.43002)]
triangle[(2.44133,-4.15215),(1.00979,12.7204),(-25.6954,10.4547)]
triangle[(-9.70841,9.91938),(-13.6368,-15.9206),(28.1022,-22.266)]
triangle[(-5.80024,20.8506),(12.0847,-1.58672),(47.3758,26.5441)]
triangle[(0.648414,2.59235),(8.81089,20.3649),(-24.5521,35.6877)]
triangle[(-19.1651,-1.65954),(-4.06296,12.064),(-21.9932,31.7954)]
triangle[(-4.18782,-14.7004),(-6.4767,18.4293),(-51.3551,15.3287)]
triangle[(-15.5111,9.95003),(1.04091,11.1111),(-0.210858,28.9559)]
triangle[(2.51783,16.9365),(-3.45984,8.80484),(12.6734,-3.05498)]
triangle[(14.6833,-18.2808),(20.7235,0.465612),(-11.9026,10.978)]
triangle[(3.74756,-12.1772),(-17.437,-11.8208),(-17.9662,-43.2769)]
triangle[(1.22599,0.217638),(-9.04834,9.10406),(-20.6072,-4.26011)]
triangle[(-19.3748,-4.75068),(-8.66208,18.5666),(-36.8638,31.5234)]
triangle[(3.41404,0.481707),(-5.52155,-6.74757),(1.82034,-15.8223)]
triangle[(11.2134,18.1939),(5.46022,1.84096),(33.0998,-7.88307)]
triangle[(-0.679926,-6.90469),(14.4502,19.3503),(-33.954,47.2446)]
triangle[(18.5651,5.80395),(12.5849,-5.86115),(34.5521,-17.1229)]
triangle[(-16.4339,8.50086),(13.6906,8.03541),(14.4178,55.105)]
triangle[(8.70849,-20.9631),(4.74607,-10.7806),(-14.9739,-18.4545)]
triangle[(-4.53165,-12.9198),(-2.25634,-14.958),(0.330395,-12.0702)]
triangle[(-14.1421,18.5072),(0.480827,-2.89196),(21.8951,11.7413)]
triangle[(-8.81535,-12.0768),(5.1348,18.148),(-51.3252,44.2069)]
triangle[(-10.8828,-17.6052),(2.88115,-2.28721),(-15.1839,13.945)]
triangle[(-16.6957,16.6556),(-1.51954,-3.68548),(30.0551,19.8719)]
triangle[(20.977,-14.7139),(-12.8984,-19.8161),(-6.84983,-59.9739)]
triangle[(14.412,6.55088),(-5.86121,5.83968),(-4.44927,-34.4091)]
triangle[(-2.28234,6.48989),(17.5885,17.8525),(2.82194,43.6761)]
triangle[(-8.13561,-5.69187),(-5.05003,16.089),(-37.1526,20.6368)]
triangle[(15.434,4.66249),(2.02702,-2.89439),(15.7839,-27.3012)]
triangle[(7.27795,-14.6252),(-16.449,8.35141),(-42.9982,-19.0648)]
triangle[(8.44581,12.8826),(19.7253,-16.0409),(49.2918,-4.51073)]
triangle[(-11.3785,6.15776),(1.73348,0.847995),(10.3512,22.1288)]
triangle[(-17.3471,-2.07993),(7.98182,-2.3951),(8.38233,29.7924)]
triangle[(0.977705,18.4491),(-20.5609,3.44494),(5.06831,-33.3458)]
triangle[(-2.73625,4.8809),(-14.6599,16.5223),(-30.4815,0.317153)]
triangle[(12.1888,2.37898),(-2.80052,-13.057),(24.3148,-39.3877)]
triangle[(19.6119,2.41176),(-1.12929,5.46351),(-6.74538,-32.7062)]
triangle[(6.35803,-19.3751),(1.71171,2.69831),(-31.5669,-4.30662)]
triangle[(-0.14237,3.26456),(9.63659,18.4068),(-6.04358,28.5332)]
triangle[(15.8009,-3.36085),(-0.857596,7.87807),(-21.2154,-22.2965)]
triangle[(-13.8097,1.98482),(-12.3374,-16.1416),(20.6569,-13.4619)]
triangle[(-18.5797,16.9572),(-14.1739,-2.23722),(18.5962,5.28472)]
triangle[(16.1825,-16.5086),(-2.66049,-18.8978),(1.15088,-48.9566)]
triangle[(-8.72151,-15.9322),(15.3464,-3.6722),(1.44947,23.6093)]
triangle[(0.273936,-0.452445),(-4.51862,11.3352),(-27.2838,2.07948)]
triangle[(3.25859,4.294),(-19.153,-13.5995),(4.43727,-43.1464)]
triangle[(-8.24233,18.8187),(-12.6745,-9.27536),(33.9227,-16.6266)]
triangle[(-6.80918,20.677),(-9.27369,3.08955),(25.738,-1.81659)]
triangle[(13.0888,8.03206),(-1.96524,19.108),(-21.9275,-8.02394)]
triangle[(7.24536,-11.9489),(14.4528,14.6593),(-38.0951,28.8931)]
triangle[(-16.1073,-9.36608),(-18.1176,-18.7871),(-5.55346,-21.4681)]
triangle[(3.4153,-15.1425),(-18.3954,16.6828),(-64.3754,-14.8285)]
triangle[(13.1761,19.0703),(-14.0117,1.99223),(11.2298,-38.1914)]
triangle[(8.54347,-15.9809),(6.6827,10.7632),(-25.5567,8.52011)]
triangle[(-19.7637,6.30123),(20.8946,19.7489),(-1.35348,87.0146)]
triangle[(-20.8664,-6.23453),(-17.8784,11.6999),(-42.62,15.8219)]
triangle[(-5.12112,2.93997),(17.3887,-16.8664),(38.881,7.55944)]
triangle[(6.85506,-14.4342),(-17.9192,-14.354),(-18.026,-47.3124)]
triangle[(20.9888,9.42333),(7.92536,16.4439),(-3.17666,-4.21389)]
triangle[(-19.8779,8.97706),(-12.2893,-16.8787),(18.3255,-7.89337)]
triangle[(20.4094,11.3145),(-4.78771,-14.6511),(41.4781,-59.5476)]
triangle[(11.1094,14.1692),(7.06187,-7.25409),(47.9198,-14.9735)]
triangle[(-11.7856,20.8889),(18.9274,14.0973),(28.0055,55.1503)]
triangle[(6.76945,-6.32635),(12.8407,8.54169),(-7.04805,16.6632)]
triangle[(0.197821,9.46394),(12.9778,-3.84155),(29.2925,11.8287)]
triangle[(11.1368,19.5478),(-8.22257,19.4788),(-8.11789,-9.8948)]
triangle[(7.71873,17.0561),(-2.18213,15.227),(1.18554,-3.00184)]
triangle[(11.8615,6.78142),(16.1595,4.71693),(19.5897,11.858)]
triangle[(11.4622,-0.53124),(-11.986,-19.5009),(18.3523,-57.0019)]
triangle[(11.0878,9.76322),(-4.07313,-15.6889),(27.4587,-34.4713)]
triangle[(15.3948,-17.8402),(7.06498,3.78301),(-15.7115,-4.99107)]
triangle[(18.077,9.56731),(-6.66502,5.6979),(-0.485763,-33.8139)]
triangle[(10.8637,20.3825),(13.6588,-1.10539),(36.4886,1.86432)]
triangle[(-5.78263,13.324),(-18.2815,9.26649),(-13.8229,-4.46796)]
triangle[(-9.88935,14.0827),(-10.9482,11.6508),(-8.38705,10.5357)]
triangle[(-17.8126,-20.4647),(18.6627,-20.3874),(18.5828,17.3315)]
triangle[(2.53271,-3.50696),(-4.54005,-12.3101),(6.15648,-20.9041)]
triangle[(-8.61414,-14.1843),(15.9025,8.03132),(-14.9343,42.0621)]
triangle[(6.22574,6.45072),(-2.55721,7.2773),(-4.12427,-9.37365)]
triangle[(-16.6467,6.08654),(-15.1653,-4.40485),(4.48238,-1.63046)]
triangle[(0.0240129,-0.915139),(9.80488,-11.4315),(23.7814,1.56744)]
triangle[(-0.304646,0.276607),(-6.57541,16.5869),(-27.2502,8.63807)]
triangle[(-7.09522,-12.6559),(0.819698,-13.6825),(1.9937,-4.63103)]
triangle[(-6.22696,-9.47342),(-19.8878,8.09977),(-52.6646,-17.3798)]
triangle[(-11.9894,16.3689),(16.4081,4.58868),(32.8115,44.1309)]
triangle[(9.00318,0.0148153),(-9.16371,-15.7349),(18.533,-47.6823)]
triangle[(15.3958,17.7123),(18.2019,15.7508),(20.3146,18.7733)]
triangle[(20.4825,19.4936),(12.0883,5.71559),(35.3661,-8.46627)]
triangle[(-16.9778,1.78733),(7.79897,-3.73547),(17.9636,41.8658)]
triangle[(-17.271,19.6837),(-1.35466,-10.9577),(57.4058,19.5646)]
triangle[(4.9841,6.42937),(14.9646,-3.84927),(26.0543,6.91876)]
triangle[(-20.9355,-0.693056),(-0.258931,10.3819),(-16.4577,40.6245)]
triangle[(-2.23167,-6.55703),(4.70956,-17.2278),(19.3632,-7.69571)]
triangle[(11.2322,-16.4935),(-6.88213,9.60635),(-40.079,-13.4336)]
triangle[(-8.46233,-20.5259),(-2.33015,8.04049),(-54.3632,19.2101)]
triangle[(12.9445,-12.6747),(17.5618,-19.6011),(24.8886,-14.7169)]
triangle[(-11.9257,15.0104),(1.76676,-20.8545),(43.1621,-5.05053)]
triangle[(5.62716,17.3597),(12.7367,-3.8022),(47.3669,7.83211)]
triangle[(-18.2747,-4.65211),(-7.43858,1.65747),(-16.6287,17.4406)]
triangle[(8.29663,-2.45046),(14.8922,0.21032),(10.9675,9.93873)]
triangle[(-20.5632,-14.5994),(-2.56462,20.9616),(-40.8162,40.3219)]
triangle[(10.4893,20.6276),(-17.8933,-0.71255),(19.5592,-50.5246)]
triangle[(4.69335,12.8344),(-5.4737,-2.6645),(15.7212,-16.5681)]
triangle[(-9.57208,-20.687),(12.9435,17.2952),(-31.7979,43.8176)]
triangle[(-9.47571,-10.9227),(-11.3964,-11.8262),(-10.3774,-13.9925)]
triangle[(9.19565,-11.8058),(-17.6646,10.1774),(-49.523,-28.7487)]
triangle[(18.7066,-5.6063),(-9.54498,3.02046),(-20.7947,-33.8211)]
triangle[(-19.6191,4.11107),(19.6173,-18.6866),(47.6593,29.5756)]
triangle[(18.4488,8.94847),(0.0715998,20.5692),(-11.6501,2.0323)]
triangle[(7.44403,5.06291),(14.2397,14.9184),(1.41456,23.7617)]
triangle[(-9.58281,-18.0229),(-13.1429,12.1752),(-56.1594,7.10385)]
triangle[(-8.61985,12.4791),(10.1077,5.19595),(17.9057,25.2473)]
triangle[(-14.3225,-10.2059),(-13.6701,-12.3528),(-9.64739,-11.1304)]
triangle[(16.8807,-16.0099),(18.6465,-14.46),(16.3437,-11.8364)]
triangle[(-8.92442,6.8837),(6.60731,-9.22092),(28.1714,11.5761)]
triangle[(11.6005,-5.60208),(-13.386,0.457),(-20.2187,-27.72)]
triangle[(7.25912,-9.07033),(-2.61748,7.53348),(-29.8602,-8.67158)]
triangle[(20.0296,-9.96877),(-2.10627,-9.56718),(-2.68096,-41.2443)]
triangle[(11.4128,0.634566),(-7.97734,-9.5204),(6.2425,-36.6721)]
triangle[(19.4204,-12.7736),(-18.3821,-5.10724),(-32.622,-75.3235)]
triangle[(2.17973,-8.98299),(17.7909,-9.5489),(18.5432,11.2034)]
triangle[(-1.85059,-11.6778),(-17.6602,18.6313),(-54.7311,-0.705432)]
triangle[(-6.77671,19.1844),(-8.59979,1.8972),(25.3075,-1.67862)]
triangle[(17.1645,8.35593),(10.2652,-9.20672),(44.0256,-22.4692)]
triangle[(17.7705,3.91261),(-10.8032,3.25978),(-9.77892,-41.5698)]
triangle[(-3.21255,20.1702),(19.6678,-2.18208),(55.4154,34.4101)]
triangle[(20.3901,-7.64676),(2.31578,8.33969),(-18.7579,-15.4862)]
triangle[(-14.0241,12.8269),(-12.8223,-7.10866),(10.5789,-5.69784)]
triangle[(0.703017,8.46999),(11.13,-2.06041),(25.3823,12.0519)]
triangle[(10.4169,-14.8612),(-0.584764,18.2789),(-64.1741,-2.83126)]
triangle[(6.0594,-20.7369),(3.27778,2.28932),(-34.2315,-2.2419)]
triangle[(-5.94462,-20.2822),(20.3864,15.5353),(-17.304,43.2432)]
triangle[(12.0447,18.5905),(-17.0751,15.2191),(-13.2838,-17.5271)]
triangle[(-1.19669,-10.6743),(-18.8873,19.4447),(-70.4739,-10.8552)]
triangle[(-0.0548621,8.69565),(-18.1666,7.9471),(-17.2695,-13.7593)]
triangle[(-20.3797,-9.52995),(7.71699,12.689),(-16.1765,42.9032)]
triangle[(9.82826,9.71112),(11.7554,20.4849),(-2.47048,23.0295)]
triangle[(7.39283,-9.67512),(-8.50641,-7.01801),(-12.8081,-32.7577)]
triangle[(-0.563664,-10.8441),(13.2963,-19.3143),(27.4022,3.76744)]
triangle[(-15.9999,-17.7477),(-14.1666,-3.90022),(-29.0446,-1.93046)]
triangle[(4.07484,18.2903),(6.18275,18.5089),(5.8988,21.246)]
triangle[(6.13308,-10.0755),(-3.85365,-4.77179),(-13.6106,-23.1438)]
triangle[(-1.49284,5.70765),(14.628,-3.03018),(31.6902,28.4486)]
triangle[(-17.0749,-0.737016),(11.3282,-0.952728),(11.6513,41.5862)]
triangle[(-0.885398,10.5094),(-6.70408,-17.5142),(31.7555,-25.4997)]
triangle[(9.06982,-12.024),(9.77735,-14.3351),(13.2994,-13.2567)]
triangle[(-5.07129,5.76066),(17.5089,8.43084),(13.1182,45.56)]
triangle[(14.4291,-15.114),(-9.51848,18.6265),(-60.9769,-17.8967)]
triangle[(3.44419,-16.567),(16.2217,7.20548),(-17.4515,25.3046)]
triangle[(-2.122,10.3382),(-8.91583,11.2272),(-10.3515,0.254307)]
triangle[(5.9832,-15.0523),(-17.4818,-9.85796),(-24.3858,-41.0464)]
triangle[(20.1227,14.9609),(9.76557,20.2474),(-0.56955,-0.000874138)]
triangle[(8.19611,-18.9932),(-8.73855,-0.953246),(-28.3771,-19.3885)]
triangle[(19.2012,-11.0464),(-19.6955,-18.9928),(-9.83033,-67.2816)]
triangle[(-4.94934,0.423732),(8.07948,0.217719),(8.41184,21.2371)]
triangle[(-14.2816,-4.62383),(12.3809,6.0492),(-4.53893,48.3167)]
triangle[(12.4578,-8.73685),(4.76445,5.96482),(-10.3752,-1.95773)]
triangle[(16.1951,2.78127),(9.39913,3.66459),(8.39563,-4.05598)]
triangle[(-19.1657,-1.14234),(17.1294,0.412082),(15.2085,45.2654)]
triangle[(7.32277,-8.83782),(-12.2477,1.93402),(-29.9298,-30.1911)]
triangle[(-10.5919,9.22409),(-14.8793,-13.1297),(29.8169,-21.7023)]
triangle[(-10.6293,15.5728),(-19.8039,5.78317),(-5.16112,-7.93952)]
triangle[(12.2455,-20.4328),(-17.1526,12.8674),(-77.0706,-40.0294)]
triangle[(4.30957,-8.8356),(-16.1033,-14.1532),(-10.0945,-37.2194)]
triangle[(13.267,7.11701),(5.30995,19.0542),(-12.8784,6.93023)]
triangle[(11.6575,-10.2227),(-11.9986,12.7765),(-55.8387,-32.3157)]
triangle[(-5.81548,4.38472),(-19.9457,-8.9662),(-5.10496,-24.6731)]
triangle[(-9.73091,-2.86937),(-3.81829,-16.3891),(16.6044,-7.45761)]
triangle[(9.57472,-16.9557),(13.2961,-16.897),(13.1867,-9.96208)]
triangle[(20.5409,-5.73044),(-19.5025,-16.1798),(-1.85845,-83.7944)]
triangle[(-13.7292,18.951),(13.1247,4.524),(32.4183,40.4363)]
triangle[(13.3136,17.7892),(9.70765,-6.75104),(58.6937,-13.9491)]
triangle[(15.2614,7.78638),(-15.5668,-4.36705),(6.35818,-59.9815)]
triangle[(9.45232,14.4693),(-10.4141,20.6389),(-19.1971,-7.6426)]
triangle[(-18.6978,-12.0775),(-3.22817,14.3052),(-41.9507,37.0104)]
triangle[(6.28398,-11.6342),(-17.64,17.769),(-48.7642,-7.55531)]
triangle[(-3.46974,-4.92418),(-0.711909,14.8566),(-24.4611,18.1677)]
triangle[(-2.46799,9.65376),(0.78459,-17.4813),(30.5365,-13.915)]
triangle[(8.1349,-18.7049),(-15.4817,6.69579),(-63.4131,-37.8691)]
triangle[(-16.162,-12.9656),(-15.5135,-18.019),(-5.46416,-16.7293)]
triangle[(-1.26855,-4.96408),(12.3708,7.32645),(-1.83753,23.0941)]
triangle[(-18.2766,-1.20873),(-1.49332,-15.0864),(24.9481,16.8909)]
triangle[(1.65139,-1.23399),(2.78883,18.1326),(-29.9724,20.0567)]
triangle[(14.578,1.95179),(1.07898,-12.833),(26.7063,-36.2317)]
triangle[(-16.0906,18.5193),(-14.8014,-14.7599),(47.986,-12.3277)]
triangle[(-7.55755,11.0051),(5.69559,7.22067),(12.2584,30.2038)]
triangle[(-17.8541,0.830839),(15.0814,-7.59777),(27.0742,39.265)]
triangle[(7.14794,-10.6306),(16.9658,-13.4789),(21.7994,3.1817)]
triangle[(-11.3066,-13.7402),(15.3638,17.4554),(-29.3979,55.724)]
triangle[(-7.45513,13.2156),(-16.8652,-6.46943),(11.6307,-20.0913)]
triangle[(19.435,-4.40136),(-0.482387,-20.6344),(18.2679,-43.6405)]
triangle[(-6.62382,-1.14453),(14.0955,14.4996),(-8.13563,43.9427)]
triangle[(1.05408,-17.5896),(2.73277,7.22061),(-38.8355,10.0332)]
triangle[(6.3273,17.3554),(-20.9765,-2.50064),(13.2224,-49.5272)]
triangle[(-10.0874,-12.978),(-2.84854,-5.16219),(-16.3462,7.33912)]
triangle[(-7.14325,2.81435),(-18.1907,20.3902),(-44.4323,3.8959)]
triangle[(4.33418,-19.8029),(12.7208,-3.00893),(-15.019,10.8438)]
triangle[(20.1935,11.5898),(-20.3079,-4.60616),(4.81088,-67.4206)]
triangle[(-14.644,12.2764),(16.0267,-13.247),(44.8871,21.4336)]
triangle[(12.3337,18.7441),(17.6597,13.0615),(25.7632,20.6567)]
triangle[(-3.30669,13.3519),(-8.63127,-17.3545),(36.916,-25.2525)]
triangle[(-14.2964,8.95104),(6.34176,-15.9427),(49.9484,20.2093)]
triangle[(-5.94701,-13.8923),(-8.36013,-2.21344),(-29.5338,-6.58842)]
triangle[(16.0451,-18.7747),(-20.0769,2.62399),(-43.7754,-37.3801)]
triangle[(-15.8669,-4.31886),(-6.84135,9.13954),(-24.7633,21.1585)]
triangle[(19.7893,2.19897),(-4.47112,-20.725),(18.5402,-45.0778)]
triangle[(-5.49974,11.4128),(-17.1216,6.33374),(-10.0894,-9.75709)]
triangle[(8.70056,-0.493348),(17.5735,4.44936),(12.1156,14.2471)]
triangle[(-16.8038,-17.9986),(20.0901,2.13557),(-2.2818,43.13)]
triangle[(6.22163,19.6028),(-9.28946,-4.08015),(25.5507,-26.8987)]
triangle[(-6.77711,-15.3601),(-17.9124,-7.1162),(-26.5211,-18.7443)]
triangle[(-2.22723,-16.5964),(-19.5601,19.1507),(-79.3363,-9.83333)]
triangle[(-11.4991,-13.9686),(-13.7236,0.177032),(-41.6716,-4.21796)]
triangle[(-5.96335,6.1585),(3.4039,-9.32576),(30.2792,6.93255)]
triangle[(8.67211,-0.219452),(8.05371,-4.48569),(14.1017,-5.36236)]
triangle[(-7.40077,-9.08169),(-3.75604,9.83217),(-31.0712,15.0959)]
triangle[(-10.8115,-4.18019),(-6.15744,-12.341),(8.10653,-4.2062)]
triangle[(15.2478,-12.0547),(9.8052,-17.7113),(17.5219,-25.136)]
triangle[(12.7086,-1.46005),(-20.9667,8.89369),(-41.07,-56.4919)]
triangle[(-20.6539,4.3212),(-18.0996,20.2508),(-48.5386,25.1316)]
triangle[(0.935214,5.19974),(3.19379,20.3559),(-15.4858,23.1395)]
triangle[(13.4623,-14.7035),(10.569,-17.4319),(14.6486,-21.7583)]
triangle[(-11.9045,-4.56103),(-14.4019,-0.800507),(-20.9034,-5.11822)]
triangle[(17.4215,-2.60621),(-4.21524,-15.08),(15.7179,-49.6554)]
triangle[(-17.4365,12.5272),(10.4006,-10.4934),(46.5864,33.2632)]
triangle[(-8.55909,17.7059),(13.6748,-18.6129),(54.4148,6.3277)]
triangle[(0.587246,-16.569),(-2.32955,11.4713),(-32.1776,8.36647)]
triangle[(20.8054,-17.9573),(-20.215,-15.9235),(-23.7937,-88.1017)]
triangle[(-11.5469,4.15577),(-2.01998,-19.1421),(42.5018,-0.936362)]
triangle[(11.5053,15.6958),(-5.76124,-12.5983),(26.5576,-32.321)]
triangle[(3.427,18.797),(-17.2618,-13.5711),(30.3925,-44.0305)]
triangle[(2.40795,13.7783),(-17.5959,-17.4364),(43.1843,-56.3872)]
triangle[(19.3367,-17.604),(-16.7857,-20.845),(-10.8825,-86.639)]
triangle[(12.5063,0.192068),(-0.340188,-18.1426),(28.7487,-38.5242)]
triangle[(-6.87776,1.15135),(18.2366,11.7675),(4.44528,44.3931)]
triangle[(2.31322,-3.98059),(-14.3413,11.2435),(-42.0529,-19.0717)]
triangle[(15.0347,-10.4161),(-18.6023,0.177082),(-33.6873,-47.723)]
triangle[(-19.4838,8.74307),(0.13031,9.42687),(-0.865405,37.9881)]
triangle[(-6.43528,-9.03987),(-12.3204,14.2073),(-44.5517,6.04786)]
triangle[(20.1728,-18.9747),(-17.0041,-10.4052),(-30.8543,-70.4913)]
triangle[(2.73523,-1.08213),(14.867,-6.7327),(23.4154,11.6208)]
triangle[(5.04355,-1.18874),(-1.42682,-4.98896),(3.9475,-14.1394)]
triangle[(8.0399,2.56158),(2.49818,-10.8224),(28.0239,-21.3915)]
triangle[(10.7834,14.0189),(-17.7683,18.3149),(-25.1196,-30.5424)]
triangle[(-18.9217,20.7467),(1.63554,-1.96605),(25.1138,19.2841)]
triangle[(-18.7018,-19.2158),(7.18444,4.85166),(-17.391,31.2842)]
triangle[(-5.65342,19.0957),(-4.76414,0.264213),(31.0043,1.95332)]
triangle[(19.9721,3.4815),(-12.982,12.0983),(-26.0783,-37.9877)]
triangle[(-16.6168,-5.51525),(-17.9457,16.0971),(-53.6675,13.9008)]
triangle[(1.24465,-7.80209),(20.9782,-20.1784),(34.4746,1.34111)]
triangle[(9.51862,20.5476),(-2.49069,-8.08822),(26.8853,-20.4079)]
triangle[(2.5022,-8.5674),(-19.4525,0.220597),(-29.4335,-24.7145)]
triangle[(4.60213,12.4429),(-5.03412,14.0398),(-7.69395,-2.01037)]
triangle[(-20.4315,4.8732),(-4.78195,-6.56939),(9.64566,13.1627)]
triangle[(10.7068,-17.5566),(3.83264,-5.00457),(-9.3871,-12.2444)]
triangle[(-6.21864,-0.726266),(-12.6827,-5.68968),(-5.01272,-15.6787)]
triangle[(-0.892171,15.619),(-17.0963,4.68581),(3.84361,-26.3495)]
triangle[(-10.939,17.6882),(3.51872,5.47001),(24.0532,29.7683)]
triangle[(-10.6422,7.59073),(-3.74067,16.7874),(-20.0857,29.0534)]
triangle[(-19.0408,11.3396),(2.083,-17.9697),(41.8233,10.6719)]
triangle[(5.33507,14.8757),(1.14895,17.3764),(-3.25569,10.003)]
triangle[(-5.80624,5.23262),(-3.21487,-14.4335),(30.8344,-9.94689)]
triangle[(0.783259,-4.79742),(2.99914,4.58474),(-15.5899,8.97509)]
triangle[(-19.1894,-6.25538),(-7.49942,9.0354),(-24.6537,22.15)]
triangle[(8.88835,6.09159),(6.86335,10.055),(0.757282,6.93526)]
triangle[(14.3827,0.776643),(17.4023,15.2641),(-1.64246,19.2336)]
triangle[(-8.24217,-18.2715),(8.40569,-8.29646),(-4.19704,12.7369)]
triangle[(20.4598,-4.77281),(15.0643,1.52935),(3.72386,-8.17965)]
triangle[(-0.505528,12.1526),(17.9686,6.97654),(23.7536,27.6242)]
triangle[(1.33524,16.9497),(18.3412,-10.8514),(51.5542,9.46499)]
triangle[(-3.33144,-13.7237),(11.0304,6.20098),(-21.7888,29.8572)]
triangle[(1.19669,14.6078),(-8.86049,11.9079),(-4.19749,-5.46174)]
triangle[(-17.4425,11.2719),(7.63866,7.82199),(14.4432,57.2924)]
triangle[(14.0591,-4.33405),(8.37285,12.2554),(-13.6875,4.69394)]
triangle[(-20.9269,-12.2375),(4.41435,3.12124),(-26.1089,53.4831)]
triangle[(-6.32161,13.0007),(-14.7471,-14.0904),(35.8722,-29.8332)]
triangle[(3.42035,-0.900859),(8.70035,17.4256),(-18.3076,25.2068)]
triangle[(19.3238,-12.6831),(12.7928,16.5601),(-31.4305,6.6834)]
triangle[(-12.5908,-4.51065),(-18.929,-19.6126),(8.63504,-31.181)]
triangle[(2.16957,-17.097),(9.91823,-14.916),(6.15264,-1.53757)]
triangle[(-16.2579,10.3681),(16.5858,-15.1642),(51.1392,29.2837)]
triangle[(-18.9913,-1.24967),(0.785122,9.63231),(-19.0579,45.694)]
triangle[(-17.1161,-9.73129),(14.5988,-5.36868),(7.51599,46.1213)]
triangle[(-18.2893,-11.7539),(-16.8879,-20.5617),(-6.92808,-18.977)]
triangle[(-13.9904,-10.7776),(-11.6443,5.78805),(-44.1127,10.3864)]
triangle[(4.56899,-9.02388),(0.225582,-7.19374),(-3.0253,-14.9089)]
triangle[(-13.4779,17.7778),(-2.29747,11.8584),(5.02529,25.6894)]
triangle[(-20.2814,4.52004),(-19.7872,0.19377),(-13.5798,0.902897)]
triangle[(-18.2356,4.67164),(6.5614,10.9334),(-4.53256,54.8661)]
triangle[(-3.46319,8.08232),(20.986,9.1545),(19.5268,42.4289)]
triangle[(-18.1722,5.53458),(-10.0632,15.7828),(-23.8338,26.6788)]
triangle[(4.51461,11.9819),(-16.2143,1.65395),(2.67672,-36.2618)]
triangle[(-5.2973,7.62064),(-16.948,-8.14991),(8.75337,-27.137)]
triangle[(-11.588,6.57466),(3.77537,-11.0064),(34.5874,15.9189)]
triangle[(8.15404,8.11809),(5.86111,-5.95537),(30.473,-9.96528)]
triangle[(-10.5685,-2.6717),(10.5625,-18.4341),(29.1686,6.50928)]
triangle[(11.2194,11.5532),(-12.5738,-8.89239),(21.8297,-48.9289)]
triangle[(-12.7657,-3.9452),(14.3479,20.7148),(-24.5824,63.5186)]
triangle[(-4.18564,-0.500378),(6.80534,-4.73289),(14.8651,16.1968)]
triangle[(-5.01597,-12.9492),(-19.9259,-8.73694),(-25.1829,-27.3451)]
triangle[(-10.8121,20.347),(9.66005,6.22595),(36.4718,45.0967)]
triangle[(-7.6137,1.25449),(-19.9658,-3.88656),(-10.821,-25.8581)]
triangle[(19.0763,-11.055),(20.8737,3.08959),(-6.98424,6.62957)]
triangle[(5.45896,0.168833),(-6.86655,12.3483),(-26.7834,-7.80724)]
triangle[(8.18475,-0.0987158),(6.4957,11.0882),(-5.19602,9.32298)]
triangle[(-7.5783,3.66345),(-12.6316,20.5218),(-41.5759,11.8457)]
triangle[(9.77148,20.65),(-18.3781,-7.77905),(14.0304,-39.8689)]
triangle[(-6.96843,-6.19375),(-7.09897,-1.28118),(-14.6093,-1.48074)]
triangle[(16.2241,14.0036),(-18.7114,-3.83582),(4.8286,-49.9349)]
triangle[(-5.26966,14.4565),(11.4368,-9.40574),(54.5183,20.7565)]
triangle[(-4.54974,2.82949),(17.8496,1.07206),(20.108,29.8562)]
triangle[(-1.39109,19.7774),(-8.26806,-12.7273),(44.6003,-23.9125)]
triangle[(-0.998023,14.5843),(10.2244,-5.20049),(45.3248,14.7094)]
triangle[(17.6247,-9.52998),(20.4596,-14.076),(25.0892,-11.189)]
triangle[(-20.5901,-7.02222),(16.1119,-17.4454),(34.8235,48.4419)]
triangle[(-11.4218,-13.1988),(12.0116,13.3179),(-29.7547,50.2277)]
triangle[(-16.8161,-3.50215),(-6.6214,-8.8193),(3.53763,10.6588)]
triangle[(-20.8617,-7.35822),(-5.08676,-11.3084),(1.00181,13.0062)]
triangle[(-19.9251,-10.154),(-14.4923,-3.51422),(-21.5062,2.22464)]
triangle[(-15.296,-7.24126),(3.97848,0.425049),(-4.29609,21.2288)]
triangle[(10.4733,-4.88704),(7.99812,11.9721),(-24.7723,7.16078)]
triangle[(-16.4786,-18.4086),(-18.7359,-10.7061),(-30.4899,-14.1507)]
triangle[(-0.515861,18.0161),(-20.2449,-15.9844),(28.0431,-44.0039)]
triangle[(20.7162,0.866033),(-16.3628,12.7173),(-30.089,-30.2281)]
triangle[(18.116,3.98186),(17.9618,-5.11447),(27.6609,-5.27894)]
triangle[(13.6227,-10.951),(-9.89795,-19.6862),(5.36106,-60.7732)]
triangle[(6.14179,6.05294),(0.308137,18.2587),(-17.5686,9.71469)]
triangle[(16.3216,-2.0871),(-4.55087,-12.338),(12.2543,-46.5559)]
triangle[(-12.5458,-12.0294),(20.7029,-10.1684),(17.3513,49.7098)]
triangle[(16.8761,-8.93856),(-6.62391,-7.29587),(-9.82544,-53.0964)]
triangle[(-19.0203,3.00731),(-12.662,-12.5057),(8.05411,-4.0149)]
triangle[(-0.616396,-20.7853),(6.79076,1.27193),(-19.3431,10.0481)]
triangle[(6.52974,-0.0111646),(2.59217,0.347168),(2.17537,-4.23288)]
triangle[(-20.0977,14.8778),(-7.28148,-6.0845),(29.6328,16.4846)]
triangle[(19.1419,12.9327),(-12.3198,5.88086),(0.628435,-51.8871)]
triangle[(-3.45507,8.13975),(13.4045,-13.9121),(46.8121,11.6295)]
triangle[(-13.8496,-9.41673),(10.4008,-2.87708),(1.00574,31.9619)]
triangle[(-1.91223,-17.4202),(-13.7695,-12.8885),(-21.09,-32.0423)]
triangle[(15.5134,-17.5946),(14.0777,4.61535),(-23.3791,2.19392)]
triangle[(9.18371,0.358855),(-11.5012,8.44477),(-19.6746,-12.4639)]
triangle[(-7.03418,11.2797),(4.67018,8.11716),(10.3848,29.2664)]
triangle[(-8.55401,2.23695),(-8.22066,-4.31157),(2.38464,-3.77172)]
triangle[(-5.68382,-16.1942),(11.1117,13.7649),(-27.1997,35.2428)]
triangle[(4.85399,-5.00289),(-9.53774,-20.9813),(20.7896,-48.2971)]
triangle[(-6.70446,-20.5533),(5.04831,13.7057),(-39.1877,28.8811)]
triangle[(14.1747,-15.6812),(15.3238,-2.19174),(-8.2362,-0.184933)]
triangle[(-15.9112,13.8476),(-17.9726,0.590655),(4.47796,-2.9003)]
triangle[(1.93546,-9.60953),(0.586624,-12.4388),(4.46375,-14.2872)]
triangle[(15.5821,-14.0081),(10.9736,5.53619),(-20.7972,-1.95525)]
triangle[(6.49831,19.2043),(5.96069,-11.4789),(54.1754,-12.3237)]
triangle[(8.78256,-8.90487),(17.3474,19.994),(-40.1986,37.049)]
triangle[(-6.23071,-8.87061),(13.0984,14.6347),(-19.185,41.1823)]
triangle[(11.1636,11.9941),(7.33457,19.2329),(-0.219352,15.2372)]
triangle[(-14.4533,-0.955325),(-20.3791,-10.3822),(-2.91288,-21.3617)]
triangle[(1.89457,0.645105),(3.24148,11.9392),(-9.15088,13.4171)]
triangle[(8.0136,17.4664),(13.9296,17.1557),(14.3848,25.8222)]
triangle[(-20.1698,13.9714),(-13.281,-9.87619),(21.3301,0.121763)]
triangle[(-12.9523,-15.9513),(-11.805,-18.987),(-8.65707,-17.7973)]
triangle[(5.41857,18.8034),(14.1301,9.14467),(29.4313,22.9454)]
triangle[(14.6366,-20.7929),(-15.2241,2.22838),(-57.146,-52.1481)]
triangle[(-20.0881,-19.1913),(-17.5977,17.6502),(-60.7283,20.5658)]
triangle[(-4.93501,1.91666),(18.744,4.8526),(14.7938,36.7115)]
triangle[(8.12186,-17.8109),(3.23522,7.86946),(-31.2059,1.31577)]
triangle[(8.92593,4.07598),(6.71774,16.0807),(-9.25793,13.1421)]
triangle[(-6.56367,-8.79232),(-8.91264,-8.86257),(-8.78318,-13.1912)]
triangle[(-18.788,4.15938),(-14.0938,2.76385),(-11.5769,11.2302)]
triangle[(-16.9951,13.5656),(-16.3629,5.74872),(-3.85935,6.76002)]
triangle[(6.38978,3.37676),(-10.9782,14.6864),(-33.2751,-19.5544)]
triangle[(8.37479,-5.70424),(-4.17791,-16.3995),(17.205,-41.496)]
triangle[(-14.4208,-5.76143),(6.2837,17.6558),(-39.127,57.806)]
triangle[(20.0011,17.2501),(17.8662,-18.5292),(58.2491,-20.9388)]
triangle[(3.64335,-1.91048),(14.65,13.3397),(-4.55404,27.2)]
triangle[(7.82816,13.3664),(-5.63655,-17.9068),(35.2342,-35.5038)]
triangle[(7.63755,-14.0381),(-6.17093,-11.6392),(-9.41807,-30.3302)]
triangle[(-3.70166,3.86034),(-10.2768,9.77072),(-22.0073,-3.27917)]
triangle[(-8.32213,-1.14652),(12.0299,-3.99601),(17.3202,33.7887)]
triangle[(12.2728,5.1193),(3.57515,-12.5295),(28.0837,-24.6077)]
triangle[(-3.60821,-13.2951),(7.74842,-19.3125),(16.2194,-3.32549)]
triangle[(3.4794,19.1667),(-16.0849,-12.8069),(22.031,-36.1296)]
triangle[(15.0297,17.4146),(-1.96902,-8.28395),(29.21,-28.9078)]
triangle[(14.5241,-11.64),(18.4762,3.43165),(-7.29146,10.1884)]
triangle[(9.96387,11.742),(-6.56882,-20.0845),(53.2988,-51.1835)]
triangle[(9.00522,-6.7143),(-16.5051,6.57699),(-30.0512,-19.4224)]
triangle[(-16.846,-19.9464),(15.5845,-8.26225),(-5.33091,49.7908)]
triangle[(13.7891,13.2371),(-12.9178,-17.6185),(42.0498,-65.1955)]
triangle[(-6.60992,-11.8126),(-6.96481,1.04287),(-31.0854,0.376998)]
triangle[(-5.44854,-8.12785),(10.9942,-14.9632),(19.0374,4.38494)]
triangle[(16.9953,20.6673),(4.20255,-15.8345),(74.7473,-40.5583)]
triangle[(15.8427,19.8284),(18.0694,0.41081),(56.7625,4.84801)]
triangle[(0.874368,-14.7825),(-11.2008,5.1307),(-48.1218,-17.2578)]
triangle[(16.0685,14.1096),(-4.6437,10.6709),(1.03959,-23.5612)]
triangle[(-12.6953,-2.83778),(-7.66599,-8.10035),(-1.68021,-2.3799)]
triangle[(-1.93036,3.87601),(-1.84328,20.3099),(-25.2178,20.4338)]
triangle[(-11.9417,5.78446),(16.9135,-18.7176),(52.5582,23.2598)]
triangle[(16.7693,7.22393),(4.4062,-13.7504),(43.2785,-36.6632)]
triangle[(8.96364,17.5819),(-3.2248,17.662),(-3.36687,-3.95719)]
triangle[(-16.8011,7.03296),(10.3868,12.0109),(3.52887,49.4667)]
triangle[(-7.59118,-15.6161),(12.0732,-10.1747),(5.58822,13.2611)]
triangle[(20.2815,-3.68176),(0.891863,-9.3904),(10.6469,-42.524)]
triangle[(2.61615,-8.96393),(-3.66879,10.5662),(-40.2078,-1.19237)]
triangle[(-18.3953,-18.2607),(17.6947,19.4156),(-30.6754,65.7493)]
triangle[(-2.30479,-6.50378),(0.0125827,14.6448),(-38.8342,18.9015)]
triangle[(17.2433,-3.25326),(17.79,20.8428),(-15.0984,21.589)]
triangle[(-12.1408,-11.9016),(9.33212,5.1401),(-16.5526,37.7553)]
triangle[(-13.0729,-9.05255),(1.37037,15.7126),(-31.8331,35.0772)]
triangle[(11.0911,16.164),(-6.92135,-19.9095),(34.2035,-40.4442)]
triangle[(12.5447,-20.7774),(12.4554,9.4471),(-32.1903,9.31522)]
triangle[(-7.46676,-0.209942),(-10.2221,4.46657),(-17.291,0.301712)]
triangle[(-17.5973,-18.8433),(13.2574,11.2797),(-30.7282,56.3338)]
triangle[(2.62959,-16.5107),(-1.99472,-10.2441),(-9.109,-15.4938)]
triangle[(-0.0986892,-14.6396),(-14.6061,-13.745),(-15.9829,-36.0718)]
triangle[(19.5504,-19.0149),(16.9247,0.843104),(-6.48977,-2.25282)]
triangle[(8.25644,-20.4541),(17.5185,-13.3422),(5.41325,2.42296)]
triangle[(15.463,5.6161),(15.9113,18.5906),(-1.41371,19.1892)]
triangle[(4.11582,-5.24041),(8.92664,19.0803),(-37.8203,28.3272)]
triangle[(-18.7119,-18.719),(-7.36528,10.7393),(-51.8843,27.8869)]
triangle[(10.6328,2.62746),(-1.96449,4.67897),(-5.2293,-15.3685)]
triangle[(-18.9678,3.52953),(-10.616,15.9377),(-28.4863,27.9661)]
triangle[(-20.3777,15.2987),(4.62095,-18.29),(48.411,14.3012)]
triangle[(-18.2452,6.96609),(7.44534,-20.3558),(60.4415,29.4762)]
triangle[(-20.0215,14.5944),(-17.8362,1.2925),(-3.44364,3.65696)]
triangle[(5.17707,-11.797),(2.0099,-11.6404),(1.72735,-17.3521)]
triangle[(-3.93078,19.2555),(-0.589048,-15.2963),(53.3897,-10.0757)]
triangle[(-11.5099,-11.654),(13.3377,7.75429),(-10.4933,38.2641)]
triangle[(8.58519,6.07832),(-1.76408,10.6153),(-9.49205,-7.01279)]
triangle[(-10.843,12.6349),(3.38687,20.8987),(-9.01445,42.2534)]
triangle[(-14.5447,-12.2477),(4.02164,0.618275),(-19.5256,34.5983)]
triangle[(14.9725,15.9073),(-6.36178,-8.77619),(38.837,-47.8421)]
triangle[(11.7995,12.1509),(-4.1336,0.515504),(12.1588,-21.7947)]
triangle[(8.71152,8.08634),(-11.1836,-3.16475),(6.3428,-34.1563)]
triangle[(8.78472,13.5275),(0.808497,7.07113),(13.1544,-8.18096)]
triangle[(-17.8117,11.0886),(-8.44693,15.6867),(-14.9526,28.9366)]
triangle[(2.2054,17.4403),(-4.08169,19.34),(-6.79687,10.3541)]
triangle[(-7.45486,-14.8262),(-17.0583,-12.4199),(-20.5597,-26.3936)]
triangle[(4.47169,8.42158),(16.037,13.9502),(8.61157,29.4834)]
triangle[(7.33418,1.47382),(-7.56545,12.6019),(-25.0338,-10.7867)]
triangle[(3.92194,10.719),(-15.9524,6.90418),(-11.1139,-18.303)]
triangle[(5.80636,-0.825989),(14.8969,5.05536),(6.89508,17.4235)]
triangle[(-4.81863,17.5492),(10.8882,1.32205),(32.0237,21.7798)]
triangle[(15.9976,-5.55063),(-7.01413,7.68203),(-23.7842,-21.4813)]
triangle[(-7.95655,18.7661),(-12.415,4.87666),(15.3544,-4.0373)]
triangle[(-18.6596,11.2745),(-18.072,-1.19316),(1.63279,-0.264483)]
triangle[(4.28657,-5.3006),(-10.3548,7.41854),(-29.8421,-15.0139)]
triangle[(10.3188,2.90684),(3.78907,16.8976),(-11.2166,9.89417)]
triangle[(6.45187,-0.47525),(-7.07957,9.07466),(-21.5956,-11.4933)]
triangle[(-7.65589,7.79399),(2.27405,-16.9962),(49.2006,1.80064)]
triangle[(-11.8175,16.7629),(-11.9442,-7.29517),(29.0495,-7.51114)]
triangle[(13.7691,10.8859),(-5.67317,18.9243),(-20.8098,-17.6865)]
triangle[(-13.2292,12.6493),(13.4183,-18.8428),(46.8876,9.47768)]
triangle[(-14.2552,0.693572),(4.45696,-1.12402),(7.32728,28.4261)]
triangle[(16.2276,-9.61474),(-5.319,6.01831),(-29.0646,-26.7097)]
triangle[(-19.9128,9.14618),(-7.66828,10.914),(-10.5196,30.6628)]
triangle[(16.3257,-1.99331),(-15.1856,6.98226),(-31.815,-51.3999)]
triangle[(-7.84442,17.572),(-4.02978,5.01703),(17.3939,11.5263)]
triangle[(5.20104,1.18728),(-6.47557,15.432),(-22.7855,2.06254)]
triangle[(-7.32578,1.37568),(14.4212,15.7625),(-2.71876,41.6712)]
triangle[(-16.306,-4.92858),(-15.384,-14.5568),(-1.52098,-13.2292)]
triangle[(6.92346,-18.6178),(6.11158,-1.13435),(-21.6392,-2.42302)]
triangle[(0.75074,0.228066),(20.8765,-13.8578),(43.6474,18.677)]
triangle[(-14.0688,10.4674),(-9.52273,-12.4459),(21.3566,-6.31936)]
triangle[(-15.8212,6.56024),(16.9524,-10.0417),(41.5564,38.5287)]
triangle[(-10.8754,14.1921),(7.03075,13.2571),(8.52635,41.8993)]
triangle[(8.22958,8.5712),(19.0389,-0.634768),(34.88,17.9654)]
triangle[(10.2044,11.7889),(-10.2774,-20.4001),(44.1801,-55.0512)]
triangle[(-13.4169,3.03476),(14.9753,5.54345),(11.1286,49.0781)]
triangle[(18.6663,10.67),(7.38824,-13.9236),(45.6299,-31.4604)]
triangle[(-7.52676,-14.1441),(-15.3999,12.8819),(-45.5973,4.08492)]
triangle[(0.371723,1.64808),(-16.6186,-10.7719),(8.05826,-44.5296)]
triangle[(-1.7898,2.51049),(-12.2411,-11.2451),(8.32361,-26.8698)]
triangle[(18.5139,-12.3421),(-0.458262,1.17889),(-19.1991,-25.1175)]
triangle[(3.9237,-0.196146),(-12.759,1.56479),(-15.0346,-19.9934)]
triangle[(-5.79277,13.96),(12.5688,-10.6479),(55.482,21.3725)]
triangle[(18.1627,-11.6418),(-16.6001,1.40294),(-35.3497,-48.5626)]
triangle[(13.3949,-8.08606),(0.386865,-18.1487),(19.669,-43.0748)]
triangle[(9.65871,-11.187),(9.14829,0.263511),(-7.51339,-0.479194)]
triangle[(-18.1674,1.94236),(-12.4434,18.5489),(-35.358,26.4471)]
triangle[(8.04752,-10.2712),(15.519,6.32625),(-16.592,20.7812)]
triangle[(-4.25711,5.73824),(-19.2766,-20.9066),(12.3519,-38.7354)]
triangle[(10.3886,-9.51593),(-13.0674,-7.50723),(-15.2852,-33.4055)]
triangle[(17.0341,-4.23276),(5.45071,0.0180164),(-1.34099,-18.4893)]
triangle[(-11.4638,7.74542),(-5.45014,14.5644),(-18.3289,25.9223)]
triangle[(-2.91318,-11.485),(20.1856,-8.37831),(15.138,29.1511)]
triangle[(16.7548,-11.3303),(5.37607,-12.0998),(6.19855,-24.2623)]
triangle[(-9.90421,-17.0345),(-15.0806,-9.15274),(-23.1541,-14.4551)]
triangle[(9.72699,16.7784),(1.37389,7.06249),(16.0255,-5.53404)]
triangle[(-20.1659,0.763977),(6.22128,6.80598),(-3.9814,51.3641)]
triangle[(-0.986171,-15.0581),(-16.8279,-8.40121),(-29.0042,-37.3777)]
triangle[(4.98344,-14.5816),(12.1729,-18.0131),(16.0926,-9.80055)]
triangle[(4.46132,6.58615),(-12.9893,0.19477),(-2.45566,-28.5657)]
triangle[(13.938,-0.65581),(-3.20498,10.1989),(-20.5596,-17.2096)]
triangle[(-2.93609,14.1839),(-10.9866,-14.5681),(20.1994,-23.3)]
triangle[(5.22278,-12.2811),(10.4509,-17.0635),(19.7477,-6.90022)]
triangle[(-13.0292,6.13296),(-17.8757,11.313),(-25.4533,4.22341)]
triangle[(-8.54127,5.1121),(8.65281,-17.9181),(34.5324,1.40327)]
triangle[(-20.3569,-13.5512),(7.06942,20.3667),(-53.6803,69.4894)]
triangle[(1.46346,-20.567),(-1.79396,4.55555),(-39.428,-0.324143)]
triangle[(15.5795,-10.1632),(-15.0552,6.28955),(-33.0632,-27.241)]
triangle[(-2.48537,-16.2981),(8.2458,-6.96804),(-3.08523,6.06454)]
triangle[(-10.7809,14.1171),(16.3003,-13.3996),(64.0059,33.551)]
triangle[(9.91679,10.8836),(-16.2156,10.4476),(-15.6971,-20.6356)]
triangle[(-19.631,-10.1148),(12.5351,11.6495),(-25.7657,68.2556)]
triangle[(-13.8161,20.5336),(14.8567,-12.4806),(59.7728,26.529)]
triangle[(14.5325,-7.74733),(-8.169,-16.6614),(9.41356,-61.439)]
triangle[(13.9564,14.9952),(-14.6412,15.6984),(-15.7884,-30.9583)]
triangle[(5.34379,13.9049),(7.56571,-5.51109),(41.0512,-1.67908)]
triangle[(-15.6042,11.8996),(-5.33307,-5.27152),(24.4626,12.5511)]
triangle[(10.3319,14.0908),(14.952,20.8027),(7.47387,25.9501)]
triangle[(1.02358,-7.99577),(4.62714,10.7908),(-21.2606,15.7564)]
triangle[(-20.5903,10.5237),(16.3484,6.77927),(22.5223,67.6845)]
triangle[(-8.04942,7.71569),(-3.94354,13.0892),(-9.58363,17.3988)]
triangle[(-6.48732,-8.99025),(-20.2692,2.2775),(-33.9265,-14.4271)]
triangle[(5.25378,10.997),(-5.95884,-20.2365),(32.1222,-33.9073)]
triangle[(13.6843,3.61617),(-17.9834,-19.6819),(21.3362,-73.1267)]
triangle[(11.2269,6.66233),(-13.9665,11.9933),(-22.8969,-30.2101)]
triangle[(6.11502,-2.6899),(-1.91556,-14.0633),(10.3446,-22.72)]
triangle[(-7.12599,-15.9035),(-9.18823,19.0375),(-54.3335,16.373)]
triangle[(-10.2688,-9.93305),(-13.0927,16.9695),(-56.9597,12.3649)]
triangle[(10.527,6.92698),(-7.62898,8.10619),(-8.96707,-12.496)]
triangle[(8.08803,-14.0556),(-20.3643,6.81774),(-46.3207,-28.5632)]
triangle[(16.4675,-5.86072),(19.5983,-7.14611),(21.5078,-2.49508)]
triangle[(11.9902,-2.8255),(17.9036,2.48229),(10.6596,10.5528)]
triangle[(-19.4791,7.82307),(20.6397,-6.21734),(46.5078,67.6977)]
triangle[(17.3767,-10.2474),(16.5948,-16.6709),(23.4062,-17.5)]
triangle[(-10.0737,12.2919),(-2.91981,-20.2505),(55.061,-7.50442)]
triangle[(-9.21496,18.5336),(20.9557,15.3891),(26.8145,71.6021)]
triangle[(3.30908,-17.1365),(16.5964,-7.2233),(-0.943819,16.2871)]
triangle[(16.9648,6.57961),(5.44375,16.2225),(-8.33889,-0.244486)]
triangle[(-1.5521,18.6074),(13.5089,-5.63683),(45.7248,14.3763)]
triangle[(14.0628,-5.66606),(-14.2862,-19.9727),(13.9251,-75.874)]
triangle[(7.4631,18.1591),(16.1084,-8.08054),(67.9004,8.98357)]
triangle[(-3.32793,-19.3888),(-1.90512,13.0079),(-39.1322,14.6428)]
triangle[(-16.8422,11.9848),(-6.32829,-14.4618),(31.0798,0.409897)]
triangle[(-2.42932,7.1082),(-12.6711,17.5803),(-30.207,0.430155)]
triangle[(-11.1482,-4.33198),(-18.229,-9.74111),(-12.4772,-17.2705)]
triangle[(8.61399,11.0113),(-8.837,-9.2279),(11.7271,-26.959)]
triangle[(12.9511,-9.55726),(-1.92491,0.0727281),(-15.4525,-20.8242)]
triangle[(1.46156,-2.82668),(-7.30542,-9.56729),(6.07946,-26.9759)]
triangle[(11.1875,7.39163),(-13.4716,-7.73826),(12.3651,-49.8476)]
triangle[(-8.1538,13.2697),(-4.95361,-3.1058),(24.9909,2.74615)]
triangle[(-8.46372,20.6428),(3.27335,2.62227),(30.8789,20.6023)]
triangle[(19.8198,-14.6786),(15.6685,0.754169),(-7.49981,-5.47798)]
triangle[(15.1781,-17.308),(-1.88711,4.76167),(-28.5086,-15.8233)]
triangle[(-6.3261,-8.7713),(10.3876,11.1483),(-22.906,39.0835)]
triangle[(-10.2515,2.20406),(5.42053,1.59521),(6.03418,17.3908)]
triangle[(5.33726,-6.85967),(-9.20478,-13.404),(3.74419,-42.1776)]
triangle[(-12.9818,-2.18666),(-9.91625,-3.13169),(-8.56834,1.24068)]
triangle[(-15.728,9.594),(-18.1878,-5.02331),(2.00498,-8.42138)]
triangle[(0.115285,13.3201),(17.6824,-9.56207),(46.5801,12.6233)]
triangle[(17.1226,18.8265),(7.40397,18.2861),(8.05748,6.53438)]
triangle[(-17.3808,-12.0394),(-15.2993,2.31157),(-30.8036,4.56039)]
triangle[(13.6515,6.68786),(8.56127,-14.7521),(48.428,-24.2172)]
triangle[(17.4347,-1.64883),(-3.29672,1.00441),(-8.41305,-38.9727)]
triangle[(-17.6097,19.642),(-13.7094,17.9466),(-11.162,23.8071)]
triangle[(14.0176,-4.44985),(11.6505,-11.2409),(24.5218,-15.7274)]
triangle[(4.80372,14.5057),(0.376499,-12.657),(52.6697,-21.1802)]
triangle[(-8.57695,-2.95699),(-4.31477,2.40445),(-13.7107,9.87397)]
triangle[(2.06526,-4.20924),(16.0462,12.1494),(-0.501193,26.2916)]
triangle[(-18.3757,-18.8763),(-17.7271,6.86751),(-56.068,7.8334)]
triangle[(-2.90611,3.98269),(-19.0044,-12.1052),(-1.15671,-29.9643)]
triangle[(-19.5671,12.4975),(5.4629,10.8466),(7.11407,35.8805)]
triangle[(7.90768,-8.27845),(7.24398,7.07015),(-23.1442,5.75613)]
triangle[(-7.22882,-15.5261),(14.7406,5.92926),(-7.01527,28.2063)]
triangle[(12.0945,16.646),(7.42284,-17.899),(66.6775,-25.9123)]
triangle[(17.4197,-6.17721),(13.4761,-12.8694),(24.6813,-19.4723)]
triangle[(-13.4754,1.08905),(14.4757,7.50475),(1.98496,61.9231)]
triangle[(-17.1823,-17.3428),(-13.7525,-11.0598),(-21.5234,-6.81779)]
triangle[(-5.3193,-16.8213),(-1.72326,-14.4973),(-4.17781,-10.6992)]
triangle[(8.37541,-18.1614),(12.4732,10.9966),(-34.0512,17.5351)]
triangle[(14.7947,-20.2702),(10.09,1.50639),(-21.4309,-5.30355)]
triangle[(5.89611,5.23744),(1.50541,-5.49442),(21.7223,-13.7657)]
triangle[(-0.300194,-11.8793),(-17.8114,14.7925),(-63.2174,-15.0184)]
triangle[(3.57798,-16.0707),(3.41502,13.6219),(-36.6955,13.4018)]
triangle[(0.585789,7.21648),(-1.32903,1.37358),(6.39486,-1.15767)]
triangle[(-8.00892,-17.97),(-2.89686,20.419),(-50.975,26.8213)]
triangle[(1.8993,9.18325),(15.2664,-5.15615),(38.2411,16.2607)]
triangle[(11.5853,16.0419),(-8.23112,-17.706),(36.2303,-43.8133)]
triangle[(-11.9295,18.2185),(13.9715,-14.6461),(69.0489,28.7611)]
triangle[(-6.55105,-8.84969),(12.4469,-1.47321),(1.74014,26.1019)]
triangle[(20.0995,5.44831),(-1.45923,-11.1453),(20.3029,-39.4192)]
triangle[(2.74746,-8.45512),(-20.7358,-7.62215),(-21.8852,-40.0255)]
triangle[(15.444,18.1564),(-16.2949,-14.8946),(32.149,-61.4154)]
triangle[(-19.369,5.41744),(-13.5436,5.24906),(-13.2982,13.739)]
triangle[(-9.06203,-2.34313),(5.13888,1.69032),(-1.25593,24.205)]
triangle[(-11.1792,-5.46718),(20.348,4.16118),(3.71018,58.6402)]
triangle[(-19.9976,17.3769),(17.3442,-2.73352),(39.2969,38.0292)]
triangle[(-1.66584,6.98928),(-5.5135,16.7299),(-15.5845,12.7517)]
triangle[(8.87048,4.79042),(-3.28038,11.1017),(-12.5401,-6.72558)]
triangle[(-0.239927,16.21),(17.1565,2.05009),(41.4201,31.8596)]
triangle[(-10.664,9.29521),(10.2792,12.0535),(7.14953,35.8158)]
triangle[(-7.07745,20.5459),(-15.6735,-2.45808),(20.3073,-15.9033)]
triangle[(20.9458,12.6369),(-10.99,-12.4068),(33.2726,-68.8505)]
triangle[(-10.2365,13.7324),(1.75574,-10.3418),(32.3456,4.89613)]
triangle[(-0.634531,-7.22478),(-3.79854,-13.1526),(5.2021,-17.9568)]
triangle[(12.5296,5.45586),(0.12968,18.673),(-13.1484,6.21599)]
triangle[(-3.23144,-0.707597),(-11.5071,3.87478),(-16.5264,-5.18998)]
triangle[(3.13654,-14.6484),(5.93911,12.4897),(-40.2015,17.2546)]
triangle[(-4.0056,19.9841),(-16.1929,-19.3862),(25.5621,-32.3118)]
triangle[(13.5045,1.73158),(13.8664,-8.53026),(32.8469,-7.86073)]
triangle[(-18.4538,-11.6745),(-10.9454,-7.39081),(-16.7589,2.79901)]
triangle[(16.4589,0.253789),(11.9477,-8.82791),(22.9585,-14.2974)]
triangle[(-20.4846,-12.0419),(7.1913,-8.07498),(2.09607,27.4729)]
triangle[(19.7511,-11.0025),(1.85822,4.187),(-19.1564,-20.5678)]
triangle[(12.9466,-11.0256),(3.53405,-7.1112),(-2.17962,-20.8501)]
triangle[(7.44777,-10.1942),(6.44674,17.344),(-21.3984,16.3319)]
triangle[(7.398,19.8108),(-20.331,-5.74055),(8.40065,-36.9208)]
triangle[(-13.8586,-8.82189),(20.1934,9.74513),(1.27654,44.4387)]
triangle[(-16.1236,-4.97725),(-19.6332,8.97195),(-37.9774,4.35656)]
triangle[(-19.8126,-2.59385),(12.9973,-2.93063),(13.455,41.6628)]
triangle[(0.189272,18.0156),(-11.1458,6.23942),(1.62268,-6.05088)]
triangle[(-8.89732,18.6078),(13.8403,-8.96013),(46.7452,18.1793)]
triangle[(-18.2738,9.26976),(8.01706,9.74385),(7.09951,60.6277)]
triangle[(8.5903,8.01485),(-4.49959,-4.43179),(17.4845,-27.5521)]
triangle[(-18.8878,11.3119),(7.74935,13.46),(3.88197,61.4173)]
triangle[(-19.8776,-1.27967),(7.49815,-13.7871),(27.6595,30.3412)]
triangle[(7.82212,14.9357),(15.3603,9.67756),(22.9451,20.5512)]
triangle[(18.1517,17.4152),(9.9123,-3.03574),(50.4625,-19.3728)]
triangle[(7.53515,0.354109),(-17.5286,1.3525),(-18.9304,-33.8379)]
triangle[(17.2428,11.6844),(-5.89674,-16.2214),(49.6563,-62.286)]
triangle[(-13.2223,-20.3984),(14.9912,-8.24862),(-1.28903,29.5566)]
triangle[(0.168368,16.5505),(17.9958,6.78968),(27.8285,24.7484)]
triangle[(-10.9471,-20.5381),(11.6552,16.5196),(-36.0562,45.6198)]
triangle[(-6.4602,-0.368008),(18.0817,-1.75158),(19.6803,26.6043)]
triangle[(-0.668133,-19.2429),(12.5373,-19.1933),(12.4421,6.13959)]
triangle[(-18.4676,-11.9544),(7.60886,-6.33214),(1.48287,22.0808)]
triangle[(9.06523,0.1699),(-11.6073,-2.33722),(-7.34855,-37.4529)]
triangle[(15.4035,-11.0898),(18.8515,-20.3379),(29.2682,-16.4542)]
triangle[(-16.407,2.57372),(4.28504,5.08656),(0.0883973,39.644)]
triangle[(3.67867,4.87079),(-0.683379,4.29162),(-0.05755,-0.421844)]
triangle[(-14.5196,5.69449),(11.7866,9.0944),(7.83367,39.6799)]
triangle[(14.7301,11.9188),(-10.6946,-6.14966),(9.60888,-34.7192)]
triangle[(-1.28125,-0.942995),(17.2316,-1.62253),(18.4874,32.5899)]
triangle[(-14.8191,-13.5161),(3.3795,16.9871),(-57.0265,53.0262)]
triangle[(4.05698,20.7913),(4.30241,-6.17402),(38.2411,-5.86512)]
triangle[(17.5528,3.30242),(11.7269,8.58631),(1.18781,-3.03398)]
triangle[(-6.87479,-14.4111),(20.5446,2.22093),(-11.503,55.0539)]
triangle[(-1.51036,18.9914),(-19.7332,16.3897),(-16.9824,-2.87742)]
triangle[(11.7982,0.61989),(-6.20438,6.00741),(-15.6181,-25.4486)]
triangle[(7.37994,-14.0665),(10.6912,11.7768),(-39.9868,18.2701)]
triangle[(-15.7291,-3.7342),(11.6593,-17.4893),(39.1408,37.2304)]
triangle[(0.653096,-2.3046),(5.63075,-5.201),(10.6494,3.42383)]
triangle[(6.45079,8.44735),(16.6899,19.0731),(3.54677,31.738)]
triangle[(-8.47277,-14.1211),(20.2338,5.64012),(-4.39583,41.419)]
triangle[(10.7779,-3.22518),(-2.75368,-4.96367),(-0.605573,-21.6835)]
triangle[(17.0958,-0.979943),(-8.49214,2.7151),(-12.5611,-25.4619)]
triangle[(15.4263,-17.0595),(-15.0708,-20.9223),(-7.88564,-77.6493)]
triangle[(2.86078,20.2449),(18.1811,-10.5427),(72.3188,16.397)]
triangle[(17.2325,-5.58037),(-6.19336,-16.0287),(7.4549,-46.6291)]
triangle[(-1.39527,4.49721),(-16.1299,-5.15679),(-2.70043,-25.6538)]
triangle[(20.6678,-6.50201),(-18.2152,5.58058),(-42.1344,-71.3939)]
triangle[(-3.89901,-3.55434),(17.8782,2.61396),(7.43601,39.4801)]
triangle[(5.3487,-16.8149),(4.85591,2.51491),(-17.0016,1.95769)]
triangle[(19.6419,-0.353242),(11.6881,10.5563),(0.232992,2.20478)]
triangle[(-2.57519,-10.5964),(10.3676,-5.81381),(2.38821,15.7804)]
triangle[(13.8209,19.4508),(12.6285,-13.766),(64.1484,-15.6155)]
triangle[(12.5237,-2.2305),(17.6522,17.6975),(-4.51535,23.4024)]
triangle[(-11.2413,10.9804),(-11.1269,-9.93496),(21.3286,-9.75755)]
triangle[(-3.77177,6.7708),(5.51083,-5.67352),(27.6687,10.8547)]
triangle[(16.5518,14.1433),(2.38076,-0.915152),(21.3668,-18.7822)]
triangle[(-11.5297,9.2888),(-18.9962,18.304),(-36.4096,3.88213)]
triangle[(16.9878,-20.2874),(-12.1056,10.4404),(-67.8968,-42.3834)]
triangle[(-2.77382,9.91041),(-0.183578,20.2733),(-12.2541,23.2904)]
triangle[(-15.5841,3.75487),(-12.5343,18.4598),(-34.5142,23.0185)]
triangle[(5.36021,-18.6336),(-4.86692,-8.95574),(-20.2566,-25.2189)]
triangle[(-7.88297,-19.6869),(17.8557,6.15066),(-18.9798,42.8451)]
triangle[(9.1608,3.46956),(6.31275,17.6819),(-12.6364,13.8846)]
triangle[(18.7944,13.9866),(12.1765,-6.02566),(46.1766,-17.2692)]
triangle[(9.85294,-19.3487),(-20.4926,18.4785),(-72.8744,-23.5431)]
triangle[(5.94921,1.36674),(-5.30989,-11.3263),(8.32306,-23.4191)]
triangle[(-7.15025,-1.33476),(7.23801,-5.58512),(14.862,20.2237)]
triangle[(10.0163,-19.1018),(-20.8429,10.9076),(-55.2358,-24.4591)]
triangle[(19.2206,-3.4929),(12.7342,-2.1697),(10.788,-11.7099)]
triangle[(-9.32305,18.0635),(20.9097,-19.8103),(73.2457,21.9669)]
triangle[(10.5474,-1.31608),(-6.146,3.45849),(-13.6095,-22.6361)]
triangle[(20.2836,-6.543),(-16.1917,15.733),(-43.0601,-28.262)]
triangle[(16.6469,4.33343),(-3.63702,7.72368),(-7.18762,-13.5196)]
triangle[(-8.72906,7.70809),(-18.245,-19.9958),(26.9084,-35.5054)]
triangle[(-17.9353,17.8379),(19.1596,14.7462),(22.495,54.7645)]
triangle[(11.682,-8.20565),(7.15765,-2.90584),(-0.991263,-9.86236)]
triangle[(12.1416,4.83526),(-18.7597,-16.3802),(4.21412,-49.8426)]
triangle[(12.325,14.5989),(-14.9082,-5.1441),(12.0688,-42.3558)]
triangle[(-4.15388,-1.48909),(-10.7976,12.9416),(-33.5134,2.48354)]
triangle[(12.7193,-6.4667),(-4.12128,2.50482),(-17.5273,-22.66)]
triangle[(10.742,4.79981),(-17.0958,-6.06213),(0.651361,-51.5461)]
triangle[(-2.09822,18.1723),(6.09796,15.1282),(11.1254,28.6644)]
triangle[(-17.0646,-9.23479),(-5.96841,8.62199),(-31.9402,24.7608)]
triangle[(-9.39743,-14.7177),(-7.24403,-6.99661),(-19.0557,-3.70237)]
triangle[(-5.11433,13.499),(18.7952,15.8029),(16.2644,42.0677)]
triangle[(20.6444,-17.2879),(1.40482,-7.68117),(-9.6413,-29.8033)]
triangle[(-18.0422,-1.77347),(-17.4891,-17.1565),(12.0142,-16.0957)]
triangle[(-3.70214,12.8859),(-9.45859,8.004),(-2.97585,0.359911)]
triangle[(17.8839,7.32441),(-14.373,6.75104),(-13.7965,-25.6805)]
triangle[(8.73301,20.7548),(-17.9013,-17.4028),(37.7386,-56.24)]
triangle[(19.3706,-19.8708),(-1.87225,-1.31914),(-29.311,-32.7383)]
triangle[(3.72119,11.0992),(9.57351,0.594591),(26.0526,9.77543)]
triangle[(1.96265,-8.22767),(-13.5911,-12.8495),(-6.17509,-37.8065)]
triangle[(19.1138,14.9175),(16.7193,2.63084),(36.938,-1.30949)]
triangle[(-16.2833,18.6007),(-5.44402,4.82061),(18.4189,23.5909)]
triangle[(-13.3115,-13.6819),(-3.32796,1.60068),(-26.4901,16.7316)]
triangle[(-14.2906,-14.2899),(19.5795,6.7725),(-6.69484,49.0238)]
triangle[(-5.50611,8.21279),(5.87163,2.5123),(12.7335,16.208)]
triangle[(-2.90825,-4.97784),(2.44234,-17.8834),(19.398,-10.8536)]
triangle[(7.7376,12.8729),(-13.5426,-15.7068),(39.9941,-55.5698)]
triangle[(-8.19504,-1.84702),(-4.6304,14.6711),(-34.8963,21.2025)]
triangle[(-15.1215,-17.3913),(9.9038,11.9668),(-29.2916,45.3775)]
triangle[(12.129,0.185251),(10.8417,-12.7594),(36.2171,-15.2828)]
triangle[(-8.59578,18.7775),(7.34028,-16.0715),(44.1241,0.749401)]
triangle[(10.0396,14.317),(-6.36676,-8.22557),(20.6532,-27.8905)]
triangle[(-19.0809,2.66934),(9.97063,-0.314991),(15.6722,55.1877)]
triangle[(0.586239,-8.29669),(11.2306,-6.20099),(8.37,8.32864)]
triangle[(5.61263,-3.13506),(19.8431,-9.29792),(29.8183,13.7355)]
triangle[(3.7957,19.4015),(-15.9464,13.2833),(-4.35183,-24.13)]
triangle[(-12.3003,17.841),(16.2295,3.98993),(30.289,32.9491)]
triangle[(4.99541,16.4795),(-14.6541,14.0292),(-11.3998,-12.068)]
triangle[(-9.96203,-11.3753),(6.29814,12.2145),(-27.9618,35.8294)]
triangle[(-5.01197,14.1631),(20.3373,-1.78674),(49.0052,43.7755)]
triangle[(10.2526,18.2187),(-5.87356,-14.6863),(37.3909,-35.8894)]
triangle[(-5.02016,-6.27689),(-15.8691,13.68),(-54.9482,-7.56405)]
triangle[(10.1908,-9.07305),(-20.8474,-19.3149),(-1.77157,-77.1249)]
triangle[(19.9996,-10.064),(-8.70858,-1.38233),(-18.6399,-34.2228)]
triangle[(-11.9376,-19.6348),(3.19394,-12.9466),(-6.99147,10.0973)]
triangle[(-18.1448,-3.1643),(-11.3508,7.4901),(-28.7873,18.6089)]
triangle[(2.99288,-16.8615),(-12.8384,11.5246),(-47.8504,-8.00203)]
triangle[(14.0233,10.4558),(9.77619,15.5192),(2.09002,9.07209)]
triangle[(-7.79677,17.2274),(4.18918,-18.9874),(66.1185,1.50931)]
triangle[(5.56304,-6.53496),(-8.43407,18.6408),(-41.8589,0.0574168)]
triangle[(-13.3787,14.8133),(-0.673622,-9.30153),(42.6554,13.5267)]
triangle[(-20.3063,1.14953),(-7.2388,-1.39051),(-4.57092,12.3346)]
triangle[(-14.3485,-5.12026),(2.95245,0.532783),(-3.65691,20.7605)]
triangle[(-15.5855,-19.6492),(8.57079,16.365),(-39.8318,48.8308)]
triangle[(3.44125,-7.89411),(-12.8951,-8.70012),(-11.4099,-38.8023)]
triangle[(0.297025,13.4246),(-13.3725,8.1557),(-4.36606,-15.2106)]
triangle[(-17.6414,-14.3417),(-10.3835,-7.20108),(-20.6316,3.21552)]
triangle[(-16.4731,1.42626),(12.3222,5.3896),(5.77753,52.9398)]
triangle[(20.9042,-13.6645),(6.43646,-1.09531),(-14.4175,-25.0993)]
triangle[(-1.03405,-5.07022),(18.6592,-0.330732),(11.7535,28.3636)]
triangle[(-1.39926,16.1227),(18.4445,-3.19185),(53.1515,32.4661)]
triangle[(0.633023,-8.65381),(-5.69451,8.82314),(-28.8493,0.439928)]
triangle[(-9.52115,-8.20103),(20.3532,12.9861),(-5.96098,50.0897)]
triangle[(-16.7159,-3.17873),(-15.2218,17.5584),(-52.3206,20.2314)]
triangle[(-8.56962,-9.4009),(-1.33917,13.65),(-27.0504,21.7149)]
triangle[(-4.66045,16.9329),(-8.25931,11.4286),(-0.755351,6.52228)]
triangle[(-12.4673,-0.61031),(15.9668,-13.8919),(40.1215,37.8201)]
triangle[(7.281,-2.87214),(-18.1068,10.4259),(-38.1261,-27.7938)]
triangle[(17.4594,20.7574),(-4.61799,-1.33747),(36.4784,-42.4014)]
triangle[(16.0121,-0.812421),(-1.68618,5.79528),(-11.0264,-19.2219)]
triangle[(-6.57433,-1.45098),(-13.9282,7.91951),(-30.2553,-4.89381)]
triangle[(-11.7414,11.0796),(-13.5081,0.227186),(-1.16518,-1.78215)]
triangle[(-18.918,7.51156),(6.52285,-3.62153),(25.196,39.0496)]
triangle[(4.18219,-7.59929),(19.2766,19.3747),(-29.1436,46.4702)]
triangle[(-7.43174,-17.8225),(-1.38245,-4.18126),(-27.4119,7.36168)]
triangle[(-0.888016,16.4275),(-13.2039,0.842922),(11.9587,-19.0422)]
triangle[(-7.0117,-10.3049),(-16.0645,7.09844),(-35.0519,-2.77839)]
triangle[(-9.30744,-5.77423),(-9.64686,-13.6021),(5.81755,-14.2727)]
triangle[(7.46431,16.117),(19.2508,-0.865927),(52.4685,22.1877)]
triangle[(1.66207,13.4206),(-12.8396,-5.23392),(21.27,-31.7501)]
triangle[(-19.4383,-2.58403),(17.1157,-16.2746),(40.8078,46.9834)]
triangle[(15.3282,9.83044),(-10.5646,0.423986),(2.30564,-35.0035)]
triangle[(-5.44331,16.5115),(4.73065,-18.8737),(40.5919,-8.56282)]
triangle[(9.90126,-4.58658),(12.4342,3.05109),(-1.24463,7.58761)]
triangle[(-20.4924,14.0537),(-8.69742,-19.6542),(47.808,0.117968)]
triangle[(-14.646,16.7431),(13.2672,-11.6704),(48.388,22.8321)]
triangle[(4.28853,-3.13262),(-20.162,-9.50313),(-7.77766,-57.0354)]
triangle[(3.60795,2.94201),(12.7249,-2.09009),(17.8019,7.10825)]
triangle[(18.8359,16.9205),(12.9231,20.999),(7.81094,13.5877)]
triangle[(-5.90721,-13.4507),(-11.397,-1.98228),(-26.1659,-9.05196)]
triangle[(-18.9896,15.1454),(17.1455,-6.19991),(53.9276,56.0679)]
triangle[(9.03087,-3.48376),(-4.77854,-16.5465),(9.10061,-31.219)]
triangle[(-14.8543,-3.25835),(-7.47851,11.7775),(-24.0043,19.8842)]
triangle[(18.3324,-8.0268),(-2.25203,-14.4357),(5.83334,-40.4046)]
triangle[(-9.49669,3.42781),(9.57067,18.907),(-13.8128,47.711)]
triangle[(-16.0021,19.3711),(2.66681,1.61284),(29.1023,29.4038)]
triangle[(3.57356,8.22882),(-15.4748,7.03611),(-13.5486,-23.726)]
triangle[(-12.1976,-10.8362),(16.8365,4.4834),(1.17632,34.1631)]
triangle[(-13.7314,2.15231),(-1.6413,-8.24668),(12.8063,8.55043)]
triangle[(16.0752,-0.625004),(-3.78188,-2.6136),(-1.31092,-27.2873)]
triangle[(-15.2943,-12.3534),(-8.76488,-5.32207),(-16.4422,1.80723)]
triangle[(19.6631,13.2018),(-9.78114,-10.809),(31.4977,-61.429)]
triangle[(-18.3949,5.90592),(-6.42962,8.30416),(-9.39938,23.1209)]
triangle[(6.10529,-9.495),(13.3931,-18.1079),(22.0386,-10.7926)]
triangle[(-10.451,14.897),(7.21529,-9.45326),(50.6533,22.0614)]
triangle[(15.6613,-6.82284),(17.9799,0.957322),(4.52993,4.96555)]
triangle[(-2.64307,11.031),(20.2278,-9.31307),(51.4234,25.757)]
triangle[(-9.54178,-5.80855),(2.98817,-17.518),(19.2186,-0.150373)]
triangle[(-14.559,18.1732),(6.18937,19.7358),(3.57174,54.4935)]
triangle[(2.97022,-17.6579),(1.5584,8.5526),(-45.8395,5.99954)]
triangle[(13.3674,-5.5596),(11.555,-13.9729),(26.6589,-17.2265)]
triangle[(-13.6923,12.3156),(13.1399,-12.7923),(62.896,40.3809)]
triangle[(-17.9239,-4.51581),(6.77974,9.99645),(-14.5253,46.2632)]
triangle[(20.8009,-18.23),(-5.38789,-1.88562),(-33.191,-46.435)]
triangle[(20.4328,-15.3013),(17.1995,-19.5097),(24.907,-25.4314)]
triangle[(13.3623,-14.8088),(2.03292,12.4108),(-30.7661,-1.24079)]
triangle[(5.65047,-1.05926),(-7.12324,-17.8748),(21.7165,-39.7826)]
triangle[(1.51428,9.23101),(-13.8336,8.01925),(-12.2215,-12.3994)]
triangle[(-2.74667,-4.4052),(2.33281,-6.71939),(4.91421,-1.05338)]
triangle[(11.7049,-15.3235),(-4.31404,10.8476),(-52.0377,-18.3635)]
triangle[(12.2746,2.42866),(-20.4636,-8.7453),(-8.89554,-42.6382)]
triangle[(-8.58907,-8.37127),(-13.0609,-10.2561),(-10.4499,-16.4508)]
triangle[(-0.675406,13.5023),(6.57921,-10.3959),(33.7844,-2.13738)]
triangle[(18.6352,13.0308),(-9.18636,7.51543),(-1.74223,-30.0352)]
triangle[(19.2901,19.4021),(18.6257,-4.78911),(56.0329,-5.81654)]
triangle[(9.15655,-15.6851),(-11.5415,16.7003),(-51.898,-9.0922)]
triangle[(16.2622,5.09225),(6.76022,11.6107),(-5.36903,-6.07037)]
triangle[(-3.97551,2.06033),(-7.25711,-11.065),(16.9193,-17.1096)]
triangle[(20.0206,8.30209),(-5.76498,4.98689),(-1.98702,-24.398)]
triangle[(5.65397,-17.8537),(-15.7255,19.1421),(-63.5427,-8.49103)]
triangle[(19.4999,4.3929),(6.74151,16.4417),(-10.5769,-1.89653)]
triangle[(-20.121,6.98105),(-1.58491,-18.9112),(43.3591,13.2639)]
triangle[(19.7447,5.3496),(0.94592,18.2777),(-18.354,-9.78615)]
triangle[(-15.998,-0.254113),(-2.07728,10.4853),(-19.9395,33.6387)]
triangle[(-17.2374,0.553957),(17.8393,0.892119),(17.2252,64.5934)]
triangle[(-4.13674,3.54933),(-2.05975,8.13386),(-9.68979,11.5906)]
triangle[(15.5094,9.39329),(18.2514,10.7159),(15.9432,15.5009)]
triangle[(12.3155,12.3017),(6.10306,-12.5723),(54.1,-24.5598)]
triangle[(11.1036,11.072),(7.10383,19.1593),(-3.83551,13.7489)]
triangle[(3.6285,4.79046),(1.43362,-20.1247),(34.8622,-23.0695)]
triangle[(5.17572,18.1687),(-9.459,-16.5055),(47.3234,-40.4713)]
triangle[(5.43328,-6.69574),(10.8351,7.11222),(-9.05565,14.8937)]
triangle[(16.3788,-2.84227),(-10.2589,12.0428),(-30.9112,-24.9157)]
triangle[(-8.10813,-11.3558),(2.87351,-11.83),(3.50963,2.89966)]
triangle[(18.3496,20.0507),(-5.65916,9.71461),(13.8745,-35.6583)]
triangle[(-17.2996,19.135),(-12.1703,-19.4247),(31.5834,-13.6045)]
triangle[(-1.32401,10.1931),(14.0506,-15.0928),(41.8964,1.83822)]
triangle[(-20.0082,9.72762),(4.13863,5.18766),(10.699,40.0807)]
triangle[(15.0583,-18.4097),(-15.2065,-0.2111),(-49.8599,-57.8409)]
triangle[(18.1455,18.4024),(0.0474532,16.1692),(2.66539,-5.04646)]
triangle[(10.6638,17.2936),(10.6262,-5.12383),(47.3954,-5.18558)]
triangle[(-16.3279,7.65815),(19.1475,6.56632),(20.6829,56.4555)]
triangle[(12.553,12.1991),(16.8257,-6.52805),(37.4354,-1.82585)]
triangle[(-7.51445,-2.18553),(-13.125,-17.0659),(7.99469,-25.029)]
triangle[(18.8292,13.0528),(5.85646,5.03507),(14.5015,-8.95269)]
triangle[(-20.9082,19.9836),(-8.26183,8.08437),(11.4427,29.0261)]
triangle[(13.5892,-17.438),(3.43577,-10.79),(-6.14229,-25.4185)]
triangle[(-7.6728,-10.6898),(-16.4332,-12.5249),(-14.3456,-22.4908)]
triangle[(7.37076,-20.0238),(-12.4562,-18.1084),(-16.0186,-54.9835)]
triangle[(-16.963,10.8719),(16.8848,14.969),(11.9594,55.6595)]
triangle[(-0.0733737,-15.1931),(-18.9674,-18.1573),(-15.0753,-42.9659)]
triangle[(8.8712,0.907333),(16.991,-7.0759),(30.407,6.56963)]
triangle[(-20.0988,15.321),(-12.8462,7.74148),(0.730556,20.7326)]
triangle[(-13.9082,9.55472),(10.7321,-20.4961),(42.0658,5.19611)]
triangle[(0.505186,1.49112),(-0.339409,-9.64163),(14.0275,-10.7316)]
triangle[(-11.243,-15.1198),(5.8421,-20.5848),(12.498,0.223962)]
triangle[(20.0122,20.1358),(-3.52233,-18.6254),(69.6439,-63.0496)]
triangle[(2.36648,6.04242),(16.3326,8.29513),(11.9434,35.5065)]
triangle[(8.37131,-8.19132),(-4.2813,1.95176),(-21.4521,-19.4673)]
triangle[(-4.84452,-3.41275),(-16.617,-14.1616),(4.29338,-37.0633)]
triangle[(-14.611,-11.8608),(10.1634,-11.2853),(9.16829,31.5607)]
triangle[(-8.59183,-11.202),(3.39288,18.0234),(-40.8318,36.159)]
triangle[(18.1638,10.8607),(-19.7896,11.6563),(-20.7032,-31.9264)]
triangle[(-15.4603,-5.14897),(5.5135,13.0241),(-19.1515,41.4904)]
triangle[(-1.8599,-20.6622),(-10.6074,9.48816),(-49.6827,-1.84878)]
triangle[(0.857741,0.279508),(10.0264,5.34545),(1.77626,20.2771)]
triangle[(-20.3289,-17.4253),(-8.98458,-3.84484),(-30.547,14.1671)]
triangle[(0.22896,7.0808),(14.9953,8.74739),(12.7968,28.227)]
triangle[(-20.2168,-14.2917),(-10.3808,-11.105),(-16.606,8.10959)]
triangle[(1.97305,-0.970111),(-20.9987,8.73259),(-33.6064,-21.1168)]
