triangle[(-6.91238,-10.8045),(-16.2987,16.0389),(-53.227,3.12622)]
triangle[(-7.80955,-11.5917),(18.5617,4.99466),(-4.0934,41.0149)]
triangle[(-10.5281,20.8975),(-2.7164,-7.86633),(39.1625,3.50713)]
triangle[(1.38349,2.13382),(-14.0578,-2.26293),(-6.98117,-27.116)]
triangle[(-8.35144,0.983135),(11.5006,-1.03795),(14.6158,29.5614)]
triangle[(9.08613,10.159),(17.6993,9.22911),(19.2677,23.7567)]
triangle[(16.76,10.1059),(-5.7902,15.7054),(-13.9035,-16.9682)]
triangle[(-15.6638,-14.409),(2.63366,14.6876),(-48.9017,47.0957)]
triangle[(13.738,0.395003),(13.0855,-6.35278),(20.562,-7.07574)]
triangle[(-5.60252,20.1094),(-4.13897,2.60299),(24.9143,5.03187)]
triangle[(-1.62541,6.38031),(-9.10906,9.16808),(-12.4704,0.144751)]
triangle[(-2.82153,18.0354),(1.22701,-18.1553),(68.5054,-10.629)]
triangle[(1.67245,-12.024),(14.9879,-13.8979),(17.8147,6.18842)]
triangle[(-3.9458,19.0982),(15.8397,-16.0016),(52.9713,4.92918)]
triangle[(-13.7987,-17.4526),(12.6226,11.016),(-34.6518,54.8908)]
triangle[(-16.6576,-0.662895),(-3.65314,7.87035),(-14.1065,23.8009)]
triangle[(-11.8064,-18.7095),(18.6503,-19.916),(20.2946,21.5938)]
triangle[(15.6121,15.615),(11.7297,-10.9742),(43.5854,-15.6256)]
triangle[(14.8083,5.88373),(-2.08601,-11.4594),(15.3238,-28.4187)]
triangle[(-9.34142,7.11988),(-18.615,5.68012),(-15.9326,-11.5974)]
triangle[(-15.6993,-6.5046),(-17.5813,19.238),(-62.0168,15.9893)]
triangle[(7.17449,17.4908),(-0.465624,-3.52098),(20.7593,-11.2386)]
triangle[(16.0317,14.4599),(-3.23991,-11.3651),(35.1242,-39.9939)]
triangle[(19.6056,-19.2092),(8.81993,13.7856),(-30.3236,0.989988)]
triangle[(11.2284,11.6521),(-2.71965,-15.2748),(40.5721,-37.6999)]
triangle[(-10.4851,-0.407383),(16.8035,3.20877),(9.76639,56.3129)]
triangle[(18.7522,-6.18375),(2.28666,-7.28145),(4.09537,-34.4123)]
triangle[(3.97012,-9.29961),(-9.3773,17.2614),(-46.695,-1.49142)]
triangle[(0.754447,-15.7293),(15.7022,18.5873),(-25.6183,36.5859)]
triangle[(-5.08272,11.4683),(12.3699,-6.69004),(37.7968,17.7486)]
triangle[(15.3832,-18.3996),(-4.47939,-15.7086),(-7.30694,-36.5794)]
triangle[(-8.53404,10.7841),(8.88765,8.60964),(12.3489,36.3415)]
triangle[(-18.2749,-3.15324),(20.6398,11.9974),(5.00069,52.1667)]
triangle[(7.11892,-11.0219),(16.7394,-1.80636),(4.9149,10.5377)]
triangle[(-18.5355,12.8328),(12.9343,-20.1161),(56.4389,21.4355)]
triangle[(10.6747,20.3132),(-7.42039,0.61242),(13.7096,-18.7954)]
triangle[(9.61577,17.3714),(-2.37378,-2.9487),(36.3205,-25.7796)]
triangle[(-5.13875,-7.20167),(16.6174,13.4642),(-7.7971,39.1667)]
triangle[(-19.7541,15.7273),(-20.373,-16.3016),(19.3166,-17.0686)]
triangle[(15.7387,4.5718),(10.3071,20.1561),(-14.7239,11.4321)]
triangle[(9.79521,9.91844),(-19.8663,-18.2981),(10.2378,-49.9437)]
triangle[(-9.84829,13.4085),(8.81341,4.41316),(26.5259,41.1592)]
triangle[(3.29011,11.2773),(2.7988,16.8999),(-7.40104,16.0087)]
triangle[(19.2566,3.85114),(16.4103,8.80506),(9.77029,4.99004)]
triangle[(10.963,-8.14208),(-14.2694,-0.508898),(-29.424,-50.6043)]
triangle[(0.743295,-10.3604),(-20.1732,-5.10509),(-30.3088,-45.4456)]
triangle[(20.6548,4.66729),(20.2415,-16.4905),(56.5789,-17.2004)]
triangle[(16.1726,-1.4467),(-16.6314,-11.8589),(-1.86348,-58.3855)]
triangle[(-8.71616,16.9672),(-6.12314,20.9943),(-13.9168,26.0125)]
triangle[(2.18589,6.42881),(-13.9805,5.18368),(-11.8896,-21.9638)]
triangle[(14.6384,4.08816),(8.20507,-11.6907),(24.3377,-18.2683)]
triangle[(16.2175,-10.6288),(16.2603,-14.5402),(21.4893,-14.483)]
triangle[(-6.91975,-8.58584),(4.2044,13.5635),(-18.6782,25.0559)]
triangle[(-4.96931,8.10744),(-4.35666,-8.67669),(17.4333,-7.88132)]
triangle[(-18.301,3.15159),(-3.13581,7.45191),(-9.41439,29.5935)]
triangle[(-1.43692,5.41137),(-1.82244,-4.59194),(10.4636,-5.06545)]
triangle[(-19.076,18),(10.356,5.28953),(33.2236,58.2411)]
triangle[(-16.4358,-10.1318),(-0.860384,4.47842),(-21.4325,26.4096)]
triangle[(17.5716,19.2848),(-3.0327,8.40692),(10.6443,-17.4992)]
triangle[(16.3409,7.61306),(-15.1867,9.74568),(-18.5854,-40.499)]
triangle[(9.51841,-19.4358),(10.1316,19.4651),(-47.3673,20.3715)]
triangle[(-18.14,18.2322),(-14.9246,0.85145),(8.12852,5.11624)]
triangle[(3.68028,-13.348),(7.34019,6.77964),(-22.0325,12.1206)]
triangle[(-8.13497,6.37206),(13.0355,1.17665),(21.1054,34.0602)]
triangle[(12.8874,12.1194),(10.1865,-0.0503725),(25.5035,-3.44975)]
triangle[(15.7268,0.928696),(-19.9437,-10.6438),(-3.08686,-62.6027)]
triangle[(20.508,9.20225),(-10.2649,16.9834),(-25.061,-41.5321)]
triangle[(17.6713,8.57059),(6.28133,3.63297),(15.7973,-18.3182)]
triangle[(-14.4352,-15.7338),(8.28498,16.8485),(-41.2534,51.3925)]
triangle[(7.36449,6.97424),(-9.89604,14.6373),(-19.2905,-6.52316)]
triangle[(-11.4599,-1.38387),(-10.2377,5.16277),(-18.1078,6.63199)]
triangle[(-12.1331,-10.8973),(10.9355,-6.8782),(6.25995,19.958)]
triangle[(0.528907,5.92495),(-20.2115,-17.6484),(9.50954,-43.7976)]
triangle[(-9.64674,-14.4573),(-17.6307,19.0544),(-54.8072,10.1974)]
triangle[(14.8789,-7.88375),(20.8765,5.71542),(-5.30875,17.2639)]
triangle[(16.4404,-20.2414),(-15.7018,13.2348),(-75.2249,-43.9163)]
triangle[(6.19673,-17.3015),(-6.87602,-20.9733),(-1.20986,-41.1469)]
triangle[(-10.5078,-1.39299),(-17.2683,3.54816),(-24.3242,-6.10575)]
triangle[(10.3954,-4.35009),(17.0646,-10.9519),(29.2446,1.35241)]
triangle[(-9.97347,-6.879),(-3.03147,15.6404),(-44.1175,28.3059)]
triangle[(-14.6626,1.52567),(-15.8962,-1.12369),(-10.9327,-3.43469)]
triangle[(13.6122,5.47538),(-4.48399,4.99491),(-3.75127,-22.6016)]
triangle[(8.72403,-0.887979),(-4.56197,-15.7637),(12.8432,-31.3088)]
triangle[(4.3649,-1.43338),(-5.09251,-11.7858),(9.97826,-25.5537)]
triangle[(13.0181,-17.6084),(-1.17834,-9.87459),(-14.0471,-33.497)]
triangle[(-9.7187,-6.12619),(-12.3316,8.84108),(-28.2451,6.06301)]
triangle[(-12.0628,-18.1813),(-1.86125,4.6474),(-32.6981,18.4276)]
triangle[(-4.68211,-1.85674),(15.1876,1.23459),(10.6301,30.5281)]
triangle[(-18.9269,6.88598),(-4.96302,-10.9433),(30.58,16.894)]
triangle[(14.6803,-5.09757),(-5.33748,13.9265),(-25.7131,-7.51344)]
triangle[(11.5094,-5.59282),(-17.2455,-15.8512),(-4.32333,-52.0725)]
triangle[(11.706,19.4107),(0.922011,7.23396),(19.7811,-9.4681)]
triangle[(6.07602,-4.79681),(2.37948,11.6952),(-17.8419,7.16273)]
triangle[(-2.73674,8.23601),(-14.2396,-16.3793),(16.6151,-30.7978)]
triangle[(9.44634,19.4388),(3.46863,18.1311),(5.59401,8.41555)]
triangle[(9.17224,-17.4692),(5.84122,1.74941),(-19.7353,-2.68358)]
triangle[(-6.86592,-16.7995),(17.6997,-0.233949),(0.890355,24.6933)]
triangle[(-5.28922,-17.3173),(-1.07045,14.4476),(-49.1945,20.8391)]
triangle[(17.6546,-12.9953),(-6.10425,-20.9637),(2.70692,-47.2354)]
triangle[(4.48189,6.92373),(11.8484,-2.28599),(23.9006,7.35419)]
triangle[(-3.01534,-0.671427),(-16.514,12.929),(-39.7871,-10.1699)]
triangle[(-15.9507,-11.0084),(19.7084,17.028),(-29.7077,79.8796)]
triangle[(-8.10446,18.4969),(3.37386,-3.99884),(41.8636,15.6404)]
triangle[(-17.3163,-12.2831),(7.96232,-3.81708),(-8.76382,46.1252)]
triangle[(0.45252,8.99878),(-20.2475,2.16528),(-10.2292,-28.1824)]
triangle[(-16.7936,11.637),(-9.78764,4.2739),(4.679,18.0389)]
triangle[(-13.1828,17.2883),(-10.9034,9.43307),(3.72315,13.6773)]
triangle[(18.2418,4.10546),(16.2339,19.1442),(0.277362,17.0136)]
triangle[(-7.29177,-12.4749),(-8.23486,2.07586),(-37.1034,0.204761)]
triangle[(-20.1322,-0.333605),(-6.43543,-17.409),(23.8342,6.87143)]
triangle[(20.5202,-15.6485),(17.2433,11.1606),(-19.8913,6.62159)]
triangle[(-10.3102,-2.24987),(-2.65838,-5.11297),(1.93858,7.17264)]
triangle[(-5.7275,-1.14367),(19.3041,-19.0649),(42.8347,13.8016)]
triangle[(-11.2537,20.0126),(8.83464,-11.9105),(53.336,16.0929)]
triangle[(7.57256,-19.9775),(-19.6679,11.6415),(-72.3828,-33.7736)]
triangle[(15.5339,18.2421),(12.8241,-18.688),(68.337,-22.7613)]
triangle[(-7.79309,-18.0549),(-19.1281,6.25681),(-55.0527,-10.4926)]
triangle[(-15.5824,-18.7416),(-7.55722,12.6581),(-67.8681,28.0725)]
triangle[(-14.5197,11.5777),(-5.0099,2.08416),(11.3006,18.4227)]
triangle[(4.98023,15.8057),(-5.09267,-8.51448),(21.1923,-19.4011)]
triangle[(0.593794,-20.6762),(4.47756,-5.00507),(-14.3193,-0.346667)]
triangle[(-13.7424,2.81263),(-6.23234,-16.3041),(21.801,-5.29115)]
triangle[(-17.6006,8.17278),(-4.6024,-19.4168),(24.6379,-5.64092)]
triangle[(5.86839,14.2172),(6.94615,-16.0556),(42.2996,-14.797)]
triangle[(11.5136,20.1887),(-9.36912,10.6697),(1.2488,-12.6237)]
triangle[(-13.8235,-4.25717),(1.54977,-6.09514),(4.42453,17.9501)]
triangle[(7.69527,2.27097),(-20.8086,-15.9285),(4.09431,-54.9314)]
triangle[(-5.01445,19.5833),(4.49729,16.5789),(7.52625,26.1682)]
triangle[(-10.5879,5.12279),(14.5863,4.02209),(15.9514,35.244)]
triangle[(5.52857,18.4354),(-12.5505,18.7614),(-13.0821,-10.7097)]
triangle[(20.7123,-17.6644),(-13.5946,3.30908),(-55.0072,-64.4308)]
triangle[(3.28261,-11.5493),(17.589,-8.22107),(12.6071,13.1933)]
triangle[(11.3979,-12.6384),(12.1305,1.51863),(-7.40615,2.52962)]
triangle[(7.64076,5.4272),(-19.5468,-7.2889),(5.01004,-59.7927)]
triangle[(15.9401,-2.51494),(0.970412,-5.60579),(6.89747,-34.3118)]
triangle[(-0.735779,-5.19337),(0.809004,9.72936),(-16.7456,11.5466)]
triangle[(-14.2131,8.30514),(-10.3741,-7.33192),(16.7405,-0.675216)]
triangle[(17.6832,9.31009),(-8.69015,-14.8585),(37.4353,-65.1916)]
triangle[(10.8749,4.77375),(-0.17936,-18.7149),(32.6233,-34.1525)]
triangle[(17.8839,-6.94358),(-10.6247,17.8427),(-52.6073,-30.4448)]
triangle[(-11.058,-16.4383),(-5.12803,-7.22371),(-21.5003,3.31251)]
triangle[(-8.91381,-3.18648),(-18.1733,2.35696),(-27.9759,-14.0167)]
triangle[(12.7304,-1.98995),(-20.4987,-19.7477),(6.00038,-69.334)]
triangle[(-17.7804,14.6007),(-3.43331,-4.62836),(18.8688,12.0116)]
triangle[(7.57284,-2.677),(-11.5583,-9.82667),(-2.36193,-34.4344)]
triangle[(11.0019,-6.07071),(11.4093,-3.72076),(7.89645,-3.11175)]
triangle[(-6.03372,7.5027),(-15.9094,-3.89147),(3.13935,-20.4016)]
triangle[(10.0886,-6.74675),(-0.292404,4.70431),(-17.6267,-11.0101)]
triangle[(-16.2448,-1.92577),(-7.18675,-17.4082),(14.698,-4.60452)]
triangle[(-18.2809,8.72699),(-10.5974,-6.20954),(16.1958,7.57311)]
triangle[(15.0045,5.4948),(18.8694,-7.57231),(39.6599,-1.42301)]
triangle[(16.7827,-13.0209),(19.9593,-16.2223),(23.3733,-12.8348)]
triangle[(11.0671,17.4332),(-19.33,19.0701),(-22.1888,-34.0173)]
triangle[(2.49951,2.72277),(-7.55823,0.0946842),(-3.16448,-16.7203)]
triangle[(18.1608,3.52991),(-11.6273,2.43505),(-10.1082,-38.8954)]
triangle[(-1.89799,-20.8305),(-4.45062,-3.49183),(-27.992,-6.95763)]
triangle[(-11.4266,15.5201),(-3.07849,-20.0301),(40.0764,-9.89618)]
triangle[(-4.80873,3.39253),(7.63478,9.00278),(-3.35967,33.3885)]
triangle[(13.983,0.137904),(5.7461,-18.7201),(34.2705,-31.1792)]
triangle[(1.15556,-18.2151),(-7.05423,18.6651),(-71.3577,4.35072)]
triangle[(-8.39516,-6.84508),(-11.8817,7.96912),(-29.2296,3.88625)]
triangle[(-15.506,-5.50441),(-3.70878,-9.73123),(4.48912,13.1495)]
triangle[(-12.5221,6.88392),(2.21146,-20.787),(31.429,-5.23)]
triangle[(6.18486,9.52405),(-6.17119,16.0742),(-16.0076,-2.481)]
triangle[(-14.4569,2.88615),(-12.4641,-16.1096),(9.5732,-13.7977)]
triangle[(-15.8991,10.3883),(-14.527,13.8319),(-18.5051,15.417)]
triangle[(19.0621,9.14718),(10.2082,-6.49777),(39.1799,-22.8936)]
triangle[(12.0173,-8.04035),(-16.3281,-14.3799),(-5.60656,-62.3178)]
triangle[(-12.0433,-3.67499),(17.2093,-11.0346),(25.2853,21.0654)]
triangle[(-6.72705,16.5408),(-3.80649,-5.82626),(31.1624,-1.26023)]
triangle[(-20.8337,7.8889),(-10.7155,6.31694),(-7.67615,25.8803)]
triangle[(12.356,18.8149),(4.51654,14.6465),(11.3292,1.83425)]
triangle[(-10.6513,-15.1675),(-0.629342,-9.39781),(-7.37592,2.32098)]
triangle[(-6.57873,0.450695),(14.4484,3.55558),(11.3355,24.6372)]
triangle[(-6.24161,-2.14695),(7.19494,3.58396),(-4.17873,30.2504)]
triangle[(8.43704,4.40313),(19.2043,9.41334),(10.7427,27.5977)]
triangle[(-10.0347,10.4284),(-11.1698,-8.19009),(20.8133,-10.14)]
triangle[(8.12525,-15.4395),(-7.82775,18.6673),(-67.1222,-9.06677)]
triangle[(-14.4994,1.14576),(7.77784,8.98189),(-3.69566,41.5998)]
triangle[(10.4246,-14.4849),(5.36629,-13.4381),(4.04833,-19.807)]
triangle[(9.82206,-10.7287),(13.927,1.17247),(-0.228915,6.05509)]
triangle[(5.02558,19.6898),(0.299471,-20.3845),(70.6922,-28.6862)]
triangle[(-12.7129,11.7098),(-11.3113,9.83255),(-8.30982,12.0736)]
triangle[(17.9266,-16.1078),(18.0647,0.922213),(-10.3475,1.15267)]
triangle[(6.41539,-13.4691),(20.3753,-7.3033),(12.7724,9.91047)]
triangle[(-14.7587,-18.4953),(-13.7689,-10.9107),(-24.0195,-9.57284)]
triangle[(-17.6465,9.97973),(-20.0678,7.31991),(-15.1092,2.80593)]
triangle[(6.25536,-3.84144),(-9.83116,-4.38844),(-9.07037,-26.7617)]
triangle[(20.0114,10.3144),(13.2892,-2.8235),(34.2726,-13.5601)]
triangle[(-14.5765,-4.43506),(-0.370156,10.1065),(-22.7402,31.9609)]
triangle[(-12.134,9.89706),(17.5138,10.0848),(17.1601,65.9532)]
triangle[(-6.00447,1.90716),(9.73974,-5.29844),(22.1169,21.7455)]
triangle[(17.6891,14.047),(5.77439,9.50641),(11.561,-5.67794)]
triangle[(10.454,-19.5784),(20.7369,0.136881),(-12.4704,17.4569)]
triangle[(13.3469,-18.0052),(-13.1308,16.3413),(-74.203,-30.739)]
triangle[(7.75903,-8.20401),(6.47572,-11.7335),(10.9128,-13.3468)]
triangle[(-15.1485,7.90654),(2.24302,-8.56419),(25.3915,15.8784)]
triangle[(7.74392,20.0144),(17.1275,20.5829),(16.4211,32.2418)]
triangle[(-0.777942,-8.67431),(17.8754,6.91328),(1.18376,26.8879)]
triangle[(-14.4755,0.382229),(-15.0622,13.1095),(-35.9062,12.1487)]
triangle[(-3.46566,-12.4492),(-3.01916,-5.22014),(-17.3559,-4.33465)]
triangle[(0.917495,11.7934),(-5.83063,18.4454),(-16.6897,7.42945)]
triangle[(-5.07286,-12.0585),(14.1523,-3.04499),(2.84778,21.0669)]
triangle[(16.3758,-1.18916),(14.3123,4.72614),(2.7201,0.682421)]
triangle[(20.3719,-9.9073),(-0.156949,-4.63339),(-9.17827,-39.7491)]
triangle[(-11.4217,0.987774),(-10.5535,13.4537),(-25.3429,14.4837)]
triangle[(-1.86649,1.238),(-0.0228231,-5.87768),(9.44122,-3.42556)]
triangle[(9.08718,-18.9714),(7.56807,-14.7178),(-0.0107723,-17.4245)]
triangle[(-6.00869,-19.481),(16.0763,-10.6788),(0.903316,27.3906)]
triangle[(-0.667749,8.76264),(-13.6209,0.79404),(-2.60607,-17.1109)]
triangle[(11.7527,14.8651),(-2.82164,3.85665),(8.24005,-10.7883)]
triangle[(-17.1754,20.8445),(0.0284975,-6.04347),(30.3044,13.3281)]
triangle[(-20.6991,-5.61422),(-2.38679,9.22042),(-29.0525,42.1374)]
triangle[(-12.2364,-0.962218),(-4.62782,2.31663),(-9.44324,13.4908)]
triangle[(20.8649,-18.0813),(10.8119,12.9922),(-43.0822,-4.44377)]
triangle[(-1.79039,-8.29871),(-16.6987,5.68956),(-43.1413,-22.4922)]
triangle[(5.35862,0.270937),(9.345,-6.31966),(22.3292,1.53395)]
triangle[(2.496,-15.1044),(-4.70394,-19.7176),(3.71448,-32.8565)]
triangle[(9.10728,-7.92263),(12.5212,1.13225),(-5.18021,7.80605)]
triangle[(20.6908,-19.0209),(1.62734,-17.8957),(0.22721,-41.6185)]
triangle[(-15.8685,-16.4742),(12.4654,-18.942),(16.8464,31.358)]
triangle[(-11.241,-13.3171),(12.3602,14.9595),(-19.8261,41.824)]
triangle[(0.382763,17.2475),(-15.0638,15.025),(-12.1873,-4.96754)]
triangle[(-2.26226,-6.32549),(9.05105,-16.5776),(19.5189,-5.02615)]
triangle[(0.627385,-1.08267),(12.3769,19.8636),(-11.4876,33.2501)]
triangle[(2.87733,-5.03337),(-8.51915,-0.383781),(-13.9974,-13.8114)]
triangle[(-8.72345,8.22344),(-5.27189,-0.735523),(7.42089,4.15454)]
triangle[(-0.1013,3.93311),(-2.42245,7.70466),(-8.99081,3.66224)]
triangle[(3.96862,17.7559),(-1.80311,-0.635742),(24.9722,-9.03843)]
triangle[(-15.7841,-0.741212),(11.9359,-15.2601),(29.5447,18.359)]
triangle[(0.899929,7.18295),(-9.60406,-20.287),(18.4873,-31.0286)]
triangle[(-14.4994,18.7706),(-12.522,-10.771),(39.2061,-7.30859)]
triangle[(-10.1219,17.1451),(8.88896,8.87998),(22.1271,39.3294)]
triangle[(-8.63919,10.3767),(17.5356,9.91223),(18.2642,50.9671)]
triangle[(-4.22742,14.2376),(12.2262,-2.81622),(31.4665,15.7469)]
triangle[(-13.9686,-6.89301),(-2.08308,10.8843),(-26.102,26.9427)]
triangle[(16.7127,-17.2719),(4.68188,11.9743),(-41.7115,-7.11041)]
triangle[(-20.5242,18.6041),(19.7483,-1.25086),(46.3476,52.7014)]
triangle[(1.27726,6.45271),(-7.87006,-10.4791),(9.91997,-20.0901)]
triangle[(-16.544,16.4455),(0.282992,12.6217),(7.89249,46.1073)]
triangle[(-18.3646,-17.4792),(9.88407,3.22011),(-16.5462,39.29)]
triangle[(6.83422,6.53408),(17.9822,3.42776),(22.9512,21.2606)]
triangle[(3.04367,7.44868),(3.99044,-8.12006),(32.383,-6.39344)]
triangle[(-8.29075,4.61222),(-9.67801,-8.4311),(12.996,-10.8427)]
triangle[(-10.6841,-18.9041),(0.732444,12.6007),(-45.2722,29.2717)]
triangle[(-6.38837,13.1087),(-20.7568,-3.25528),(3.96456,-24.9619)]
triangle[(-12.7007,2.99405),(-15.0935,12.4076),(-30.869,8.39771)]
triangle[(19.262,13.8626),(-11.7218,-5.18229),(23.614,-62.6695)]
triangle[(-2.2952,-0.529123),(1.01051,-12.9982),(19.9135,-7.98682)]
triangle[(7.49338,-19.0408),(16.3965,-18.0256),(14.866,-4.6025)]
triangle[(15.2955,15.6756),(-9.10979,-7.06202),(23.5316,-42.0975)]
triangle[(1.66146,-1.74526),(0.192753,5.38856),(-12.9182,2.68929)]
triangle[(7.0607,-13.1527),(6.04926,14.6377),(-26.8486,13.4404)]
triangle[(15.3964,3.62081),(20.4045,2.73418),(21.5957,9.4626)]
triangle[(19.2502,-7.58126),(-14.7756,-5.2557),(-18.9343,-66.1031)]
triangle[(-20.5697,-13.485),(13.178,-1.7417),(-2.36403,42.9224)]
triangle[(20.913,18.4754),(12.7302,16.3665),(15.3025,6.386)]
triangle[(18.9427,16.6236),(-19.1096,-0.0537454),(6.15234,-57.6932)]
triangle[(20.5798,-10.1322),(-5.30009,20.1234),(-64.2363,-30.2891)]
triangle[(10.5525,7.69267),(5.95555,-3.11772),(21.6641,-9.79745)]
triangle[(8.55701,5.07934),(-17.0875,6.67642),(-19.9266,-38.9119)]
triangle[(0.890365,0.303092),(6.62236,-7.36353),(20.9064,3.31603)]
triangle[(-2.74027,-4.02983),(-2.41919,-12.1669),(10.2846,-11.6656)]
triangle[(-6.58221,19.6678),(-10.5681,13.4452),(-3.14589,8.69089)]
triangle[(-3.01775,-20.6051),(-14.8351,9.16526),(-67.7299,-11.8313)]
triangle[(-4.86429,-10.7944),(5.67469,-14.9488),(13.9787,6.11693)]
triangle[(6.13128,-6.00539),(20.0673,2.8079),(7.20865,23.1407)]
triangle[(8.32092,-19.9753),(10.7184,0.481674),(-26.758,4.8738)]
triangle[(14.7955,3.05319),(10.1545,18.0913),(-15.7724,10.0899)]
triangle[(14.4052,5.06368),(5.69262,11.5881),(-4.8796,-2.52963)]
triangle[(-18.3871,-4.22155),(2.15371,-6.25434),(5.5914,28.4824)]
triangle[(-15.0286,-18.4701),(6.70386,18.9907),(-66.3273,61.3591)]
triangle[(-6.70191,-10.5099),(-15.4918,5.4702),(-35.9253,-5.76933)]
triangle[(-3.20032,-19.4819),(-12.442,-16.3581),(-16.8078,-29.274)]
triangle[(7.47091,13.5273),(9.66343,14.8445),(7.84803,17.8663)]
triangle[(-9.66701,14.3063),(8.39756,10.1249),(14.199,35.1885)]
triangle[(16.8083,-14.2784),(1.18698,-18.7403),(7.06532,-39.3207)]
triangle[(12.2528,-11.0834),(5.09148,4.32382),(-18.1694,-6.48787)]
triangle[(11.8991,-1.66397),(13.9749,-13.1732),(28.8502,-10.4903)]
triangle[(-4.73211,13.4964),(10.9563,19.8607),(4.12856,36.6917)]
triangle[(-13.2895,-8.55045),(-19.5499,7.60346),(-45.9265,-2.61876)]
triangle[(10.8456,-13.1887),(-17.9041,-16.8544),(-11.2968,-68.6738)]
triangle[(4.9608,-10.8243),(-18.8337,-9.23039),(-21.1935,-44.4575)]
triangle[(-19.4746,2.94965),(9.69318,13.5639),(-10.9376,70.2566)]
triangle[(-1.09055,-9.97839),(7.0555,20.7594),(-48.9648,35.6058)]
triangle[(-3.83505,-9.60162),(9.72498,10.0278),(-22.7085,32.4329)]
triangle[(2.33588,-5.31521),(-16.9535,7.36729),(-32.8026,-16.7384)]
triangle[(18.1801,11.9241),(-0.739686,0.811715),(10.679,-18.6295)]
triangle[(6.86909,14.2544),(14.4225,4.31229),(25.9829,13.0952)]
triangle[(18.6694,18.9849),(3.46513,8.03966),(16.9206,-10.6516)]
triangle[(-5.01714,8.84084),(5.33274,8.20895),(5.9848,18.8894)]
triangle[(-7.82752,3.95936),(-10.9921,-17.9738),(24.9517,-23.1599)]
triangle[(-9.84758,-0.735437),(-15.5092,16.3366),(-37.0608,9.18948)]
triangle[(-20.3213,14.895),(-20.2331,-2.72159),(3.83135,-2.60106)]
triangle[(-9.76489,-18.6492),(10.9868,4.25349),(-29.1741,40.6424)]
triangle[(12.4434,11.1617),(12.0373,20.394),(0.259229,19.8759)]
triangle[(-3.10018,3.54554),(-4.89391,16.5314),(-20.2602,14.4088)]
triangle[(14.0938,19.4225),(18.8554,6.29349),(34.7132,12.0448)]
triangle[(-11.8418,8.81809),(-1.41792,-0.546732),(10.6877,12.9278)]
triangle[(-3.51163,5.96164),(9.27356,16.1932),(-7.96716,37.7369)]
triangle[(10.9181,-13.8047),(9.78346,15.2501),(-27.7139,13.7857)]
triangle[(-1.6842,-5.53092),(9.09645,-12.767),(20.9621,4.9108)]
triangle[(1.10048,-12.6734),(7.53443,-11.4826),(5.56857,-0.86089)]
triangle[(-15.0239,12.3858),(14.3221,6.27602),(25.8795,61.7875)]
triangle[(9.12537,-17.3446),(-19.243,7.64851),(-54.7136,-32.6122)]
triangle[(-12.8103,-2.76527),(13.9333,1.48339),(5.54849,54.2621)]
triangle[(8.41199,-6.51144),(-2.83767,-6.53602),(-2.78951,-28.5729)]
triangle[(19.4524,-15.2244),(9.63936,17.0557),(-36.44,3.04768)]
triangle[(16.8606,-4.06295),(-7.88891,20.079),(-50.3744,-23.4758)]
triangle[(-19.9103,-4.44731),(0.252441,5.1096),(-15.2194,37.7515)]
triangle[(17.547,0.403596),(19.4286,-10.0018),(31.7383,-7.77578)]
triangle[(20.6098,-7.6065),(7.09463,17.9607),(-37.6795,-5.70765)]
triangle[(-15.582,15.3864),(11.232,10.4526),(18.6663,50.8566)]
triangle[(4.95447,12.1678),(9.74529,-0.119092),(29.2635,7.49131)]
triangle[(5.37023,-19.1371),(-10.0518,-20.584),(-7.90302,-43.4858)]
triangle[(-2.09467,17.9293),(-1.27141,-12.2382),(33.5216,-11.2887)]
triangle[(-11.8444,9.08017),(8.83014,-6.46822),(31.3708,23.5038)]
triangle[(-15.3105,5.84241),(8.33384,-15.8177),(47.9589,27.4373)]
triangle[(7.23504,-4.00556),(15.5027,15.0428),(-16.2264,28.8143)]
triangle[(16.1014,-9.37606),(19.3789,-6.32162),(13.8767,-0.41752)]
triangle[(16.1352,4.34756),(-0.456004,-4.96147),(12.7249,-28.4534)]
triangle[(-1.64428,-7.68139),(-17.6898,-0.728079),(-26.9464,-22.0888)]
triangle[(-0.751977,0.785254),(-15.3721,19.957),(-39.5912,1.48789)]
triangle[(-16.0667,-9.16692),(-10.5767,-2.63329),(-22.2605,7.18418)]
triangle[(0.261459,-17.2039),(2.96933,6.53008),(-22.3584,9.41979)]
triangle[(6.76128,8.78941),(-0.550356,-6.76376),(30.1773,-21.209)]
triangle[(13.657,16.1961),(13.0311,2.90356),(37.7768,1.73841)]
triangle[(14.8722,2.16575),(1.53262,-4.01794),(13.492,-29.8168)]
triangle[(-0.457029,-4.96488),(-11.5872,-8.12498),(-7.93579,-20.9855)]
triangle[(15.5002,2.5176),(14.8591,-3.37008),(26.2435,-4.60957)]
triangle[(15.2399,-11.3841),(-12.617,-6.32663),(-22.3589,-59.9851)]
triangle[(5.4629,-2.39929),(-3.62639,-0.0551832),(-7.17595,-13.8186)]
triangle[(-7.32703,-1.08473),(5.63416,-19.7029),(25.2456,-6.05024)]
triangle[(-13.3332,11.4847),(8.80486,0.784448),(23.3267,30.8289)]
triangle[(6.92279,-2.0222),(-10.893,5.5613),(-24.4585,-26.308)]
triangle[(-13.9661,-5.54053),(-15.0864,-2.00342),(-21.0247,-3.88423)]
triangle[(-0.817045,16.8574),(-12.6906,-3.11535),(9.48939,-16.3011)]
triangle[(2.81047,-12.9594),(-19.0482,-2.7895),(-31.1723,-28.8486)]
triangle[(9.30213,-7.83699),(17.5567,-18.6918),(34.5635,-5.75905)]
triangle[(-17.0127,0.343119),(8.86405,2.38649),(5.26107,48.0138)]
triangle[(14.8897,-1.14878),(-7.78146,-13.4161),(7.05708,-40.839)]
triangle[(-4.96033,7.98029),(-16.7773,11.6048),(-23.6153,-10.6893)]
triangle[(-17.173,-5.49039),(12.3909,-14.0787),(29.4802,44.749)]
triangle[(-9.36443,-17.7051),(-12.2672,-3.53844),(-30.2973,-7.23279)]
triangle[(-8.69564,-20.4911),(0.355556,-2.85356),(-27.8083,11.5995)]
triangle[(19.9614,-2.85271),(11.3769,-1.78272),(10.2323,-10.9652)]
triangle[(20.0902,11.1839),(4.39472,-0.70774),(20.6793,-22.2014)]
triangle[(-9.52178,-7.80737),(-9.03201,-12.6324),(-1.72909,-11.8911)]
triangle[(9.64,-8.61837),(-18.736,8.00656),(-50.9584,-46.9917)]
triangle[(-10.7821,18.5607),(-15.3413,13.6952),(-7.84601,6.67181)]
triangle[(14.9796,-13.6467),(-15.2936,18.6046),(-78.8706,-41.0731)]
triangle[(10.8913,-8.54894),(14.0993,19.9312),(-36.8218,25.667)]
triangle[(19.8131,-5.05219),(-13.9333,16.0613),(-46.947,-36.7057)]
triangle[(20.4376,-5.24565),(12.8299,-4.41815),(11.4863,-16.7709)]
triangle[(-1.84736,5.88247),(-12.8734,-6.71149),(11.176,-27.7667)]
triangle[(14.191,-12.5236),(6.78296,17.1644),(-34.1179,6.95846)]
triangle[(10.477,-3.1027),(13.367,-9.1098),(24.545,-3.73214)]
triangle[(-20.8098,4.67252),(-11.9049,-3.54969),(0.252392,9.61708)]
triangle[(1.41386,-8.86721),(11.5507,6.46536),(-4.50714,17.0816)]
triangle[(-17.3489,-2.70272),(16.0095,-18.949),(44.276,39.0907)]
triangle[(19.9894,-12.1936),(2.64273,-7.76515),(-4.62876,-36.2486)]
triangle[(-13.4768,17.3069),(-11.3477,-20.3052),(49.3245,-16.8707)]
triangle[(-18.3135,18.6214),(16.2759,-11.4921),(52.7158,30.364)]
triangle[(18.4609,7.78712),(-16.3558,-12.6248),(13.176,-62.9974)]
triangle[(-16.7546,-0.647629),(-18.9119,17.6405),(-52.695,13.6553)]
triangle[(19.4823,-13.3465),(9.17801,19.9724),(-26.8571,8.82804)]
triangle[(5.11057,20.1055),(-19.3638,-18.0289),(45.9624,-59.9548)]
triangle[(-3.64013,6.21042),(-9.64206,-11.5016),(12.9398,-19.1538)]
triangle[(7.33741,-0.801873),(14.2689,10.5855),(0.890592,18.729)]
triangle[(-7.8518,-6.71551),(-7.9386,-20.2405),(11.3056,-20.364)]
triangle[(-12.3319,15.0039),(-8.66459,8.69798),(-1.94359,12.6066)]
triangle[(5.30084,-20.1097),(-15.9928,-12.2059),(-27.8026,-44.0227)]
triangle[(2.92034,-9.66984),(1.07664,-3.46597),(-9.06852,-6.48098)]
triangle[(3.10894,13.5092),(-13.2883,-8.18427),(27.9437,-39.3498)]
triangle[(12.8681,-20.2047),(3.81399,6.75165),(-49.1209,-11.0282)]
triangle[(10.793,0.981369),(6.23609,-2.0549),(9.54237,-7.01707)]
triangle[(15.7363,-16.6323),(3.5356,12.1387),(-45.3697,-8.60025)]
triangle[(9.97229,10.6212),(-3.668,4.09887),(7.59245,-19.4505)]
triangle[(18.3506,-10.7575),(2.32372,8.78587),(-28.244,-16.2817)]
triangle[(-2.20948,8.26396),(2.3358,13.0256),(-4.46088,19.5135)]
triangle[(1.82625,-14.4463),(-9.7604,17.8283),(-65.4782,-2.17456)]
triangle[(-8.26092,3.02425),(14.9804,-3.96334),(22.8284,22.1397)]
triangle[(-18.0202,-10.9022),(9.44848,1.0536),(-8.15175,41.4906)]
triangle[(14.9488,-12.4852),(-16.2662,-9.30344),(-20.9714,-55.4633)]
triangle[(-10.4257,-16.5194),(-4.06794,-0.959729),(-23.2225,6.86697)]
triangle[(-17.7368,-15.9648),(17.9058,-3.61346),(4.46941,35.1605)]
triangle[(-9.10293,9.76529),(-17.2176,-7.92342),(6.9085,-18.9912)]
triangle[(-7.0727,-12.0988),(-17.4244,0.652971),(-33.1606,-12.1214)]
triangle[(-2.2586,-3.50457),(3.18437,-7.8576),(11.1272,2.07405)]
triangle[(-7.25283,-1.39071),(-15.8555,14.4813),(-40.5187,1.11368)]
triangle[(12.4707,13.8049),(-10.7779,-14.2538),(34.108,-51.4449)]
triangle[(4.65523,-10.6069),(-6.85791,-19.0544),(8.39696,-39.8453)]
triangle[(16.2783,13.8059),(7.12755,2.626),(20.154,-8.03612)]
triangle[(-11.1077,7.80832),(13.145,-13.9564),(37.6511,13.351)]
triangle[(0.114151,7.46484),(16.0675,-4.56968),(34.6034,20.0022)]
triangle[(-12.7151,19.0681),(11.3589,2.59439),(40.6159,45.3494)]
triangle[(11.3876,16.389),(-9.97378,16.8574),(-10.4478,-4.75829)]
triangle[(-5.03649,-9.63827),(-15.046,-13.0402),(-11.2952,-24.0764)]
triangle[(-12.8134,-4.00916),(13.0168,-7.384),(19.7413,44.0835)]
triangle[(8.84041,-6.41966),(11.5963,14.3529),(-22.0387,18.8152)]
triangle[(3.66526,-16.7018),(-3.39914,1.5306),(-23.697,-6.33411)]
triangle[(10.8362,7.30486),(-3.86951,-18.6328),(33.8646,-40.0267)]
triangle[(3.93588,-10.8892),(-0.107494,-17.8349),(11.4217,-24.5465)]
triangle[(-1.28694,-13.2657),(-16.2325,5.31876),(-37.1685,-11.518)]
triangle[(-0.0866165,3.63425),(-1.7821,4.74722),(-3.14504,2.67093)]
triangle[(12.7868,0.0803138),(11.8771,-19.5881),(34.7252,-20.6449)]
triangle[(-1.09155,-12.8722),(-6.75392,18.4686),(-60.7441,8.7142)]
triangle[(-20.7712,13.1394),(-18.5367,-6.92397),(20.357,-2.59242)]
triangle[(-19.1229,17.2706),(9.3447,18.1538),(8.24358,53.6437)]
triangle[(8.62799,-13.2467),(-1.32469,-7.58463),(-7.94797,-19.2268)]
triangle[(-9.88446,-0.749127),(-20.1035,0.141558),(-21.6508,-17.6107)]
triangle[(-7.55884,-14.5312),(19.3507,11.9688),(-22.5768,54.5443)]
triangle[(-0.0561131,-14.4692),(-2.97889,-4.08317),(-23.4869,-9.85445)]
triangle[(-10.3712,14.435),(-6.39104,3.72343),(11.5645,10.3953)]
triangle[(-8.23335,7.90509),(-9.64416,-19.2219),(36.5212,-21.6228)]
triangle[(-3.27486,12.45),(-7.3594,-0.541863),(9.98487,-5.99479)]
triangle[(-7.17428,-5.13032),(17.5268,13.9862),(-4.32897,42.2268)]
triangle[(18.325,17.6631),(-8.54813,-16.5027),(35.3672,-51.0444)]
triangle[(9.27935,-15.2222),(-6.5859,8.81947),(-48.6668,-18.95)]
triangle[(-2.77502,-5.2125),(16.9346,-19.4004),(35.6314,6.57274)]
triangle[(15.5833,16.3958),(-13.3621,18.573),(-16.4646,-22.675)]
triangle[(-6.34396,-11.7949),(-10.7561,19.269),(-71.4132,10.6537)]
triangle[(3.91117,-6.23349),(19.549,-7.29411),(20.7741,10.7693)]
triangle[(-2.85207,-13.8229),(-0.36651,11.7161),(-33.539,14.9445)]
triangle[(15.1328,-14.4706),(-0.971141,0.424865),(-19.2854,-19.3752)]
triangle[(-18.3887,0.437336),(-7.32906,15.4454),(-35.4188,36.145)]
triangle[(-19.9039,-8.78716),(7.0502,9.55645),(-26.008,58.1322)]
triangle[(3.92102,-11.8583),(-11.845,13.6189),(-49.3488,-9.58947)]
triangle[(7.74571,-15.364),(3.46961,0.977388),(-16.7589,-4.31587)]
triangle[(-15.6904,-15.5632),(-19.8857,12.6747),(-75.0763,4.47523)]
triangle[(15.7639,3.02633),(4.29543,1.88615),(6.25432,-17.8175)]
triangle[(11.7385,11.8166),(-6.47111,-1.16856),(11.3964,-26.2248)]
triangle[(-9.94548,-9.81897),(-2.01822,19.8611),(-56.2957,34.3581)]
triangle[(6.55592,4.90671),(18.644,-20.4384),(55.5654,-2.82927)]
triangle[(3.74593,0.947834),(4.9453,-5.42982),(12.1007,-4.08419)]
triangle[(-11.2671,-8.34051),(-4.44903,20.7348),(-37.5835,28.5047)]
triangle[(15.993,-8.12127),(-14.314,-15.8449),(-4.79489,-53.1973)]
triangle[(-18.6516,-18.2237),(7.57769,7.72816),(-40.5719,56.3924)]
triangle[(-7.43247,-17.9387),(-17.9003,-3.89739),(-32.6688,-14.9074)]
triangle[(16.2381,-13.6625),(-1.49616,-15.2161),(1.08044,-44.6287)]
triangle[(-16.7668,7.38888),(-17.6306,15.6819),(-31.1211,14.2767)]
triangle[(-20.6913,14.275),(-7.39732,-10.163),(33.7806,12.2374)]
triangle[(-8.33758,12.6985),(10.0281,18.4271),(0.651154,48.4892)]
triangle[(-6.93077,-16.778),(-10.8068,18.6838),(-52.7719,14.0969)]
triangle[(-13.1025,-20.2018),(3.53499,-17.9954),(0.971786,1.33238)]
triangle[(19.706,-7.21111),(-4.95478,3.50442),(-20.594,-32.4878)]
triangle[(-0.886417,-5.52774),(10.5506,15.6018),(-14.0213,28.9021)]
triangle[(-6.43928,3.43962),(-1.81896,9.20708),(-10.0845,15.8287)]
triangle[(11.1298,-3.97743),(-7.78555,6.61771),(-20.0606,-15.2967)]
triangle[(-3.72965,-16.8891),(-9.35439,-9.07883),(-17.3676,-14.8498)]
triangle[(8.67646,-9.63749),(1.70173,3.85079),(-17.2583,-5.95334)]
triangle[(1.7816,19.5606),(-17.156,-3.8154),(27.8961,-40.3133)]
triangle[(-15.9657,-0.430532),(13.8376,-17.1341),(46.641,41.3955)]
triangle[(0.201358,-9.15536),(-20.3216,-3.12025),(-29.2493,-33.4798)]
triangle[(-0.0902757,-10.0388),(-4.45886,-20.7419),(13.444,-28.0491)]
triangle[(2.84326,-10.2082),(-2.32578,9.09487),(-38.116,-0.48916)]
triangle[(-0.340293,-17.6671),(-1.58179,-14.8584),(-5.64486,-16.6543)]
triangle[(-6.3504,14.5409),(3.80219,8.23777),(15.1847,26.5719)]
triangle[(-9.43251,8.41279),(-16.5549,5.10687),(-12.5976,-3.41897)]
triangle[(-2.49206,-20.8083),(-11.6189,-7.48703),(-29.8892,-20.0046)]
triangle[(15.1479,11.0093),(17.4364,18.7967),(2.7592,23.1098)]
triangle[(-17.2493,-7.95683),(-1.73091,-5.69269),(-4.03823,10.1217)]
triangle[(1.62035,7.13234),(0.318657,9.15282),(-2.84523,7.11447)]
triangle[(-18.5804,18.8184),(-5.12552,20.0215),(-7.00249,41.0134)]
triangle[(-11.8617,10.5975),(8.0621,-15.0279),(45.0534,13.7329)]
triangle[(-8.93783,-0.574548),(-20.4025,-4.12793),(-16.2634,-17.4825)]
triangle[(11.7503,10.885),(16.4061,9.09879),(19.1773,16.322)]
triangle[(-10.8511,8.25641),(-1.51549,15.1065),(-10.4414,27.2711)]
triangle[(-18.8253,-20.4807),(5.47549,7.89222),(-48.4862,54.1092)]
triangle[(13.7463,-5.94966),(18.08,7.0024),(-3.89331,14.3546)]
triangle[(-7.44568,18.0314),(6.46735,1.49415),(34.8449,25.3686)]
triangle[(-20.5405,-18.2332),(-4.98045,-15.8545),(-8.29916,5.85447)]
triangle[(19.5798,-6.43367),(-0.83256,20.9749),(-44.6079,-11.6266)]
triangle[(-15.1464,-6.53062),(-12.9989,-15.5376),(3.09067,-11.7014)]
triangle[(-1.96077,-4.27972),(-7.90326,-7.70861),(-4.31394,-13.9291)]
triangle[(3.15248,8.15184),(9.39738,-6.97864),(27.6146,0.540275)]
triangle[(16.574,9.33206),(-17.2276,18.0285),(-29.9073,-31.2549)]
triangle[(-15.0612,-4.5041),(-10.4472,-18.1163),(14.4221,-9.68669)]
triangle[(-2.35702,12.6249),(12.7283,19.3579),(3.97166,38.9772)]
triangle[(13.5266,7.19026),(13.9398,18.8031),(-7.53241,19.5672)]
triangle[(-11.547,12.6153),(10.1105,1.80843),(29.0496,39.7632)]
triangle[(-16.038,18.6027),(-17.8357,-5.50742),(19.4912,-8.29062)]
triangle[(10.2268,-19.5666),(20.3229,7.55798),(-15.9872,21.0731)]
triangle[(15.5305,3.62462),(-1.68434,19.5247),(-29.1589,-10.2216)]
triangle[(1.74441,5.46519),(11.8652,13.9734),(-2.91253,31.552)]
triangle[(-15.3946,-11.9819),(-2.84118,11.9151),(-47.1538,35.1931)]
triangle[(-11.1796,-20.9061),(-15.3617,-7.24675),(-41.4386,-15.2308)]
triangle[(9.51494,14.3042),(-4.06685,5.31194),(5.31982,-8.86555)]
triangle[(-11.5103,-13.7078),(5.66109,20.5072),(-40.6148,43.7315)]
triangle[(-19.5654,1.90418),(-17.1064,16.4722),(-37.862,19.9756)]
triangle[(-6.46627,-1.28705),(6.70292,-7.61474),(15.0569,9.77166)]
triangle[(10.4064,-17.5048),(1.25248,-19.1921),(4.52769,-36.96)]
triangle[(4.12509,-7.5601),(-9.21906,-19.218),(7.42258,-38.2667)]
triangle[(-4.47543,7.22966),(9.72232,-13.1289),(33.4588,3.42452)]
triangle[(13.0658,-15.2387),(19.691,14.9047),(-39.8446,27.9899)]
triangle[(-8.76441,-13.9535),(0.00682967,-17.3233),(5.70189,-2.5)]
triangle[(1.39365,4.78891),(-1.45402,-19.551),(40.814,-24.4962)]
triangle[(-12.9711,10.1332),(4.62553,5.10861),(10.2075,24.6571)]
triangle[(-4.18687,-2.34066),(-3.74062,20.3847),(-33.7784,20.9745)]
triangle[(-5.50962,-2.28726),(-3.87066,20.2197),(-31.9521,22.2646)]
triangle[(9.97131,-12.1598),(-7.2784,3.44957),(-33.9036,-25.9735)]
triangle[(-18.326,4.81814),(14.1002,6.9383),(10.4139,63.3177)]
triangle[(-4.98577,-6.92201),(-20.6247,7.00261),(-43.7802,-19.0037)]
triangle[(3.02732,2.2046),(-4.46682,-14.5613),(15.4715,-23.4735)]
triangle[(16.5679,-15.3631),(-3.54552,-1.60157),(-24.0028,-31.5012)]
triangle[(2.84371,12.688),(7.09946,-6.27026),(41.9198,1.54622)]
triangle[(-2.83959,-20.1696),(0.0306785,6.76262),(-27.893,9.73855)]
triangle[(-20.0815,-8.97267),(12.0443,17.5076),(-16.339,51.9422)]
triangle[(-12.7673,18.1703),(-11.1263,-7.24903),(18.4594,-5.33907)]
triangle[(18.1645,-13.0765),(-7.33424,2.58451),(-33.8356,-40.564)]
triangle[(-13.9077,6.77637),(-0.88451,10.4195),(-6.76056,31.4249)]
triangle[(-15.9122,9.96185),(8.56757,-15.5579),(57.8589,31.7249)]
triangle[(-2.37822,-4.89259),(-14.3462,-4.34207),(-15.1523,-21.8663)]
triangle[(-19.6187,-8.42496),(14.8048,10.687),(-11.8205,58.6432)]
triangle[(-12.4168,-16.2758),(-15.5999,-18.127),(-12.5476,-23.3755)]
triangle[(-19.871,8.45679),(-19.3776,-11.6898),(20.4902,-10.7134)]
triangle[(-20.1579,-4.18427),(-16.4031,-12.8684),(-6.20919,-8.46085)]
triangle[(-20.0051,15.4149),(6.43995,19.5053),(-1.71555,72.2314)]
triangle[(6.36243,-15.8836),(-13.3904,1.17625),(-39.3215,-28.8482)]
triangle[(-6.8453,16.2837),(16.7398,6.10046),(34.8761,48.1056)]
triangle[(-5.38643,-5.22947),(13.4926,18.9309),(-14.3287,40.6706)]
triangle[(0.0576188,12.9056),(3.60916,-19.0674),(40.0934,-15.0147)]
triangle[(13.3685,0.141929),(-7.37582,-0.0196756),(-7.05272,-41.4955)]
triangle[(13.1484,-10.2423),(-16.5936,7.44751),(-49.588,-48.0261)]
triangle[(1.70723,-18.1251),(17.6681,18.385),(-53.5955,49.5388)]
triangle[(9.64894,-13.1823),(-12.8069,-13.4216),(-12.4302,-48.7632)]
triangle[(18.5388,-13.8471),(0.26271,-16.1374),(3.41069,-41.2577)]
triangle[(-18.2248,3.17427),(7.7244,-18.4375),(44.1296,25.2743)]
triangle[(-2.78781,-6.55447),(20.4891,-13.3756),(31.3895,23.8216)]
triangle[(-3.91365,15.3101),(-8.26019,19.9914),(-14.4364,14.2569)]
triangle[(18.3626,-12.924),(-13.2233,-7.74713),(-18.9695,-42.8063)]
triangle[(-11.6367,-15.1746),(-8.14189,12.8478),(-53.5491,18.5108)]
triangle[(-18.7408,-15.4552),(-0.139474,-20.6315),(6.21427,2.2012)]
triangle[(4.37475,-16.3193),(1.98117,12.2018),(-34.0532,9.17769)]
triangle[(20.5466,14.102),(14.2024,9.16571),(21.8376,-0.64716)]
triangle[(20.9306,7.53302),(-5.34422,13.0805),(-11.9034,-17.9858)]
triangle[(6.43778,1.51756),(16.3399,20.1106),(-19.0289,38.9471)]
triangle[(-16.6968,15.7036),(-1.78887,-3.45483),(33.0674,23.6681)]
triangle[(-1.5172,-18.7742),(-0.93287,-9.04217),(-20.2087,-7.88481)]
triangle[(11.6409,2.75835),(-17.7184,-12.0566),(1.08114,-49.3123)]
triangle[(19.2537,-10.268),(16.5935,-8.12549),(13.2859,-12.2322)]
triangle[(-5.71562,17.7015),(20.8739,-12.9243),(81.5671,39.7697)]
triangle[(20.2775,-8.34494),(4.21088,3.12231),(-7.28943,-12.9906)]
triangle[(-7.73264,9.77708),(3.92019,15.7154),(-2.95477,29.2062)]
triangle[(-0.199556,-6.43824),(-17.2324,-19.4963),(5.72358,-49.44)]
triangle[(-11.0798,9.43773),(-20.5261,0.431293),(-5.91035,-14.8983)]
triangle[(-15.0199,4.50341),(-16.2487,-2.21908),(-3.266,-4.59215)]
triangle[(12.8979,-7.40774),(13.5671,8.3537),(-13.271,9.49313)]
triangle[(-11.523,-5.37347),(-16.4054,-2.69868),(-19.9884,-9.23894)]
triangle[(12.5445,2.0605),(-10.0541,-20.2087),(13.5043,-44.1155)]
triangle[(14.0845,9.48829),(3.19026,-11.2717),(30.741,-25.7295)]
triangle[(-4.35467,-14.2011),(10.6411,-20.2765),(20.3886,3.78303)]
triangle[(-2.69836,0.29308),(20.6489,9.57775),(9.40462,37.8526)]
triangle[(0.201185,-7.09543),(1.73804,3.00219),(-8.58618,4.57354)]
triangle[(-5.03912,-14.5211),(18.7593,10.2325),(-16.7856,44.4057)]
triangle[(-17.7197,8.55225),(-18.6675,-20.1659),(24.8818,-21.6033)]
triangle[(-15.1843,19.1491),(9.94933,7.47807),(28.9036,48.2962)]
triangle[(20.4466,0.859907),(14.4651,-3.84422),(22.7532,-14.3828)]
triangle[(17.8381,-17.3905),(-7.0727,8.47424),(-42.5518,-25.6963)]
triangle[(4.13557,17.3723),(-7.7545,8.92087),(1.6699,-4.3381)]
triangle[(-14.7478,9.49728),(14.1685,-16.8106),(65.2137,39.2958)]
triangle[(20.8404,-17.9818),(19.619,-11.1519),(9.83107,-12.9024)]
triangle[(14.6786,18.3698),(-3.54448,20.9889),(-7.02405,-3.22046)]
triangle[(7.61024,13.7952),(3.01112,7.9717),(13.9959,-0.703472)]
triangle[(-12.8134,-8.27117),(4.79271,-13.4423),(12.7406,13.6179)]
triangle[(9.18706,2.55548),(4.00967,-16.4087),(40.2497,-26.3025)]
triangle[(-2.61315,17.6085),(13.3942,-18.5222),(83.9482,12.7361)]
triangle[(-10.5643,2.17163),(-19.2724,15.0701),(-43.3286,-1.17082)]
triangle[(20.2673,14.5365),(-13.0744,-4.6932),(11.2865,-46.9318)]
triangle[(-7.58061,-11.2212),(13.5274,-8.06506),(8.66019,24.4869)]
triangle[(17.8928,-13.8422),(-16.5254,-13.9787),(-16.2692,-78.5877)]
triangle[(-20.1796,-14.2449),(8.88648,-8.20675),(-0.496507,36.9602)]
triangle[(4.83808,6.71602),(-20.9452,-20.0871),(32.253,-71.2611)]
triangle[(-10.2142,5.51181),(14.1737,0.203284),(22.2404,37.2623)]
triangle[(13.7923,15.2379),(-7.71355,-6.72036),(18.7621,-32.6506)]
triangle[(14.5008,-6.64954),(0.86568,14.7743),(-33.34,-6.99576)]
triangle[(-9.8554,-11.7577),(17.0673,-12.6013),(18.4722,32.235)]
triangle[(-16.5316,-14.0859),(-9.3711,-16.2019),(-7.23574,-8.976)]
triangle[(8.63954,-10.1689),(12.5635,12.4423),(-10.1361,16.3816)]
triangle[(-7.9914,-3.23665),(19.7471,8.22741),(-0.440357,57.0732)]
triangle[(-3.30741,14.9726),(2.99655,-17.2883),(55.7718,-6.97574)]
triangle[(7.27558,-7.69535),(-4.09461,15.7881),(-48.8295,-5.87152)]
triangle[(-2.48163,11.1818),(-12.4631,-19.7336),(34.605,-34.9301)]
triangle[(9.96258,-5.35041),(-17.6057,3.38266),(-26.9798,-26.2091)]
triangle[(14.6487,1.45127),(1.55492,-17.0983),(27.9388,-35.7221)]
triangle[(-6.58108,9.73756),(11.1896,-12.6424),(40.6534,10.7531)]
triangle[(-16.1897,3.8445),(-13.2712,19.2966),(-39.1768,24.1895)]
triangle[(-20.2173,-6.82706),(-2.60557,18.3723),(-50.9506,52.1605)]
triangle[(-10.733,16.6669),(10.6537,15.3966),(11.9539,37.2858)]
triangle[(9.57012,-17.2194),(3.21109,-6.36837),(-15.0967,-17.0973)]
triangle[(17.2063,17.4019),(19.1947,3.75929),(40.7939,6.90734)]
triangle[(-8.80166,-6.87678),(2.42518,9.93406),(-27.0953,29.6488)]
triangle[(-18.1542,-10.5131),(-12.1729,-7.86517),(-15.2788,-0.849435)]
triangle[(-7.54472,8.66843),(2.45529,-1.1079),(12.9946,9.67257)]
triangle[(2.75515,15.2743),(-8.10355,-0.531695),(22.0907,-21.2751)]
triangle[(-7.46677,9.49651),(18.1252,-15.6763),(45.2921,11.9429)]
triangle[(9.85184,-6.58714),(1.24307,17.5756),(-37.6858,3.706)]
triangle[(-15.0574,9.26231),(-11.1611,12.2516),(-14.6759,16.8328)]
triangle[(16.8988,-18.7984),(-3.36094,-18.6638),(-3.54053,-45.6851)]
triangle[(-8.56172,11.4291),(-11.5479,-13.5604),(34.0712,-19.0117)]
triangle[(-0.383079,-14.8212),(-1.52512,18.0066),(-63.0435,15.8664)]
triangle[(3.61211,-5.36469),(-5.78045,19.0802),(-53.9092,0.587471)]
triangle[(9.38524,-8.22552),(12.7604,9.71795),(-20.9754,16.0636)]
triangle[(18.9927,-5.39192),(-16.9266,20.3275),(-63.3568,-44.5159)]
triangle[(-1.38371,-4.13099),(13.2878,5.06621),(-3.59919,32.0045)]
triangle[(-6.25471,5.26479),(-17.4977,-18.8133),(28.5715,-40.3249)]
triangle[(11.5398,9.153),(-10.8662,-19.1218),(43.6465,-62.3196)]
triangle[(14.7823,-5.38501),(1.28681,-16.5672),(23.4756,-43.3462)]
triangle[(-10.3518,13.362),(-4.10671,7.06042),(4.18293,15.2758)]
triangle[(14.0882,0.617595),(-1.17291,14.2591),(-19.6446,-6.40577)]
triangle[(-14.7363,-3.74246),(4.50977,0.0514182),(-2.83285,37.3)]
triangle[(7.95721,-20.7219),(-12.9193,14.6108),(-55.932,-10.8035)]
triangle[(2.01144,13.4625),(-5.93368,-17.5043),(29.6359,-26.6303)]
triangle[(3.704,6.33138),(10.2245,-5.3174),(22.3363,1.46225)]
triangle[(9.39873,-11.3211),(13.2305,-4.52629),(3.30438,1.07133)]
triangle[(0.32742,11.5677),(-15.0747,5.58354),(-5.41748,-19.2724)]
triangle[(11.2013,0.270829),(1.16512,8.02647),(-7.61819,-3.33959)]
triangle[(-14.229,-12.6492),(5.74509,19.0289),(-42.8234,49.6529)]
triangle[(-4.52708,13.1353),(17.7135,20.4586),(3.79558,62.7264)]
triangle[(10.3397,16.8518),(19.9048,-16.2114),(73.2236,-0.786407)]
triangle[(-5.15228,-1.01868),(9.88352,-16.858),(28.0714,0.407196)]
triangle[(-16.2723,12.3068),(-11.5481,-3.42847),(14.9136,4.51624)]
triangle[(-12.8163,17.9753),(-9.4726,13.2144),(-2.75744,17.9306)]
triangle[(4.06059,15.8331),(8.4828,18.354),(4.70671,24.978)]
triangle[(-14.5658,16.3642),(1.50584,14.5192),(5.02903,45.2098)]
triangle[(-10.3597,-20.5747),(-15.1311,0.505992),(-56.6939,-8.90133)]
triangle[(7.00573,14.9604),(11.121,-19.4556),(61.3209,-13.4529)]
triangle[(11.258,18.8979),(-7.16823,-3.83159),(20.2837,-26.0861)]
triangle[(16.2398,14.0143),(11.4002,8.42107),(21.8468,-0.618029)]
triangle[(-17.0275,6.29917),(11.1524,-17.0024),(46.0794,25.2366)]
triangle[(-4.83106,8.23397),(-2.78863,-0.853139),(11.9628,2.46243)]
triangle[(-6.64314,-17.0551),(-16.7675,20.0955),(-55.0031,9.67545)]
triangle[(6.96912,4.7412),(-8.83727,-10.8743),(9.91366,-29.8545)]
triangle[(-1.56784,14.5318),(5.15638,19.6714),(-4.78621,32.6794)]
triangle[(2.85768,2.50081),(-19.1197,-17.342),(14.4662,-54.5408)]
triangle[(17.4254,-7.20288),(8.61006,12.8569),(-30.0692,-4.14088)]
triangle[(-16.7769,16.9063),(15.9314,-3.69742),(55.6105,59.293)]
triangle[(6.28046,4.80291),(4.69875,-7.66622),(26.3716,-10.4154)]
triangle[(20.9317,7.71119),(18.1382,13.2126),(8.0091,8.06926)]
triangle[(-12.5985,-10.9871),(-13.2704,0.269279),(-29.8733,-0.721752)]
triangle[(13.6898,-0.582478),(-15.784,4.84784),(-23.0912,-34.8133)]
triangle[(-14.8978,19.373),(-16.993,8.1412),(4.96149,4.04587)]
triangle[(14.3926,-19.2843),(-5.93499,17.3581),(-58.617,-11.8676)]
triangle[(-11.6635,15.1054),(7.0065,-14.4225),(39.8926,6.37093)]
triangle[(2.29879,10.7875),(-8.36538,19.7232),(-22.7178,2.59467)]
triangle[(-6.13686,-7.39846),(12.5901,0.387386),(-0.711329,32.3808)]
triangle[(0.887002,17.928),(-1.08191,-12.6927),(50.3841,-16.002)]
triangle[(-7.65098,-14.2047),(3.99565,4.7698),(-30.5305,25.9621)]
triangle[(-0.574213,19.5942),(-19.281,11.8513),(-7.22065,-17.2867)]
triangle[(-12.6218,-10.6895),(-4.7742,-12.5216),(-2.55435,-3.0131)]
triangle[(3.06848,12.958),(-7.03471,-2.39092),(11.1469,-14.3586)]
triangle[(0.954409,20.6373),(-5.37312,13.4907),(8.72168,1.01122)]
triangle[(-5.9147,12.1814),(-2.27628,10.5253),(0.799095,17.2819)]
triangle[(-7.1381,-3.79545),(-9.93139,-14.7455),(6.85136,-19.0267)]
triangle[(-7.554,-3.46909),(-8.22267,5.77435),(-21.1654,4.83807)]
triangle[(5.34298,13.8189),(3.01601,3.86057),(20.235,-0.162992)]
triangle[(19.3643,-7.17627),(-7.58998,-18.9352),(6.41729,-51.0432)]
triangle[(-12.9545,3.65307),(-5.56335,8.76426),(-13.7001,20.5305)]
triangle[(12.7674,-11.2898),(-3.96184,-17.5379),(5.62984,-43.2195)]
triangle[(-13.9913,-18.0292),(14.3596,1.81003),(-12.2373,39.8178)]
triangle[(-8.09298,0.666683),(-8.48098,-9.90082),(4.56785,-10.3799)]
triangle[(-5.00355,-19.1054),(-9.28011,-17.8076),(-11.8502,-26.2766)]
triangle[(-5.26147,-3.97269),(8.81679,-6.86992),(12.5344,11.1947)]
triangle[(-3.97806,12.3784),(20.1905,-7.82667),(51.7313,29.9013)]
triangle[(-20.0218,1.92108),(7.95307,18.353),(-15.2168,57.799)]
triangle[(-19.7191,6.46404),(-10.5114,-6.48415),(3.07999,3.18095)]
triangle[(17.601,-10.8487),(6.68299,9.70188),(-17.7601,-3.28417)]
triangle[(-6.28778,-4.86893),(-8.85349,-20.8927),(9.94231,-23.9023)]
triangle[(-20.9152,-5.84084),(-7.62844,4.28341),(-19.649,20.0587)]
triangle[(8.08599,-16.7846),(-4.5384,-14.0431),(-9.6492,-37.5772)]
triangle[(-15.0505,-9.98503),(-10.7084,20.8505),(-59.8604,27.7718)]
triangle[(-19.8032,-11.5495),(-12.2584,20.741),(-51.4513,29.8986)]
triangle[(-6.19838,-8.0629),(-8.74749,-0.242724),(-21.1631,-4.28977)]
triangle[(2.6743,9.58815),(-20.0579,-5.96833),(5.17252,-42.8368)]
triangle[(13.8272,-18.0499),(-9.62279,8.02189),(-46.9315,-25.5351)]
triangle[(17.5041,-19.0893),(-12.9885,5.88553),(-42.8237,-30.5413)]
triangle[(7.16015,9.47351),(12.5449,9.67441),(12.3062,16.0736)]
triangle[(-4.31201,19.0867),(-0.120051,-6.52471),(31.9555,-1.27474)]
triangle[(17.0803,-14.3782),(20.01,17.5472),(-22.8462,21.48)]
triangle[(14.0869,12.4619),(17.9945,-17.4695),(48.0325,-13.548)]
triangle[(3.79538,-2.27005),(18.2881,-20.417),(45.9881,1.70498)]
triangle[(-1.34522,-12.6007),(4.54449,17.3191),(-26.4224,23.4149)]
triangle[(-2.72109,-15.2299),(0.613211,-14.8964),(-0.0383516,-8.38192)]
triangle[(-2.79266,18.6473),(-18.3298,17.1427),(-16.6325,-0.384397)]
triangle[(-16.4914,-15.4006),(-10.4059,-4.10974),(-28.2132,5.48792)]
triangle[(4.40739,19.2601),(-10.6008,17.049),(-6.47706,-10.9415)]
triangle[(-16.0182,-3.30313),(5.13934,-16.2022),(29.7717,24.2008)]
triangle[(-3.09116,9.92048),(-13.5466,11.0105),(-15.4531,-7.27678)]
triangle[(8.62528,19.0474),(-11.7248,13.8473),(-6.10799,-8.13377)]
triangle[(-10.673,16.6983),(3.2546,7.60703),(17.7794,29.8587)]
triangle[(-15.2713,12.0196),(-17.6623,15.2242),(-20.8952,12.8121)]
triangle[(10.3541,2.82864),(-1.57578,3.2335),(-2.05088,-10.766)]
triangle[(-8.91243,-8.61672),(11.8758,13.77),(-27.9916,50.7908)]
triangle[(4.83538,-6.50038),(6.66045,-13.0482),(15.8368,-10.4905)]
triangle[(-15.6623,6.20591),(-4.54265,-20.2803),(26.4226,-7.28031)]
triangle[(17.225,18.818),(-15.8203,7.05363),(0.408347,-38.5313)]
triangle[(-4.68523,17.9111),(-10.612,15.0408),(-5.97296,5.46197)]
triangle[(-19.5401,2.05881),(15.3249,-16.8438),(35.5451,20.4513)]
triangle[(4.15496,-17.8113),(-4.40884,-1.06486),(-33.6528,-16.0196)]
triangle[(19.1158,0.438196),(11.7166,12.4635),(-1.14006,4.55268)]
triangle[(-6.30128,15.4573),(-5.58982,12.3518),(-0.433868,13.533)]
triangle[(-18.1772,-15.2393),(-10.8951,-10.2455),(-18.2688,0.50689)]
triangle[(-12.879,-17.5456),(17.0528,-2.39359),(1.28979,28.7452)]
triangle[(20.2719,-6.71482),(12.4957,-6.25245),(11.66,-20.3071)]
triangle[(7.49116,8.76704),(0.525665,6.25224),(4.81755,-5.63544)]
triangle[(18.106,7.2955),(-12.2404,8.92643),(-14.7567,-37.8943)]
triangle[(4.49925,15.3533),(-3.61572,8.32327),(7.51122,-4.52095)]
triangle[(10.4449,19.7542),(-20.633,-20.3258),(28.3344,-58.295)]
triangle[(0.165328,-9.84239),(19.9926,20.5321),(-17.6469,45.1017)]
triangle[(11.4043,-5.38129),(11.967,8.65923),(-11.3168,9.59233)]
triangle[(-13.0931,-0.818561),(-17.2004,-18.1305),(0.633466,-22.3617)]
triangle[(-7.79017,8.06201),(11.4283,-7.13141),(29.7091,15.9923)]
triangle[(9.29464,6.35174),(12.1844,14.1763),(-0.0173116,18.6827)]
triangle[(4.94383,-2.2975),(15.9457,-18.2449),(36.8768,-3.80485)]
triangle[(2.77131,7.71248),(0.477614,12.5127),(-5.92098,9.45522)]
triangle[(-7.06195,-6.1587),(-17.7496,11.2871),(-43.3147,-4.37458)]
triangle[(7.6535,-2.27254),(17.9065,-0.643689),(14.8715,18.4607)]
triangle[(13.5949,-18.8499),(20.0145,12.8052),(-18.7422,20.6651)]
triangle[(6.95045,-8.22069),(-2.01242,4.82238),(-16.9983,-5.47553)]
triangle[(-11.5773,5.16652),(-20.8336,-8.48902),(-5.61707,-18.8035)]
triangle[(-15.0236,-5.34513),(3.89496,-3.46583),(1.02885,25.3867)]
triangle[(-8.46653,-19.4583),(-16.6768,-14.1363),(-23.5208,-24.6946)]
triangle[(-16.771,19.5056),(6.54928,11.8977),(17.5727,45.6873)]
triangle[(-13.8926,6.0863),(-15.5057,-18.1694),(10.9695,-19.9301)]
triangle[(-4.6897,19.4633),(-13.0877,-18.6258),(58.5964,-34.4311)]
triangle[(-0.347629,7.35022),(9.3558,-10.5682),(44.1493,8.2737)]
triangle[(-6.48699,-9.66529),(-0.388738,17.8845),(-39.4093,26.5219)]
triangle[(-0.4191,-16.2965),(2.85648,-6.83476),(-8.46139,-2.9166)]
triangle[(-17.6549,-6.84485),(0.770494,-12.7006),(9.34852,14.2909)]
triangle[(13.6114,8.23512),(9.60545,-5.76748),(27.0133,-10.7476)]
triangle[(0.745056,1.95402),(-18.8761,14.3964),(-37.3537,-14.7421)]
triangle[(-2.77245,-10.517),(1.94097,17.0848),(-26.1053,21.8741)]
triangle[(8.27286,-11.9267),(-11.9813,-3.21915),(-23.8242,-30.7662)]
triangle[(0.731143,-1.70374),(-20.6508,11.5194),(-37.3599,-15.4996)]
triangle[(19.0147,-15.4626),(-4.46751,8.98965),(-38.7803,-23.962)]
triangle[(-18.4915,-15.9561),(12.8267,15.125),(-47.7062,76.1196)]
triangle[(-8.00223,3.31102),(20.7409,8.15026),(12.3141,58.2025)]
triangle[(-13.5678,-15.2281),(20.955,13.1853),(-24.412,68.3071)]
triangle[(-20.8671,-16.852),(7.5892,19.8924),(-62.3291,74.0398)]
triangle[(15.8686,17.6042),(14.9084,11.6227),(26.3224,9.79035)]
triangle[(17.0044,-9.78394),(6.28423,5.16314),(-9.40005,-6.08574)]
triangle[(-14.0561,-14.082),(2.69399,8.96466),(-24.9745,29.0739)]
triangle[(-4.70923,7.0289),(9.69392,19.2848),(-12.0621,44.8524)]
triangle[(1.21935,-5.69433),(-1.35222,-10.7509),(4.10684,-13.5272)]
triangle[(-2.81565,12.6073),(7.06021,-10.0603),(38.089,3.45831)]
triangle[(-6.42847,-9.84398),(15.7333,18.6347),(-23.8535,49.4407)]
triangle[(13.5284,-4.94406),(15.5314,-11.1052),(26.2549,-7.6189)]
triangle[(-5.05649,7.32883),(-9.39288,-17.0371),(24.9395,-23.1472)]
triangle[(-9.22666,12.8083),(-3.91179,12.4947),(-3.57992,18.1192)]
triangle[(14.434,-13.6638),(-7.15308,-9.17119),(-14.8171,-45.9972)]
triangle[(-15.9135,-10.3783),(5.51401,-18.3192),(16.9701,12.5936)]
triangle[(-4.47381,-11.4345),(-7.06905,6.42747),(-33.6178,2.57009)]
triangle[(-4.92934,-18.0687),(-20.5904,12.912),(-59.9655,-6.99249)]
triangle[(-12.3926,-12.2777),(4.15243,16.2907),(-35.564,39.2919)]
triangle[(17.0561,-6.29045),(-14.4513,-10.676),(-6.35826,-68.8191)]
triangle[(10.1251,5.45099),(-19.0912,13.4729),(-32.0419,-33.6944)]
triangle[(-13.2092,7.50519),(-18.9214,3.18393),(-13.7873,-3.60267)]
triangle[(18.2028,2.07209),(-0.0655109,-9.44048),(13.2998,-30.6488)]
triangle[(-11.3667,-8.60315),(-8.56069,-0.602043),(-24.004,4.81405)]
triangle[(8.41061,3.45804),(4.46068,-16.8699),(36.5404,-23.1033)]
triangle[(15.1525,13.9295),(13.5886,-12.3737),(63.9321,-15.367)]
triangle[(-20.247,10.515),(4.94844,-11.4631),(29.9652,17.2158)]
triangle[(-13.6097,-16.9089),(8.80836,5.94252),(-24.0087,38.1372)]
triangle[(16.7861,19.9427),(6.42959,-7.61049),(40.3054,-20.3436)]
triangle[(0.13452,-11.1994),(16.6762,-7.91128),(10.3792,23.7672)]
triangle[(14.8053,-12.081),(-19.6036,18.7707),(-53.0098,-18.4874)]
triangle[(16.2442,-17.6991),(-17.9882,20.349),(-76.235,-32.0563)]
triangle[(-15.5639,-1.35492),(-10.5244,-19.4351),(22.5407,-10.2188)]
triangle[(4.82587,-7.12644),(-10.177,-7.2353),(-9.98423,-33.7965)]
triangle[(-16.189,-20.8008),(4.39168,-2.87128),(-19.8036,24.9016)]
triangle[(2.03489,-0.455197),(-10.5171,-19.85),(9.85812,-33.0365)]
triangle[(-11.0002,-20.2213),(5.03891,-12.6106),(-6.47308,11.6503)]
triangle[(-19.9631,3.61603),(16.2676,2.3334),(17.9099,48.7245)]
triangle[(-18.3201,0.266286),(10.4175,16.0401),(-5.38195,44.8243)]
triangle[(2.44185,12.7005),(-13.0488,17.5706),(-22.1868,-11.4957)]
triangle[(16.6196,2.36158),(-17.7322,-1.36081),(-13.5691,-39.7787)]
triangle[(9.04805,-4.45207),(12.1782,13.6894),(-23.0086,19.7607)]
triangle[(12.531,-2.58753),(11.549,-12.7031),(24.2456,-13.9357)]
triangle[(10.8991,5.89586),(-11.0343,-15.2509),(22.0251,-49.5402)]
triangle[(-4.08392,-12.6228),(20.3236,14.6373),(-14.8201,46.1034)]
triangle[(16.6073,19.9744),(-16.4158,-1.16945),(8.8031,-40.5571)]
triangle[(-8.75653,3.2714),(11.5179,-17.1807),(51.9305,22.8809)]
triangle[(-1.68095,8.12471),(-8.07734,-13.7497),(27.2212,-24.0715)]
triangle[(-19.9722,-1.20342),(17.9053,8.2446),(2.68088,69.2796)]
triangle[(-0.484974,2.49203),(10.19,-19.2386),(46.4955,-1.40376)]
triangle[(19.5499,-18.5134),(1.29465,-13.0402),(-7.52357,-42.4524)]
triangle[(-6.84422,5.96711),(17.9423,19.8818),(-2.01838,55.4383)]
triangle[(-0.633579,5.87205),(-13.9784,15.6117),(-24.5333,1.14981)]
triangle[(-15.7063,19.9174),(10.5002,20.4796),(9.48057,68.0155)]
triangle[(14.1927,-17.9352),(-7.64075,8.42435),(-36.6834,-15.6315)]
triangle[(-15.0216,-18.9259),(3.93333,15.3457),(-58.2338,49.7292)]
triangle[(-20.4192,-4.86586),(0.140597,19.6851),(-41.1357,54.2512)]
triangle[(13.4422,-6.49309),(-0.235449,-12.6222),(11.6482,-39.1417)]
triangle[(13.2973,-2.82514),(-7.76013,-18.4436),(22.8568,-59.7226)]
triangle[(3.64782,4.99571),(9.57956,-11.4182),(37.5065,-1.32589)]
triangle[(9.71229,-20.8868),(-13.3171,0.742096),(-38.0566,-25.5993)]
triangle[(11.5165,-2.71535),(13.1988,10.4953),(-11.2873,13.6135)]
triangle[(1.73438,-12.6705),(-20.8575,-18.4751),(-10.5203,-58.7075)]
triangle[(7.44928,-15.5455),(15.9594,-15.2205),(15.4859,-2.82204)]
triangle[(17.5841,-15.9842),(-15.694,-18.4944),(-10.9203,-81.7803)]
triangle[(1.46947,9.37681),(-5.6595,-8.26389),(13.8459,-16.1464)]
triangle[(0.160122,-7.28968),(-11.0964,10.3487),(-30.5345,-2.05639)]
triangle[(13.6352,-10.9849),(3.69522,-8.94972),(0.436288,-24.8668)]
triangle[(0.946255,-2.49603),(-17.3494,-7.2292),(-8.80948,-40.2397)]
triangle[(4.58783,-4.58063),(19.0105,17.3585),(-11.6718,37.5289)]
triangle[(-18.2297,-7.92334),(-18.7284,10.3036),(-46.5094,9.54345)]
triangle[(-10.5747,7.16013),(13.7066,-13.5226),(45.7254,24.0672)]
triangle[(17.4998,12.8791),(-11.0338,-18.9936),(39.8166,-64.5168)]
triangle[(-10.6885,8.45278),(5.61072,-5.63934),(25.4964,17.3608)]
triangle[(-10.1977,-2.4189),(-19.9497,-4.41168),(-17.8573,-14.6515)]
triangle[(-20.8618,-14.9469),(15.2089,0.382384),(-15.0112,71.492)]
triangle[(-3.39861,15.3983),(-10.3396,19.6224),(-14.9816,11.9947)]
triangle[(11.64,3.14785),(14.5151,-10.6655),(30.9889,-7.23675)]
triangle[(12.4443,-14.8222),(-0.0978056,16.6811),(-47.5589,-2.21421)]
triangle[(1.25229,19.6572),(-1.85512,10.9006),(14.2251,5.19428)]
triangle[(14.4946,19.9688),(2.60529,9.12951),(14.6098,-4.03789)]
triangle[(-8.50201,-16.5096),(19.2374,20.116),(-27.574,55.5698)]
triangle[(-11.0571,-12.4042),(-11.1804,-20.3864),(1.39803,-20.5806)]
triangle[(13.8515,-16.5704),(7.78578,-0.0957656),(-14.303,-8.22855)]
triangle[(-4.85077,9.43421),(20.5345,-4.09835),(34.6418,22.3651)]
triangle[(20.3303,13.1407),(19.2299,10.17),(23.9994,8.40333)]
triangle[(-17.7494,-13.2508),(-17.3866,10.3554),(-48.8319,10.8388)]
triangle[(-12.3227,8.08056),(15.5245,20.1544),(-7.05195,72.2249)]
triangle[(4.88222,2.05282),(-15.2613,16.2236),(-39.9563,-18.8798)]
triangle[(-7.41415,-3.46221),(-1.82441,-7.02268),(2.36457,-0.446205)]
triangle[(9.68108,8.57271),(20.1463,3.20848),(30.0236,22.4783)]
triangle[(-17.8421,-0.314822),(-6.52358,3.43967),(-11.6228,18.812)]
triangle[(9.56054,5.10027),(19.6194,-18.4761),(61.9962,-0.396127)]
triangle[(-3.22572,-10.0458),(14.3076,-16.0358),(22.7604,8.70635)]
triangle[(10.4498,-0.273783),(-13.0797,17.6744),(-35.3826,-11.564)]
triangle[(-11.6873,-12.667),(-4.65686,3.63325),(-26.1229,12.8917)]
triangle[(18.6071,18.3658),(-16.4334,-10.1365),(26.8706,-63.374)]
triangle[(-11.8011,3.44806),(-0.254341,-9.53335),(23.6829,11.7584)]
triangle[(-12.9961,-18.502),(8.92084,13.2832),(-23.8224,35.8607)]
triangle[(7.77423,2.35094),(-1.31235,-15.6814),(26.9865,-29.9413)]
triangle[(15.8985,20.2047),(-15.6147,-7.50814),(34.1797,-64.1311)]
triangle[(17.7859,9.51065),(17.8614,-8.36133),(49.7577,-8.22656)]
triangle[(4.73174,-6.40605),(-3.94361,-18.4082),(14.2809,-31.5812)]
triangle[(-19.0209,-19.3254),(11.2473,-10.608),(-2.59058,37.4392)]
triangle[(-15.128,7.54384),(-12.3005,18.9746),(-34.5178,24.4703)]
triangle[(-17.2042,-16.834),(-9.10087,4.98458),(-46.3565,18.8212)]
triangle[(-19.3494,4.47457),(17.0529,-13.7067),(41.9496,36.1409)]
triangle[(18.3397,-19.4764),(-14.3192,0.201989),(-52.8042,-63.6691)]
triangle[(2.4361,-14.0058),(-11.931,-19.2474),(-1.793,-47.0356)]
triangle[(-2.2879,-18.2627),(10.0389,-0.337744),(-22.5993,22.1073)]
triangle[(13.8697,-1.28211),(10.028,6.61975),(0.948872,2.20573)]
triangle[(19.2708,-14.0308),(-20.2403,-20.0707),(-10.8988,-81.1799)]
triangle[(9.6161,17.8932),(4.5515,-12.7448),(39.1327,-18.4612)]
triangle[(8.56199,-14.716),(-9.52484,-18.2466),(-3.34514,-49.9045)]
triangle[(10.1159,-11.4898),(-14.7708,-6.2637),(-21.8715,-40.0774)]
triangle[(11.2729,-10.5083),(12.223,-14.2541),(16.285,-13.2238)]
triangle[(-10.8186,11.4054),(8.20305,16.3629),(0.347939,46.5028)]
triangle[(-10.9465,5.36412),(-4.00002,9.81546),(-8.97367,17.5771)]
triangle[(13.0156,20.2157),(7.74283,-10.8808),(61.686,-20.0275)]
triangle[(13.2953,-19.88),(-14.7691,-13.6382),(-26.0968,-64.5693)]
triangle[(-12.5856,5.38761),(-18.8742,-13.7006),(13.5427,-24.3802)]
triangle[(3.82256,11.6719),(6.50792,-17.989),(59.6187,-13.1805)]
triangle[(-0.00606333,19.2198),(4.12129,18.6739),(4.85397,24.2135)]
triangle[(4.46717,-10.1973),(16.9023,-18.8365),(33.2888,4.75004)]
triangle[(-1.29103,-12.8707),(-13.3455,-10.5009),(-15.8633,-23.3079)]
triangle[(-6.71478,-11.7415),(-0.82893,13.9803),(-51.9261,25.6727)]
triangle[(6.60633,-8.96942),(-0.25181,-7.83134),(-1.69595,-16.5339)]
triangle[(3.41892,-4.97214),(19.6984,-13.1054),(29.8776,7.26927)]
triangle[(-10.2343,-18.6737),(18.0193,-16.4994),(13.9929,35.8214)]
triangle[(8.44532,-13.6476),(-2.27176,12.9646),(-52.522,-7.27189)]
triangle[(1.30655,-19.3952),(2.30334,0.221337),(-30.7334,1.90006)]
triangle[(0.397519,-14.8495),(-16.0893,1.16602),(-33.8552,-17.1227)]
triangle[(10.0039,-18.6672),(3.26489,9.15862),(-28.0528,1.57399)]
triangle[(-2.27749,7.97689),(9.65669,4.8833),(15.7085,28.2294)]
triangle[(10.2746,-9.63709),(-13.395,6.93379),(-38.126,-28.3915)]
triangle[(17.496,-8.90029),(-19.9588,-8.00533),(-21.3881,-67.8212)]
triangle[(15.359,-11.6545),(-7.12009,1.53267),(-30.3779,-38.1128)]
triangle[(20.4391,14.3984),(-1.11644,1.3532),(16.3402,-27.4918)]
triangle[(-16.5813,16.7061),(-19.8928,13.8321),(-15.7926,9.10794)]
triangle[(-15.2356,19.4674),(19.3876,-19.0564),(84.5302,39.4904)]
triangle[(-1.98167,9.36931),(-3.99405,15.6691),(-11.3884,13.3071)]
triangle[(18.5799,12.6273),(15.2343,-16.038),(69.6734,-22.3917)]
triangle[(-17.6786,-6.6593),(15.1302,-10.2171),(21.1541,45.3332)]
triangle[(11.2814,-9.19978),(1.23961,20.5764),(-37.8406,7.39687)]
triangle[(-2.33827,4.91793),(-0.0956051,4.54969),(0.496829,8.15777)]
triangle[(-9.04059,-17.8955),(2.42052,14.8599),(-51.5677,33.7504)]
triangle[(-20.8756,-15.8981),(-13.3266,3.17332),(-38.2879,13.0538)]
triangle[(5.6752,-0.372975),(-20.3538,-13.9864),(2.1483,-57.0107)]
triangle[(14.8772,-11.858),(3.51371,8.18841),(-34.5918,-13.4121)]
triangle[(18.3349,-14.3378),(5.9581,1.33543),(-24.3554,-22.6026)]
triangle[(4.58412,9.5085),(-9.94976,12.0488),(-13.4955,-8.23735)]
triangle[(11.8781,-2.39078),(7.87729,9.56097),(-15.3964,1.77015)]
triangle[(-9.63909,-9.08195),(-16.3715,20.2046),(-60.4003,10.0833)]
triangle[(-19.9425,19.8482),(12.3944,-13.942),(74.3629,45.3615)]
triangle[(1.65967,-2.71096),(-2.89728,7.27265),(-22.1419,-1.51141)]
triangle[(17.6906,-4.42542),(18.9082,20.3207),(-23.7235,22.4184)]
triangle[(-15.3962,-20.3573),(10.172,-7.86817),(-5.05547,23.3058)]
triangle[(-20.7043,3.22905),(7.16317,6.75491),(1.29366,53.146)]
triangle[(15.4765,-20.9061),(-11.7053,19.8821),(-84.0691,-28.3422)]
triangle[(20.5883,8.65519),(-17.7179,13.2623),(-25.5174,-51.5871)]
triangle[(8.79494,-20.7605),(-6.69633,8.07566),(-51.3212,-15.8976)]
triangle[(-12.0909,-3.7468),(18.467,1.75086),(8.77692,55.612)]
triangle[(-7.00663,-0.0992136),(-16.9182,17.1191),(-34.1556,7.1965)]
triangle[(-1.66039,-16.3727),(-3.50014,16.2287),(-40.6361,14.133)]
triangle[(10.917,-4.66935),(16.3585,-12.8966),(25.5244,-6.83425)]
triangle[(0.800593,-14.9702),(-18.6698,-14.0544),(-20.1992,-46.5718)]
triangle[(18.671,-3.91109),(-9.58214,-11.3745),(5.00893,-66.61)]
triangle[(-4.82329,-16),(-14.5,19.8501),(-51.4838,9.8673)]
triangle[(10.7346,11.8139),(-9.00232,16.9656),(-14.7752,-5.15111)]
triangle[(7.5421,1.7087),(-12.7479,-14.8533),(7.60883,-39.7921)]
triangle[(-0.492905,10.5042),(-7.68295,-5.47779),(16.0873,-16.1717)]
triangle[(-16.5316,16.3906),(18.9958,10.7612),(29.4991,77.0477)]
triangle[(7.28324,5.54718),(-16.331,-4.35646),(-4.65785,-32.19)]
triangle[(11.7024,-5.15124),(-0.000992808,-7.85277),(4.78795,-28.599)]
triangle[(-17.4592,-15.548),(-14.6215,5.30934),(-36.1721,8.24143)]
triangle[(3.9453,9.27454),(17.6786,-12.5921),(44.2998,4.12729)]
triangle[(-9.32703,-2.5756),(-7.87712,17.7244),(-29.8544,19.2941)]
triangle[(0.424035,-12.0663),(20.8205,-8.77397),(14.9785,27.4181)]
triangle[(11.8804,2.2842),(-14.0271,5.93372),(-17.8282,-21.0495)]
triangle[(7.48603,9.35566),(-16.6604,-14.4247),(9.26783,-40.7522)]
triangle[(-20.6418,-13.8002),(13.1279,-0.663136),(-11.0719,61.5441)]
triangle[(2.89006,4.69462),(20.6512,-15.1149),(56.0662,16.638)]
triangle[(-8.30553,-9.51599),(14.8262,14.1981),(-31.2666,59.1589)]
triangle[(15.1643,-7.72108),(1.29473,14.4724),(-35.101,-8.2727)]
triangle[(-5.34807,4.56932),(16.9242,-8.63906),(35.9258,23.4019)]
triangle[(19.4951,8.45157),(-13.183,9.20425),(-14.2655,-37.7941)]
triangle[(11.8825,1.16644),(16.7696,-5.41995),(24.4284,0.262868)]
triangle[(3.88812,14.9486),(19.5546,2.49679),(43.9145,33.1456)]
triangle[(20.19,13.8903),(11.768,-3.86749),(35.3,-15.0281)]
triangle[(-11.5732,9.7417),(-20.704,-15.5149),(17.3043,-29.2557)]
triangle[(12.5583,6.609),(-0.649624,-9.46846),(21.7946,-27.9068)]
triangle[(-0.942918,-20.551),(19.4876,4.73165),(-15.3583,32.8901)]
triangle[(19.0638,-6.18243),(4.30832,-3.57473),(1.60877,-18.8499)]
triangle[(-8.85204,-16.7268),(-8.44621,9.8697),(-48.7001,10.4839)]
triangle[(-17.3779,0.430909),(-5.07683,13.973),(-21.1022,28.5299)]
triangle[(8.65123,20.7055),(-7.48227,-7.27302),(37.1721,-33.0225)]
triangle[(0.960703,20.2256),(15.6188,-3.07541),(41.573,13.2518)]
triangle[(20.4166,-11.0963),(-16.8301,18.1073),(-58.6957,-35.2889)]
triangle[(11.2949,6.40943),(-20.3883,-5.04985),(-7.12337,-41.7253)]
triangle[(12.5945,-1.16353),(-11.0943,-12.0713),(8.48067,-54.583)]
triangle[(15.1058,13.8846),(15.1362,10.2396),(22.3775,10.3)]
triangle[(-13.7996,-19.2085),(-18.4018,2.52156),(-61.7058,-6.64964)]
triangle[(-14.5247,9.69777),(4.63218,7.18163),(9.60434,45.0376)]
triangle[(-15.4307,-14.4492),(-0.110019,15.2161),(-45.034,38.4171)]
triangle[(-19.8242,1.58972),(4.51813,-13.979),(23.3997,15.5431)]
triangle[(-0.000837204,13.7622),(12.3114,-15.8092),(47.1316,-1.31161)]
triangle[(2.8791,-16.6711),(-17.2641,16.3243),(-82.1856,-23.3092)]
triangle[(9.14591,-14.1167),(11.3479,0.977855),(-4.01743,3.21937)]
triangle[(20.3624,19.7238),(8.83235,18.5472),(10.2614,4.54354)]
triangle[(5.46805,-1.63073),(-1.11511,-17.9864),(19.8905,-26.4412)]
triangle[(-10.2831,-1.04154),(-12.5857,-3.79993),(-8.51385,-7.19894)]
triangle[(19.0307,-15.0903),(-7.71103,-17.3446),(-5.36137,-45.2184)]
triangle[(2.5289,9.20391),(-13.7059,8.39136),(-12.8284,-9.1414)]
triangle[(10.0409,1.97607),(-15.1977,18.8866),(-43.1219,-22.7896)]
triangle[(-6.99148,18.2506),(2.06913,-0.40542),(27.7176,12.0512)]
triangle[(-3.76369,3.99694),(-3.56405,-1.74972),(5.54133,-1.4334)]
triangle[(13.0529,8.84683),(-14.8678,-11.2843),(12.355,-49.041)]
triangle[(15.3474,-6.617),(2.32783,-16.4809),(14.7379,-32.8613)]
triangle[(-10.7592,-14.7059),(19.0386,-6.91503),(6.35121,41.6105)]
triangle[(-5.64761,12.267),(6.3065,-15.6018),(38.7631,-1.67972)]
triangle[(-4.11834,15.996),(3.92471,7.97392),(12.8028,16.8753)]
triangle[(-10.2563,5.12492),(2.71101,0.561362),(9.90633,21.0068)]
triangle[(18.2718,-0.293954),(14.6027,-16.1758),(45.4265,-23.2969)]
triangle[(-4.67282,-16.2622),(11.7509,-1.25815),(-14.2859,27.2422)]
triangle[(4.34421,12.5929),(2.28401,17.2323),(-3.14802,14.8201)]
triangle[(3.835,-0.374204),(14.2156,16.21),(-8.21384,30.2494)]
triangle[(-4.63112,12.1611),(-18.6513,-6.03132),(2.98354,-22.7044)]
triangle[(-11.7173,-15.6815),(-9.3039,2.29528),(-33.8307,5.58808)]
triangle[(4.66829,-3.55358),(2.06964,-6.12537),(6.69421,-10.7982)]
triangle[(9.65696,-4.71653),(-15.1066,4.77754),(-31.5298,-38.0595)]
triangle[(8.3191,-5.33026),(14.0595,-12.1904),(21.0804,-6.31549)]
triangle[(12.2814,-3.65174),(-16.8414,9.79401),(-41.1637,-42.8868)]
triangle[(-6.80122,-3.68288),(15.0841,19.076),(-18.4672,51.3396)]
triangle[(16.5517,3.86137),(4.90644,16.5889),(-12.4298,0.72692)]
triangle[(15.5611,3.37078),(-20.5828,10.9025),(-35.4046,-60.226)]
triangle[(7.81245,-10.2391),(-17.5265,-2.53871),(-30.8841,-46.4934)]
triangle[(18.3049,-20.8338),(-10.3916,-0.682883),(-34.8767,-35.5516)]
triangle[(10.448,-8.0188),(-7.06105,8.33992),(-26.3448,-12.2998)]
triangle[(17.3874,-3.82518),(-11.2127,-8.2767),(-3.08435,-60.4997)]
triangle[(19.9861,6.89758),(13.6954,-2.59227),(31.7964,-14.5911)]
triangle[(17.8321,7.8091),(7.72871,-14.113),(48.8036,-33.0435)]
triangle[(18.1279,-20.224),(13.6213,6.36789),(-25.8618,-0.323421)]
triangle[(15.4717,-5.49208),(-13.6883,-2.22924),(-17.0693,-32.4452)]
triangle[(17.72,17.2355),(11.5225,-4.01408),(44.2018,-13.545)]
triangle[(14.1912,-9.27827),(1.44641,10.6428),(-34.2472,-12.1927)]
triangle[(-10.5442,-10.1327),(20.9995,-7.88721),(16.8498,50.4056)]
triangle[(-10.3598,-8.33522),(-9.29427,-12.2452),(-2.51249,-10.3972)]
triangle[(0.968047,15.5185),(4.74013,7.95245),(15.9811,13.5567)]
triangle[(18.1368,-18.5106),(20.7202,-18.8237),(21.3135,-13.9289)]
triangle[(-11.5763,-9.94419),(12.4551,17.1642),(-16.6078,42.9283)]
triangle[(18.3093,-10.2122),(15.9266,-8.30862),(13.0541,-11.9041)]
triangle[(6.98774,18.2365),(5.70419,-7.12618),(46.9526,-9.21367)]
triangle[(15.5884,-3.29047),(-14.3677,0.760143),(-21.2201,-49.9163)]
triangle[(-3.19488,-1.85818),(15.3639,3.31093),(6.42987,35.3869)]
triangle[(17.6031,-14.2499),(-9.5015,9.63979),(-50.0658,-36.3833)]
triangle[(-19.3293,14.764),(20.3649,9.36235),(30.2611,82.0853)]
triangle[(-5.26019,-4.00851),(-12.183,-5.96779),(-8.84859,-17.7491)]
triangle[(-19.6962,-2.47079),(-7.26898,14.0895),(-36.4135,35.9602)]
triangle[(1.82688,14.7169),(6.07021,6.83389),(17.6384,13.0609)]
triangle[(16.8049,-3.98065),(6.0793,-19.5892),(25.4984,-32.9333)]
triangle[(-14.591,16.4711),(3.37553,-1.37519),(38.0626,33.5455)]
triangle[(-17.4405,8.12678),(-16.3029,-9.81619),(13.8145,-7.90665)]
triangle[(20.0127,-3.50726),(10.5554,6.93031),(-2.37077,-4.78181)]
triangle[(12.0621,20.8964),(-13.1633,10.6461),(-1.44773,-18.1852)]
triangle[(-12.3704,4.11196),(-7.76719,16.4157),(-27.098,23.6479)]
