triangle[(17.8679,-2.68859),(-15.4823,-2.2307),(-15.941,-35.6421)]
triangle[(-19.5064,-5.64994),(7.46845,19.6333),(-40.1237,70.4096)]
triangle[(-3.66577,-6.39811),(-13.7439,6.47047),(-35.359,-10.4575)]
triangle[(-4.95281,-16.6887),(-16.5391,-0.757778),(-36.4889,-15.2669)]
triangle[(17.8908,10.3291),(-0.321261,-8.81059),(31.4049,-38.9991)]
triangle[(6.05642,11.582),(4.78789,-19.5565),(64.5339,-21.9905)]
triangle[(-15.4361,19.1961),(15.0276,-6.41177),(51.9406,37.5008)]
triangle[(-13.5814,6.83621),(-11.959,-0.41284),(-3.06846,1.57696)]
triangle[(-20.3032,19.0618),(-16.2465,-6.68042),(35.1945,1.42627)]
triangle[(-20.3132,8.39128),(6.15763,19.2137),(-14.995,70.9516)]
triangle[(0.849541,9.97314),(-18.9377,17.8849),(-29.8308,-9.35877)]
triangle[(-4.45447,-8.80652),(9.4581,20.0403),(-37.0909,42.4905)]
triangle[(20.8167,3.57953),(16.0966,2.16344),(18.4703,-5.74885)]
triangle[(5.01497,-12.1086),(-10.9312,-16.8801),(-2.65964,-44.5231)]
triangle[(-15.3826,-11.8794),(11.4472,19.2342),(-39.8679,63.4841)]
triangle[(-2.39435,-5.95727),(-11.0728,11.1274),(-35.8704,-1.46897)]
triangle[(6.67182,-17.697),(4.32065,-4.76746),(-20.1246,-9.21268)]
triangle[(-4.50889,1.90946),(-1.86736,3.27637),(-3.26047,5.96852)]
triangle[(0.78248,18.7836),(-18.0432,20.6132),(-21.3876,-13.8006)]
triangle[(15.0252,-20.5147),(-2.10096,0.584772),(-29.7553,-21.8618)]
triangle[(8.99854,-7.61936),(-16.0895,20.7049),(-61.4188,-19.4453)]
triangle[(16.4348,-16.144),(-11.9218,-17.2894),(-10.1183,-61.9411)]
triangle[(9.70351,0.978905),(8.53996,-3.92279),(14.7201,-5.38982)]
triangle[(13.0438,-4.75157),(-2.24477,-4.5385),(-2.60872,-30.6536)]
triangle[(8.26095,-19.7662),(15.5381,-11.5362),(-0.577147,2.71335)]
triangle[(-9.97925,17.5667),(10.1868,10.6377),(17.7913,32.77)]
triangle[(17.5757,9.92046),(-5.18285,-12.8217),(25.5637,-43.5905)]
triangle[(-0.717467,-4.56848),(11.1566,-13.0854),(22.4036,2.59494)]
triangle[(1.35656,17.7096),(-2.88823,-4.88242),(33.5986,-11.7379)]
triangle[(17.203,-12.8853),(-6.00458,-8.27236),(-11.1626,-34.2221)]
triangle[(13.5752,-0.0839743),(18.778,9.00655),(6.57646,15.9898)]
triangle[(13.0728,-20.5543),(-16.9878,-5.40945),(-46.3784,-63.746)]
triangle[(-14.1318,6.71046),(-15.6811,0.769467),(-7.14507,-1.45652)]
triangle[(-12.0654,10.5498),(-0.780806,-5.37357),(27.792,14.8754)]
triangle[(9.49068,-12.4701),(0.303283,14.1007),(-41.598,-0.387445)]
triangle[(1.07623,3.2381),(-7.85995,2.4303),(-6.29065,-14.9297)]
triangle[(14.3262,-7.40819),(-20.5097,-3.58693),(-25.3687,-47.8835)]
triangle[(-0.879237,4.15135),(4.44324,19.139),(-10.8829,24.5816)]
triangle[(11.6811,13.5373),(5.94903,7.34577),(17.279,-3.14338)]
triangle[(19.2924,8.12343),(-20.8276,-17.4223),(8.79215,-63.9406)]
triangle[(-10.9561,15.5546),(17.6798,12.9442),(22.6196,67.1325)]
triangle[(-14.0751,3.80812),(16.3249,-8.97556),(35.6619,37.0084)]
triangle[(-3.09056,6.76122),(-7.11725,-5.32196),(11.9147,-11.6643)]
triangle[(-17.1004,-15.7116),(5.75177,2.16332),(-20.2706,35.4316)]
triangle[(-20.8407,-13.659),(15.2878,15.4306),(-22.0632,61.8196)]
triangle[(-2.26277,0.0658215),(-3.64093,10.2695),(-20.2072,8.03198)]
triangle[(-4.2976,8.07746),(-7.26993,-19.3032),(31.3126,-23.4915)]
triangle[(6.60091,11.8307),(-14.0464,13.5654),(-16.1997,-12.0637)]
triangle[(10.397,-4.95972),(9.96593,11.5517),(-6.7659,11.1149)]
triangle[(-8.74655,3.98716),(7.93486,-4.24006),(16.1882,12.4943)]
triangle[(-13.9823,-18.1865),(-10.0293,13.0037),(-43.3456,17.2262)]
triangle[(17.1926,-18.9894),(-20.9896,8.1733),(-57.7292,-43.4711)]
triangle[(0.60021,-14.0905),(-0.775646,3.86779),(-20.2199,2.37809)]
triangle[(-18.0088,-19.1205),(9.65489,16.7549),(-48.9356,61.9342)]
triangle[(10.0183,2.79179),(-16.806,10.1744),(-25.752,-22.3303)]
triangle[(15.9476,12.6706),(-20.0493,14.1461),(-22.5457,-46.7548)]
triangle[(1.27021,-16.459),(13.0735,-10.4979),(3.34212,8.77048)]
triangle[(-9.3844,-2.10304),(10.6496,-12.0429),(27.3174,21.5515)]
triangle[(-18.7107,6.65816),(0.375879,14.5713),(-12.7856,46.317)]
triangle[(5.29236,6.62784),(17.565,15.9046),(2.66113,35.6216)]
triangle[(0.568567,-16.8907),(6.03306,-18.5957),(8.77712,-9.80131)]
triangle[(20.0646,18.1564),(10.679,6.88925),(30.865,-9.92584)]
triangle[(-14.6855,12.7072),(-3.86016,-5.8173),(20.2234,8.2566)]
triangle[(1.06202,18.0037),(0.762694,20.1599),(-2.38849,19.7224)]
triangle[(6.39436,15.872),(7.53242,-9.70917),(37.26,-8.38665)]
triangle[(-7.63397,3.00085),(16.8413,-5.07094),(31.81,40.3171)]
triangle[(-1.97744,4.14882),(-6.4397,-3.10217),(4.78303,-10.0086)]
triangle[(0.565574,11.1517),(-17.8267,-11.3562),(6.48002,-31.2185)]
triangle[(19.6886,-6.96294),(5.50339,-13.9339),(16.7613,-36.8426)]
triangle[(-12.043,20.4127),(13.6214,-20.1685),(79.3056,21.3716)]
triangle[(-16.3981,2.83409),(-9.90383,-19.1258),(30.9911,-7.03174)]
triangle[(-19.738,-0.55436),(3.45334,20.3779),(-23.2329,49.9443)]
triangle[(-8.47352,5.70116),(0.365496,-16.0327),(25.3684,-5.86421)]
triangle[(-7.35654,-4.71104),(5.50875,-9.64283),(11.6297,6.32456)]
triangle[(0.525046,-6.45412),(19.7958,6.4633),(-5.09026,43.5893)]
triangle[(-10.7641,6.92756),(-8.35771,-18.2152),(22.0716,-15.3028)]
triangle[(12.1906,6.51227),(-6.83399,17.8899),(-27.1005,-15.9978)]
triangle[(5.2598,7.80776),(17.7416,2.6227),(23.5352,16.5694)]
triangle[(5.95341,-8.83051),(11.4933,-12.9927),(17.7638,-4.64659)]
triangle[(17.9562,-20.2407),(3.44094,-18.1079),(-0.315728,-43.6749)]
triangle[(-13.9047,-3.60445),(-7.62177,-1.74454),(-11.1651,10.2251)]
triangle[(1.68516,14.5773),(19.6286,1.95281),(37.8465,27.8463)]
triangle[(-19.0681,16.7172),(-10.0517,18.4376),(-12.5121,31.3323)]
triangle[(7.58202,7.27951),(7.83563,-4.04777),(19.507,-3.78646)]
triangle[(14.9686,10.3022),(-17.5212,16.1885),(-24.4022,-21.7915)]
triangle[(7.692,2.43796),(9.80192,-8.96908),(28.5973,-5.49256)]
triangle[(11.4694,-0.201224),(-18.1771,-7.40235),(-6.40826,-55.8539)]
triangle[(1.37196,-0.192546),(18.2839,11.3753),(-1.81164,40.7544)]
triangle[(-15.2507,19.7422),(-20.8379,-6.31136),(5.60307,-11.9816)]
triangle[(-19.7417,7.37436),(4.16627,-14.9425),(38.5468,21.8891)]
triangle[(1.23247,15.7282),(-2.1524,-2.91901),(33.8185,-9.44848)]
triangle[(-9.02814,0.286705),(1.66334,10.7138),(-15.2056,28.0105)]
triangle[(9.45359,-19.7139),(-20.0553,-6.61009),(-37.8544,-46.6926)]
triangle[(-18.6417,-18.5644),(-1.97359,15.645),(-41.3424,34.827)]
triangle[(8.03861,0.583301),(8.22885,-6.52771),(17.4972,-6.27976)]
triangle[(-8.09607,-18.1942),(8.31363,2.10043),(-26.5033,30.2526)]
triangle[(-12.723,2.07706),(19.5338,18.9036),(-6.97302,69.7178)]
triangle[(-13.0795,-6.04636),(1.48105,11.221),(-20.0954,29.4152)]
triangle[(-19.6622,-2.35948),(-13.0883,-19.4224),(20.3669,-6.53307)]
triangle[(5.17771,1.74098),(-5.73637,-14.935),(12.2599,-26.7132)]
triangle[(1.04793,-3.88991),(-3.86534,14.9436),(-27.9692,8.65538)]
triangle[(16.8802,-14.3627),(-16.7873,8.56879),(-41.9777,-28.4151)]
triangle[(8.34952,-10.3547),(19.4808,-5.59356),(10.8465,14.5927)]
triangle[(2.84632,-3.16252),(4.97732,-19.8205),(33.1321,-16.2188)]
triangle[(-15.3599,-4.3248),(8.95799,17.0087),(-22.6455,53.0333)]
triangle[(12.9763,1.35608),(0.440421,20.647),(-18.8728,8.09667)]
triangle[(20.5943,-9.04254),(12.3103,-16.9793),(24.8432,-30.0606)]
triangle[(-11.1107,11.8473),(14.3947,10.8049),(16.469,61.5594)]
triangle[(12.0357,-4.24909),(9.21941,0.261289),(1.02752,-4.85384)]
triangle[(6.42401,-12.016),(12.8499,12.0907),(-13.6072,19.1431)]
triangle[(-9.96708,-3.25588),(-15.7668,-5.57862),(-11.2342,-16.8961)]
triangle[(16.7893,9.22437),(-11.3674,9.02902),(-11.0502,-36.6915)]
triangle[(-6.10453,-20.2308),(-9.85514,16.3003),(-79.8159,9.11747)]
triangle[(-17.5542,-16.7017),(-5.93213,-17.959),(-3.49638,4.55631)]
triangle[(2.63708,-1.20827),(7.82854,17.7338),(-29.1489,27.8682)]
triangle[(9.13644,6.54501),(-20.9259,-12.8898),(9.24584,-59.5605)]
triangle[(13.5656,-10.452),(3.56716,15.509),(-43.1952,-2.50072)]
triangle[(-17.2909,-17.8146),(3.17329,13.5005),(-49.269,47.7712)]
triangle[(-2.48601,-20.378),(7.50753,-5.12455),(-8.62184,5.44286)]
triangle[(6.00017,-4.95455),(10.5007,-5.62295),(11.2992,-0.246209)]
triangle[(20.0135,-13.4272),(-14.9224,14.7086),(-53.6905,-33.4294)]
triangle[(-1.04393,-6.19581),(9.45351,-18.7496),(30.9684,-0.758962)]
triangle[(-11.09,-3.07626),(-20.3463,10.183),(-40.8074,-4.1009)]
triangle[(-5.46628,-7.35047),(20.4374,14.0528),(-8.62755,49.2291)]
triangle[(-20.1798,20.3056),(-9.41789,19.682),(-8.70771,31.9384)]
triangle[(-8.86953,-18.9881),(16.756,-11.6132),(4.07442,32.4512)]
triangle[(2.86925,-13.7685),(18.8087,17.3123),(-29.9951,42.3407)]
triangle[(-5.97954,0.168297),(-9.22526,2.93338),(-13.7071,-2.32745)]
triangle[(-18.9177,-5.48308),(-20.5737,-10.6608),(-12.5383,-13.2308)]
triangle[(-6.91426,5.9649),(13.4198,0.655348),(19.6846,24.6476)]
triangle[(11.5775,-1.63617),(0.0316393,-1.89599),(0.349807,-16.0344)]
triangle[(-4.54035,0.654409),(3.16187,-10.6627),(19.309,0.326784)]
triangle[(9.15661,-16.547),(15.1203,-19.4503),(20.5108,-8.37748)]
triangle[(-8.03517,19.2224),(-7.84025,1.68989),(16.4673,1.96013)]
triangle[(7.35936,-7.28849),(10.1279,1.2975),(-0.33261,4.67042)]
triangle[(13.2358,19.9449),(-3.59972,8.50628),(16.1894,-20.6196)]
triangle[(-16.397,10.4406),(-4.9974,-17.4795),(49.6559,4.83503)]
triangle[(5.77664,2.2204),(11.5843,9.97393),(-1.40259,19.7015)]
triangle[(-16.5685,-0.496365),(-3.06884,5.98425),(-9.65014,19.6936)]
triangle[(-6.41402,2.76258),(-14.7578,-9.17174),(3.73461,-22.1005)]
triangle[(15.296,4.64258),(-5.46246,5.64212),(-6.98407,-25.9585)]
triangle[(2.7834,5.57362),(-0.454434,14.3173),(-13.3302,9.54939)]
triangle[(14.593,1.67941),(-3.3423,7.17214),(-12.5513,-22.8976)]
triangle[(-11.5703,0.251622),(-19.8114,-19.8157),(18.5925,-35.5872)]
triangle[(-5.08461,18.2396),(9.472,-3.80796),(33.6586,12.1609)]
triangle[(-14.0618,-1.89151),(15.2531,14.4818),(-4.61621,50.0558)]
triangle[(6.95555,-6.57584),(-9.01707,-12.102),(0.223029,-38.8093)]
triangle[(0.995151,-19.3478),(9.77705,-14.5507),(0.811209,1.86292)]
triangle[(13.4584,-7.72095),(16.4221,-13.2908),(24.5363,-8.97341)]
triangle[(12.8775,19.8975),(18.2496,-9.96219),(56.52,-3.07693)]
triangle[(9.4924,-1.72444),(11.1461,-20.2694),(29.8132,-18.6048)]
triangle[(9.43129,-13.5008),(13.9923,-6.21781),(2.7815,0.803002)]
triangle[(-5.74062,16.7628),(16.8913,-13.1114),(54.1456,15.1114)]
triangle[(10.0599,1.15627),(18.6248,-14.9679),(39.1613,-4.05914)]
triangle[(-5.45999,-17.0889),(13.9026,14.0201),(-41.6937,48.6239)]
triangle[(-17.1479,19.2679),(0.749986,20.4445),(-1.54642,55.3771)]
triangle[(9.7162,10.0578),(5.17762,-8.94959),(35.3529,-16.1548)]
triangle[(-7.53407,4.115),(-0.473201,18.5506),(-21.2262,28.7015)]
triangle[(-12.1635,-12.0188),(10.3332,5.37065),(-7.14888,27.9871)]
triangle[(-19.2068,-0.497083),(5.07625,-6.06299),(13.9404,32.6097)]
triangle[(3.75776,-19.7252),(19.1561,-13.5823),(12.1138,4.07061)]
triangle[(-0.221735,14.1651),(1.96778,-11.6042),(47.7016,-7.71838)]
triangle[(13.3868,19.3914),(-18.2665,14.3861),(-9.0508,-43.8926)]
triangle[(8.85472,17.5368),(-1.01123,3.307),(21.1643,-12.0679)]
triangle[(-13.9843,18.2965),(13.7407,-2.29761),(43.183,37.3392)]
triangle[(-6.45342,-2.74084),(13.6813,-9.19579),(20.3442,11.5875)]
triangle[(-17.5303,-6.76682),(1.22551,-20.1166),(19.123,5.02847)]
triangle[(3.5736,-10.8924),(16.0999,7.1992),(-2.34449,19.9698)]
triangle[(-3.71317,-12.1573),(14.6169,-9.48547),(11.236,13.7096)]
triangle[(-12.1723,5.95008),(7.64086,-15.8184),(32.8562,7.13198)]
triangle[(-4.41431,9.36527),(2.52332,-20.4965),(40.4086,-11.6948)]
triangle[(-20.9813,-4.74699),(15.6292,10.1009),(-11.452,76.8753)]
triangle[(12.4419,13.7908),(-7.53696,3.05912),(11.5004,-32.3822)]
triangle[(14.8158,-13.2751),(0.269623,20.518),(-56.6622,-3.9882)]
triangle[(-10.2517,13.1822),(19.8948,-18.9189),(73.8563,31.7569)]
triangle[(-4.92406,-5.22345),(-7.87592,4.68444),(-21.7787,0.542371)]
triangle[(10.9309,7.41783),(18.2954,1.84318),(25.6327,11.5363)]
triangle[(17.6278,-18.1318),(-10.3711,-1.26374),(-31.9086,-37.0133)]
triangle[(-18.2336,-10.1138),(-19.8562,12.0324),(-48.4645,9.93636)]
triangle[(-6.09508,-7.8251),(12.8584,7.94815),(-16.9057,43.7132)]
triangle[(3.32394,17.7829),(-13.0078,-12.1494),(41.8205,-42.0649)]
triangle[(15.4675,9.28117),(-3.4412,15.3448),(-13.8181,-17.0144)]
triangle[(18.1864,8.651),(6.79071,2.14821),(19.5248,-20.1675)]
triangle[(7.53661,-10.3826),(18.1207,17.7897),(-19.2301,31.8221)]
triangle[(-0.0623424,-13.1824),(-11.1634,18.1147),(-56.622,1.99067)]
triangle[(-14.5541,-18.7136),(13.4182,-7.98949),(-5.18478,40.5337)]
triangle[(-2.111,-4.26824),(15.6609,-0.658745),(9.788,28.2572)]
triangle[(17.0932,15.1622),(-2.10085,18.1427),(-7.4285,-16.1676)]
triangle[(7.32941,-9.71301),(-8.24629,9.45472),(-45.8242,-21.0811)]
triangle[(19.9881,-18.74),(7.5258,-2.62357),(-9.47515,-15.7698)]
triangle[(-0.834276,7.98127),(6.06768,13.5902),(-4.38082,26.4474)]
triangle[(-16.0346,12.2241),(16.3783,19.8377),(3.45245,74.866)]
triangle[(-13.6579,-16.7263),(19.2809,18.9116),(-24.1281,59.0329)]
triangle[(-10.9034,7.11945),(-1.74467,20.4456),(-16.7258,30.7418)]
triangle[(-11.0521,-19.83),(-11.4688,3.64651),(-48.6558,2.98652)]
triangle[(-19.8805,4.34915),(-5.91763,-6.55716),(11.3297,15.5238)]
triangle[(-0.881963,15.2011),(18.917,-3.17943),(53.0743,33.6138)]
triangle[(-9.14403,2.87188),(20.1969,-18.398),(59.689,36.0797)]
triangle[(-0.492335,-7.86382),(11.1498,10.5909),(-24.5511,33.1127)]
triangle[(-8.64839,8.71823),(-7.68482,0.913801),(3.23188,2.26162)]
triangle[(-10.04,9.73464),(-14.5989,-7.22691),(2.92324,-11.9365)]
triangle[(-4.00279,-3.88185),(16.6928,17.6695),(-26.3522,59.0053)]
triangle[(17.5271,-13.6917),(-9.17663,6.53356),(-35.1874,-27.8091)]
triangle[(-3.97301,9.37492),(-15.5934,9.05954),(-15.2281,-4.40087)]
triangle[(10.8221,15.0338),(1.94226,10.0792),(9.31946,-3.14259)]
triangle[(2.07366,-0.556994),(-8.01958,11.8638),(-27.5697,-4.02271)]
triangle[(-6.76696,-17.3756),(-6.6448,1.43424),(-27.9615,1.57268)]
triangle[(6.88777,-12.1127),(10.8106,16.8302),(-30.6109,22.4444)]
triangle[(13.5778,17.527),(-16.9382,18.4833),(-18.7751,-40.1365)]
triangle[(10.0146,-18.3319),(-15.4638,17.199),(-54.946,-11.1128)]
triangle[(-1.08375,-13.1907),(1.87383,-14.8632),(4.25232,-10.6571)]
triangle[(1.54212,17.2981),(-6.05457,5.43856),(14.5221,-7.74198)]
triangle[(-9.32717,-20.2426),(-19.338,12.2834),(-79.1344,-6.12084)]
triangle[(-1.34274,19.4543),(0.18282,4.73064),(23.0944,7.10457)]
triangle[(-20.4545,4.79525),(-16.7249,-0.760267),(-8.44569,4.79785)]
triangle[(-12.8989,2.60233),(13.0516,-4.07816),(24.3502,39.8113)]
triangle[(17.9874,-18.0702),(17.9518,2.41657),(-19.9445,2.35078)]
triangle[(17.7778,18.7721),(13.5584,-2.94384),(48.1856,-9.67186)]
triangle[(10.403,17.5846),(16.968,10.9308),(29.6895,23.4825)]
triangle[(-2.25464,12.7267),(0.612485,10.6107),(4.62948,16.0538)]
triangle[(13.5258,6.73903),(-16.2846,-3.35933),(-2.5317,-43.958)]
triangle[(10.5029,-9.384),(-12.6238,-1.21712),(-26.3342,-40.0419)]
triangle[(-14.3371,20.4013),(18.3648,-12.3429),(63.0683,32.3028)]
triangle[(12.478,5.49272),(0.063219,-17.8728),(36.2192,-37.0836)]
triangle[(-4.9766,17.0687),(17.3349,-14.762),(69.3261,21.681)]
triangle[(12.3266,-9.12996),(-9.00215,-4.99601),(-14.9135,-35.4949)]
triangle[(-3.79519,8.94569),(-18.7706,-7.10904),(10.3622,-34.2834)]
triangle[(15.5223,-20.2602),(-17.8905,7.13957),(-61.6795,-46.2592)]
triangle[(17.2532,14.4316),(-16.3602,17.9942),(-22.7055,-41.8743)]
triangle[(-1.90983,-0.828865),(18.2489,6.39295),(4.25145,45.465)]
triangle[(-6.00443,19.327),(4.04551,14.2095),(12.4717,30.7571)]
triangle[(7.14661,1.92188),(-11.0743,9.88863),(-20.7727,-12.2928)]
triangle[(-13.4745,-6.71436),(17.9641,11.4558),(-17.477,72.7772)]
triangle[(20.3071,3.50464),(-0.572455,6.81077),(-4.88442,-20.4211)]
triangle[(-8.35271,-14.015),(14.873,10.63),(-21.7401,45.1344)]
triangle[(18.7884,-18.0291),(16.1898,-15.4349),(12.4241,-19.2069)]
triangle[(-16.2497,14.4248),(5.25078,-20.3371),(45.2377,4.39516)]
triangle[(-11.9359,14.778),(-2.45583,1.34003),(21.6621,18.3545)]
triangle[(-10.5437,-15.0867),(18.1568,4.05503),(-19.4757,60.4801)]
triangle[(6.32263,4.03629),(-3.44599,-4.05208),(10.7228,-21.1642)]
triangle[(12.7719,14.1819),(7.46971,14.1242),(7.53249,8.36185)]
triangle[(9.72485,17.9329),(2.27995,-8.75541),(51.9888,-22.6221)]
triangle[(-20.8001,-14.9629),(14.369,6.25397),(-24.1392,70.0852)]
triangle[(4.59584,7.46133),(2.69942,-5.50811),(18.9294,-7.8813)]
triangle[(-3.55971,-13.6417),(-18.0343,-5.20177),(-27.247,-21.0016)]
triangle[(-13.894,19.2155),(-12.7421,3.21208),(4.486,4.45208)]
triangle[(15.9825,10.0197),(4.68869,0.646486),(22.5664,-20.8944)]
triangle[(-16.1602,-12.0144),(12.4307,15.2406),(-29.413,59.1354)]
triangle[(-3.12956,-3.26404),(7.28179,-8.47101),(16.4435,9.84781)]
triangle[(5.06297,7.91899),(4.31127,16.8494),(-8.2511,15.792)]
triangle[(-19.3472,-9.81675),(-17.0544,1.25851),(-33.891,4.74402)]
triangle[(-1.67359,9.82515),(10.5259,13.222),(7.01872,25.818)]
triangle[(10.4591,9.49228),(-3.93437,-14.4295),(43.7263,-43.1064)]
triangle[(-6.48558,-8.47653),(-19.7287,11.7212),(-48.9935,-7.46706)]
triangle[(-7.68145,19.9102),(7.32444,8.03151),(19.2651,23.1157)]
triangle[(-17.2539,-7.27189),(-19.6029,-1.8754),(-27.2334,-5.19687)]
triangle[(11.97,-4.42934),(6.99682,15.6998),(-14.7482,10.3274)]
triangle[(19.7302,7.44194),(-6.64214,11.0678),(-11.4999,-24.264)]
triangle[(-6.82595,-0.712831),(13.4435,9.51934),(-4.97431,46.0042)]
triangle[(-2.46028,11.2993),(-4.49057,1.68039),(7.77425,-0.908374)]
triangle[(-12.5732,0.945916),(5.36031,11.0389),(-8.03573,34.8413)]
triangle[(9.28227,0.502391),(15.3878,10.4501),(3.95249,17.4687)]
triangle[(19.8892,2.36454),(-13.9987,9.60784),(-21.3561,-24.8138)]
triangle[(12.63,-12.0607),(-10.3297,-13.8014),(-8.20189,-41.8679)]
triangle[(-2.45479,15.4065),(-10.7065,-17.8937),(31.1203,-28.2582)]
triangle[(14.7618,-5.75274),(6.48084,18.8258),(-29.4759,6.71129)]
triangle[(-11.2408,2.36348),(-18.833,1.93495),(-18.0655,-11.6631)]
triangle[(-1.36585,11.9414),(-12.9187,3.28489),(2.09224,-16.7485)]
triangle[(17.4632,-11.1772),(-19.5747,18.7546),(-71.0778,-44.9758)]
triangle[(-10.1565,-19.1715),(-3.99116,12.0031),(-56.7904,22.4452)]
triangle[(-15.5316,-13.5737),(-12.4631,9.32008),(-57.701,15.3834)]
triangle[(4.9927,15.6405),(2.51172,-12.8603),(46.0886,-16.6536)]
triangle[(-3.06202,-9.24816),(13.1742,-19.69),(24.9127,-1.43748)]
triangle[(19.8843,8.4976),(5.28231,15.3491),(-7.89602,-12.7364)]
triangle[(-11.0841,9.21502),(-18.527,-1.22114),(-5.27017,-10.6756)]
triangle[(10.5787,16.6164),(-4.01152,-0.268957),(12.9532,-14.9278)]
triangle[(13.0589,0.980315),(-12.2382,-10.3272),(5.82363,-50.7352)]
triangle[(1.42576,-2.58205),(10.7229,9.76717),(-10.0991,25.443)]
triangle[(16.3749,8.04497),(17.5547,-8.17623),(34.7746,-6.92376)]
triangle[(16.7143,11.9249),(-1.46303,16.5483),(-7.70419,-7.98897)]
triangle[(-10.8059,19.3676),(16.9361,-11.8633),(62.4659,28.5803)]
triangle[(2.56327,-4.9643),(11.7821,-1.26983),(5.05869,15.507)]
triangle[(0.154785,13.4803),(5.14086,-19.3423),(44.9729,-13.2914)]
triangle[(2.77095,20.0135),(7.92746,13.3121),(21.0021,23.3727)]
triangle[(15.9652,6.29633),(-8.48472,-16.3479),(14.4658,-41.1285)]
triangle[(1.03255,14.2237),(-19.9085,7.16559),(-11.9275,-16.5135)]
triangle[(17.2555,17.6168),(-7.25517,0.517784),(12.9517,-28.4478)]
triangle[(-18.9213,-15.2304),(-6.40949,-5.91302),(-22.1674,15.2474)]
triangle[(-5.6608,4.92318),(12.7864,6.967),(9.17703,39.5448)]
triangle[(16.5003,1.19587),(11.9822,-10.6344),(32.0224,-18.288)]
triangle[(17.6945,-10.9126),(-16.958,-16.5791),(-8.31365,-69.4424)]
triangle[(19.8205,-9.73816),(12.0684,-2.31387),(-2.14276,-17.1526)]
triangle[(-12.6856,-2.23525),(16.9378,-17.2604),(39.816,27.8459)]
triangle[(0.679531,-1.27936),(19.5145,14.4797),(-2.70948,41.0415)]
triangle[(-7.27515,5.5305),(12.9845,-14.0303),(44.3948,18.5023)]
triangle[(4.67221,12.6855),(-3.09104,13.4587),(-4.34396,0.878038)]
triangle[(1.74118,14.1339),(2.36699,-16.9227),(58.7381,-15.7868)]
triangle[(-4.14082,-8.01009),(-20.475,1.20208),(-36.7081,-27.5809)]
triangle[(16.3763,-4.20136),(-16.9902,19.1898),(-50.7823,-29.013)]
triangle[(-10.5038,17.6629),(3.91853,-10.7145),(39.0154,7.12287)]
triangle[(19.0699,15.2729),(-3.97926,-9.0574),(22.1542,-33.8148)]
triangle[(20.8097,4.09441),(-18.8731,-13.3911),(5.60587,-68.9453)]
triangle[(19.0369,14.4068),(-14.0681,-8.47068),(19.29,-56.7416)]
triangle[(11.3496,18.7012),(-10.8526,-5.7907),(20.8837,-34.56)]
triangle[(10.8132,-17.4032),(-8.67865,-19.6254),(-4.44069,-56.7979)]
triangle[(18.1687,7.57459),(-0.754869,-18.844),(27.9871,-39.4318)]
triangle[(0.686535,-14.6381),(3.22869,-15.5661),(4.95966,-10.8241)]
triangle[(14.8184,5.64968),(-17.5587,12.8175),(-27.0652,-30.123)]
triangle[(13.2929,-16.366),(9.87697,-20.3407),(13.8553,-23.7598)]
triangle[(16.5197,19.0904),(4.14605,11.4852),(14.8704,-5.96333)]
triangle[(-13.4654,2.80463),(9.95432,-6.58119),(22.9525,25.8521)]
triangle[(13.1995,-14.9093),(-11.1307,-13.2145),(-13.0982,-41.4586)]
triangle[(-6.90466,2.90447),(-8.8398,-8.57706),(10.5232,-11.8406)]
triangle[(-0.0891055,-13.9925),(-2.88836,-6.96097),(-10.9653,-10.1764)]
triangle[(-10.7662,18.4165),(16.5479,7.5227),(32.1979,46.7622)]
triangle[(6.84468,8.0109),(-0.931649,-8.61031),(22.639,-19.6379)]
triangle[(3.44675,-14.4931),(-4.5199,18.8952),(-66.1292,4.19492)]
triangle[(-0.500389,7.72501),(-4.81144,-3.44531),(8.86709,-8.72437)]
triangle[(18.2727,8.23471),(16.7838,-2.20339),(28.7577,-3.91139)]
triangle[(-3.17597,-5.58943),(6.55291,3.04931),(-5.83361,16.9989)]
triangle[(-0.148152,1.48125),(-14.4337,-14.357),(10.0177,-36.4112)]
triangle[(15.8177,-9.22993),(12.1068,-8.3741),(10.4244,-15.6689)]
triangle[(-7.00761,-13.3051),(1.8299,-18.7554),(8.05267,-8.66535)]
triangle[(-9.34805,-10.5639),(-19.3838,-10.5199),(-19.4299,-21.0541)]
triangle[(-6.18589,14.0962),(14.1849,5.53277),(23.5017,27.6957)]
triangle[(-10.8004,-5.54202),(-18.6243,-11.6391),(-9.99756,-22.7091)]
triangle[(5.54871,-5.55397),(-3.86878,-1.40289),(-8.86098,-12.7286)]
triangle[(14.4263,-15.8571),(1.60996,-12.634),(-4.15912,-35.5745)]
triangle[(6.41671,7.58576),(-4.04402,14.2948),(-12.1477,1.65965)]
triangle[(-13.4373,14.452),(-15.8966,6.7628),(-1.79204,2.25152)]
triangle[(-19.326,-3.86734),(9.27295,-6.02255),(13.559,50.8516)]
triangle[(-20.9582,-1.43037),(2.50101,-7.97053),(11.615,24.7207)]
triangle[(-4.89907,7.74982),(16.5491,-10.6188),(44.8877,22.4707)]
triangle[(-16.8852,-3.28035),(19.1291,-16.5944),(41.4018,43.6527)]
triangle[(16.7667,5.0844),(1.15344,-11.9813),(21.9981,-31.0519)]
triangle[(-12.8881,9.18362),(5.8479,-4.26407),(25.4392,23.0315)]
triangle[(-6.4104,-12.1648),(-8.90217,5.33461),(-33.552,1.82469)]
triangle[(0.807638,3.40231),(7.0392,-15.1149),(34.0107,-6.03816)]
triangle[(-18.2937,-10.0059),(-9.05712,-5.97997),(-16.5957,11.3154)]
triangle[(-11.4877,-4.32047),(-16.7198,13.6929),(-39.3721,7.11342)]
triangle[(-3.67637,2.68671),(-12.8791,-13.2245),(6.26612,-24.2977)]
triangle[(-15.5348,-17.4729),(20.2299,16.4695),(-23.0691,62.0931)]
triangle[(5.13346,5.99681),(15.1442,18.0262),(-7.37906,36.77)]
triangle[(5.01606,-18.6887),(16.5404,-15.3697),(12.4996,-1.33933)]
triangle[(-4.81747,-13.8448),(12.9796,5.88863),(-19.1849,34.8969)]
triangle[(1.56183,-0.541634),(14.838,-5.44623),(20.1162,8.84119)]
triangle[(-6.30206,-0.896345),(-4.51449,2.86821),(-10.2803,5.60608)]
triangle[(-4.36613,-2.99773),(-9.52623,2.08619),(-16.1962,-4.68375)]
triangle[(13.0506,-2.3224),(0.679849,19.2611),(-21.5355,6.52818)]
triangle[(18.1244,19.3992),(-17.3737,-14.7956),(37.5415,-71.8037)]
triangle[(12.3517,8.45485),(12.4993,15.0617),(5.764,15.2122)]
triangle[(-3.65062,12.7544),(16.3219,2.29599),(35.7192,39.3391)]
triangle[(16.9367,-0.608702),(-14.498,10.5603),(-26.1676,-22.2833)]
triangle[(7.3172,-10.3753),(3.16063,1.72825),(-12.9568,-3.80674)]
triangle[(8.35411,-5.90921),(-3.35029,-3.4614),(-7.94873,-25.4492)]
triangle[(-5.62704,6.14583),(-5.18628,-13.7111),(33.3101,-12.8566)]
triangle[(1.21813,18.4316),(13.4128,11.9633),(22.7873,29.6368)]
triangle[(-10.0084,-6.5128),(-10.4273,3.05656),(-28.2522,2.27623)]
triangle[(-0.0559045,-20.7477),(18.1747,4.30516),(-8.55156,23.7535)]
triangle[(10.6177,-3.38948),(-18.5056,14.331),(-50.0027,-37.4338)]
triangle[(-13.5899,-15.9939),(-5.22508,9.98545),(-50.6254,24.6034)]
triangle[(5.02811,5.81788),(1.42022,-16.585),(33.9681,-21.8267)]
triangle[(6.9765,-9.38061),(-1.79404,-19.8263),(14.3426,-33.3752)]
triangle[(-9.91408,18.0526),(-13.5272,17.0675),(-11.7643,10.6014)]
triangle[(5.85859,15.718),(13.8394,19.796),(8.06236,31.1021)]
triangle[(19.6482,-10.4201),(11.1814,-6.18207),(4.97908,-18.5731)]
triangle[(-16.694,17.3085),(2.42095,-20.0438),(75.0335,17.1155)]
triangle[(19.8077,-15.0571),(-8.06664,-6.21074),(-22.7836,-52.5832)]
triangle[(11.6213,7.99338),(13.8774,-19.9547),(60.6457,-16.1793)]
triangle[(9.34766,8.90421),(-12.3265,-15.4803),(19.2223,-43.5224)]
triangle[(15.4162,5.79846),(17.4103,9.9151),(9.67821,13.6606)]
triangle[(5.09594,9.08454),(16.0805,19.2557),(2.7449,33.6577)]
triangle[(-17.1987,9.48847),(8.57943,-11.5785),(39.0548,25.7121)]
triangle[(4.2431,-8.51189),(5.39729,20.1522),(-25.9383,21.4139)]
triangle[(-1.76725,-9.26641),(-10.608,15.5878),(-57.6365,-1.14043)]
triangle[(-16.1724,2.91173),(15.7117,-15.0141),(49.6972,45.4351)]
triangle[(9.5557,-6.15886),(17.2096,-13.9051),(27.8217,-3.41956)]
triangle[(14.6848,12.6318),(5.84394,-7.77497),(37.1526,-21.3388)]
triangle[(6.75502,-8.3948),(-8.95085,1.26799),(-21.2657,-18.7486)]
triangle[(-9.66561,-13.0108),(8.52242,-6.76744),(-1.82642,23.3806)]
triangle[(-12.1936,0.556339),(17.2368,18.8795),(-4.30779,53.4841)]
triangle[(-15.4462,-6.27335),(17.1669,1.87928),(1.02911,66.4353)]
triangle[(9.40389,20.15),(-17.6166,19.8417),(-17.1775,-18.642)]
triangle[(-2.83229,-2.49325),(8.73977,8.71225),(-3.0137,20.8502)]
triangle[(10.1243,-10.7857),(12.8271,12.2152),(-22.3277,16.3462)]
triangle[(7.83103,10.197),(5.86323,-5.40195),(30.5239,-8.51286)]
triangle[(-8.681,-5.73365),(-8.81972,-10.409),(-0.267746,-10.6627)]
triangle[(-2.66779,-19.1977),(-19.8413,-11.7323),(-34.3726,-45.1604)]
triangle[(0.904641,17.2977),(-9.71384,17.605),(-10.145,2.70766)]
triangle[(12.5956,-12.3787),(-14.9329,-7.26895),(-23.0205,-50.8412)]
triangle[(-0.206676,7.25021),(12.702,-19.3698),(51.3579,-0.624649)]
triangle[(19.3575,12.2446),(-12.2931,12.7422),(-12.8587,-23.2323)]
triangle[(2.52111,-2.72358),(-5.90504,6.73379),(-15.387,-1.71424)]
triangle[(15.8398,18.4073),(4.37359,7.14193),(18.426,-7.16113)]
triangle[(0.388881,14.8308),(7.74685,0.146484),(24.3832,8.48256)]
triangle[(-3.8427,7.92407),(12.5974,17.0127),(-3.53539,46.1948)]
triangle[(8.17842,7.92517),(-0.558266,19.3107),(-20.1328,4.29025)]
triangle[(-10.5193,-8.44905),(9.47734,20.2245),(-45.8484,58.808)]
triangle[(16.9261,19.5831),(9.4765,-5.31672),(43.8549,-15.6022)]
triangle[(-1.82607,-9.23773),(11.754,19.9085),(-40.7279,44.3613)]
triangle[(-10.9765,-19.1509),(-18.0162,-17.6968),(-20.7683,-31.0202)]
triangle[(2.04514,-11.0104),(2.1714,-4.49873),(-10.3982,-4.25501)]
triangle[(5.34705,-17.8843),(10.3921,7.65436),(-25.5654,14.7576)]
triangle[(20.8937,17.6278),(-8.21379,-18.8949),(35.3292,-53.5974)]
triangle[(13.3359,19.1371),(-17.2505,4.82826),(8.38218,-49.964)]
triangle[(-3.24836,-0.369723),(20.5306,5.19002),(11.3736,44.3547)]
triangle[(-20.8481,-0.0259716),(15.9923,20.8819),(-21.4477,86.8523)]
triangle[(8.01024,-17.6807),(-3.17792,-11.5451),(-9.9332,-23.8634)]
triangle[(10.557,-6.21583),(13.7515,-6.9258),(14.7325,-2.51177)]
triangle[(-11.8269,8.77954),(13.8468,-6.08976),(33.4916,27.8294)]
triangle[(15.4669,10.5945),(9.09506,11.3023),(7.80203,-0.338315)]
triangle[(-8.23571,-10.6281),(-13.2027,0.975257),(-24.9454,-4.05139)]
triangle[(-18.1989,2.32956),(4.44555,4.13829),(1.07044,46.3928)]
triangle[(18.1751,19.685),(13.2552,-0.774873),(47.016,-8.89316)]
triangle[(-6.32275,-14.7558),(20.5679,-2.25973),(7.57471,25.7008)]
triangle[(3.24466,-12.8869),(9.31595,-19.4603),(16.7578,-12.5869)]
triangle[(10.8221,14.0997),(-15.125,-18.3531),(26.4587,-51.6007)]
triangle[(-20.3794,-18.2903),(16.2296,-6.62956),(-4.89797,59.7008)]
triangle[(9.30302,-16.9765),(-11.3997,-5.53562),(-27.3632,-34.4222)]
triangle[(-10.6627,10.6678),(-18.5468,-3.9677),(4.08712,-16.1605)]
triangle[(6.49961,6.08296),(0.608262,10.2554),(-4.96174,2.39075)]
triangle[(1.41598,11.2594),(17.4736,-3.13797),(35.3729,16.8254)]
triangle[(-0.910227,-10.9969),(19.3349,-10.8183),(19.0777,18.3261)]
triangle[(-11.1065,16.035),(16.2925,6.27282),(33.6372,54.9533)]
triangle[(-19.8377,4.48821),(16.0648,-1.35816),(22.0435,35.3569)]
triangle[(-0.026006,5.76816),(7.99077,15.1393),(-3.69083,25.1326)]
triangle[(16.3347,-8.80517),(-2.21149,16.299),(-32.787,-6.2892)]
triangle[(14.4207,-0.798509),(5.36517,-19.2789),(35.4673,-34.0292)]
triangle[(-20.3292,16.1923),(17.3204,-9.01329),(45.0119,32.3495)]
triangle[(-0.551594,-4.48787),(-5.47915,-19.1058),(23.5927,-28.9056)]
triangle[(-19.5006,-7.00529),(-11.0462,-8.72113),(-7.63692,8.07726)]
triangle[(-17.4981,6.49309),(10.022,-1.89042),(21.9628,37.3069)]
triangle[(-7.65175,-0.264411),(20.6005,-14.5177),(39.1557,22.2614)]
triangle[(-15.5787,4.09007),(-15.0453,-8.2968),(1.09427,-7.60186)]
triangle[(-17.5048,-12.2628),(8.46266,16.6543),(-31.4997,52.5404)]
triangle[(3.02283,1.72819),(2.64257,-7.88745),(20.9727,-8.61233)]
triangle[(9.93166,-4.70659),(-3.12224,0.261255),(-11.5891,-21.987)]
triangle[(12.7962,0.109777),(-19.293,1.36316),(-21.1517,-46.2229)]
triangle[(0.818592,10.0481),(4.15326,17.8653),(-5.94454,22.1728)]
triangle[(-15.8414,17.0422),(-8.66334,9.37029),(2.3982,19.7199)]
triangle[(19.2991,-7.94725),(-10.4105,20.4984),(-55.1911,-26.2721)]
triangle[(-2.69465,-4.48375),(17.99,-8.50227),(24.2693,23.8193)]
triangle[(2.16171,17.5594),(0.18053,0.449805),(25.9374,-2.53267)]
triangle[(-13.5804,10.0295),(3.53082,4.87094),(11.8604,32.5006)]
triangle[(-10.6787,-11.7672),(3.66966,5.03472),(-22.1093,27.0492)]
triangle[(-1.16143,19.6584),(-19.8797,4.20256),(2.7972,-23.2611)]
triangle[(4.99441,5.25875),(-14.9286,1.24518),(-7.19604,-37.1386)]
triangle[(-7.51442,20.3503),(7.3319,1.53514),(34.5107,22.9809)]
triangle[(18.9318,9.10162),(-6.70773,7.95922),(-4.50689,-41.4358)]
triangle[(2.599,-12.6228),(-12.5244,-15.2622),(-9.76183,-31.0919)]
triangle[(-16.3525,-12.8798),(12.6033,-18.2272),(22.7091,36.4948)]
triangle[(-18.1627,-15.8799),(-1.69588,0.610128),(-29.9565,28.831)]
triangle[(-19.0625,-5.98253),(-20.0365,19.7134),(-46.9707,18.6924)]
triangle[(-13.5247,12.9177),(-5.54407,-8.25331),(29.0783,4.79796)]
triangle[(3.5893,-9.59681),(-12.1923,-11.4338),(-8.69606,-41.4696)]
triangle[(-13.3305,10.7694),(18.3307,-19.3414),(60.2798,24.7676)]
triangle[(-18.9638,-16.1313),(14.6138,5.35688),(-12.7299,48.0842)]
triangle[(-1.57641,7.62642),(-4.85252,-16.6371),(24.492,-20.5993)]
triangle[(-1.03543,-2.69064),(-15.4234,5.65113),(-26.8749,-14.1005)]
triangle[(17.4472,-3.03986),(-17.0287,8.34907),(-35.5822,-47.8148)]
triangle[(18.8987,-9.85443),(3.48456,-13.8547),(7.96563,-31.1216)]
triangle[(13.5291,-11.7097),(-14.5392,18.0228),(-66.9958,-31.4976)]
triangle[(-19.7358,-5.34415),(12.2989,12.4611),(-16.819,64.849)]
triangle[(8.96634,3.50378),(-7.17503,-18.6527),(36.6607,-50.5878)]
triangle[(19.5122,-5.68123),(-2.04248,20.2499),(-33.8596,-6.1974)]
triangle[(-12.4618,-15.8647),(1.90499,-13.4954),(-1.65817,8.11023)]
triangle[(8.71661,-12.6444),(1.63519,-9.89518),(-1.63419,-18.3165)]
triangle[(2.17711,-5.86731),(2.08935,7.51129),(-23.9814,7.34027)]
triangle[(-1.29129,20.8416),(-12.7545,-15.4155),(41.7659,-32.653)]
triangle[(-4.80294,8.84665),(-8.02037,0.954642),(0.492778,-2.51602)]
triangle[(-0.451742,-18.0714),(-7.03787,-7.09284),(-25.6924,-18.2839)]
triangle[(-5.24618,-0.432121),(12.7749,8.13667),(2.29601,30.1747)]
triangle[(-4.32468,12.0219),(18.5114,-6.69468),(39.3015,18.6713)]
triangle[(-11.7443,-18.1826),(19.616,-11.2435),(9.83445,32.9632)]
triangle[(6.46392,10.5884),(7.18405,-1.72691),(23.9001,-0.749451)]
triangle[(12.8766,13.0689),(12.5114,3.01933),(28.6755,2.43188)]
triangle[(16.6735,11.1803),(-8.1628,6.8435),(-1.98277,-28.5485)]
triangle[(-19.2697,-3.21872),(10.0058,-0.420879),(5.99147,41.5829)]
triangle[(10.5845,13.0065),(6.7842,-3.61915),(27.1311,-8.27003)]
triangle[(14.2452,7.05685),(-11.0089,14.8746),(-25.4729,-31.8494)]
triangle[(-11.5441,17.6849),(11.5239,-11.7067),(41.2928,11.6573)]
triangle[(7.49284,6.61761),(-4.73558,-11.403),(21.8549,-29.4468)]
triangle[(-8.42253,-4.24755),(-18.6612,9.05163),(-41.731,-8.70919)]
triangle[(7.91851,17.993),(1.85808,3.61933),(17.05,-2.78611)]
triangle[(11.4235,6.51018),(-12.6203,9.94767),(-17.9899,-27.6101)]
triangle[(2.48253,9.31567),(11.0923,-10.3255),(48.1263,5.90834)]
triangle[(17.2704,3.81473),(-1.16745,11.7985),(-13.503,-16.6894)]
triangle[(4.95078,-12.1235),(18.211,16.0744),(-20.5212,34.2886)]
triangle[(-7.93884,-17.1216),(-19.8585,-10.4355),(-29.214,-27.1139)]
triangle[(-12.6256,-18.8801),(-19.9484,-12.0085),(-29.4397,-22.1229)]
triangle[(10.0687,3.63564),(5.0994,0.362147),(8.40227,-4.65179)]
triangle[(-4.28313,-15.6968),(-2.21175,4.34049),(-25.8128,6.78029)]
triangle[(8.31807,-8.61033),(-20.3051,-16.6123),(-8.67541,-58.2118)]
triangle[(13.27,5.74113),(9.86203,-20.6083),(39.574,-24.4512)]
triangle[(13.3292,-20.0525),(14.5536,-5.91163),(-2.75962,-4.41251)]
triangle[(-17.312,-20.0589),(13.4701,4.04788),(-11.6546,36.1297)]
triangle[(11.3883,18.9278),(14.9253,-20.52),(79.4572,-14.7339)]
triangle[(-0.953085,-2.84458),(13.7913,17.0226),(-25.1031,45.888)]
triangle[(8.26604,16.4858),(-2.86436,-10.5215),(34.5992,-25.9611)]
triangle[(2.43,19.7703),(3.84383,-12.6582),(46.6584,-10.7915)]
triangle[(-8.60971,-20.5017),(0.756046,-16.7174),(-3.61027,-5.91119)]
triangle[(-1.92439,6.33607),(-14.6254,19.7071),(-38.5671,-3.03492)]
triangle[(-1.88065,16.3242),(5.16057,-14.5581),(39.624,-6.70043)]
triangle[(5.00042,6.64547),(-6.17791,-1.98798),(10.505,-23.5886)]
triangle[(10.3276,-19.5868),(-13.7203,1.86383),(-49.144,-37.8491)]
triangle[(-4.9145,-3.40835),(-1.40492,14.3526),(-24.5971,18.9354)]
triangle[(17.5256,1.48303),(-1.49911,-14.8189),(22.1483,-42.416)]
triangle[(20.5192,5.87633),(-8.8289,7.19177),(-10.2619,-24.7793)]
triangle[(8.99361,-0.420794),(-15.7525,-14.0392),(-0.473822,-41.8023)]
triangle[(13.6339,2.88801),(-6.38875,-9.96344),(18.615,-48.9196)]
triangle[(-18.9166,16.691),(-17.7352,-17.1131),(24.4256,-15.6397)]
triangle[(-10.9202,-4.15537),(0.431886,16.8357),(-22.3137,29.1366)]
triangle[(-12.5401,9.33493),(13.1591,12.2203),(9.37913,45.8878)]
triangle[(-18.0143,-8.66808),(16.3916,-14.8854),(25.7403,36.8492)]
triangle[(-18.1429,-14.1253),(-14.948,-9.1685),(-21.404,-5.0074)]
triangle[(-11.0599,7.46907),(-20.5781,14.4048),(-31.7523,-0.930107)]
triangle[(-14.9785,-11.2741),(4.46376,-14.3857),(9.1815,15.0921)]
triangle[(19.1858,17.7958),(6.22716,18.0318),(5.94807,2.70181)]
triangle[(-13.9049,-10.3024),(20.3037,17.8095),(-20.5104,67.4752)]
triangle[(-17.0287,5.14471),(-19.1581,13.2392),(-32.7173,9.67225)]
triangle[(11.4389,-17.844),(-8.04415,-5.6825),(-25.2257,-33.2077)]
triangle[(12.2441,-18.7536),(-6.61648,6.86877),(-47.426,-23.1711)]
triangle[(15.1612,19.169),(19.5041,-20.9408),(72.2391,-15.2309)]
triangle[(-16.0242,2.25761),(-17.0285,-13.8397),(14.194,-15.7877)]
triangle[(-3.14984,19.6321),(2.92902,-8.1589),(57.9382,3.87353)]
triangle[(1.35347,19.0788),(14.8251,-12.9606),(59.5538,5.84646)]
triangle[(-4.39414,18.0926),(-6.88422,-3.55835),(19.5228,-6.59543)]
triangle[(7.12662,-11.9817),(-9.75433,17.6818),(-52.7172,-6.76753)]
triangle[(-3.91234,12.3182),(-17.0075,-3.4577),(8.18125,-24.3661)]
triangle[(16.2882,-19.2894),(6.28617,5.23688),(-29.8346,-9.49357)]
triangle[(-19.1785,13.6375),(-8.07569,3.35349),(11.2503,24.2184)]
triangle[(19.2917,-10.8367),(-18.6474,20.0456),(-76.8258,-51.4269)]
triangle[(2.80607,17.7621),(8.68978,13.4248),(16.7868,24.4089)]
triangle[(20.461,-18.2069),(10.5623,8.78934),(-17.6357,-1.54999)]
triangle[(1.58845,-1.2991),(-6.2145,3.13294),(-12.3606,-7.68774)]
triangle[(15.0725,-7.7123),(-7.91629,11.2989),(-42.6047,-30.6472)]
triangle[(-11.9261,3.54185),(12.0121,13.9186),(-0.969506,43.8657)]
triangle[(13.4102,-17.8794),(-16.8395,-5.6182),(-38.3203,-58.6139)]
triangle[(11.9742,10.9967),(-4.00676,-11.932),(20.8846,-29.2809)]
triangle[(-12.2443,-1.87608),(-3.91891,18.7903),(-34.9103,31.275)]
triangle[(-9.50033,11.5391),(-18.879,20.3537),(-27.8883,10.7677)]
triangle[(-20.8368,-11.1401),(10.3876,-11.5925),(11.0807,36.2458)]
triangle[(10.4083,-13.8916),(15.3219,3.79125),(-16.8963,12.7437)]
triangle[(-19.5228,-17.2726),(3.82082,10.9611),(-50.6192,55.9721)]
triangle[(12.944,18.6619),(-5.76125,19.2722),(-6.50765,-3.60573)]
triangle[(6.61036,-2.7809),(19.4459,12.9585),(3.53723,25.9321)]
triangle[(8.29202,9.12335),(-4.73356,-6.3748),(12.2226,-20.6258)]
triangle[(3.37812,16.3015),(6.91164,20.5774),(0.60315,25.7906)]
triangle[(0.86911,3.41769),(-4.15589,-4.78042),(6.45683,-11.2855)]
triangle[(0.923261,-17.0601),(-8.40763,-4.54886),(-22.5948,-15.1296)]
triangle[(15.344,18.9262),(-12.0235,20.5799),(-14.9918,-28.5435)]
triangle[(20.3344,-5.50699),(-1.00954,-15.9562),(10.2607,-38.9772)]
triangle[(-0.41388,7.52564),(10.3686,11.0484),(3.78814,31.1898)]
triangle[(2.02709,-17.3818),(14.6671,8.7741),(-14.5882,22.912)]
triangle[(-17.4671,-20.1694),(-14.2976,-13.4255),(-26.8963,-7.50443)]
triangle[(20.5207,19.5516),(-5.17688,16.2103),(-1.16677,-14.6309)]
triangle[(8.00287,16.9485),(19.8209,14.3483),(23.0281,28.925)]
triangle[(-6.82279,-8.32266),(-15.7368,-5.81063),(-20.059,-21.1481)]
triangle[(-12.7262,-15.7683),(-11.7875,6.10969),(-54.7561,7.95328)]
triangle[(6.49546,-18.6777),(-13.3261,11.3049),(-69.3515,-25.7335)]
triangle[(-3.21469,-9.90334),(-12.0229,5.37168),(-29.3659,-4.629)]
triangle[(-15.8816,-13.3612),(-10.1542,-20.226),(2.01389,-10.074)]
triangle[(-3.55953,10.5418),(14.3403,-18.7067),(63.3835,11.3073)]
triangle[(14.5075,-14.4656),(-3.98122,-13.0936),(-6.03215,-40.7322)]
triangle[(-19.1333,11.3557),(-15.0683,-6.89281),(9.41982,-1.43799)]
triangle[(1.03778,-4.93951),(5.6878,16.9317),(-32.7057,25.0945)]
triangle[(-14.5145,9.90786),(-5.70223,19.0151),(-16.8432,29.7953)]
triangle[(-3.79658,17.7038),(-15.6629,1.10391),(1.76721,-11.3558)]
triangle[(0.617637,-0.458162),(-13.2139,12.7083),(-34.7422,-9.90744)]
triangle[(-4.51657,-11.0848),(5.20083,4.72915),(-13.6868,16.3353)]
triangle[(-7.71207,5.58989),(8.55629,19.0118),(-12.2496,44.2301)]
triangle[(-13.7268,0.475402),(14.5802,16.0783),(-6.20707,53.791)]
triangle[(18.348,-7.08736),(2.86882,15.8879),(-32.418,-7.88601)]
triangle[(16.6532,-17.9795),(12.2849,-2.00416),(-5.01444,-6.7345)]
triangle[(5.26429,14.2029),(5.86183,8.39202),(13.4045,9.16763)]
triangle[(5.22755,-15.6027),(17.4595,16.9829),(-32.7639,35.8357)]
triangle[(0.729848,-3.35357),(-20.9481,-9.48031),(-10.6825,-45.8026)]
triangle[(17.2859,7.38177),(-2.27102,7.76767),(-3.0216,-30.2705)]
triangle[(0.306166,-13.072),(-2.1583,-10.8971),(-4.86518,-13.9643)]
triangle[(-11.8809,-17.8599),(14.2707,-0.789489),(-7.09816,31.9474)]
triangle[(-2.97915,18.5655),(6.8513,1.46529),(33.5894,16.8363)]
triangle[(9.77546,-8.89205),(5.07826,8.13167),(-27.3935,-0.827971)]
triangle[(12.23,-16.8632),(3.10584,16.5352),(-40.1773,4.71051)]
triangle[(-9.87765,-15.7989),(-15.7445,-18.3673),(-11.7856,-27.4102)]
triangle[(12.5425,4.5999),(-9.20787,-14.2972),(12.7108,-39.5253)]
triangle[(2.82862,3.98557),(12.1996,10.3108),(3.07521,23.8288)]
triangle[(-15.5917,-18.4426),(17.5848,8.41259),(-25.7913,61.9988)]
triangle[(0.720825,1.71481),(2.19748,17.68),(-24.7255,20.1701)]
triangle[(12.6495,-8.5433),(-5.84928,12.2996),(-33.6308,-12.3573)]
triangle[(-5.32918,12.2012),(-18.534,19.3412),(-26.7728,4.10434)]
triangle[(-19.8223,7.29835),(10.6734,-7.41981),(39.8042,52.9387)]
triangle[(15.7902,-0.435211),(7.35696,-4.45249),(14.3346,-19.1002)]
triangle[(-9.41337,-4.43615),(-3.11686,-2.89174),(-6.04514,9.04672)]
triangle[(-20.3815,18.0325),(-0.28086,-8.72589),(27.542,12.1744)]
triangle[(4.73446,-1.89629),(-18.8349,9.66926),(-41.3286,-36.1704)]
triangle[(1.66124,-3.5309),(4.55167,16.6716),(-20.8334,20.3035)]
triangle[(2.37608,15.7023),(-5.2491,-11.3035),(38.4585,-23.6445)]
triangle[(17.4346,-16.4845),(-13.2643,10.5729),(-41.2478,-21.1767)]
triangle[(-11.555,-0.492124),(3.36551,-18.8395),(26.9551,0.344158)]
triangle[(-9.62133,-15.4351),(-9.92649,2.30757),(-41.9297,1.75713)]
triangle[(-9.02352,18.9556),(-12.03,-14.1899),(46.64,-19.5116)]
triangle[(11.6977,-15.7993),(20.7425,18.8104),(-14.5115,28.0236)]
triangle[(-9.70098,0.788793),(-8.69653,6.87893),(-16.3973,8.14902)]
triangle[(17.9639,-10.6256),(-1.6327,-18.8715),(10.7256,-48.2415)]
triangle[(-11.6095,14.8589),(-18.6499,3.10472),(-2.3474,-6.65995)]
triangle[(-3.77802,4.43796),(1.90033,-4.97887),(15.7494,3.37211)]
triangle[(13.7858,-15.488),(16.6024,18.4808),(-45.497,23.6299)]
triangle[(6.05913,17.6828),(-5.09221,-13.6354),(44.5213,-31.3011)]
triangle[(20.0004,-5.16151),(20.3119,-14.6539),(38.7976,-14.0472)]
triangle[(13.0506,15.7032),(18.0809,8.4956),(26.3697,14.2805)]
triangle[(12.8842,11.95),(7.41392,-10.9124),(47.9644,-20.6149)]
triangle[(1.75425,-0.633898),(5.36467,-3.75786),(9.32646,0.820853)]
triangle[(-11.6389,3.8241),(17.0045,-13.1275),(50.6272,43.6853)]
triangle[(-16.6943,-8.22433),(19.053,4.41572),(-2.43432,65.1837)]
triangle[(-6.07336,-0.07804),(12.6194,5.49026),(6.86548,24.8062)]
triangle[(-6.80516,-12.4924),(-20.6546,-3.61871),(-31.4964,-20.5399)]
triangle[(20.3986,-9.84094),(-15.2506,-12.1072),(-11.1688,-76.3162)]
triangle[(3.10227,0.306843),(-3.29276,-8.73056),(8.13462,-16.8168)]
triangle[(3.26207,-17.2512),(13.7683,13.8584),(-26.3941,27.4218)]
triangle[(12.0167,8.73001),(-17.9065,-14.0329),(13.7329,-55.6248)]
triangle[(-12.6064,-18.7026),(15.5825,20.3603),(-29.2313,52.6993)]
triangle[(-16.4768,17.3035),(18.3563,-20.453),(74.8786,31.6928)]
triangle[(0.456933,-15.2495),(5.49087,-11.5641),(1.65259,-6.32138)]
triangle[(-17.0112,9.1284),(8.63966,-14.352),(34.8051,14.2322)]
triangle[(4.40645,20.2263),(10.4364,16.4539),(15.1643,24.0112)]
triangle[(0.012611,17.6732),(3.62418,-8.12368),(39.2769,-3.13228)]
triangle[(2.30187,2.22247),(-7.49335,5.36398),(-11.7046,-7.76659)]
triangle[(-8.01249,-20.624),(20.9848,4.23463),(-8.78002,38.9549)]
triangle[(10.6275,-10.4884),(17.9322,-18.3737),(32.8986,-4.50931)]
triangle[(-10.5174,13.0674),(10.0468,13.8509),(8.94432,42.7869)]
triangle[(-3.73641,-19.0121),(9.13593,17.8552),(-50.1591,38.5583)]
triangle[(11.427,5.96105),(0.595369,15.8477),(-10.8769,3.27886)]
triangle[(-4.91123,14.8667),(17.9089,7.84671),(28.2862,41.5805)]
triangle[(-4.28078,-3.81942),(19.0331,-13.1087),(31.7758,18.8727)]
triangle[(-15.1585,12.9269),(-11.7816,-3.82876),(5.47899,-0.350125)]
triangle[(-14.7761,6.7482),(15.2303,9.98691),(9.47936,63.2684)]
triangle[(-11.723,-1.46122),(13.3467,4.84707),(6.66204,31.4123)]
triangle[(-6.45816,9.34526),(20.5415,-8.93309),(39.6669,19.3177)]
triangle[(2.40111,-13.4781),(-1.36986,-7.66114),(-8.57994,-12.3353)]
triangle[(-13.3785,-7.49901),(3.79097,-3.31659),(-3.90951,28.295)]
triangle[(-6.01649,-4.45694),(-10.896,-6.62268),(-7.3319,-14.6529)]
triangle[(7.88416,-7.41614),(-15.2486,18.1869),(-43.0189,-6.90395)]
triangle[(0.519078,13.7097),(7.58621,20.1804),(-4.70107,33.6002)]
triangle[(4.04442,3.74151),(-12.2134,-18.5971),(15.4777,-38.7504)]
triangle[(-20.2528,5.75456),(-1.74971,2.82486),(2.72259,31.0705)]
triangle[(-11.1057,17.2811),(18.1842,-1.33042),(42.6874,37.2314)]
triangle[(10.7996,11.4772),(-18.9986,-7.17658),(2.75702,-41.9297)]
triangle[(-3.9443,-8.76007),(-2.81295,-11.4545),(0.435685,-10.0904)]
triangle[(20.747,13.849),(14.2839,15.5671),(12.0424,7.13477)]
triangle[(-9.93065,-4.15694),(-16.3874,12.5408),(-35.8714,5.00662)]
triangle[(-11.6747,11.9648),(13.8287,-1.37513),(31.048,31.5449)]
triangle[(19.9607,11.5094),(18.563,0.514221),(33.5652,-1.39288)]
triangle[(-10.4513,9.0253),(-3.54713,-15.2021),(29.8321,-5.68989)]
triangle[(18.8571,11.6171),(-6.99392,-12.0387),(19.9669,-41.5015)]
triangle[(-16.3219,3.77643),(0.877829,18.5608),(-27.6666,51.7686)]
triangle[(10.133,15.6404),(9.28565,19.9731),(2.57311,18.6603)]
triangle[(-16.8341,-12.2383),(-17.9237,-15.0275),(-12.943,-16.9732)]
triangle[(-15.9608,13.9437),(-17.4013,-5.93393),(13.0641,-8.14165)]
triangle[(-1.81051,12.9829),(-18.2962,-17.1892),(30.7462,-43.9854)]
triangle[(-11.0222,19.4207),(-3.82897,10.9708),(7.07922,20.2567)]
triangle[(-2.20243,-7.43073),(-3.45647,19.2115),(-38.0036,17.5854)]
triangle[(-7.90294,-11.5946),(-1.46831,7.35944),(-33.5591,18.2538)]
triangle[(-8.24664,-17.1135),(-12.0364,-3.20991),(-30.2557,-8.176)]
triangle[(2.27141,18.4498),(4.15773,-1.78594),(33.0282,0.905293)]
triangle[(-1.06622,2.8341),(-14.1514,-10.2041),(10.3768,-34.8207)]
triangle[(18.4014,-8.97658),(2.00117,5.02132),(-22.9612,-24.2251)]
triangle[(-2.20198,6.87573),(7.52616,5.18865),(9.49165,16.5222)]
triangle[(12.0609,-7.15836),(-1.85203,14.8588),(-27.3781,-1.27142)]
triangle[(-11.8544,-9.9173),(2.76917,8.93269),(-18.0457,25.0806)]
triangle[(-16.7641,16.409),(12.534,-10.8741),(65.9445,46.4811)]
triangle[(5.33359,-8.43248),(-9.4447,16.1576),(-34.888,0.866585)]
triangle[(1.27108,-2.66068),(19.9515,-16.3781),(39.892,10.7771)]
triangle[(5.75463,-2.93998),(-6.48535,-9.74156),(5.96459,-32.1462)]
triangle[(17.833,19.257),(7.95455,9.38214),(25.1907,-7.86019)]
triangle[(10.2131,-7.90114),(1.09162,3.23803),(-10.3487,-6.13011)]
triangle[(-6.04395,1.17019),(-8.52239,6.46791),(-15.4222,3.23996)]
triangle[(9.20065,-12.6704),(-9.92523,-10.7915),(-11.8472,-30.3553)]
triangle[(20.6828,13.7395),(-14.8598,6.26781),(-7.28098,-29.7845)]
triangle[(-5.17932,0.443983),(-18.9762,10.0436),(-33.3202,-10.5722)]
triangle[(-14.1317,15.4303),(11.0737,19.1344),(4.31834,65.1033)]
triangle[(12.5516,-6.23474),(15.286,15.7787),(-20.7352,20.2532)]
triangle[(-17.5559,6.47395),(-8.40828,-12.7738),(23.4452,2.36475)]
triangle[(19.3552,-5.01149),(12.3333,0.933719),(6.18747,-6.32509)]
triangle[(18.432,7.51933),(-8.00463,13.0143),(-17.2945,-31.6795)]
triangle[(3.17116,-4.77234),(18.4017,15.1256),(-18.8164,43.6136)]
triangle[(2.74383,7.06351),(-20.6419,-17.2582),(12.1687,-48.8061)]
triangle[(2.00366,-7.50005),(20.6096,-0.751195),(7.79566,34.5756)]
triangle[(7.58623,-15.8062),(-13.7307,16.7414),(-59.8574,-13.4691)]
triangle[(-16.8831,17.4441),(8.73614,-15.5869),(52.0763,18.0282)]
triangle[(-16.7979,-9.25458),(-13.7876,3.50994),(-37.6401,9.13515)]
triangle[(-20.1608,-5.0497),(5.82443,-20.7204),(35.8263,29.0289)]
triangle[(-8.80706,18.1341),(-9.99385,15.7044),(-6.72722,14.1088)]
triangle[(1.47825,1.08545),(-8.91157,-20.9305),(30.5642,-39.56)]
triangle[(-11.6454,15.9588),(-5.01792,10.8491),(4.49493,23.1876)]
triangle[(5.78133,12.1091),(-10.8003,-9.47019),(26.2861,-37.9675)]
triangle[(9.37389,-1.8254),(7.59143,5.46181),(0.232838,3.66189)]
triangle[(14.6359,17.4346),(-16.8708,8.18056),(-1.12976,-45.4122)]
triangle[(2.687,6.3698),(-13.8402,16.3307),(-31.0844,-12.2811)]
triangle[(-7.63742,-10.0322),(-12.3906,5.2448),(-38.41,-2.85068)]
triangle[(2.38899,8.66489),(20.2062,-2.88136),(32.4852,16.0665)]
triangle[(-8.0638,-17.7215),(14.7612,6.77668),(-17.0623,36.4268)]
triangle[(-16.2885,7.76174),(-0.300667,6.73572),(0.762267,23.2988)]
triangle[(-15.343,2.964),(8.00406,14.2061),(-4.46456,40.1003)]
triangle[(9.58245,-17.0838),(-9.82756,-12.3461),(-17.206,-42.5746)]
triangle[(-0.380915,10.6107),(-20.8791,8.00407),(-18.2018,-13.05)]
triangle[(-5.91926,16.8288),(-13.6045,17.4079),(-14.4263,6.50209)]
triangle[(10.1765,-16.2442),(12.679,-14.2004),(8.72815,-9.36291)]
triangle[(-2.658,0.991296),(15.2065,-20.9019),(55.2851,11.8016)]
triangle[(-4.81356,-4.47302),(20.3762,19.7409),(-27.6484,69.701)]
triangle[(-12.6761,7.11853),(15.9412,-3.59272),(29.7506,33.3019)]
triangle[(-2.87109,19.6635),(2.54966,14.3633),(9.69994,21.6763)]
triangle[(12.3763,-19.7431),(-4.41036,7.20575),(-44.1122,-17.5248)]
triangle[(19.2032,9.66608),(-7.88112,7.90851),(-4.74532,-40.4145)]
triangle[(-0.984785,18.2495),(4.05873,11.927),(15.4193,20.9894)]
triangle[(-1.88175,18.6278),(-5.68088,13.0167),(4.49109,6.12954)]
triangle[(3.55085,-13.9867),(-7.52698,12.4815),(-44.2096,-2.87136)]
triangle[(-7.35992,-5.54263),(14.7343,19.7182),(-16.6722,47.1876)]
triangle[(9.70579,18.8853),(-5.8772,-6.44354),(39.2093,-34.182)]
triangle[(11.5088,-9.73177),(19.7565,5.19175),(-2.84554,17.6831)]
triangle[(-13.8176,10.1796),(-17.3731,-7.61378),(16.1252,-14.3074)]
triangle[(14.7981,11.323),(13.7659,-4.7549),(33.4893,-6.02111)]
triangle[(-3.18362,-2.04667),(-2.29178,17.2625),(-24.879,18.3058)]
triangle[(-12.6393,-20.1321),(14.1592,-7.58559),(-2.10964,27.1633)]
triangle[(-8.92601,6.08368),(1.85562,-10.1763),(18.8278,1.07762)]
triangle[(-12.3017,-6.7232),(14.3312,5.37382),(-5.99281,50.1195)]
triangle[(-7.60553,-1.35245),(-11.0257,-7.42713),(-2.93861,-11.9803)]
triangle[(16.4255,5.66877),(20.0585,16.1206),(1.54489,22.5559)]
triangle[(19.8267,0.126745),(-11.5233,-4.74965),(-4.34042,-50.9279)]
triangle[(2.0095,-8.57818),(-10.7817,7.91524),(-30.2352,-7.17158)]
triangle[(-18.0944,-11.2965),(-8.44309,-3.11102),(-23.5802,14.7369)]
triangle[(-18.8499,-9.63817),(-9.60283,-12.5937),(-4.90697,2.09835)]
triangle[(-13.715,-11.5934),(2.37944,13.4399),(-43.5475,42.9672)]
triangle[(-1.83871,-1.94782),(3.51189,7.78499),(-7.70503,13.9515)]
triangle[(11.3766,-6.32611),(6.19697,4.02054),(-12.2883,-5.23329)]
triangle[(-16.5756,17.5342),(-7.77014,5.56659),(12.958,20.8177)]
triangle[(-6.86212,-2.82151),(-19.8852,-3.38625),(-19.1304,-20.7925)]
triangle[(-18.1118,15.8665),(19.5391,12.3359),(24.9344,69.8726)]
triangle[(18.9787,-6.17378),(11.9061,6.40424),(-2.66421,-1.7886)]
triangle[(-4.70163,-18.1445),(-19.1427,1.19016),(-48.0352,-20.3896)]
triangle[(11.5987,16.4581),(15.9099,19.8179),(10.7846,26.3945)]
triangle[(9.44497,-0.199827),(17.473,-19.2747),(44.0316,-8.09701)]
triangle[(8.45154,2.69048),(-14.3871,13.0137),(-31.9077,-25.7479)]
triangle[(-15.057,3.38329),(-13.9832,-7.74766),(7.92599,-5.63405)]
triangle[(17.8139,18.4292),(4.21429,-8.65737),(46.5528,-29.9147)]
triangle[(-19.6172,15.1683),(9.93306,8.04241),(17.3768,38.911)]
triangle[(-18.0368,-6.04319),(2.65801,10.4665),(-28.5658,49.6054)]
triangle[(7.39766,-16.3982),(-14.0603,19.7455),(-50.8024,-2.0677)]
triangle[(2.45938,-15.3544),(15.6625,-1.11469),(-12.0655,24.5949)]
triangle[(20.6512,2.01329),(2.1231,9.32515),(-10.0323,-21.4764)]
triangle[(-17.0991,20.8817),(-13.9655,16.9235),(-7.18074,22.295)]
triangle[(11.1811,13.9926),(12.1548,10.5512),(15.682,11.5492)]
triangle[(10.379,11.1982),(-18.816,-4.31504),(6.18679,-51.3687)]
triangle[(-9.38357,18.8989),(-3.64648,5.63013),(19.3261,15.5629)]
triangle[(-8.79324,-1.21045),(-6.37151,4.45174),(-14.8852,8.09309)]
triangle[(-13.948,-3.95013),(1.97327,8.07698),(-10.3549,24.3968)]
triangle[(6.42815,2.87789),(0.156624,2.38914),(1.06699,-9.29253)]
triangle[(-13.7081,4.48235),(-16.362,12.1898),(-30.0679,7.47049)]
triangle[(-4.09794,6.29328),(6.38533,-1.43519),(19.5424,16.4117)]
triangle[(-14.3549,-9.18752),(10.5495,-7.80474),(9.00426,20.0249)]
triangle[(5.96288,1.01325),(-19.5744,-0.449197),(-17.2989,-40.1839)]
triangle[(5.85893,4.79652),(6.27177,-11.6395),(23.7687,-11.2001)]
triangle[(1.45394,-1.6343),(19.1977,-7.97871),(30.4413,23.4668)]
triangle[(17.6425,-1.06197),(19.7264,-6.39801),(29.5938,-2.54443)]
triangle[(-6.95694,-19.3533),(-17.6176,8.97833),(-48.5174,-2.64866)]
triangle[(14.8021,11.8477),(10.8003,-9.35934),(34.8664,-13.9007)]
triangle[(-7.33353,-0.510295),(-19.7242,16.4083),(-41.9282,0.146858)]
triangle[(12.0183,15.6681),(-15.385,8.96106),(-6.63551,-26.787)]
triangle[(-14.8391,19.6307),(6.85624,-4.66777),(33.6949,19.2957)]
triangle[(4.03416,-5.01369),(-13.2076,-13.1441),(-4.24289,-32.1551)]
triangle[(-0.350183,-18.8728),(-9.92765,15.3253),(-48.7959,4.43986)]
triangle[(14.4976,-5.24229),(-14.0416,16.8996),(-58.0387,-39.8093)]
triangle[(-0.304581,-1.04504),(20.1256,-9.35163),(32.2215,20.3985)]
triangle[(-5.0036,8.39396),(-5.54115,14.2073),(-15.5224,13.2843)]
triangle[(-4.13061,9.8025),(18.3337,-14.6895),(47.3311,11.9073)]
triangle[(2.9271,17.2882),(2.84689,-20.8592),(48.1693,-20.9544)]
triangle[(-5.48412,1.36095),(18.0558,3.69021),(13.9665,45.0177)]
triangle[(5.26074,18.7591),(-13.6961,-20.4985),(29.1453,-41.1859)]
triangle[(-13.3403,20.5459),(4.84041,5.31859),(21.6539,25.3931)]
triangle[(-17.2118,6.83639),(11.276,-2.25122),(20.9514,28.0793)]
triangle[(-19.7163,-8.22095),(-15.2335,-7.90045),(-15.8518,0.746517)]
triangle[(13.2318,-18.1075),(-6.9577,-9.72629),(-16.3196,-32.2782)]
triangle[(3.94772,-9.33248),(13.1453,-16.12),(25.4044,0.491777)]
triangle[(-2.75293,-7.47511),(11.6382,9.16638),(-8.45466,26.5422)]
triangle[(5.17626,12.3463),(-5.37452,-4.45443),(24.0457,-22.9302)]
triangle[(19.8928,-1.04603),(-14.2445,-8.58955),(-3.65981,-56.4894)]
triangle[(-20.4275,-7.86905),(14.739,10.2663),(-10.6798,59.5565)]
triangle[(-19.1707,7.40017),(5.32242,-0.421484),(18.4705,40.7511)]
triangle[(6.96708,-10.5623),(-12.5548,0.569774),(-28.4497,-27.3045)]
triangle[(19.8757,17.94),(-11.2114,-8.70665),(39.3695,-67.7165)]
triangle[(17.6414,15.2902),(2.5965,0.489733),(19.4105,-16.6019)]
triangle[(-11.8427,5.8797),(-2.34134,-18.7817),(46.2012,-0.0795362)]
triangle[(12.4788,-13.8842),(2.74647,-13.2684),(1.69859,-29.8299)]
triangle[(-4.46232,-19.9379),(8.6028,-16.0079),(1.83304,6.49799)]
triangle[(-11.3171,-5.13095),(-20.5546,5.74102),(-31.8535,-3.85921)]
triangle[(-18.2593,-2.09027),(-7.66177,14.2876),(-39.8314,35.1035)]
triangle[(18.4234,20.873),(17.1968,12.3391),(34.2051,9.89434)]
triangle[(9.86258,20.977),(18.8646,-15.6494),(83.7777,0.304874)]
triangle[(19.041,-10.8967),(-16.6213,10.1512),(-46.8323,-41.0366)]
triangle[(-9.71548,8.89447),(-4.76898,12.366),(-11.5019,21.9596)]
triangle[(-19.5338,-17.0432),(-8.43935,-15.1716),(-10.8922,-0.631507)]
triangle[(-11.8805,13.5248),(-13.882,18.5086),(-22.8687,14.8996)]
triangle[(-8.55951,-1.88474),(-19.1506,8.40618),(-32.2703,-5.09617)]
triangle[(17.7501,0.931733),(17.7611,-4.13644),(24.2765,-4.12228)]
triangle[(17.924,20.2856),(20.2551,8.86732),(38.9085,12.6754)]
triangle[(-4.40255,14.0974),(6.0638,15.1651),(4.69934,28.54)]
triangle[(-12.8639,-16.1125),(9.13241,12.931),(-48.899,56.8816)]
triangle[(18.0155,-12.4217),(-2.26896,9.91996),(-43.2606,-27.2972)]
triangle[(-18.8469,-16.6543),(6.51956,9.69672),(-35.7693,50.4056)]
triangle[(18.8506,-1.82036),(5.639,17.5881),(-19.2944,0.615709)]
triangle[(8.23358,-6.0393),(4.42543,1.33634),(-6.24183,-4.17131)]
triangle[(19.4207,1.27917),(-2.28926,-10.8039),(19.404,-49.7809)]
triangle[(-10.0912,-6.0032),(5.59337,-2.13681),(-1.90711,28.29)]
triangle[(4.33316,16.5522),(-3.44176,15.0882),(-0.852534,1.33736)]
triangle[(6.89723,2.56978),(18.7708,-8.55413),(34.3524,8.0775)]
triangle[(-18.026,17.1197),(8.65541,-3.01485),(37.6897,35.4601)]
triangle[(-11.9232,-18.3257),(-18.6555,1.54617),(-55.9293,-11.0818)]
triangle[(-16.5808,-7.68182),(9.68974,11.4631),(-17.6995,49.0464)]
triangle[(19.3918,-3.09817),(-1.29302,-5.54375),(3.52128,-46.2633)]
triangle[(19.7981,-10.7052),(17.5238,19.8724),(-16.346,17.3531)]
triangle[(3.35393,-11.7143),(-4.87704,-3.1748),(-19.9393,-17.6929)]
triangle[(-14.9915,-0.00234835),(-2.98481,9.74545),(-12.9578,22.0295)]
triangle[(-20.3161,3.66459),(15.8619,14.2909),(4.45424,53.1292)]
triangle[(-14.2995,-17.4117),(20.3068,6.88745),(-24.5094,70.7136)]
triangle[(-7.75323,12.2786),(19.987,-7.67853),(51.8363,36.5916)]
triangle[(-4.11912,-5.35671),(9.69186,7.62316),(-15.2856,34.1999)]
triangle[(0.138773,-0.357212),(-18.7888,-10.5665),(-7.92439,-30.7088)]
triangle[(-14.0476,-4.62922),(7.33828,17.5212),(-25.5439,49.2684)]
triangle[(-1.07186,-9.905),(3.86113,-14.4817),(12.2305,-5.46082)]
triangle[(-8.78364,-16.1885),(-18.2306,18.9356),(-76.1135,3.36746)]
triangle[(19.6483,17.3408),(7.2213,18.6223),(4.81323,-4.7296)]
triangle[(-12.0227,1.2609),(-0.345625,10.3643),(-18.3497,33.4585)]
triangle[(6.42925,-10.6719),(-15.5117,-3.20171),(-24.4657,-29.5007)]
triangle[(16.5368,-9.55086),(-20.3857,11.43),(-45.2886,-32.3947)]
triangle[(-7.98448,-11.1721),(-13.296,-18.6166),(-3.2499,-25.7842)]
triangle[(-6.57468,-16.1016),(-13.7052,3.00524),(-39.713,-6.70066)]
triangle[(8.53282,14.1446),(16.9559,-14.5455),(62.2636,-1.24369)]
triangle[(-6.92499,-20.2565),(5.9777,-11.5841),(-9.70886,11.7542)]
triangle[(-13.4559,7.89762),(20.4102,-3.5967),(41.4386,58.3601)]
triangle[(3.3757,4.87737),(7.89296,-19.9261),(34.889,-15.0096)]
triangle[(20.0311,-3.89124),(4.75358,14.6513),(-15.4527,-1.99693)]
triangle[(20.2628,0.966695),(12.2711,-20.303),(45.8814,-32.9316)]
triangle[(-19.1709,-18.2719),(-18.3662,-5.39068),(-38.1487,-4.1548)]
triangle[(-20.1908,-19.8517),(-2.10992,-20.6349),(-0.643284,13.2215)]
triangle[(-14.4028,20.0162),(-11.2521,0.356495),(13.7404,4.36185)]
triangle[(-6.21186,-18.8044),(2.19981,1.16841),(-25.5622,12.8606)]
triangle[(-7.30271,11.3704),(-1.83626,2.91516),(9.73993,10.3994)]
triangle[(9.29036,19.907),(-1.49366,2.5565),(19.9462,-10.7692)]
triangle[(16.88,0.91414),(-4.38616,8.94138),(-18.0568,-27.2755)]
triangle[(-6.49056,14.1724),(-11.241,17.6259),(-17.9359,8.41659)]
triangle[(-4.54882,-19.6584),(-7.43706,4.89586),(-47.8518,0.141984)]
triangle[(16.3898,-20.9303),(2.61512,-0.523461),(-30.7078,-23.0166)]
triangle[(-19.1954,-18.7491),(2.6401,8.45056),(-32.824,36.9207)]
triangle[(-10.3924,2.107),(14.0912,8.7734),(1.50437,55.001)]
triangle[(2.80235,-19.804),(0.230888,7.94282),(-31.2892,5.02166)]
triangle[(10.1187,-3.4918),(1.7752,-13.7652),(13.7607,-23.4992)]
triangle[(-9.92218,-20.2539),(-4.53082,-7.28032),(-28.2688,2.58436)]
triangle[(-1.42064,7.1751),(14.6088,-3.45603),(27.6825,16.2563)]
triangle[(11.2481,-9.76382),(-9.81566,14.9062),(-40.7028,-11.4659)]
triangle[(9.65033,-8.82595),(2.72968,13.246),(-35.2513,1.33711)]
triangle[(7.55423,-5.51722),(-5.5395,1.57094),(-19.7129,-24.6112)]
triangle[(-7.02089,-10.6863),(-13.1,8.09436),(-41.4263,-1.07457)]
triangle[(15.7149,10.0861),(-8.37645,-16.4125),(19.1133,-41.4049)]
triangle[(-20.588,13.1333),(14.3264,-13.336),(59.8113,46.6609)]
triangle[(-12.5208,-0.347656),(-0.202914,-0.322369),(-0.253232,24.1891)]
triangle[(8.99395,12.4273),(15.8843,4.55159),(26.0522,13.4475)]
triangle[(10.6837,17.3679),(18.1348,17.3656),(18.1385,28.8471)]
triangle[(0.773309,18.0882),(8.09518,11.7597),(18.1777,23.425)]
triangle[(14.1279,13.8609),(15.285,-7.10347),(50.772,-5.1449)]
triangle[(17.8003,-17.3064),(16.2973,-8.20705),(5.10232,-10.0562)]
triangle[(-11.2941,2.20062),(-0.613819,7.79478),(-10.3984,26.4753)]
triangle[(-6.25623,2.28916),(-13.4755,3.25805),(-14.6051,-5.15878)]
triangle[(20.7374,11.9327),(13.7924,-0.0956231),(36.1245,-12.99)]
triangle[(2.8567,-9.23098),(15.7965,0.401226),(5.87939,13.7238)]
triangle[(17.263,10.0037),(-18.7094,13.5041),(-22.6236,-26.7204)]
triangle[(-13.9384,17.4092),(-12.8725,-7.45837),(23.6628,-5.89227)]
triangle[(-17.6185,1.4784),(13.9793,-12.4841),(37.9082,41.6682)]
triangle[(-7.55106,-12.142),(20.8942,-20.3201),(37.038,35.8319)]
triangle[(2.92395,10.7325),(7.47272,6.93202),(13.686,14.3686)]
triangle[(0.988857,-7.88695),(-14.6883,20.4079),(-45.3925,3.3959)]
triangle[(-18.3587,17.1877),(-8.12003,-18.378),(59.3,1.03093)]
triangle[(0.0592908,-16.6185),(-19.1368,-17.3959),(-17.6097,-55.1087)]
triangle[(6.24395,17.9946),(18.0048,-16.8521),(57.2079,-3.62093)]
triangle[(-11.6431,-15.0323),(-18.846,-6.49125),(-27.8241,-14.0628)]
triangle[(-19.9182,-15.0755),(8.79526,-20.5815),(15.6269,15.0444)]
triangle[(16.7175,-4.50851),(-6.77193,-13.8912),(3.27652,-39.0474)]
triangle[(-13.067,18.3384),(2.81145,20.2795),(-0.892409,50.5769)]
triangle[(11.3821,10.1796),(-15.5783,5.11512),(-7.82746,-36.146)]
triangle[(-7.73588,-19.3067),(-14.4997,-15.9788),(-18.9188,-24.9604)]
triangle[(19.4764,-1.01428),(-19.5097,-9.56236),(-6.5467,-68.6842)]
triangle[(15.3015,18.9818),(-1.37602,-15.7458),(57.5234,-44.0316)]
triangle[(9.40866,15.2229),(9.23506,-14.812),(51.8517,-15.0583)]
triangle[(4.94124,-3.40045),(1.45734,13.3261),(-24.757,7.86598)]
triangle[(19.3706,17.9251),(16.4868,20.048),(13.3491,15.7856)]
triangle[(10.9924,20.3651),(12.9072,10.2911),(25.91,12.7627)]
triangle[(-16.5038,1.48426),(20.9142,7.76352),(8.76085,80.1851)]
triangle[(-10.4741,0.87408),(-7.06538,13.7876),(-23.0249,18.0004)]
triangle[(4.86986,0.217183),(1.33438,-4.75257),(7.991,-9.48808)]
triangle[(1.49514,-20.2485),(20.7563,-0.687837),(-10.8474,30.432)]
triangle[(-2.00795,-14.3033),(14.8802,-20.473),(26.6633,11.7809)]
triangle[(9.51943,18.0284),(-19.1596,-17.1334),(16.2827,-46.0412)]
triangle[(2.86497,-9.65691),(16.0206,-15.8005),(25.3331,4.14093)]
triangle[(8.05779,11.81),(-1.71358,2.23363),(11.953,-11.7112)]
triangle[(1.87257,-2.89533),(-17.5254,-16.2199),(-1.28245,-39.8665)]
triangle[(-2.36821,18.2132),(-20.6069,5.26096),(2.01758,-26.5977)]
triangle[(20.4912,-8.28298),(-7.58718,-0.946928),(-18.0291,-40.913)]
triangle[(2.16264,10.6599),(8.76794,-18.2546),(62.4271,-5.9966)]
triangle[(-13.4803,-4.40381),(6.4264,-3.16041),(5.14295,17.3874)]
triangle[(-16.2508,18.7714),(1.97,15.7537),(7.27987,47.8148)]
triangle[(3.67433,20.3534),(-17.9672,-11.6631),(38.3868,-49.7555)]
triangle[(0.627332,-7.46784),(-2.54805,11.8918),(-25.8685,8.06682)]
triangle[(16.7029,19.15),(19.0035,-8.38571),(57.3642,-5.1807)]
triangle[(13.3668,-3.80214),(-12.7704,11.5411),(-40.934,-36.4356)]
triangle[(-9.11471,6.67541),(-8.89831,-2.05659),(3.61675,-1.74643)]
triangle[(-13.4366,-19.4465),(-4.35479,-11.2149),(-18.7321,4.6474)]
triangle[(13.1625,4.47664),(1.50023,2.82333),(4.04771,-15.1464)]
triangle[(20.9052,-1.71331),(16.0604,-9.24309),(23.92,-14.3001)]
triangle[(-19.6445,11.051),(16.5801,-10.9276),(50.0813,44.2885)]
triangle[(8.6825,-3.28848),(16.0578,18.6564),(-27.5969,33.328)]
triangle[(-14.7282,7.48106),(-17.7022,3.60331),(-11.9253,-0.827178)]
triangle[(14.0232,-1.59196),(-8.13545,19.5282),(-47.9063,-22.1981)]
triangle[(-9.61405,18.7204),(-1.71346,-10.4078),(54.2712,4.77722)]
triangle[(10.2612,8.43214),(-20.1742,-9.56758),(12.7138,-65.1772)]
triangle[(6.49238,-4.85086),(-6.91233,4.69591),(-16.4646,-8.71647)]
triangle[(-1.00252,-18.9082),(-8.25721,3.37787),(-48.9126,-9.8565)]
triangle[(-16.0939,18.2566),(-14.1834,11.4993),(-3.33874,14.5654)]
triangle[(11.1577,9.15437),(19.2961,-18.5547),(69.7289,-3.74204)]
triangle[(13.336,-3.99121),(20.6664,-14.0181),(38.7585,-0.79143)]
triangle[(-10.8023,-1.39051),(-17.8866,-15.2868),(6.21798,-27.5751)]
triangle[(20.2039,1.21598),(14.8498,-11.0118),(31.2824,-18.2069)]
triangle[(2.63224,-17.138),(4.08248,6.14331),(-30.5286,8.2993)]
triangle[(-1.21837,-17.4438),(7.85625,-13.096),(-0.252055,3.82754)]
triangle[(6.22069,-16.5777),(-16.0787,6.25335),(-42.1793,-19.2394)]
triangle[(-19.0217,11.7444),(-4.43467,-16.8898),(41.1549,6.33489)]
triangle[(15.3223,-11.4079),(2.9099,-17.248),(13.328,-39.3904)]
triangle[(1.36192,7.28065),(-17.3914,-11.895),(20.7746,-49.2203)]
triangle[(1.28111,-5.80617),(3.84528,-0.50825),(-6.00467,4.25907)]
triangle[(9.10628,-17.3553),(5.24101,9.81537),(-32.8471,4.397)]
triangle[(14.5833,5.58719),(17.1098,3.69871),(19.3681,6.71996)]
triangle[(-8.83743,8.90503),(5.47895,-14.9445),(43.7909,8.05343)]
triangle[(-17.6466,-5.02409),(16.273,-13.0223),(24.975,23.8822)]
triangle[(18.0819,6.13539),(-10.7648,-4.741),(8.45006,-55.7032)]
triangle[(-4.6809,-0.70229),(3.4981,12.9929),(-14.2793,23.6099)]
triangle[(6.80309,-9.03603),(0.292507,-6.11395),(-3.22592,-13.9532)]
triangle[(-4.20692,-3.39912),(-15.4885,-14.8467),(1.76895,-31.854)]
triangle[(3.31724,-20.0207),(-3.58686,-5.78478),(-19.8967,-13.6947)]
triangle[(-15.8377,-10.3152),(-18.8931,-1.25491),(-32.8793,-5.97157)]
triangle[(12.0835,20.0719),(-19.6692,2.51203),(14.3853,-59.0673)]
triangle[(13.3352,-18.0457),(-20.4546,9.43817),(-69.5306,-50.8979)]
triangle[(-2.93642,18.2525),(-15.7158,17.992),(-15.3689,0.97699)]
triangle[(8.32608,-0.684548),(20.2943,18.4014),(-10.6364,37.7971)]
triangle[(17.9781,20.5936),(10.8454,16.4363),(16.0804,7.4544)]
triangle[(7.824,-9.01498),(-20.627,9.48001),(-48.6885,-33.6872)]
triangle[(8.52298,14.7848),(-13.8125,-19.4693),(40.0408,-54.5845)]
triangle[(12.2924,-4.8665),(13.5029,-14.1904),(26.3646,-12.5205)]
triangle[(8.57121,4.28218),(10.8612,16.8622),(-5.26739,19.7982)]
triangle[(-6.07528,-19.6961),(16.1526,-6.18381),(-8.59891,34.5328)]
triangle[(-7.39413,-11.4165),(1.22297,12.5915),(-45.1225,29.2261)]
triangle[(3.4743,-11.9693),(-13.5313,-14.7286),(-8.40051,-46.3496)]
triangle[(13.2656,-18.6151),(8.65848,17.5539),(-59.9111,8.81967)]
triangle[(4.14517,15.3116),(11.0475,14.6619),(11.7183,21.788)]
triangle[(16.2688,-16.1143),(15.8223,-8.78367),(6.04307,-9.37933)]
triangle[(17.8643,-4.70799),(-18.2138,7.02426),(-40.106,-60.2969)]
triangle[(18.9864,0.499729),(-5.76924,-11.8542),(8.04299,-39.5321)]
triangle[(2.46854,-1.62463),(9.02825,7.22182),(-8.64376,20.3257)]
triangle[(-15.802,-4.8146),(4.55866,-6.42253),(6.77337,21.6217)]
triangle[(20.7605,-19.5694),(6.93299,-2.58592),(-19.3452,-23.9809)]
triangle[(17.7574,19.403),(-1.86255,10.0475),(10.7709,-16.4469)]
triangle[(16.8171,3.46217),(5.24029,-5.26907),(15.3696,-18.6995)]
triangle[(13.9783,-6.60553),(6.45013,-16.4171),(20.8839,-27.4918)]
triangle[(8.95421,-3.05615),(3.88263,15.7748),(-23.0565,8.51947)]
triangle[(-15.6031,13.6899),(18.0409,-14.6988),(63.7963,39.5267)]
triangle[(17.2067,13.8588),(5.87907,-10.4717),(53.6045,-32.6913)]
triangle[(-18.0639,-14.3816),(13.1651,15.2571),(-38.381,69.5688)]
triangle[(-20.6033,-15.6876),(7.29278,-20.8151),(15.4206,23.4046)]
triangle[(11.2885,-6.94906),(13.7082,-19.4006),(35.3209,-15.2006)]
triangle[(13.2311,-0.2638),(11.9311,-6.74901),(19.5722,-8.28077)]
triangle[(-4.39649,-15.8831),(20.8178,19.1057),(-25.028,52.1438)]
triangle[(-0.425221,5.21912),(17.9141,-0.091364),(27.6894,33.6669)]
triangle[(12.9043,-20.0667),(-10.689,3.42309),(-41.9991,-28.025)]
triangle[(7.54042,2.07003),(-0.480933,-18.6652),(32.9396,-31.5938)]
triangle[(-7.40925,-12.8352),(-15.7109,4.12323),(-38.3722,-6.97014)]
triangle[(-3.03815,-16.6898),(-6.53658,-20.7865),(0.385312,-26.6975)]
triangle[(5.05668,-20.3433),(7.09257,-7.22409),(-14.1671,-3.92494)]
triangle[(-19.6463,-19.8),(-8.92733,10.8636),(-57.5491,27.8602)]
triangle[(-7.26007,4.82598),(-18.7825,-7.47548),(2.38491,-27.3024)]
triangle[(-17.3364,-9.38573),(-16.9764,0.276181),(-33.532,0.892969)]
triangle[(-3.68121,11.5263),(-20.359,-1.81522),(1.91823,-29.6632)]
triangle[(-9.96229,-7.02287),(8.42687,3.53614),(-7.30977,30.9425)]
triangle[(6.16851,-3.76976),(-13.9702,-5.83924),(-10.3656,-40.916)]
triangle[(17.9371,-16.4859),(4.48553,-14.4992),(1.89939,-32.0089)]
triangle[(1.76336,12.8265),(9.01824,10.6735),(13.0897,24.3924)]
triangle[(19.0618,16.0983),(13.8209,20.7567),(7.81994,14.0054)]
triangle[(9.9411,15.3402),(-16.1792,-2.72179),(5.84264,-34.5685)]
triangle[(-2.47306,20.3496),(7.64664,-7.31362),(59.6987,11.728)]
triangle[(12.1426,17.3764),(19.1372,-15.0328),(56.8052,-6.90327)]
triangle[(14.4056,13.9546),(-11.1563,-4.52079),(9.23873,-32.7386)]
triangle[(-1.75679,0.128775),(5.8311,3.9397),(0.382101,14.7891)]
triangle[(20.235,0.343712),(-19.2616,-13.9766),(-3.37847,-57.7836)]
triangle[(16.5718,-7.71374),(-7.14881,19.3247),(-39.4506,-9.0133)]
triangle[(17.3911,-3.52279),(-19.4232,-0.0920439),(-25.5917,-66.2848)]
